155915
298654
566052
588400
593129
654369
828995
856252
922923
962607
975682
1154110
1160891
1242148
1357668
1397516
1499834
1568630
1612277
1655401
1695528
1719352
1887246
1962569
2044553
2091496
2109523
2214182
2240033
2343947
2390146
2457997
2480701
2511214
2541234
2596873
2755787
2813190
2836625
2883895
2977035
3196204
3238144
3248575
3283863
3389069
3419802
3455105
3469526
3473056
3482615
3497300
3657018
3661183
3753113
3900865
3939042
3987419
4009105
4064704
4104749
4200366
4344811
4377979
4393894
4512869
4559309
4606947
4621886
4660022
4711722
4804416
4841801
5010705
5015192
5083714
5258544
5622055
5677047
5689085
5702231
5760047
5766103
5859193
5928616
6037287
6053420
6078302
6381671
6554226
6627935
6766932
6781964
6939467
7063311
7118544
7160146
7172202
7201644
7267717
7300618
7333303
7350294
7373563
7374122
7394593
7394611
7394836
7419389
7561599
7567629
7627523
7627528
7661881
7680317
7680366
7694080
7694095
7746241
7746242
7751430
7795027
7795043
7813663
7854722
7856127
7879525
7879529
7879532
7934954
7934963
7934966
7948628
7948766
7981536
7981539
8009034
8009035
8009037
8138851
8349313
8422923
8515819
8605620
8624110
8646001
8749984
8763517
8837725
8895062
8909578
8998768
9008974
9033643
9087987
9108761
9156407
9214468
9230667
9248606
9259440
9424091
9516112
9519633
9557910
9571265
9582406
9663720
9799533
9819226
9857744
10070874
10156140
10238690
10311519
10431686
10518195
10541411
10554311
10605340
10672419
10723929
10728243
10742547
10937243
11087800
11157742
11295405
11396068
11411244
11457789
11468386
11557147
11668460
11687771
11697397
11839959
11894556
11982464
11986841
12191355
12228169
12260483
12287831
12299977
12456265
12497785
12531811
12767434
12776744
12780423
12866501
12987706
13038567
13192551
13201958
13220200
13267974
13437422
13522216
13537260
13548978
13572608
13597176
13713901
13724898
13805751
13966354
14014119
14233555
14284625
14346544
14387812
14677413
14738186
14848806
14867780
14879052
14930678
14942689
15000205
15005591
15081316
15131837
15136048
15194244
