2919
3542
4718
7580
9996
12902
14327
19808
19969
24504
25085
27537
29917
34213
40157
40927
44964
45158
48288
54314
60606
64425
65548
71572
72459
77126
78242
78786
79218
83069
84244
86929
87925
91518
93984
97548
98306
98984
102465
106402
106715
109282
111893
112068
114199
117395
118371
126954
129954
134469
138542
143291
154298
156743
159847
161041
161823
170081
181458
181725
181935
185879
186289
186986
188586
189131
190193
190484
193541
195270
195901
197212
199765
200483
201360
204498
211339
211690
216829
217747
221368
223964
224567
226741
229787
234380
236512
240532
241252
242953
243050
245136
250534
254155
256112
258088
260269
270348
272199
272364
278221
278582
280566
280606
281967
284960
285506
286453
286916
290327
293934
297110
313819
315465
318778
323462
324706
324844
326750
331698
333304
341046
341957
345415
349550
353179
355356
358421
360049
360359
360711
361603
362095
370082
380105
383540
385000
387655
387662
389695
390174
395372
398207
400228
405725
408854
411936
414012
415698
416923
421155
423767
426704
427110
428908
430070
431629
432078
432729
442360
445340
446362
446932
448314
453040
453150
453336
453440
453803
454954
456730
458234
461959
466407
467112
472528
476292
479107
480405
480425
483787
486152
487080
495122
495715
496738
497516
498424
500017
501952
503510
504240
505725
513181
514482
514521
515148
526936
534058
539428
541109
541354
543106
544047
544266
545389
546031
549202
553668
558317
559015
561454
570438
571909
573295
578884
584011
586110
592135
597063
602877
604541
605776
605810
609965
611037
611325
617478
618738
618911
622208
622713
624599
624671
625561
631326
636690
640393
643815
645184
645968
648745
649085
656349
657565
658653
659103
660315
663500
669771
671486
674114
681514
695611
699455
700043
702938
705664
718069
720991
726225
727105
729100
732924
733183
738424
748387
751374
755703
763642
769290
769321
774147
781247
782165
783072
785982
787281
794804
797456
797711
799082
800752
800779
803189
804983
807686
809374
811769
814781
815655
818583
819796
821046
821254
821424
825947
833446
836127
836928
837871
846711
848685
849177
855523
860437
861396
863535
866052
867089
869744
871758
877606
878844
878854
880154
881687
884455
885840
887847
890013
891189
892601
898305
901378
912641
912791
914899
916017
917858
921055
927117
929959
930345
931026
936524
939628
943231
943369
946020
948244
948661
958522
958882
960048
963355
964317
971444
978020
978294
980845
991419
991629
995836
996662
997339
999193
1000098
1002250
1010291
1013213
1015249
1015722
1018233
1024155
1026044
1028504
1028587
1031517
1031861
1032157
1034894
1037996
1038204
1038488
1040360
1041891
1042065
1060352
1062214
1065078
1070679
1074225
1081259
1084264
1086424
1086815
1090083
1090121
1097437
1101043
1109543
1109614
1117527
1120029
1122929
1126752
1133751
1134997
1135775
1136434
1137828
1139053
1140475
1141217
1141681
1144514
1152584
1171683
1172557
1173727
1175047
1176526
1178476
1178800
1180857
1183660
1186367
1187250
1187286
1188661
1191861
1193278
1197507
1199971
1202869
1203915
1204114
1209296
1215556
1216113
1216404
1218357
1218954
1220536
1221131
1221700
1225249
1225435
1226134
1226776
1227549
1228125
1230175
1230560
1230670
1231280
1233309
1234589
1235084
1237278
1240968
1241668
1249286
1250031
1250847
1252349
1253670
1253779
1258017
1261139
1262879
1263203
1266151
1266978
1267667
1270809
1278231
1283288
1293026
1294333
1294705
1297247
1298306
1299922
1300559
1306293
1312544
1314950
1318402
1319482
1327615
1328740
1332663
1334532
1339245
1347384
1353339
1354525
1356496
1360226
1361678
1365939
1367985
1369782
1371787
1383966
1387302
1388422
1389812
1390406
1395784
1401676
1402366
1402761
1403513
1407670
1408544
1409040
1409058
1409164
1414330
1414426
1419660
1420825
1421547
1424369
1425636
1427586
1429474
1430813
1434399
1434434
1440270
1444492
1446254
1447924
1460442
1464723
1468513
1478218
1485231
1488642
1488836
1502204
1502924
1509186
1509593
1510600
1513888
1516196
1517521
1524563
1531958
1534812
1535467
1538537
1542913
1546887
1547125
1547548
1548924
1553763
1554960
1556565
1557640
1566869
1567410
1568140
1568188
1571721
1572746
1577937
1578256
1579753
1583463
1583819
1586666
1589746
1590242
1592887
1592983
1593605
1597300
1600335
1603434
1609380
1612985
1617738
1619312
1623975
1624390
1625800
1626064
1626801
1631803
1633348
1634689
1639754
1643851
1647421
1647466
1654203
1655649
1659170
1659457
1663231
1663349
1664925
1665396
1667075
1667080
1668530
1670726
1680137
1681287
1681843
1684558
1687477
1696489
1698717
1699875
1701968
1708047
1708693
1713802
1713971
1716760
1727357
1734405
1737407
1737684
1738352
1744516
1749485
1750494
1753717
1761919
1773566
1777375
1778539
1784391
1784645
1789606
1790066
1799290
1799485
1801450
1801857
1803246
1803379
1806668
1813418
1814213
1817280
1820191
1820963
1822853
1826081
1826398
1830903
1839646
1839693
1844710
1852631
1852776
1852806
1857207
1859717
1863424
1863649
1864726
1865388
1866238
1866824
1871448
1881263
1885847
1886505
1887652
1889114
1890373
1893369
1896105
1898225
1898393
1899249
1900031
1900102
1906744
1908751
1909927
1913364
1916573
1923761
1931047
1931648
1931879
1935170
1936047
1936653
1937412
1939401
1947611
1949060
1949298
1952105
1957035
1957890
1959093
1959271
1963606
1973304
1975692
1979044
1980320
1981741
1984538
1986149
1988181
1995615
1996669
2001948
2007638
2011999
2016636
2016767
2019784
2025538
2030770
2040903
2042258
2043311
2044673
2047640
2048137
2057744
2072990
2073155
2075590
2081853
2083131
2083927
2089990
2091949
2096791
2098441
2099690
2101194
2101322
2102935
2104294
2132345
2138299
2140243
2141653
2142547
2150483
2150785
2154015
2159434
2159835
2161449
2165119
2171018
2171146
2178203
2181029
2183656
2183833
2191734
2192783
2193111
2194558
2203475
2207746
2209928
2217007
2217852
2219525
2222842
2223116
2223938
2223984
2231553
2237677
2238040
2239605
2244503
2245149
2247547
2248073
2250337
2258048
2258352
2260240
2260907
2265765
2266231
2266282
2270234
2274359
2277500
2279321
2279371
2283796
2284458
2285677
2285978
2289357
2292244
2292570
2294487
2294595
2294703
2295179
2298781
2308288
2313383
2315567
2317901
2320384
2322999
2325994
2326555
2326681
2328725
2329450
2335962
2342332
2343351
2344624
2346775
2347839
2348513
2353663
2354118
2355718
2360433
2361803
2366306
2366516
2370015
2370655
2370697
2378130
2378801
2380483
2383785
2385005
2388818
2389237
2396461
2398260
2398501
2413417
2415170
2425896
2433657
2435037
2438638
2438923
2440690
2447669
2458775
2466846
2478200
2483604
2487324
2487910
2488714
2491540
2499119
2505938
2506201
2507607
2509578
2514960
2517546
2524703
2524890
2526906
2528575
2532402
2535514
2540401
2541526
2543732
2551785
2554332
2558203
2565457
2566704
2569544
2569688
2573676
2575706
2577843
2579093
2580532
2583771
2587382
2593823
2594690
2598146
2600213
2610719
2615690
2625075
2630756
2633259
2636653
2636766
2637406
2640708
2649755
2650556
2652647
2654797
2657899
2672938
2674305
2674383
2676992
2679844
2680988
2681069
2687935
2692304
2694283
2694508
2695074
2695790
2698864
2700520
2702328
2705825
2706613
2706715
2707434
2712252
2713062
2721395
2728580
2729966
2732496
2734532
2736936
2746271
2747960
2750542
2751140
2754303
2755059
2758202
2761403
2763125
2767407
2767527
2771165
2776505
2778254
2784688
2792665
2792862
2801718
2802362
2803230
2803394
2805505
2806254
2807456
2808816
2809636
2814873
2814905
2820562
2821220
2823247
2826900
2830388
2831720
2834769
2835422
2837204
2845578
2849358
2857011
2860151
2863072
2864306
2864468
2868482
2869446
2871608
2874722
2877658
2881703
2882200
2883037
2885833
2887501
2890081
2892485
2906552
2907974
2908106
2915947
2916513
2916765
2917464
2917888
2921611
2923012
2923307
2923827
2938178
2940894
2947079
2950942
2951565
2954781
2955616
2961205
2961926
2974496
2975364
2984848
2988078
2988598
2990510
2991174
2991569
3010785
3015441
3017037
3018714
3022354
3028985
3030997
3032875
3033707
3043137
3050795
3054551
3056505
3057427
3057451
3063096
3068771
3070526
3073635
3074998
3078517
3079291
3083852
3084184
3084412
3086019
3088874
3094538
3094900
3094971
3097012
3098067
3099711
3099881
3100774
3102540
3103503
3104228
3106072
3112390
3112949
3115448
3119144
3121641
3121690
3124303
3126179
3128139
3130995
3132012
3137396
3142601
3152098
3154711
3160708
3162879
3163643
3163962
3166848
3167663
3171477
3174347
3174373
3174497
3179616
3194171
3194732
3201205
3208835
3211088
3212823
3212870
3213313
3214221
3214619
3215891
3216965
3219035
3222688
3227767
3227819
3229954
3231027
3242775
3243046
3243792
3244334
3245206
3246846
3252129
3254437
3258043
3260286
3260744
3267117
3273472
3274631
3275075
3283913
3283931
3286629
3293899
3294815
3294997
3295567
3295705
3295782
3296124
3296984
3298950
3300529
3302772
3306500
3307350
3307402
3317809
3320997
3321603
3322984
3325286
3326525
3328084
3329397
3330434
3331454
3332931
3341105
3341204
3347833
3352014
3353793
3362339
3365104
3365474
3368024
3372430
3373085
3375448
3389976
3394841
3398768
3399480
3406845
3406925
3415722
3417763
3420241
3420266
3425401
3426323
3429123
3437119
3437425
3438928
3443486
3448665
3452216
3455093
3456363
3459701
3464604
3464853
3465092
3465438
3469012
3472545
3473723
3476188
3476260
3478662
3479727
3483451
3486197
3489323
3493627
3495850
3501332
3505306
3509037
3509463
3510847
3514669
3515747
3516055
3516693
3521080
3524582
3524624
3525875
3527509
3530554
3533764
3533830
3534946
3536372
3538256
3544389
3546421
3548392
3551015
3559433
3560982
3561658
3563429
3567114
3570028
3570485
3571406
3575436
3576837
3579983
3581205
3581461
3585787
3588127
3588142
3591106
3595971
3598261
3598401
3599994
3608299
3609457
3610891
3613312
3614132
3617516
3617612
3620280
3623658
3625581
3627885
3632023
3634095
3637081
3637205
3646711
3649566
3650629
3657405
3660818
3668462
3668659
3671235
3680488
3682840
3688089
3690464
3692568
3695501
3698328
3700616
3701711
3702346
3707205
3708932
3714782
3718413
3718952
3721005
3723220
3725364
3731716
3740348
3748477
3750838
3752030
3754940
3754960
3756426
3756558
3761515
3763718
3765644
3766965
3771157
3773558
3776007
3777184
3788709
3795922
3801879
3808818
3821383
3823303
3827490
3836527
3851637
3855870
3856279
3857516
3859793
3883394
3883787
3887827
3891625
3891731
3898862
3899906
3903295
3909457
3909776
3911148
3913932
3917503
3919448
3924165
3932952
3935875
3940003
3940946
3942487
3943429
3949343
3957682
3959267
3961055
3961659
3962639
3964237
3964397
3966477
3973443
3975107
3977555
3977922
3982596
3982912
3987048
3987084
3988324
3998733
3999774
4000355
4003925
4005677
4006249
4008187
4020253
4020959
4021017
4024898
4029790
4030588
4031810
4034218
4034639
4036048
4036250
4037586
4038363
4042465
4053642
4058807
4061934
4073197
4077659
4088561
4090931
4092971
4097576
4098655
4098978
4105749
4109976
4117864
4120340
4122960
4131184
4131504
4133815
4140823
4149821
4150070
4151399
4165353
4170667
4172902
4174742
4178439
4184343
4190587
4192866
4194053
4202754
4203497
4214976
4225599
4226358
4226751
4228709
4229146
4229717
4243021
4243770
4244187
4247533
4253254
4254114
4261238
4267662
4267725
4271079
4271588
4279127
4284983
4288424
4289030
4291010
4292090
4295357
4300341
4301016
4305035
4306650
4307897
4308843
4308925
4312243
4317708
4319313
4323118
4326179
4333243
4333462
4334437
4335708
4340931
4342240
4346909
4349636
4351781
4354498
4359030
4359840
4359872
4362155
4363561
4368415
4371735
4375205
4376201
4377403
4380476
4380652
4385123
4395277
4405370
4406039
4406126
4406413
4407278
4413442
4415066
4418932
4422260
4430060
4439046
4439234
4441746
4442453
4444082
4447439
4448480
4448590
4449288
4449712
4450139
4450584
4451261
4454821
4455465
4457585
4458666
4463114
4465847
4472221
4474668
4476928
4480686
4488622
4491057
4496072
4496327
4498526
4499842
4503466
4504555
4506821
4507784
4510997
4511435
4517636
4523783
4525681
4529418
4538505
4541366
4545776
4546472
4550713
4553164
4553850
4553895
4554215
4554364
4557720
4558960
4560542
4564037
4569083
4571459
4571681
4571839
4573891
4577608
4578137
4579921
4581572
4582975
4584333
4584931
4585194
4585481
4587440
4588082
4588640
4593629
4596972
4598418
4599063
4599138
4602539
4608410
4608867
4615781
4616947
4630825
4636923
4640082
4644189
4644643
4646189
4648965
4649271
4654075
4658273
4658665
4659348
4661415
4663820
4674712
4676305
4680867
4680956
4685798
4687851
4695801
4697509
4703107
4708118
4721223
4723878
4724764
4726576
4727187
4731667
4740952
4753632
4754213
4764449
4783280
4789334
4790671
4799251
4800630
4801606
4812020
4812500
4817489
4818055
4819193
4821207
4823165
4823207
4836887
4844094
4844415
4848702
4856122
4859471
4863305
4863349
4866836
4867139
4867423
4869201
4872641
4878312
4880774
4880979
4882142
4884021
4889446
4897793
4899229
4900597
4909010
4910491
4911279
4913561
4919090
4926925
4928219
4930080
4930326
4936395
4938013
4943276
4947743
4949412
4950780
4958688
4959040
4962567
4963003
4963515
4964398
4965879
4967947
4968673
4969156
4969453
4973380
4974279
4975971
4989245
4990831
4991431
4998338
5002599
5015387
5019593
5020524
5020684
5021967
5025237
5027357
5028638
5029956
5031316
5033303
5035167
5035266
5036687
5037864
5039566
5039601
5045865
5047860
5049334
5050895
5051405
5055033
5063442
5063668
5067756
5069985
5070655
5071300
5072503
5077782
5083208
5083588
5088725
5091167
5092463
5096098
5099968
5101876
5102752
5104875
5110045
5110732
5111632
5114795
5115320
5115649
5123161
5124885
5128123
5128607
5128806
5132580
5132706
5143034
5144237
5144429
5144893
5149460
5162955
5166488
5171830
5173344
5176090
5177886
5178399
5180127
5181543
5184607
5185928
5201719
5211140
5213681
5213775
5215705
5218057
5218831
5223447
5224260
5224907
5225784
5226644
5230356
5232977
5233047
5236554
5238093
5238508
5239263
5249932
5254433
5254954
5258809
5264588
5266263
5268247
5272173
5279816
5279973
5282562
5283422
5285207
5292131
5297928
5299528
5300883
5300948
5304140
5305453
5307050
5311069
5313602
5314163
5314925
5321405
5323596
5326737
5327585
5338283
5339589
5341038
5347630
5349717
5356714
5356887
5358532
5360524
5361710
5361787
5362087
5363728
5367440
5369516
5370484
5373676
5375444
5375838
5378557
5379632
5382347
5385554
5385853
5389580
5390226
5391042
5391599
5393180
5394304
5400231
5400976
5406731
5406998
5407910
5408131
5410059
5410206
5411403
5420691
5423139
5425539
5426577
5430275
5433572
5438342
5441834
5443916
5445336
5445615
5445881
5446511
5447078
5451309
5455557
5468272
5469060
5470111
5472266
5474954
5477134
5478972
5487983
5488000
5492630
5493520
5495278
5496444
5501077
5503837
5504366
5507356
5511992
5520828
5520921
5520978
5523830
5524504
5527071
5531452
5531876
5533869
5539822
5540718
5540830
5544920
5547872
5553458
5555812
5557390
5557592
5563733
5567811
5568756
5569020
5570949
5574256
5574616
5576128
5576498
5594711
5599355
5601059
5605038
5607077
5607976
5611219
5611297
5615004
5615471
5615775
5616309
5620189
5623500
5630822
5639109
5640597
5650546
5651087
5651522
5653726
5654482
5659009
5659570
5661259
5668010
5668527
5673640
5677026
5685037
5687610
5692194
5694319
5699291
5699746
5699846
5704559
5705927
5717141
5717290
5719583
5721255
5722029
5726666
5730224
5732128
5734669
5742311
5742632
5746932
5751688
5754519
5758844
5759954
5771329
5772722
5778881
5779267
5781108
5785113
5788834
5789712
5805675
5808432
5811019
5815424
5816232
5816918
5820931
5823318
5823602
5827184
5827577
5830514
5837288
5837428
5840862
5841860
5842091
5843846
5843911
5849085
5849270
5850735
5852238
5852463
5853691
5856072
5863711
5864826
5866824
5867200
5867928
5868628
5876893
5877294
5878646
5879960
5883339
5893328
5897673
5898864
5904026
5908120
5912200
5916445
5922448
5924256
5930647
5932337
5940589
5942429
5946780
5953880
5954151
5954647
5959159
5961214
5961687
5962364
5963230
5963311
5968339
5971104
5982602
5983051
5985981
5991345
5991932
5991951
5995872
6000821
6001944
6007660
6010385
6012469
6015546
6022832
6025292
6026959
6031525
6034383
6039040
6044781
6045433
6053721
6054098
6056378
6056813
6059417
6068874
6069040
6069325
6069478
6080426
6081116
6082799
6085761
6097336
6099879
6106383
6106611
6108866
6108929
6116841
6120031
6121476
6127265
6127438
6132901
6134316
6135125
6141346
6141460
6141489
6144135
6144805
6145074
6150269
6150721
6152702
6153352
6157124
6162892
6166806
6167023
6168218
6168624
6172117
6179655
6185642
6185850
6188868
6192271
6194796
6206553
6206762
6209190
6210027
6210321
6213041
6217551
6221113
6221584
6221648
6225829
6227038
6228614
6233364
6235988
6236914
6238352
6239925
6241836
6243098
6243885
6244425
6248107
6248462
6252188
6258361
6259818
6262294
6263317
6273494
6274186
6276555
6278500
6278760
6278974
6283251
6286799
6294704
6296965
6309355
6314176
6316502
6318499
6321403
6321530
6332748
6333678
6342448
6348797
6354625
6357683
6357695
6358509
6360838
6361982
6362584
6403045
6404245
6405182
6408265
6414144
6415578
6421770
6423320
6424799
6426806
6438471
6439192
6440433
6440438
6443212
6446421
6448896
6450810
6451235
6458035
6459629
6459806
6463697
6471319
6472530
6476411
6477879
6479077
6479655
6484759
6485994
6487306
6487718
6488014
6489749
6492686
6492900
6498054
6503202
6506754
6507487
6511454
6511738
6513228
6517117
6520113
6522625
6522982
6524979
6525962
6529971
6541280
6554647
6556597
6557292
6561193
6561436
6563207
6563275
6564076
6565718
6566866
6573822
6575749
6576613
6577790
6578758
6583925
6595550
6596873
6596874
6598123
6599498
6602013
6603052
6610211
6611288
6619251
6619780
6620925
6620982
6625607
6626004
6626661
6626947
6628142
6631989
6632671
6646343
6646967
6648033
6648272
6654186
6654898
6657003
6665532
6675676
6681345
6681834
6682674
6687164
6691019
6691234
6692270
6698616
6702844
6702875
6703526
6707119
6709655
6710711
6710969
6727066
6728113
6730384
6733434
6746258
6746597
6752196
6758178
6764329
6770762
6778904
6780016
6780554
6786225
6787819
6790910
6795908
6800032
6804449
6805088
6805308
6806312
6813638
6815269
6822346
6826329
6826475
6826749
6827860
6831447
6835739
6837054
6837705
6843143
6845998
6846370
6849405
6849603
6850004
6855881
6861093
6862316
6862873
6864410
6866388
6866957
6869338
6874928
6881141
6882468
6883774
6885331
6886725
6887270
6894580
6901461
6904438
6904940
6906445
6909534
6915270
6922388
6923592
6926261
6926363
6927863
6927997
6931497
6933362
6944550
6944599
6946788
6947510
6948809
6951665
6957276
6963587
6963721
6963904
6971944
6972551
6974511
6975273
6983046
6985010
7005735
7005953
7008012
7012325
7023998
7034289
7039244
7039735
7041464
7044991
7046210
7051149
7058685
7060402
7064552
7067201
7069369
7070347
7071650
7071789
7072172
7079907
7083273
7086690
7087027
7089231
7093037
7098348
7098467
7100264
7104810
7108686
7109564
7111936
7115936
7116947
7117114
7119440
7120210
7125350
7139857
7140482
7145668
7148309
7149553
7151746
7151976
7153523
7154358
7155421
7165361
7166773
7166902
7171615
7175324
7178972
7194449
7196682
7204778
7205735
7206390
7209152
7211097
7234692
7238970
7242227
7244327
7245380
7247471
7248181
7249284
7251801
7256500
7258746
7259515
7260337
7262926
7267482
7271588
7276565
7279812
7281005
7286227
7287220
7287962
7292823
7294987
7297758
7302667
7303285
7303507
7306117
7307910
7309519
7318117
7320131
7325558
7327683
7328283
7330412
7330522
7332341
7335426
7341217
7341820
7344461
7344931
7346922
7347633
7349234
7350551
7360600
7362877
7363408
7364528
7370529
7377361
7379899
7383648
7391814
7392061
7396206
7396335
7397386
7398765
7400570
7402901
7403761
7409345
7409906
7410916
7417634
7426185
7428337
7431067
7432827
7435533
7435884
7449914
7451101
7453043
7456178
7459368
7460232
7464516
7466071
7471443
7471964
7474007
7476368
7478647
7479858
7480495
7483557
7484980
7490104
7493491
7495749
7498972
7499168
7503583
7506161
7510861
7511594
7515566
7517677
7519369
7519914
7522666
7526647
7529406
7531346
7536833
7538600
7541219
7546880
7550775
7551715
7554962
7556995
7560069
7560890
7567355
7567806
7570729
7570868
7571925
7572451
7572634
7572968
7576623
7577988
7580418
7589898
7590267
7593901
7596053
7596738
7599907
7600236
7608256
7612030
7612302
7618183
7621649
7625042
7633008
7641481
7648605
7651516
7653385
7659118
7665767
7667368
7669352
7673370
7675558
7683143
7689671
7694280
7694398
7699680
7700953
7701382
7703435
7704056
7706291
7706316
7711392
7712059
7712648
7722967
7727283
7728156
7730031
7731332
7737508
7739806
7739988
7740475
7741075
7742335
7752706
7753744
7753865
7755221
7757648
7759155
7760086
7760243
7761116
7763450
7765431
7772632
7778444
7780652
7781356
7786756
7787806
7797733
7800285
7801103
7802288
7806988
7810431
7816659
7817617
7825312
7825692
7826328
7826787
7826971
7828487
7834209
7838516
7843626
7849520
7850535
7854599
7854944
7857890
7858427
7866820
7872692
7877738
7884725
7886531
7891526
7893762
7895810
7896676
7899095
7900615
7901457
7902001
7904098
7906374
7909601
7910976
7912888
7913333
7914253
7914551
7916998
7917680
7918049
7920299
7920301
7921365
7923764
7924882
7926349
7927889
7928261
7929499
7933437
7934450
7935278
7947534
7947646
7949982
7962439
7962764
7964660
7968639
7972794
7973615
7973734
7974204
7987753
7993502
8009464
8015398
8017212
8017377
8029093
8032525
8034412
8034540
8034983
8036562
8040914
8041608
8048799
8048958
8050299
8050798
8053578
8059212
8061554
8062464
8063496
8066349
8068023
8071083
8071403
8074319
8074625
8076319
8078627
8079297
8082809
8083826
8083869
8087789
8092904
8097174
8109032
8115344
8118318
8123288
8125259
8126926
8131363
8132397
8136274
8137476
8139739
8142680
8147418
8147454
8148428
8148698
8149597
8158711
8160186
8162085
8163744
8167637
8172793
8174770
8177911
8178018
8178533
8180751
8184338
8187303
8192684
8197008
8202198
8206294
8208546
8210728
8216419
8217467
8217612
8217921
8223949
8225111
8226591
8226819
8227801
8235607
8237702
8238779
8241003
8241179
8257758
8259136
8263748
8267559
8268382
8273599
8277618
8279351
8279788
8280154
8292795
8293099
8301185
8310652
8312390
8313233
8320023
8321337
8324623
8324931
8335570
8337647
8349802
8350207
8351148
8355741
8356690
8369344
8376106
8387192
8388248
8388351
8389925
8390394
8390476
8391422
8393650
8397146
8397623
8398598
8404739
8408599
8408976
8409627
8410572
8411361
8411894
8412286
8415181
8415393
8418042
8418617
8420052
8425490
8434006
8437965
8440256
8443870
8456896
8457453
8460074
8460752
8461299
8461883
8462764
8468743
8478834
8481241
8486039
8487959
8488804
8491063
8495256
8497969
8501138
8502436
8503040
8505077
8511384
8514259
8514399
8517835
8520424
8521182
8522169
8527111
8533254
8534006
8535288
8537440
8546898
8550276
8550540
8550801
8552009
8555855
8556669
8556917
8557284
8561601
8572660
8575881
8579202
8581741
8583193
8586709
8591239
8592330
8594449
8595048
8595794
8596756
8596992
8597767
8603388
8603828
8604431
8605198
8605354
8606021
8608586
8609517
8610754
8613227
8616211
8620649
8627571
8640515
8646634
8651014
8655067
8655726
8659117
8659827
8660920
8661295
8669743
8678936
8681348
8684482
8690622
8695670
8696685
8698048
8699696
8703402
8706534
8716063
8725370
8728418
8729581
8729705
8735840
8743113
8750809
8755013
8755123
8755586
8756618
8759820
8761243
8767303
8770220
8770699
8771688
8773658
8777196
8779187
8787322
8789016
8793140
8795800
8796505
8797518
8798392
8817956
8820938
8825513
8827176
8828131
8831881
8833506
8834444
8835655
8835784
8838082
8838142
8848316
8848743
8849671
8852491
8853060
8853198
8854327
8859586
8866459
8866630
8875777
8882563
8882932
8886617
8892389
8894020
8896943
8897774
8902816
8904289
8906710
8910118
8914474
8921157
8922656
8923818
8927935
8928508
8932059
8933278
8940670
8941022
8951720
8959073
8960674
8965108
8965750
8967975
8968716
8976945
8988395
8991209
8995291
9001308
9003386
9006946
9007655
9008284
9013058
9025439
9027347
9032688
9039347
9044396
9053962
9054260
9054758
9060290
9067561
9069983
9075724
9075939
9076622
9088203
9088792
9090110
9102080
9104455
9109993
9111529
9113642
9114070
9117594
9120637
9121838
9127070
9128521
9129649
9130583
9135099
9135463
9146754
9147816
9152436
9154793
9157636
9163615
9165533
9171468
9172436
9173691
9177969
9181539
9181886
9184908
9187500
9188754
9196926
9197256
9203507
9206952
9207488
9208401
9210099
9212499
9217401
9219223
9226138
9230274
9230292
9234697
9240786
9241194
9244495
9249716
9255046
9255879
9257436
9257735
9258634
9261501
9262473
9269349
9270889
9272323
9274165
9275477
9280293
9281710
9282107
9283918
9284612
9285764
9288706
9289798
9294773
9298703
9300051
9304827
9306742
9311920
9313994
9314760
9318242
9318388
9319336
9320264
9320363
9325684
9326147
9326356
9328461
9331569
9335303
9336081
9336320
9341426
9342973
9346622
9354677
9355086
9360648
9361172
9362258
9367274
9368661
9375513
9376819
9377036
9377192
9385285
9390147
9392812
9397131
9398000
9400586
9406668
9415431
9415760
9417683
9420301
9420931
9424091
9434298
9439834
9440019
9446446
9453864
9457400
9457981
9459175
9463709
9465457
9473416
9474958
9476966
9481018
9481670
9486492
9493852
9497578
9499098
9501108
9504659
9508505
9512532
9516700
9520418
9520804
9526951
9535779
9536891
9539606
9544874
9545757
9546804
9551904
9553139
9554679
9561368
9562159
9565786
9567777
9570013
9575032
9577194
9577858
9580113
9588916
9592932
9595664
9596122
9596496
9608756
9612210
9612847
9614311
9616179
9623765
9624097
9627077
9628862
9634226
9634468
9646157
9647068
9647266
9647381
9649725
9650011
9650674
9652152
9652546
9652597
9653082
9659992
9660294
9661227
9664280
9664773
9674437
9677890
9682809
9684568
9690493
9691285
9693311
9695792
9698223
9701080
9702115
9703128
9707356
9710883
9712719
9716765
9718896
9725878
9726362
9731399
9735092
9735855
9737544
9737826
9738015
9739741
9740740
9744159
9744392
9751232
9756052
9756156
9756781
9757389
9759751
9759840
9759979
9766727
9776837
9781918
9782746
9784023
9786389
9789642
9790509
9798678
9801374
9802870
9806844
9809787
9825525
9830728
9830878
9832710
9832923
9834309
9835854
9838806
9845071
9847444
9847568
9849729
9854778
9857404
9860787
9867700
9871007
9872860
9874946
9884343
9888066
9889490
9889795
9891355
9891397
9893360
9895415
9896024
9896638
9898118
9899769
9903893
9904141
9904790
9906308
9907303
9908286
9909917
9911036
9912884
9919178
9920409
9920629
9927443
9933902
9935044
9937921
9940702
9941094
9943830
9950125
9965142
9966018
9970362
9971912
9973714
9974762
9977810
9981191
9985564
9990787
9993330
10002899
10005878
10009325
10015519
10019082
10028211
10029819
10032203
10032917
10033759
10034699
10036970
10038382
10039484
10040279
10049639
10050604
10053403
10057017
10059113
10059594
10059678
10060321
10065872
10066327
10068938
10078328
10083696
10086581
10087763
10094922
10095659
10105385
10105501
10107729
10112051
10122288
10122929
10123303
10124830
10128494
10129077
10129858
10130867
10136320
10136540
10137083
10138165
10144620
10149020
10150382
10155898
10157154
10157422
10157767
10162570
10165911
10173241
10178418
10179278
10181318
10182873
10191417
10193944
10194345
10195334
10196373
10197621
10207244
10209129
10210334
10211126
10212811
10214437
10218151
10218227
10219979
10221786
10224518
10234734
10238793
10244326
10245893
10248482
10250045
10251931
10255313
10261687
10266376
10266513
10266831
10270070
10270964
10273504
10273684
10275594
10280150
10287113
10289507
10294455
10295695
10296856
10298296
10301550
10302744
10312061
10314518
10325660
10333343
10336538
10337133
10342396
10344470
10347485
10350014
10359564
10362908
10369120
10370070
10370561
10372983
10378261
10384094
10384440
10387387
10387712
10388245
10388255
10391218
10392153
10394253
10394902
10399522
10400410
10406308
10407650
10408595
10409383
10409419
10419511
10420357
10421600
10432881
10434322
10443914
10448078
10448270
10453121
10459100
10464239
10467242
10467264
10475407
10476221
10476400
10476552
10486533
10491015
10494074
10500143
10500487
10500859
10500963
10502967
10511902
10514463
10519823
10520280
10525698
10525723
10534294
10534598
10536687
10542950
10549973
10553958
10554371
10555205
10556282
10557888
10565580
10566633
10568659
10569256
10570358
10571380
10574595
10576711
10577449
10577816
10579779
10585837
10587435
10588161
10589776
10593447
10598004
10602828
10609138
10609326
10612355
10612503
10620729
10627376
10628237
10633057
10645550
10646293
10653124
10654006
10658864
10662551
10665261
10666894
10670491
10671153
10674443
10675786
10676717
10676896
10680607
10681025
10682611
10684867
10685328
10685366
10686697
10688498
10689428
10699561
10702633
10705249
10708186
10709158
10711220
10713907
10720247
10721547
10730571
10730717
10734371
10734575
10741367
10742809
10745514
10746590
10748329
10749168
10753788
10754213
10756463
10757497
10759601
10762447
10764324
10764876
10764924
10764962
10765691
10766754
10767556
10769231
10770154
10770184
10772493
10774584
10776600
10778450
10782159
10782961
10783296
10783841
10784671
10788191
10789665
10790404
10795602
10798848
10799633
10800832
10804424
10808906
10808972
10809334
10812075
10813218
10814489
10814742
10815591
10823113
10827248
10832179
10833666
10834130
10836647
10839468
10842765
10844188
10846612
10851379
10855233
10856169
10864609
10867072
10870686
10875756
10877707
10879576
10892846
10893097
10895821
10899255
10900734
10900903
10908618
10910607
10912252
10912544
10913824
10915128
10920182
10921573
10923004
10924266
10924860
10928603
10942674
10947095
10950417
10950782
10952945
10956746
10960916
10970519
10971363
10973640
10974190
10975251
10978955
10984850
10985149
10985692
10995216
10997409
10999452
11000753
11005721
11006732
11008713
11009325
11010235
11012477
11012838
11014390
11014715
11022891
11034640
11035778
11036898
11037861
11039710
11039894
11041491
11043536
11044063
11045517
11049148
11051243
11052903
11053457
11055169
11056113
11058059
11065754
11070367
11071970
11078389
11080280
11081285
11083095
11085004
11087334
11091389
11091421
11093264
11100678
11103272
11105552
11108074
11112206
11113135
11116083
11122287
11122323
11131797
11134459
11137009
11137594
11138304
11138943
11138978
11144853
11152459
11153923
11159730
11161302
11173463
11175679
11175743
11176901
11178166
11179012
11181919
11183684
11185642
11188763
11193733
11197070
11205235
11218318
11222647
11223930
11224311
11226421
11227108
11227150
11228741
11239986
11240502
11243486
11243956
11246723
11247440
11249392
11251852
11254608
11257155
11261874
11264026
11272465
11272945
11276205
11276579
11284040
11286877
11296689
11299726
11301763
11303854
11307964
11308252
11311927
11313123
11317486
11317817
11320108
11320372
11321124
11322758
11326025
11327061
11327075
11327699
11329708
11335136
11335697
11336247
11340017
11340570
11355917
11357378
11360542
11364889
11364959
11368065
11368787
11369185
11374533
11375792
11378635
11382356
11384485
11384765
11388723
11394992
11395639
11397218
11397504
11398507
11399402
11399665
11401908
11402302
11406603
11411639
11415405
11415666
11421837
11424646
11428368
11428507
11432772
11434672
11435310
11435321
11436797
11439486
11449304
11449986
11455171
11456268
11463014
11463761
11468799
11469785
11471275
11473478
11476759
11486868
11493636
11496600
11497928
11499201
11502066
11502310
11511946
11512411
11512973
11519134
11521096
11524018
11525320
11525722
11526008
11539157
11539986
11543228
11543513
11544449
11548329
11550524
11553115
11554200
11554442
11562279
11565459
11587191
11590975
11600071
11602948
11606876
11606895
11609923
11611183
11613649
11615090
11616480
11616706
11622012
11624559
11626780
11626809
11633829
11644142
11647506
11649836
11651959
11651989
11655682
11659185
11660426
11666517
11667679
11667765
11668010
11668846
11681954
11682058
11682093
11684218
11685692
11695129
11695952
11700241
11702877
11704061
11705866
11707884
11711592
11716384
11718236
11721827
11724667
11725325
11725513
11727043
11727561
11730238
11730344
11731170
11735496
11735802
11739611
11739669
11739889
11743396
11743433
11744276
11754015
11760319
11768004
11768922
11775050
11776154
11776720
11777733
11778527
11784147
11787286
11790648
11803283
11805007
11805320
11807137
11808384
11815831
11818072
11819409
11821588
11823503
11823961
11829615
11832133
11832998
11839666
11842119
11849840
11854369
11856081
11874214
11874314
11874776
11875100
11876591
11877264
11880536
11880869
11881972
11886682
11887764
11892820
11893655
11896709
11898603
11902610
11904922
11922319
11924468
11925508
11931264
11931711
11932934
11936469
11937539
11943501
11945987
11949112
11950124
11952018
11952893
11953530
11956022
11958235
11961085
11961786
11965192
11967982
11970192
11970424
11977271
11981397
11982593
11985734
11986283
11987887
11992743
11992970
11996270
11999627
12001986
12003113
12006016
12008160
12011841
12019949
12022526
12025277
12029847
12031430
12034823
12036102
12036245
12041375
12045569
12047349
12047777
12048337
12053039
12063420
12064601
12073506
12074124
12074630
12075806
12090009
12092170
12094746
12094923
12099494
12101301
12101481
12108170
12109332
12113463
12115822
12118771
12119464
12124091
12125677
12125864
12130658
12133861
12134033
12135512
12139909
12143496
12143710
12144230
12147249
12147279
12154788
12156072
12158140
12159745
12163502
12164241
12168995
12169370
12170065
12171277
12178192
12178808
12192334
12196168
12197022
12197788
12200986
12202070
12206305
12207875
12216425
12217386
12225036
12226759
12228788
12233059
12241058
12243149
12243188
12246009
12251486
12252899
12253784
12257690
12261576
12262100
12262606
12268664
12268825
12271017
12278982
12284102
12284807
12288800
12289505
12291105
12295385
12297709
12299866
12303858
12307881
12319060
12321342
12321515
12323555
12324338
12326930
12327932
12330825
12332799
12334880
12338588
12339854
12340409
12343010
12345073
12345418
12345743
12351151
12355370
12357296
12361168
12363076
12366636
12367892
12371571
12373484
12379369
12382877
12384465
12384901
12390057
12390767
12397323
12400937
12400958
12409011
12409302
12417116
12418399
12419009
12419476
12428065
12431458
12442413
12447734
12452028
12458629
12465136
12469190
12472441
12483426
12495115
12496007
12500393
12501317
12502785
12506089
12506264
12508608
12525093
12527748
12527858
12531426
12535411
12536777
12541181
12548930
12548941
12550173
12551612
12551615
12559168
12564466
12565295
12566894
12566927
12567042
12578832
12580924
12587742
12587926
12589825
12592656
12595456
12597836
12599805
12610740
12611492
12612655
12616245
12618287
12620342
12634050
12639829
12642071
12644480
12645404
12646049
12652004
12652545
12654459
12656705
12657794
12658535
12659053
12660727
12661181
12662072
12664589
12666864
12669281
12673820
12678640
12680600
12681747
12682046
12686798
12687455
12690731
12692086
12698295
12702447
12702744
12707568
12710462
12716986
12724930
12728627
12730230
12730472
12733436
12734821
12735366
12741951
12745890
12746865
12747469
12753003
12757303
12757370
12760283
12762669
12765969
12771921
12784631
12790465
12791008
12791337
12792184
12804658
12806672
12810035
12810155
12816733
12824930
12827496
12832028
12839968
12854682
12855494
12859013
12860664
12864327
12865127
12868514
12873300
12874471
12876688
12878029
12880835
12881886
12882619
12897061
12898336
12903416
12904645
12907215
12910250
12910755
12911204
12913846
12914818
12918343
12924143
12924586
12925279
12926241
12929152
12938301
12939198
12940258
12940290
12946159
12948163
12949231
12956764
12961216
12963281
12966530
12967261
12967968
12968602
12976943
12985047
12985665
12986597
12988059
12988674
12991462
12991873
12992445
12994268
12998247
12998816
13000170
13003356
13006113
13006137
13006454
13010427
13011772
13015851
13018297
13019413
13019930
13020688
13026057
13027720
13031851
13035680
13039712
13040077
13040863
13043568
13049719
13051895
13053944
13061341
13061630
13064639
13065586
13069934
13072429
13073549
13074506
13075393
13076316
13079935
13081286
13094779
13095893
13099557
13099754
13107514
13108037
13108168
13115594
13117005
13119199
13119706
13127139
13135827
13140976
13144783
13147363
13148538
13156953
13160018
13160651
13160946
13165595
13168620
13169827
13177127
13178132
13183849
13187015
13195533
13199247
13199854
13200477
13202567
13203336
13208918
13215568
13220197
13220773
13220943
13222635
13224177
13225210
13231206
13232304
13234333
13238619
13241500
13242610
13243290
13243353
13244830
13246491
13249287
13252046
13258182
13267116
13267672
13269821
13272547
13274154
13280101
13282433
13282525
13283652
13283751
13284781
13286218
13296495
13298616
13298619
13305619
13306208
13311698
13316390
13323567
13324168
13327907
13328270
13331750
13339521
13339740
13343708
13360100
13369788
13374409
13378596
13381513
13383084
13383410
13386060
13386260
13388135
13388760
13394591
13398257
13401870
13407232
13408303
13416795
13417961
13418601
13419616
13423191
13426029
13429683
13437338
13454604
13459592
13462849
13463602
13469917
13472914
13492145
13493611
13498789
13499595
13502478
13502792
13506745
13507775
13509181
13512716
13520811
13527347
13529297
13531629
13533347
13535370
13535557
13536742
13546472
13547301
13549788
13550974
13556155
13557013
13558350
13566322
13566361
13571008
13571510
13581273
13581409
13583166
13585326
13587656
13588887
13589104
13591757
13594097
13596745
13598535
13598794
13599031
13603425
13604309
13607770
13607791
13611384
13617619
13619091
13619608
13623695
13624524
13634548
13638844
13640941
13642185
13646012
13655561
13655848
13657755
13663102
13664818
13669275
13673031
13674449
13674589
13685883
13687090
13687293
13692352
13694027
13695943
13698102
13700318
13703818
13706283
13706511
13709444
13710871
13710886
13715146
13716017
13720154
13720403
13721491
13723652
13726252
13730372
13733682
13733804
13739852
13744906
13750020
13752618
13755556
13757352
13758355
13760744
13761383
13762860
13765458
13769551
13769976
13774957
13775752
13777326
13780983
13782187
13789777
13797852
13798826
13807007
13807128
13808986
13809227
13810259
13810546
13814367
13816495
13818644
13819500
13820344
13826048
13833765
13837321
13839809
13842117
13848100
13852638
13853333
13855570
13861386
13862470
13868127
13871682
13874121
13874750
13875752
13876225
13878718
13887175
13902790
13906097
13910041
13911987
13918365
13924924
13927083
13933968
13934101
13937832
13946540
13955001
13958986
13959502
13961854
13973005
13976344
13977492
13977969
13980415
13980627
13980631
13981069
13985837
13987755
13991381
14000245
14000680
14001230
14001871
14005430
14007622
14008683
14010082
14012594
14014686
14017140
14017645
14024175
14025932
14033259
14043741
14051903
14056509
14058355
14058448
14066221
14066585
14067349
14071218
14073544
14082066
14083634
14092464
14092920
14092936
14094328
14095289
14095431
14102030
14103318
14104488
14105064
14113383
14113665
14127901
14129330
14130331
14130368
14131320
14144328
14144904
14148121
14157395
14163884
14165818
14171174
14171188
14175312
14186495
14191354
14194139
14196270
14198976
14199685
14203054
14206824
14210460
14211429
14214391
14215116
14224154
14225375
14227592
14228428
14229417
14233593
14234828
14234900
14236284
14236770
14238914
14239280
14243206
14244272
14247668
14247824
14248575
14249985
14250144
14251591
14253271
14254027
14266404
14268746
14269127
14272169
14273425
14273972
14282801
14283163
14283407
14284107
14286374
14292519
14294142
14297638
14298084
14300512
14303818
14304049
14306379
14306855
14308984
14310498
14311039
14311592
14316420
14318227
14318331
14318734
14328363
14331258
14333231
14334577
14337298
14343404
14343798
14353432
14353489
14353665
14356051
14356803
14357859
14364255
14365108
14367019
14369840
14377682
14381085
14385304
14396466
14401606
14404626
14408210
14410237
14412460
14416151
14416919
14421323
14424393
14424519
14425796
14426815
14432742
14434053
14437600
14437784
14438930
14442357
14450201
14453153
14453692
14454531
14455084
14457098
14462521
14463755
14464754
14470264
14470941
14475168
14479743
14480065
14480611
14484817
14489362
14489750
14495986
14505886
14506296
14509077
14510831
14511083
14522186
14531238
14532542
14543964
14544234
14544826
14545968
14548164
14550321
14555354
14557634
14560853
14561590
14562364
14564015
14571176
14574278
14585552
14589254
14594665
14595791
14604437
14605224
14609556
14619766
14619840
14622080
14624801
14625469
14632659
14637396
14637833
14639946
14642299
14650718
14655098
14673246
14679686
14689206
14694938
14696098
14696312
14705520
14706110
14706265
14706513
14710185
14711403
14711482
14714502
14715027
14717084
14721330
14723681
14725089
14727683
14727746
14735023
14735124
14735365
14736388
14750146
14750646
14752712
14753797
14754009
14754102
14763567
14765936
14768578
14772819
14786082
14788682
14790067
14799592
14801503
14802846
14803763
14805596
14809784
14812932
14814784
14817688
14819494
14826925
14827228
14827330
14837878
14845439
14846223
14849444
14850345
14850735
14857777
14859120
14859702
14861875
14863898
14865256
14865477
14868815
14870020
14873449
14876867
14878251
14883555
14889015
14889454
14890156
14897764
14898557
14901001
14901962
14904213
14904479
14909076
14913977
14918440
14918903
14925327
14927623
14930164
14942766
14949835
14958283
14962037
14962399
14965502
14967440
14967563
14969595
14971376
14973229
14980240
14983376
14983862
14986950
14987120
14989658
15004574
15007676
15009417
15030374
15032474
15034984
15035506
15039131
15041047
15041618
15041832
15042281
15043093
15049811
15049911
15054780
15058068
15062857
15062952
15069135
15069402
15072050
15073165
15073371
15079158
15079273
15080053
15082704
15085110
15090931
15091151
15092427
15094592
15095055
15097241
15099728
15100755
15104445
15105220
15112634
15113535
15115488
15123529
15128589
15131967
15136342
15138986
15144508
15153412
15156209
15160212
15161800
15163092
15163879
15165816
15166963
15170742
15172256
15175062
15187481
15187743
15200283
15201211
15203922
15205944
15206560
15215813
15217032
15217620
15224827
15225505
15226244
15226536
15235670
15238192
15239891
15242212
15245635
15249862
15253833
15255389
15256331
15260883
15263182
15263766
15265054
15267126
15273220
15273547
15274544
15288834
15290490
15293940
15294418
15295341
15297697
15300777
15307288
15313365
15316653
15319391
15320075
15321333
15335660
15343039
15343944
15350084
15350262
15352349
15353601
15354556
15355110
15355295
15360345
15363065
15363983
15365478
15377403
15377473
15379406
15385551
15393856
15395981
15396827
15399275
15401340
15403307
15403687
15404657
15412984
15416766
15420267
15422437
15424306
15424333
15425692
15427601
15428148
15428171
15429717
15451100
15452882
15456995
15457857
15460436
15462894
15463441
15470582
15473461
15477424
15477910
15478496
15479270
15480423
15483799
15485170
15485466
15485709
15487485
15490157
15490497
15491368
15493033
15495258
15497457
15497851
15497860
15499368
15513540
15517194
15523140
15526409
15533085
15538615
15541044
15545856
15551013
15573901
15579148
15580173
15600926
15605241
15606204
15612933
15615971
15620070
15627029
15630134
15638022
15645933
15649716
15650023
15652130
15652396
15654820
15660391
15663156
15663290
15667365
15671918
15677157
15677309
15677997
15689244
15689952
15693676
15697231
15703823
15704073
15708156
15713893
15721557
15722494
15723451
15734504
15744226
15752775
15754633
15755340
15761989
15764641
15765413
15785001
15785219
15796477
15798461
15805804
15807158
15816982
15821858
15823716
15824473
15825951
15826855
15828906
15831141
15839401
15846248
15853015
15854233
15855956
15859182
15860287
15867204
15867622
15869824
15876864
15883693
15886966
15893824
15894151
15897126
15897952
15909537
15910393
15911254
15917585
15924652
15930427
15931551
15932242
15934929
15935104
15935960
15937895
15940352
15942671
15943803
15943941
15948775
15950107
15952516
15953478
15953555
15962594
15968139
15968491
15971826
15974716
15977058
15980514
15985173
15992185
15994330
15994521
16000543
16002124
16002753
16005576
16007215
16010543
16018976
16029081
16045049
16046213
16048850
16049834
16053598
16060745
16062298
16062643
16066378
16066791
16070341
16070387
16071295
16071603
16073877
16075042
16077452
16079032
16084227
16087471
16087482
16088853
16090589
16094342
16101303
16101840
16103877
16113289
16113986
16116304
16116609
16118258
16118426
16140259
16145403
16145955
16151148
16157565
16158112
16163189
16171602
16172132
16174115
16177254
16177327
16179214
16182894
16183791
16202745
16203362
16206818
16208137
16216396
16220430
16220582
16221128
16226577
16231097
16232973
16242586
16242733
16248147
16257459
16258134
16265977
16266459
16273104
16283155
16288012
16290598
16298077
16304984
16305930
16307736
16310249
16311557
16312801
16314156
16318297
16319644
16322254
16334143
16335576
16335670
16337524
16338061
16348563
16353615
16359325
16371223
16372309
16375111
16382658
16394314
16395846
16396275
16397131
16398092
16403418
16405896
16409034
16409823
16413382
16414928
16415618
16416011
16418621
16420782
16423511
16429126
16435920
16436204
16438578
16439631
16440619
16442097
16443714
16444259
16445979
16449588
16449744
16453214
16454201
16456704
16457493
16458936
16464170
16468101
16473033
16473449
16475861
16483591
16486870
16493350
16494923
16495843
16501448
16501582
16502023
16504958
16507068
16509809
16512293
16512504
16513320
16514100
16515232
16515441
16517041
16518165
16519182
16521781
16522961
16528503
16531114
16538751
16543856
16546419
16560943
16565568
16574027
16574817
16576628
16581486
16589088
16590303
16601158
16601412
16601746
16604759
16606064
16607781
16614067
16625468
16627247
16631883
16632757
16635307
16637375
16637992
16643786
16648328
16648690
16648879
16653663
16658105
16661548
16664516
16668949
16671811
16673458
16681438
16682017
16683599
16684385
16685185
16687413
16691882
16703307
16704976
16707167
16709028
16709253
16709284
16714765
16718482
16719875
16724275
16724450
16724586
16724984
16726890
16729256
16732502
16738575
16739127
16746863
16747715
16749572
16765207
16778587
16781842
16789190
16792656
16793535
16797231
16804418
16806238
16806782
16806944
16810787
16812692
16812837
16814578
16815161
16815886
16817963
16818036
16819885
16823640
16824494
16826835
16827782
16829731
16833821
16835265
16839121
16839872
16848780
16849919
16850607
16850637
16855077
16859866
16863723
16865276
16868332
16868866
16871528
16871798
16874523
16887133
16887595
16892605
16893268
16896872
16898237
16913160
16914735
16923877
16929353
16930109
16931286
16932295
16933273
16934888
16935574
16937814
16942439
16945728
16947289
16954230
16954302
16958519
16958845
16959824
16959876
16961921
16962306
16963562
16965197
16966363
16976799
16978675
16978909
16991973
16993980
16995476
17000370
17003050
17003685
17004926
17006895
17007302
17007823
17021885
17022496
17025905
17026035
17029600
17034781
17036792
17038088
17039979
17040337
17042950
17043554
17045009
17047243
17049019
17052562
17054584
17057736
17058525
17059653
17066277
17067321
17070830
17070852
17072678
17076616
17078110
17081092
17081145
17086267
17087170
17089824
17093595
17093618
17103468
17104197
17104227
17104247
17106742
17110781
17110882
17121409
17123361
17123555
17123819
17124474
17126147
17127792
17129742
17131096
17135694
17136315
17136622
17137193
17138911
17139760
17143105
17144797
17148622
17148770
17150214
17153098
17154996
17168842
17169373
17172625
17175989
17178248
17179762
17186841
17193670
17195488
17195555
17195652
17197880
17198784
17200411
17205924
17208821
17210348
17210741
17211056
17212179
17214421
17215777
17216248
17225349
17228663
17233568
17239781
17242949
17245343
17245760
17248784
17249833
17257609
17263531
17274326
17277701
17283654
17286651
17288419
17290599
17291121
17291140
17292574
17295129
17296350
17297355
17297475
17298578
17300423
17303938
17304096
17307477
17315957
17318166
17321068
17323089
17326572
17333583
17335409
17337747
17349290
17351892
17357913
17363317
17366288
17366902
17381700
17393755
17396686
17400012
17400542
17402398
17406046
17417610
17419091
17420223
17420314
17428978
17434803
17436710
17442003
17442082
17451270
17451660
17457386
17461201
17464719
17466657
17467327
17468388
17479819
17480859
17481477
17482727
17485590
17487061
17491746
17500341
17507453
17513786
17516981
17523430
17525296
17526337
17535435
17541959
17548832
17551205
17551755
17552885
17553087
17553644
17561263
17563561
17566616
17569568
17570557
17573195
17575090
17580070
17582113
17584621
17585319
17587277
17598458
17600849
17603420
17609957
17614869
17623942
17627317
17630710
17631861
17633717
17646563
17658340
17662903
17666441
17667479
17673698
17676413
17682674
17688988
17690740
17701016
17702069
17711109
17712828
17716991
17722698
17726166
17729090
17733118
17735972
17740000
17757515
17762609
17763298
17764060
17765752
17771932
17774280
17774696
17775638
17777747
17781748
17785805
17790459
17791311
17806408
17806913
17810396
17810575
17811210
17812099
17814290
17820690
17822531
17828078
17834997
17842743
17850069
17851871
17852622
17856952
17858239
17858540
17860094
17877873
17880421
17884084
17889914
17894685
17895039
17895324
17896580
17896649
17898182
17907539
17909294
17917101
17920738
17924274
17929666
17930316
17931866
17932319
17939428
17940585
17940728
17943629
17947797
17959725
17965496
17969795
17975787
17981402
17986426
17989038
17990249
17990467
17996355
17997134
17997143
18003705
18003938
18009578
18010908
18019735
18022598
18022616
18024759
18026297
18028775
18030231
18032980
18034434
18035877
18039662
18043067
18043309
18044080
18044777
18055313
18056884
18056970
18058978
18066741
18067145
18069187
18074021
18076490
18081352
18082521
18084491
18084566
18089532
18090299
18091665
18093580
18094322
18102359
18103829
18104046
18107440
18107514
18108125
18109874
18114785
18116867
18117345
18119648
18123005
18123260
18124202
18134072
18134842
18136155
18138579
18139206
18142486
18144363
18145389
18152924
18154613
18155284
18157450
18159269
18159886
18167027
18169168
18174893
18179552
18182242
18183688
18186101
18187691
18188086
18191025
18202215
18203391
18205414
18209403
18212946
18214700
18215671
18217175
18220347
18220666
18222092
18223293
18223330
18226265
18226604
18227916
18230251
18231971
18233680
18237683
18245475
18246468
18251975
18252158
18252687
18255387
18257237
18258560
18260785
18261484
18261564
18265808
18269498
18270543
18274074
18280190
18281554
18284765
18288564
18291461
18301571
18305656
18309429
18310420
18311003
18322974
18324881
18325563
18326589
18327474
18336144
18337193
18337825
18341368
18345323
18346550
18348571
18352618
18352740
18353322
18357971
18359453
18359768
18361979
18362759
18368531
18372629
18374970
18376857
18377454
18378376
18379494
18388131
18389843
18390562
18391295
18394880
18398532
18400892
18401209
18403203
18405468
18411286
18414149
18417002
18427296
18427764
18431433
18433380
18434842
18446058
18447842
18450880
18455011
18458992
18466254
18469379
18470659
18474508
18477268
18478637
18481471
18485092
18488514
18490379
18492130
18497760
18503907
18507565
18508929
18511069
18512512
18517273
18520022
18520851
18522721
18524377
18526417
18529657
18529694
18531573
18531732
18546327
18552732
18559207
18559750
18561020
18561262
18561575
18562688
18566728
18566749
18570471
18571841
18572053
18574460
18576757
18576873
18578712
18580329
18587036
18589665
18590208
18594061
18596200
18604575
18609467
18611138
18619044
18619196
18619264
18621180
18624281
18627651
18633088
18636926
18639175
18639674
18640723
18642892
18643216
18643415
18643660
18655302
18661405
18663228
18664837
18666947
18667243
18670004
18671817
18677528
18677910
18680399
18680550
18681701
18688999
18690757
18693218
18695395
18696939
18697869
18698509
18702321
18708687
18716033
18719343
18721566
18722449
18726083
18726209
18726595
18726952
18732831
18738502
18740138
18750607
18754091
18761840
18763506
18764480
18766312
18772434
18772750
18775564
18778678
18780641
18781350
18786845
18786947
18790379
18795217
18800546
18806913
18810305
18813916
18818121
18818417
18819984
18821326
18824352
18825781
18826558
18827671
18828295
18831444
18832276
18833444
18839784
18840670
18841356
18841444
18843216
18847615
18848756
18854631
18858479
18864080
18866823
18868726
18875841
18880874
18882049
18882370
18883663
18890088
18891344
18896007
18898085
18900706
18901855
18914003
18914394
18915991
18917092
18921072
18924775
18927023
18935872
18936303
18938470
18938920
18941010
18941386
18942644
18946724
18946967
18948686
18954126
18957301
18959836
18964038
18964297
18970186
18973408
18974798
18975822
18978380
18980472
18981717
18984427
18984558
18988906
18990381
18998707
19003378
19009827
19010594
19011247
19012382
19012983
19024369
19025138
19032457
19033857
19037082
19041986
19042241
19046392
19046915
19047389
19048393
19049558
19058941
19060239
19060781
19061719
19064338
19065919
19067593
19078179
19081583
19082102
19083758
19085221
19086734
19091841
19093021
19093110
19093305
19098992
19099178
19106367
19117676
19126881
19129137
19129757
19129981
19133237
19133845
19134599
19135441
19138124
19138238
19145688
19147578
19150072
19151499
19154148
19154698
19157115
19158560
19159110
19159648
19161160
19168064
19176180
19176436
19176711
19177274
19178358
19178525
19188717
19191091
19191827
19193202
19193717
19195658
19196587
19196678
19200025
19202482
19205067
19206256
19207643
19208838
19211821
19223606
19227139
19227359
19229114
19230225
19230844
19232692
19236112
19244190
19244567
19245621
19248059
19255283
19261185
19267584
19268947
19273092
19274472
19276810
19276935
19276959
19277201
19294734
19296891
19299982
19303723
19303735
19307260
19313063
19313080
19313432
19319036
19320716
19322263
19324308
19324428
19329068
19329473
19329485
19329950
19330126
19334357
19336484
19337984
19338834
19339623
19340122
19341278
19344779
19346495
19354358
19354572
19356311
19356643
19360772
19361903
19362383
19362541
19363076
19364634
19364916
19368160
19373381
19373813
19378691
19378842
19380938
19381178
19387794
19390457
19391623
19392349
19395591
19400432
19403260
19404981
19405846
19413528
19413942
19415142
19416707
19419771
19420316
19422209
19422956
19423660
19425634
19428751
19440057
19440645
19440754
19444094
19445845
19447801
19448233
19449813
19450973
19452815
19454883
19456914
19457242
19467715
19469753
19471333
19472142
19472683
19476215
19479029
19479723
19485549
19489617
19490350
19495926
19497132
19500200
19503348
19504080
19505032
19507061
19515378
19516878
19529280
19534081
19534227
19535037
19538624
19540865
19545062
19546539
19548369
19549502
19549865
19551926
19554111
19554763
19560217
19563195
19564261
19566472
19569952
19570826
19571851
19575617
19575946
19580809
19581248
19585039
19586212
19590238
19595176
19599297
19605062
19605991
19607767
19614138
19616161
19616303
19622238
19622758
19623552
19623860
19628503
19628855
19633227
19635012
19637543
19642089
19645415
19648461
19649151
19651040
19652269
19655048
19663015
19663569
19666723
19671626
19675984
19676512
19683888
19688299
19695501
19697832
19705045
19706758
19709154
19713526
19717602
19719685
19720268
19737502
19738487
19740158
19741342
19742838
19743824
19745919
19747439
19759840
19762251
19762422
19762806
19764636
19767014
19767671
19768491
19775965
19780581
19781815
19781979
19790179
19794004
19799045
19805755
19808482
19809098
19810643
19810977
19812912
19813581
19819544
19819848
19824530
19824557
19831086
19836979
19838059
19845469
19847093
19848309
19850528
19851398
19855214
19856517
19858383
19858409
19860764
19862908
19865900
19866002
19876902
19885229
19886510
19892398
19901805
19908803
19918035
19919447
19919815
19922016
19924431
19928010
19930079
19934560
19936932
19937004
19940205
19945411
19945454
19945580
19947542
19948723
19954418
19955555
19956627
19957070
19966692
19968414
19975312
19976782
19978951
19988632
19993016
19993346
19995050
19998418
20002044
20005947
20008313
20010157
20011431
20014426
20017971
20021812
20022699
20024328
20030029
20033607
20037496
20038278
20039864
20046981
20048440
20048983
20053129
20057213
20067865
20075540
20077070
20079166
20080687
20085023
20088748
20089509
20089937
20091934
20092685
20095881
20101064
20102125
20107889
20110792
20114898
20117704
20122791
20123815
20127720
20128517
20128620
20129320
20129723
20130163
20130184
20134772
20135625
20137395
20139123
20142757
20146614
20150442
20151265
20153053
20153762
20155278
20155287
20167340
20173159
20178204
20178934
20182106
20182763
20185266
20187761
20188983
20189167
20190124
20194108
20198138
20200488
20213431
20218353
20221427
20221774
20236763
20240677
20246295
20246792
20249919
20250004
20256960
20258684
20258971
20259542
20262324
20263303
20264566
20267154
20272742
20275665
20275681
20275770
20276801
20280680
20282733
20285647
20296947
20299200
20301513
20306774
20308176
20310903
20311241
20324270
20328704
20329957
20331775
20336894
20338111
20341353
20345324
20346236
20346413
20348823
20348852
20348855
20350061
20359756
20361547
20362352
20364346
20365926
20366910
20367786
20371349
20373486
20373681
20375072
20375166
20375642
20383866
20386266
20392166
20394388
20395153
20398470
20398867
20400450
20405131
20405344
20405801
20406494
20409406
20410680
20417657
20419903
20421180
20422298
20426556
20441003
20442616
20443755
20443949
20446533
20453091
20456591
20461411
20470547
20476653
20478301
20480494
20483549
20483919
20489000
20489453
20491425
20491802
20493454
20493850
20494220
20494225
20499377
20500575
20503846
20507310
20507415
20511514
20511738
20512344
20516191
20516291
20519113
20521386
20524277
20527553
20527678
20534755
20536633
20536958
20542107
20544503
20548255
20550136
20550174
20550300
20553423
20555401
20557099
20558590
20558827
20563835
20581105
20581531
20582378
20582604
20582616
20583501
20585005
20585471
20585490
20586136
20596876
20607770
20611330
20613092
20616389
20617035
20621928
20631003
20633696
20634126
20635555
20642154
20642313
20644160
20645864
20648631
20650264
20652281
20653026
20655404
20656873
20661107
20663527
20665089
20671062
20671568
20677207
20678471
20687884
20689093
20689292
20696461
20697233
20699793
20700573
20700588
20701700
20714413
20718283
20719635
20719978
20722607
20725105
20726943
20727945
20728945
20728998
20732038
20736190
20741682
20744555
20745338
20747125
20749918
20750978
20754890
20756549
20756888
20757179
20759497
20763429
20764615
20767115
20768502
20768802
20769429
20769719
20776504
20778126
20784087
20794630
20801275
20804217
20804242
20806444
20808095
20808867
20809712
20810956
20822410
20822644
20825096
20830276
20832512
20834676
20836612
20838101
20839569
20841824
20845831
20846668
20846978
20855909
20863041
20864133
20867606
20871114
20873519
20877320
20890537
20895327
20899609
20902669
20903338
20904096
20905085
20907937
20915967
20930685
20933930
20934701
20938100
20939639
20939801
20939915
20941149
20945159
20948144
20951764
20953282
20954011
20955642
20956474
20960921
20965872
20977315
20977964
20981140
20985314
20986653
20993297
21001960
21005067
21018939
21019089
21022156
21025322
21027349
21032482
21035507
21035571
21035625
21037943
21040270
21040485
21042036
21045754
21046435
21047977
21048844
21057060
21061546
21062633
21064679
21074422
21078723
21082717
21085253
21085297
21087917
21096852
21097625
21099646
21099657
21101868
21103837
21104123
21110263
21115553
21115838
21116902
21120885
21121551
21125762
21126237
21127804
21132864
21134607
21138286
21139583
21144676
21148454
21154094
21155518
21155753
21158503
21160866
21164173
21166403
21170336
21173192
21175380
21182873
21185384
21186845
21187734
21190426
21196482
21199150
21199167
21201261
21203096
21208362
21209665
21209918
21210159
21211824
21217993
21230778
21233059
21235868
21236586
21242807
21243125
21247276
21249881
21258816
21264381
21274396
21275873
21275963
21280559
21282783
21285345
21286528
21290254
21295127
21295333
21296607
21304448
21306191
21306609
21308822
21310212
21312398
21314078
21320919
21321164
21322935
21326216
21327254
21328345
21330101
21331464
21338358
21339932
21341596
21348505
21349688
21353047
21355415
21356442
21356924
21358589
21360620
21362776
21365774
21375189
21385171
21386350
21410229
21415824
21416562
21421384
21423043
21424795
21428500
21442104
21446824
21446971
21447464
21447828
21453310
21454406
21455400
21460643
21464077
21467576
21468309
21470016
21470597
21471786
21476626
21478831
21481245
21481912
21482396
21487715
21491013
21494600
21494874
21495229
21497408
21500114
21513135
21513423
21519807
21523194
21524770
21526958
21532288
21532545
21532793
21533886
21535370
21539676
21541210
21541449
21543864
21545138
21547652
21549320
21551620
21559306
21563219
21563925
21565450
21568710
21569274
21573486
21576628
21581683
21587814
21588960
21590307
21592841
21594597
21596142
21597054
21604389
21606040
21606925
21608897
21615756
21618953
21622492
21631376
21632238
21635293
21638168
21642562
21652116
21658987
21659027
21660555
21661864
21662665
21663263
21664388
21669502
21670891
21670894
21671949
21675169
21675435
21676709
21681189
21685078
21687426
21688717
21689195
21691013
21692418
21699794
21699999
21711309
21711928
21714600
21717070
21717897
21719452
21727480
21730575
21732014
21736319
21740530
21742851
21746342
21766565
21768616
21769653
21769718
21776122
21779033
21779188
21787084
21789345
21793488
21798365
21800625
21800927
21802133
21802333
21806496
21807398
21810147
21816280
21816944
21819370
21820799
21821114
21821648
21825686
21834075
21842242
21844685
21848454
21850423
21853380
21858411
21863136
21870098
21874467
21875408
21877912
21889494
21890693
21891821
21893841
21895226
21897528
21898202
21900696
21901176
21903141
21906393
21908271
21909468
21909712
21910270
21914619
21915053
21915457
21916508
21921817
21923315
21926228
21934818
21938922
21940745
21945572
21958104
21958665
21960487
21963664
21968692
21972538
21974042
21974720
21977496
21978339
21981873
21983720
21987322
21988410
21995280
21998887
21999743
22002942
22007541
22007754
22009393
22014918
22017021
22018627
22021132
22030057
22030409
22041622
22043374
22046021
22056346
22057951
22058010
22059642
22062129
22065009
22065101
22067588
22068118
22068282
22070463
22075260
22076451
22092446
22098695
22100374
22104928
22107730
22108081
22108564
22111479
22113661
22113684
22114392
22131535
22132004
22138386
22144101
22146357
22147526
22153761
22156417
22156659
22159905
22162210
22162971
22163062
22164186
22164420
22173216
22174438
22177103
22181384
22185323
22185411
22186197
22187317
22187421
22187717
22194247
22196344
22199585
22200325
22200945
22206225
22211275
22211629
22213179
22213834
22215331
22216864
22220215
22220408
22225997
22229942
22233003
22233214
22233604
22234700
22242011
22242675
22243103
22243216
22247575
22253550
22254493
22258816
22258998
22259865
22266035
22266406
22270421
22271296
22274188
22285231
22288230
22296254
22300525
22305475
22311668
22312765
22332562
22333647
22340083
22344390
22345426
22349753
22356353
22366579
22367492
22371188
22371258
22374062
22374118
22374478
22381284
22387145
22387713
22389554
22389923
22391082
22398591
22398935
22400011
22406305
22408748
22410301
22417033
22421662
22422430
22425745
22429801
22430676
22432164
22433654
22436554
22436603
22439629
22441068
22447474
22448773
22454210
22454305
22455626
22456751
22467915
22468499
22469686
22470646
22475723
22476332
22477255
22477258
22483098
22483733
22486059
22486373
22487196
22493533
22501208
22501691
22505371
22509573
22510303
22511723
22513580
22514348
22515665
22516539
22518461
22524682
22525601
22527476
22527546
22529706
22529832
22535402
22537904
22539915
22541064
22541679
22545524
22551895
22555392
22558091
22558495
22559664
22561749
22562557
22571825
22572144
22576393
22584026
22588203
22590234
22593416
22594314
22596426
22598108
22598592
22602221
22603003
22617242
22620415
22628330
22632951
22638288
22639233
22639498
22640236
22650376
22653680
22653869
22656725
22657844
22663663
22663736
22663887
22666932
22667009
22672744
22679568
22685551
22686768
22688968
22692073
22693832
22698390
22712774
22712980
22715230
22720624
22722623
22724353
22724741
22732843
22735065
22735227
22736039
22739120
22739820
22740045
22741032
22743152
22749173
22750167
22755480
22755882
22756935
22757229
22758656
22762723
22764223
22765287
22765601
22765840
22767106
22768431
22769347
22779701
22785303
22788479
22797217
22800176
22805378
22807442
22808356
22811723
22813540
22813816
22814283
22818920
22827010
22838690
22839640
22841346
22841797
22844141
22844363
22855106
22857084
22857303
22863434
22863582
22863761
22865116
22866280
22867811
22869609
22873696
22873910
22875508
22878460
22880360
22885058
22889994
22892044
22892508
22896316
22900634
22904889
22905028
22906384
22910512
22911980
22912154
22919210
22928126
22929162
22930013
22930756
22939000
22944012
22945470
22950991
22951734
22958375
22958566
22964971
22967282
22967792
22968580
22979993
22980434
22981068
22985330
22988208
22988336
22991045
22993080
22995547
22996744
22997248
22999653
23000375
23001797
23005665
23007184
23013675
23017087
23019345
23025719
23025736
23029097
23031380
23041209
23044571
23049381
23049987
23051881
23052199
23054523
23060674
23061230
23063911
23067499
23068755
23068885
23070517
23074472
23076071
23076769
23078878
23083287
23087678
23089652
23090866
23091441
23091844
23093102
23093309
23093851
23094522
23096086
23097449
23100888
23102854
23103849
23105850
23110712
23111752
23117309
23119914
23121117
23121606
23121919
23141677
23143584
23144387
23147441
23149719
23152857
23156666
23156772
23160821
23165968
23167824
23174758
23174965
23175486
23176776
23182173
23185124
23186931
23188839
23190738
23191819
23205173
23207351
23208393
23212645
23212948
23213065
23217247
23220527
23220580
23222496
23226899
23230839
23232692
23233210
23235474
23238287
23239812
23240774
23243492
23252542
23257251
23259025
23262143
23264579
23265734
23269229
23269848
23272723
23274064
23274780
23274843
23274897
23275171
23276722
23277625
23277735
23278433
23280181
23283913
23284134
23285241
23287455
23287992
23302646
23309351
23309790
23310183
23312783
23314148
23316786
23318784
23322254
23325735
23329491
23330606
23337831
23342523
23346493
23346756
23349561
23351708
23352307
23356750
23358358
23360407
23361748
23366787
23367089
23367528
23368007
23375115
23375989
23376007
23378594
23382051
23384243
23391507
23391668
23391946
23392130
23394569
23396529
23396715
23399052
23399748
23403057
23404666
23406178
23407896
23408223
23410041
23410157
23412421
23413106
23419073
23419532
23426820
23429638
23430870
23431658
23432394
23436743
23439848
23446266
23447833
23450786
23452742
23458556
23462073
23463001
23463815
23464863
23470005
23470753
23472941
23475708
23477220
23479266
23483876
23483966
23485873
23488147
23492555
23495263
23497296
23498481
23500380
23502103
23503892
23504772
23512580
23513042
23516304
23518696
23528091
23534420
23535613
23536280
23544006
23544726
23546275
23553190
23553952
23557449
23559263
23568514
23568974
23572535
23572754
23573622
23577572
23580424
23586267
23586984
23595887
23597806
23603817
23604006
23606017
23615110
23616880
23616965
23622320
23631366
23637272
23640048
23641514
23657043
23667308
23667543
23670576
23672991
23673046
23674284
23682649
23687733
23690809
23694214
23694265
23695260
23697298
23697324
23697995
23699534
23705882
23707677
23713339
23715636
23716871
23724933
23726678
23732709
23733364
23734111
23736082
23736469
23739581
23740718
23742468
23742718
23747447
23750995
23756897
23757006
23760076
23762908
23765883
23767081
23767625
23771630
23772165
23777802
23786174
23788710
23791741
23795024
23802459
23803001
23805236
23807249
23814786
23816517
23817052
23817838
23819052
23822005
23822845
23822909
23825543
23826473
23834178
23836944
23844125
23848079
23865542
23871464
23871548
23878703
23879011
23879701
23884116
23885154
23885679
23886879
23895896
23898525
23898647
23917907
23930698
23938952
23942258
23945350
23951545
23951687
23952868
23955558
23958588
23963460
23966061
23966829
23969027
23969999
23970906
23971483
23977372
23978209
23979303
23981420
23987272
23989012
23989026
23989951
23995426
24000581
24003425
24008728
24012155
24025436
24025540
24025708
24026621
24029574
24032196
24033861
24034114
24036608
24041222
24042516
24045384
24046703
24047880
24049326
24051824
24058518
24071351
24071872
24072222
24074362
24074578
24075426
24078451
24085156
24089046
24089960
24094885
24100057
24101843
24104889
24105019
24114630
24114864
24117385
24121161
24127049
24141665
24143695
24143992
24145468
24145728
24146650
24147451
24148905
24153791
24156532
24159960
24160720
24161666
24162388
24166020
24166961
24168585
24171120
24172403
24177590
24178373
24180030
24190234
24190347
24191728
24194756
24196167
24202785
24202913
24203667
24211019
24215584
24218229
24223677
24224564
24230461
24237865
24239726
24252649
24257583
24257824
24257948
24261451
24264763
24268734
24269949
24270621
24285524
24288179
24288813
24291316
24292913
24294012
24295869
24296668
24298703
24300057
24300496
24301236
24313081
24314204
24316236
24324485
24324599
24333206
24335108
24337771
24338846
24341465
24342321
24343709
24344796
24353122
24355324
24356151
24356154
24357233
24363271
24367295
24377917
24380545
24391189
24396697
24397856
24401710
24402831
24403388
24406234
24407463
24411410
24413107
24414169
24415780
24417959
24418186
24425598
24426983
24427465
24431197
24433683
24434749
24435159
24441648
24441784
24443682
24452699
24460445
24462103
24463495
24466189
24466760
24469624
24471426
24474699
24475031
24475409
24478667
24479554
24480666
24482480
24493183
24494294
24494845
24495571
24501644
24506440
24507048
24512443
24517286
24517803
24518342
24518942
24524650
24527135
24540091
24540803
24541436
24542214
24556260
24556373
24558275
24562689
24563161
24564973
24568388
24588436
24592104
24598094
24599823
24601128
24605325
24607770
24609092
24611693
24612549
24613891
24623428
24625616
24625748
24628035
24631426
24633600
24633641
24633874
24640553
24643325
24645892
24646918
24651437
24651683
24654758
24658068
24658244
24660201
24666216
24675165
24676087
24688683
24694169
24696069
24704173
24705744
24706130
24706868
24710033
24710776
24713551
24714183
24718226
24719068
24719939
24720447
24724605
24725579
24725838
24729428
24734489
24737660
24737840
24743843
24745768
24748394
24750879
24751042
24752241
24752306
24752614
24754234
24757454
24767887
24769279
24771677
24774257
24776494
24784354
24788096
24790776
24790968
24792066
24794018
24794549
24801530
24801664
24803823
24806561
24809166
24814366
24826509
24829229
24829236
24829959
24833495
24833520
24835438
24835715
24841769
24844829
24851110
24856912
24860032
24864923
24867896
24870806
24871050
24875051
24884612
24890587
24892878
24893766
24897906
24902291
24903635
24903779
24913657
24914495
24917797
24918665
24922096
24923538
24925058
24928810
24931122
24931439
24936758
24938788
24939727
24943581
24944594
24945054
24948434
24950305
24952063
24953759
24968706
24971410
24974354
24978759
24978784
24979116
24979466
24983628
24993562
24996593
25000064
25001201
25005346
25007244
25015687
25021112
25023522
25025155
25034789
25038991
25043983
25051734
25051817
25057450
25062304
25067155
25068190
25071935
25079997
25080434
25082452
25082599
25083064
25087231
25089762
25092323
25093221
25095040
25095065
25095816
25098431
25107662
25111913
25118085
25134221
25137098
25140184
25149488
25152278
25152747
25155249
25158302
25159755
25160515
25161011
25165449
25167056
25167990
25169278
25169639
25176716
25176840
25177523
25180326
25184097
25184850
25185898
25195193
25202206
25204522
25205431
25206650
25207309
25212959
25217036
25220259
25220566
25222068
25228607
25244016
25244927
25257891
25266460
25270497
25274475
25276727
25280169
25282750
25284040
25286005
25289059
25293511
25296108
25297679
25298116
25300510
25302726
25305255
25309830
25310748
25313448
25320795
25320886
25321904
25323564
25325107
25326027
25328218
25339728
25341965
25342987
25343698
25343959
25348698
25350828
25362654
25363215
25365847
25369785
25370631
25377764
25379830
25381265
25393206
25395065
25400772
25407306
25410553
25410902
25412644
25413777
25415279
25418955
25429806
25439284
25441340
25448297
25448654
25449333
25451848
25453142
25453722
25454260
25464527
25465700
25468260
25469572
25474513
25480192
25487427
25488586
25489999
25493940
25494674
25499073
25502323
25504814
25506510
25512059
25519760
25523558
25525489
25526986
25527486
25529296
25531260
25531609
25534127
25541823
25543809
25544476
25544495
25546485
25551085
25553137
25565938
25569946
25575385
25575985
25577844
25580775
25581761
25584732
25585330
25592078
25593231
25598248
25599842
25604685
25605817
25606318
25606418
25607150
25613665
25613868
25614272
25617568
25618126
25619531
25619549
25619667
25619850
25620295
25620917
25621800
25622850
25623973
25624374
25625146
25628561
25628600
25635554
25647499
25647848
25656078
25656422
25658002
25663022
25677531
25678468
25686089
25688886
25689048
25690402
25691598
25697439
25697787
25702966
25710870
25718787
25719091
25720377
25720540
25721442
25725686
25726175
25727311
25730551
25737948
25741673
25745356
25747363
25752906
25753292
25762058
25765946
25773631
25775458
25775681
25778419
25780805
25783065
25784166
25784207
25786946
25790236
25791276
25792119
25792893
25795400
25796069
25810361
25815180
25815894
25819292
25819332
25821801
25824324
25824453
25827618
25830830
25831083
25836703
25841187
25842575
25846338
25846555
25846762
25848747
25852128
25859810
25861187
25863192
25864459
25865072
25865953
25876427
25880168
25880630
25889983
25895287
25897334
25900295
25901165
25903254
25905032
25907695
25908266
25908961
25910169
25922052
25922816
25924609
25926036
25929921
25931021
25933632
25934485
25945792
25947646
25952732
25960663
25964848
25979305
25982543
25985903
25987680
25988132
25990777
25993329
25995295
25996855
25997009
25999863
26002295
26002442
26003145
26004363
26010728
26016368
26017636
26019215
26026073
26031952
26033691
26034296
26039034
26039659
26040685
26043000
26047152
26054347
26056755
26057500
26057846
26059834
26065195
26065645
26067709
26074780
26077015
26079006
26081629
26085568
26089695
26091829
26094006
26094993
26095791
26096960
26098813
26109548
26115968
26118549
26119302
26120045
26125596
26131991
26133273
26134343
26135161
26136090
26145494
26145838
26148032
26154845
26159600
26169046
26171385
26174411
26175375
26175902
26179670
26181158
26182646
26184481
26185914
26192642
26196904
26199493
26216204
26216828
26221651
26225626
26232190
26234302
26238308
26238337
26240533
26242446
26246779
26249560
26250590
26264343
26265481
26268969
26274642
26276462
26276535
26277391
26277590
26277764
26282790
26285526
26286302
26290121
26293310
26298611
26299224
26303947
26304961
26306292
26307667
26309322
26310680
26322879
26325344
26329770
26331020
26332510
26334516
26336228
26336918
26339767
26340730
26340743
26341077
26341947
26343625
26347911
26352245
26355820
26357760
26357937
26358459
26365361
26367572
26368719
26371464
26372558
26375298
26379216
26381951
26384019
26385179
26387571
26395477
26398095
26399343
26399463
26401403
26401713
26409453
26409688
26418617
26420307
26422135
26427717
26429501
26434193
26439084
26440704
26451444
26458590
26463377
26465538
26468440
26475036
26478113
26478816
26484139
26487271
26487942
26488655
26489566
26491802
26494709
26494834
26497472
26499215
26506050
26510394
26511768
26512319
26512995
26514917
26519735
26521270
26522836
26526620
26529881
26530875
26532170
26539479
26540809
26544673
26546616
26549868
26552520
26554559
26554834
26558290
26561095
26567019
26569272
26571519
26573090
26575339
26577164
26581502
26581559
26582337
26586083
26586984
26595900
26596707
26596792
26599468
26599911
26601062
26601926
26605101
26605305
26609307
26610817
26613693
26616702
26616926
26617402
26622958
26626571
26634422
26638486
26644838
26645084
26645256
26645430
26652022
26655765
26660146
26660477
26664240
26668093
26668129
26671058
26680328
26680909
26681907
26684197
26684388
26688834
26689916
26690490
26696230
26697539
26698771
26700807
26701430
26703170
26706119
26710412
26717354
26718462
26720153
26727414
26728329
26737235
26750949
26753128
26753514
26753968
26758675
26761028
26761379
26768898
26769127
26779465
26780801
26782201
26783115
26783223
26788132
26790583
26791175
26795035
26797589
26798152
26800857
26805778
26814062
26823191
26829713
26833739
26834412
26835742
26839299
26843914
26846004
26848251
26849250
26850614
26850796
26852226
26853473
26855224
26857986
26862185
26865502
26872967
26873058
26877612
26885738
26889532
26892984
26894503
26895911
26899461
26901558
26918653
26924699
26925022
26925595
26934151
26941441
26949296
26949642
26950464
26952148
26952870
26953428
26953808
26957835
26958364
26960901
26960957
26965043
26968821
26971570
26972198
26977173
26978830
26983429
26985276
26990349
26990926
26992574
27000968
27003311
27006341
27007704
27008935
27016330
27018300
27018403
27020189
27022488
27026236
27031823
27033468
27034937
27038533
27039431
27039532
27041736
27045683
27046039
27047679
27052974
27053035
27062643
27064954
27065233
27065368
27065678
27066234
27069121
27069879
27074234
27074668
27075982
27079974
27083570
27084485
27088507
27094044
27098245
27099644
27102234
27102881
27104163
27106392
27108128
27108873
27111669
27116880
27119026
27119367
27122987
27132021
27132875
27141458
27146122
27148440
27150041
27154266
27154543
27161309
27161733
27162872
27165675
27169804
27170923
27177018
27177337
27179447
27191129
27194552
27195499
27197783
27209402
27214512
27219250
27219810
27220221
27223987
27224396
27226956
27229047
27229971
27233202
27234512
27235077
27237142
27240330
27243513
27244626
27246645
27250225
27252062
27252094
27259275
27261128
27263339
27264024
27272072
27272618
27275383
27276700
27282526
27283004
27286137
27289725
27292306
27294892
27299703
27301937
27308409
27320345
27321015
27322886
27328357
27331859
27333252
27338180
27339029
27343487
27343780
27346041
27348537
27350119
27356832
27361978
27362011
27362154
27364205
27365142
27371219
27371576
27374070
27375891
27379825
27386782
27392309
27395344
27397238
27404719
27405972
27406263
27410133
27411443
27411494
27416174
27421900
27422267
27422952
27423483
27425319
27429385
27432046
27432631
27434621
27436571
27440583
27440669
27441070
27441395
27447249
27450814
27452210
27453776
27457053
27476717
27476977
27479598
27482151
27484284
27484868
27486805
27486836
27487662
27492059
27496153
27497786
27531043
27531245
27535560
27535778
27537331
27539772
27542022
27544177
27552686
27555886
27566226
27572258
27578470
27578812
27579067
27579467
27582597
27583441
27588717
27595299
27595663
27597230
27598108
27603422
27605417
27606099
27608288
27609238
27610749
27611509
27612090
27612713
27617203
27619473
27623177
27623779
27633907
27638746
27640771
27641590
27644636
27649010
27652240
27655368
27656019
27662566
27662578
27666835
27674487
27674645
27676495
27678753
27678772
27681203
27682625
27683883
27686733
27694004
27695315
27697743
27698167
27698875
27702304
27707271
27707288
27709341
27712431
27714704
27714717
27715127
27715678
27716159
27717129
27720033
27725061
27727169
27734812
27741040
27743277
27750577
27756412
27756814
27764392
27764548
27768503
27788031
27792388
27795208
27798360
27800267
27802575
27804640
27813965
27817368
27824595
27828773
27831036
27831499
27832120
27833126
27838204
27838861
27843524
27845449
27845523
27845838
27848765
27849850
27849950
27853000
27854147
27860224
27861485
27861615
27863841
27869024
27869158
27870610
27871947
27876695
27885618
27886084
27886279
27891989
27896317
27897135
27897930
27901081
27906690
27908564
27909072
27909090
27912457
27916913
27918230
27926471
27928857
27929542
27929709
27933322
27936792
27937351
27946495
27947412
27949721
27951358
27952858
27960544
27966782
27971895
27972816
27977050
27980515
27983703
27989894
27993907
27994908
27997059
28000823
28006194
28010883
28011267
28012358
28017291
28025466
28028209
28030502
28033617
28034365
28040225
28041606
28047429
28047604
28047715
28055921
28057887
28058567
28060456
28061695
28071908
28075911
28076033
28076678
28080550
28083300
28089702
28092810
28093584
28098076
28099583
28102057
28103289
28104305
28109921
28118804
28121107
28123895
28126061
28128852
28129825
28131735
28134239
28136417
28137917
28138385
28153893
28157387
28161826
28163581
28165065
28165222
28169153
28169294
28170688
28171420
28173940
28181229
28190740
28190817
28192836
28193023
28193211
28199089
28200702
28203730
28204003
28209516
28210623
28211040
28211855
28217868
28218226
28218990
28220691
28227551
28227609
28232069
28236604
28239586
28243868
28244630
28245176
28245380
28249952
28260527
28264487
28265473
28268115
28272495
28272633
28273838
28274535
28276053
28277822
28280527
28280651
28292778
28294009
28294679
28296656
28301244
28303493
28304072
28306854
28308245
28310698
28313854
28317593
28320616
28321201
28324952
28327940
28339170
28339603
28340882
28345487
28347044
28347235
28354244
28354682
28354724
28356026
28357348
28358901
28361911
28362514
28363679
28371035
28372103
28373046
28373056
28374413
28379764
28382093
28383960
28385092
28386296
28388924
28390354
28390886
28391742
28396333
28396482
28397511
28400717
28407840
28432417
28442376
28450322
28452319
28453640
28455175
28456251
28456441
28468493
28468597
28472047
28472064
28475631
28483509
28486604
28490140
28491334
28491389
28495067
28505285
28506525
28508944
28511599
28514603
28522175
28522333
28523066
28523504
28531378
28531567
28534079
28534840
28535704
28535895
28549486
28550965
28563525
28567539
28567641
28569709
28574295
28575759
28575785
28576300
28587136
28594814
28596143
28600065
28602913
28605517
28605847
28608222
28610063
28616865
28616869
28617685
28618303
28622238
28625154
28626300
28626992
28632255
28637663
28637981
28638917
28642379
28642440
28649018
28649812
28651310
28653154
28654389
28656183
28662036
28663647
28664901
28666477
28667685
28668654
28670343
28674735
28675308
28675725
28675945
28679708
28680887
28681482
28683190
28685645
28687925
28696088
28708320
28715434
28722247
28726804
28736003
28738302
28739747
28742950
28743677
28743976
28744543
28746241
28748078
28755261
28755819
28757897
28760683
28761463
28762495
28764486
28777329
28781139
28786644
28789893
28794482
28795162
28797329
28798017
28805295
28805622
28810346
28812514
28815534
28815662
28817033
28817645
28820861
28821334
28823655
28825447
28825847
28828962
28830346
28835512
28843969
28850499
28859006
28862120
28862315
28862814
28865555
28869246
28871679
28875137
28877957
28890436
28892084
28892193
28892596
28893618
28895161
28898038
28899645
28902910
28905177
28907014
28910046
28911154
28916532
28917538
28920542
28923578
28926278
28931590
28932356
28934760
28935919
28945845
28949271
28951292
28953426
28955271
28955460
28958760
28960001
28961417
28966169
28968269
28973153
28974842
28979394
28985310
28989088
28991137
28995210
28996766
28999488
29005065
29010592
29014431
29022101
29024123
29027484
29029955
29037854
29038135
29038464
29038955
29042774
29044013
29045156
29047751
29049313
29050751
29054614
29060321
29062527
29077834
29090719
29092769
29103704
29105064
29106993
29113655
29116564
29117041
29118532
29120297
29120917
29124858
29127743
29130267
29137632
29140008
29143691
29144009
29147493
29148023
29149667
29150292
29151058
29151244
29161359
29162302
29166556
29167108
29168911
29172199
29179582
29180251
29198651
29199701
29200013
29200359
29201689
29204032
29205092
29209850
29210665
29212834
29222631
29223664
29225092
29226956
29228605
29234313
29238381
29241615
29257497
29260649
29266852
29272531
29275182
29278508
29278806
29281053
29282767
29285186
29292049
29294538
29295490
29297035
29297901
29298277
29301929
29304627
29308452
29313202
29318205
29324705
29331182
29332521
29333129
29336000
29336428
29337694
29341985
29350156
29354605
29354893
29356681
29356767
29362250
29364292
29364611
29364995
29367222
29371553
29373712
29379026
29382158
29383648
29387169
29389906
29390508
29391053
29393581
29400539
29401492
29402743
29404574
29405132
29406650
29407562
29419573
29422676
29427526
29428417
29429412
29431988
29437452
29450079
29451932
29452855
29472961
29473255
29474979
29477559
29478384
29483340
29486674
29495401
29502387
29507007
29507219
29514615
29520146
29521827
29522305
29530140
29538474
29539709
29542035
29543293
29545548
29552935
29559569
29561185
29563428
29563464
29563504
29568455
29569695
29580575
29581555
29584483
29593068
29594093
29595765
29600077
29606704
29611717
29612925
29615914
29618668
29623193
29624318
29625741
29626001
29627180
29628064
29629245
29630209
29638910
29640127
29640612
29641056
29651158
29654200
29656817
29664486
29665564
29666310
29667587
29668427
29668628
29671577
29673679
29675326
29686116
29691338
29692548
29696496
29699901
29702313
29706548
29707352
29709132
29716112
29716920
29717025
29717853
29721063
29721984
29723173
29723363
29726261
29727999
29729335
29730573
29730892
29735091
29736048
29737243
29738229
29742214
29744365
29746205
29759191
29765180
29767907
29773896
29777870
29778051
29788680
29788684
29789084
29789453
29791536
29792322
29794248
29796481
29797389
29799264
29802404
29808095
29812275
29814016
29814727
29815353
29815981
29821123
29822038
29822169
29825196
29831457
29831479
29831827
29834974
29836540
29837101
29838768
29842603
29842962
29845338
29850163
29858590
29858661
29859702
29862944
29864878
29866195
29869349
29870244
29873250
29873380
29877841
29888260
29888762
29896147
29906387
29907317
29912590
29915654
29922800
29926695
29928203
29930643
29931285
29932200
29937427
29938225
29942995
29945898
29948817
29949223
29962773
29962854
29962874
29964846
29964983
29965022
29966584
29968473
29969965
29974238
29974848
29977246
29979523
29985740
29988414
29994805
29995062
29995821
29997197
29998159
30000524
30000620
30001616
30007020
30017117
30019565
30019670
30023158
30026175
30030688
30031992
30037588
30039516
30040466
30043023
30050806
30058525
30061646
30064956
30065343
30070648
30072802
30075877
30077802
30081676
30083320
30084049
30085068
30087626
30094820
30095745
30104556
30104954
30106322
30115703
30116265
30121158
30128789
30132693
30137478
30139655
30141063
30141529
30143692
30144837
30148319
30148926
30152545
30154808
30159747
30167230
30167640
30169288
30173514
30177562
30177805
30179389
30181360
30183271
30185569
30185679
30188095
30194945
30195238
30195265
30196382
30197277
30197974
30200184
30205474
30221449
30222564
30225567
30231921
30232041
30242631
30247737
30248084
30248167
30249976
30250636
30251916
30253009
30253014
30255409
30255670
30256564
30260695
30265696
30268062
30269576
30270046
30273283
30282550
30285668
30286576
30287540
30290393
30292595
30293400
30293976
30299533
30303279
30313830
30316414
30318749
30321432
30323769
30329393
30331145
30332649
30340724
30341765
30343797
30348693
30350440
30351901
30354898
30358337
30359455
30363873
30368717
30368777
30372235
30374369
30375716
30377626
30380426
30382906
30390483
30391071
30393384
30395134
30400778
30400918
30407140
30421482
30424825
