1657
3824
8231
8438
12623
20054
20636
20809
23712
25570
29830
31202
34277
39245
42706
46278
52426
54824
60301
60866
70247
70337
79586
79831
81331
84792
88563
89563
90015
94610
96181
98454
100084
102144
106584
108781
112243
118979
125938
130910
131143
134224
134590
135615
143229
143598
144292
145574
146979
148033
154855
156286
160164
166416
167712
171617
175495
177208
180451
180497
181142
183651
188080
189696
193906
200769
202141
215842
217789
220424
227045
229408
229757
237248
243256
262230
262486
263911
266714
269870
270843
273339
276326
277601
278015
282421
284604
284935
290067
291327
291983
292865
296352
301212
304479
308231
310941
312420
318154
319416
322827
325206
332084
348059
348689
349491
352426
355178
357874
358067
359065
362210
368712
373796
380791
380853
381742
384494
392308
396536
399059
403099
404387
406792
408842
418982
421224
425229
427622
427762
428111
428529
428718
429026
429392
430126
430390
431008
431396
443370
443789
449752
452909
453092
453240
457765
467370
469618
470269
471597
481432
481787
485414
485416
491908
500832
503694
505743
510260
519147
521840
524745
527658
536434
538553
541569
544073
547874
550200
554598
558747
560057
566437
574901
576220
585131
588822
590562
598211
604555
607095
607988
610001
610149
612554
615256
618702
631478
634768
635364
643627
646765
646838
649722
649789
652103
654108
659885
662207
664827
672119
676828
680226
686902
687130
689139
694305
696071
697081
701116
703959
705867
706761
710781
711249
722043
724747
725182
728204
731358
733841
742228
744335
744562
745360
745621
747284
747963
749128
749337
749718
750261
760777
767136
772364
772989
774620
776074
776708
782311
787800
793757
798972
808357
809338
814336
824047
828460
831559
832220
833240
833796
836839
837011
837171
839499
844883
845852
848546
853700
854575
856281
863814
864073
867418
867888
873373
881339
883323
883631
883852
885321
891273
891858
892117
893230
893310
894730
896320
904687
907314
912411
912551
914622
922287
923295
923782
926080
928205
928272
940803
940888
942366
942893
949042
952299
954204
961846
963498
966567
970166
971094
971865
975040
978179
986583
990058
991457
991808
997184
1001034
1004860
1013131
1017131
1017363
1017843
1018038
1033208
1036186
1042773
1046264
1048203
1051114
1055415
1055831
1057670
1061244
1061368
1065439
1066497
1067483
1067561
1070334
1073424
1075602
1075811
1083577
1092370
1093590
1098334
1098629
1101268
1103618
1104236
1106367
1108493
1108989
1111288
1113481
1115019
1116980
1117328
1117993
1120610
1123201
1123326
1128854
1130478
1131115
1131651
1138144
1138310
1140532
1141296
1144189
1146842
1153437
1154315
1157183
1159327
1160446
1161317
1161654
1162753
1163282
1166788
1170772
1175970
1176150
1177968
1182699
1191743
1196225
1196337
1197367
1206231
1212691
1213178
1218722
1221222
1227665
1230024
1231251
1233230
1233487
1240880
1246747
1252475
1256730
1258671
1259919
1268744
1272662
1282217
1285016
1285572
1287769
1290297
1299457
1302511
1304884
1308975
1311999
1320765
1330222
1334976
1335104
1336599
1343937
1350286
1361563
1365332
1366920
1368842
1373151
1373329
1373517
1375766
1378353
1384363
1385296
1386650
1389133
1389360
1389630
1395669
1398840
1401474
1402176
1406830
1409068
1418515
1422748
1422762
1427173
1428423
1428986
1430604
1437456
1437839
1441080
1442192
1446369
1446481
1453511
1453871
1456059
1456243
1460105
1467699
1468453
1475867
1479641
1479862
1479936
1492917
1494082
1496582
1502894
1507851
1507908
1508697
1509380
1512926
1515764
1515843
1520525
1524975
1536508
1539339
1539981
1542638
1543275
1543751
1544236
1547102
1549351
1552246
1555286
1555942
1556611
1563489
1566511
1568861
1577299
1578789
1581224
1583780
1584499
1595900
1597944
1600313
1604214
1605256
1605404
1606567
1608380
1609149
1615701
1635381
1638408
1643915
1644521
1649164
1651410
1654886
1656135
1657405
1659006
1659245
1667385
1668573
1668981
1672300
1672819
1675549
1675912
1677453
1680005
1680976
1681654
1683140
1686690
1695247
1696939
1698946
1706787
1709837
1715569
1715624
1720077
1720960
1724751
1724971
1726784
1729029
1735050
1740327
1742616
1749026
1749079
1750308
1752999
1755337
1756835
1757916
1762101
1762419
1766779
1769885
1771837
1773935
1775096
1784677
1789730
1793017
1793932
1794093
1794181
1795237
1798050
1798525
1798689
1799106
1799798
1802419
1803189
1804196
1806701
1808796
1809672
1809838
1811525
1822389
1823142
1823588
1826515
1831698
1832361
1835467
1838141
1846008
1846807
1850915
1852789
1854513
1862452
1864590
1868586
1868911
1872503
1873897
1880791
1880908
1883704
1897461
1901892
1910074
1910509
1913091
1918364
1918624
1919988
1926563
1928236
1928628
1929344
1931157
1932215
1935052
1937264
1945898
1954394
1956666
1959336
1963843
1967457
1968080
1968129
1968499
1981354
1982659
1987678
1988866
1996939
2000250
2001615
2001753
2008006
2009244
2014808
2017822
2023968
2024464
2027774
2027884
2029581
2032878
2033202
2033335
2033386
2039807
2041344
2045605
2053293
2055120
2064551
2064657
2066189
2077781
2079494
2080469
2083906
2091285
2091589
2092598
2099234
2109351
2109582
2113176
2117555
2119220
2120108
2120443
2124454
2125165
2128459
2132977
2136754
2137150
2138849
2140931
2141933
2142959
2144359
2146084
2149748
2150056
2157376
2164738
2168064
2177014
2178903
2178985
2181601
2190966
2196048
2196508
2200759
2201249
2206535
2216275
2217869
2229333
2230440
2233200
2233402
2235854
2239364
2241865
2244889
2250668
2258281
2264287
2268018
2269030
2272194
2275681
2286369
2287962
2288369
2290107
2296293
2299339
2301210
2304473
2304680
2309170
2310697
2315895
2318290
2318334
2318910
2322821
2324400
2327999
2342554
2344727
2348342
2351956
2354618
2356756
2363409
2368392
2390113
2394374
2400584
2402315
2404094
2405494
2406225
2410295
2418292
2418470
2418994
2427118
2429490
2433657
2434380
2436349
2438262
2440455
2444456
2446476
2448384
2452489
2456813
2456821
2459996
2460725
2468757
2469076
2476473
2483028
2488000
2495558
2496046
2497272
2500407
2503459
2505469
2506813
2506968
2510284
2510953
2514551
2524329
2526179
2530026
2531289
2531584
2532340
2534966
2541757
2541995
2546916
2547042
2549631
2550022
2550400
2556969
2565789
2565948
2579577
2582702
2585601
2590762
2599153
2599520
2604955
2611229
2613193
2614339
2615710
2615895
2617359
2631524
2631906
2638036
2639726
2640318
2644531
2648515
2650575
2656745
2664277
2664640
2670550
2683101
2685213
2690401
2699239
2699832
2700139
2700200
2701341
2704718
2706215
2709650
2713077
2717217
2719893
2724444
2728631
2731262
2731507
2733525
2741153
2742916
2744928
2750618
2761901
2763452
2764127
2765750
2768659
2780178
2781688
2782298
2782751
2783227
2789178
2800485
2803626
2805906
2807478
2808944
2809929
2812890
2819619
2821495
2822750
2824240
2828783
2833042
2833442
2845022
2845587
2847000
2851056
2851488
2858638
2861244
2862566
2862908
2863073
2867927
2874348
2880358
2881525
2883689
2885263
2894186
2896398
2900223
2905490
2906894
2907220
2908331
2909136
2910411
2915131
2919020
2919407
2920711
2923186
2923857
2924085
2926942
2930662
2931684
2931969
2938745
2947402
2948869
2953736
2965676
2968074
2968475
2969424
2970695
2971814
2972795
2974763
2976722
2978098
2990421
2991401
2994955
2995821
3001136
3001800
3003481
3004539
3007207
3007427
3013459
3013710
3025214
3028337
3033160
3035340
3038659
3042143
3047762
3048871
3049649
3049830
3056116
3061004
3067950
3069758
3072357
3073118
3076831
3080923
3085251
3088110
3088364
3092843
3096854
3103632
3105343
3107940
3110199
3119179
3121136
3122693
3123429
3124741
3126962
3129191
3130953
3135387
3136414
3148794
3151058
3154319
3154661
3160206
3163480
3167569
3168465
3175389
3176336
3185203
3186037
3193845
3194513
3198759
3199951
3200739
3202060
3206142
3209644
3210800
3213435
3215806
3218396
3220906
3220975
3222032
3224666
3225790
3233072
3236322
3241453
3243109
3243678
3244710
3249995
3253057
3255079
3265233
3271835
3272124
3277560
3279295
3280540
3281525
3284175
3284794
3286713
3287851
3289748
3294626
3303589
3303864
3305020
3306636
3306666
3310427
3311183
3314031
3315732
3321092
3329620
3330596
3335249
3336634
3341923
3350585
3356187
3366808
3367956
3368173
3371137
3371461
3372118
3378679
3382831
3394625
3398347
3399225
3399494
3403523
3403734
3403891
3410186
3411313
3412573
3416036
3420688
3422363
3427122
3428605
3433401
3436064
3436941
3443408
3447406
3448249
3452836
3452929
3453890
3457470
3461185
3461997
3465860
3467634
3471515
3473395
3473420
3478400
3481619
3484652
3486965
3488333
3490447
3491361
3491929
3491956
3494414
3494912
3495019
3496125
3500756
3501077
3506066
3509321
3510814
3512461
3514273
3516304
3519093
3519205
3521555
3524020
3524436
3533091
3535895
3536445
3539234
3543366
3545349
3545646
3548432
3550082
3552116
3557376
3559813
3562281
3570951
3572055
3574979
3579412
3580010
3584489
3585728
3590305
3592924
3598132
3608821
3609002
3610295
3613930
3616649
3616779
3617277
3627490
3628646
3633696
3637804
3641104
3642507
3657672
3662612
3665215
3667287
3670493
3674434
3675011
3676241
3687122
3688312
3691349
3696019
3697357
3699017
3703551
3703885
3711586
3712846
3716654
3721340
3721516
3724059
3725060
3733447
3738768
3744950
3744953
3746370
3747227
3748187
3750166
3751160
3754055
3756496
3760565
3761061
3761350
3762031
3766806
3767577
3767722
3767908
3775330
3779215
3784696
3786954
3790134
3790772
3795387
3797468
3798222
3799224
3800931
3801321
3812050
3813165
3814199
3815586
3816870
3817591
3819247
3825219
3826051
3835209
3835640
3835850
3839222
3839681
3842653
3852409
3854348
3855172
3856471
3861451
3865311
3875424
3877385
3878415
3882787
3887093
3887131
3889146
3894298
3901781
3902570
3907412
3909386
3915136
3916238
3918076
3931584
3936695
3936797
3941462
3943511
3944980
3946133
3956087
3957177
3958901
3961477
3966131
3969731
3973804
3976853
3980430
3984435
3986042
3986793
3986896
3991350
3994600
3995421
3999171
4004455
4016721
4018660
4022941
4023561
4023631
4031286
4037266
4039071
4044259
4045077
4045175
4048464
4049031
4052781
4053682
4054051
4055010
4056778
4057101
4057839
4059166
4065369
4066430
4068611
4069980
4072981
4073478
4074924
4075560
4078282
4078434
4079443
4082799
4083965
4084191
4096345
4098132
4098804
4099013
4099852
4104137
4106819
4107674
4119495
4120949
4124151
4124502
4125009
4129385
4129714
4130230
4132172
4143950
4146155
4147533
4147606
4152862
4157927
4159250
4160404
4172219
4174232
4175139
4178314
4179058
4181035
4183452
4197671
4212384
4214336
4216221
4218353
4221615
4229915
4231393
4233971
4235858
4240948
4244775
4247750
4248081
4249429
4250431
4251949
4252457
4256202
4257912
4260552
4261641
4262458
4263142
4268876
4268894
4273601
4274654
4276251
4277167
4279628
4284565
4285859
4287663
4292980
4299060
4299988
4300004
4304382
4306003
4308788
4309222
4312879
4318575
4322531
4322889
4323717
4328292
4328795
4330297
4334945
4336567
4337362
4337589
4338572
4343781
4344077
4348119
4351769
4352367
4353220
4357408
4361269
4368949
4371283
4371571
4372698
4377019
4382855
4383592
4389013
4392526
4399162
4399332
4405494
4406305
4410026
4411923
4415648
4421021
4421333
4421743
4422680
4425139
4426264
4426629
4426886
4428742
4429098
4433400
4434970
4437634
4439271
4439846
4441103
4445211
4448704
4449154
4449645
4462589
4462679
4465727
4466442
4466710
4467299
4475061
4475708
4476711
4477704
4480100
4481197
4482185
4484270
4485628
4488006
4488841
4494260
4497765
4500120
4503433
4521388
4522511
4524021
4528014
4530584
4531966
4533671
4536309
4536664
4540390
4541434
4542414
4545558
4546073
4561471
4566242
4568619
4568924
4569149
4569342
4570935
4576632
4579643
4585529
4585956
4588246
4590855
4592878
4593879
4593916
4598442
4602105
4611940
4614252
4617596
4617672
4617854
4619222
4622625
4629022
4629643
4630443
4632069
4633365
4635064
4641506
4648209
4649368
4649387
4652809
4656918
4657403
4658076
4659766
4659879
4662323
4667391
4667881
4670875
4675372
4679438
4679689
4683210
4686534
4689643
4692255
4697927
4698744
4708396
4709663
4710279
4711069
4716054
4716972
4717955
4718767
4721965
4724560
4728064
4728658
4736633
4742053
4742162
4748740
4750134
4752241
4759393
4759731
4761825
4765732
4766356
4767740
4769812
4773753
4773963
4774924
4775034
4776377
4777271
4778021
4778417
4779471
4780895
4790991
4791256
4792274
4799027
4802893
4803018
4807039
4809383
4820937
4826543
4829948
4831497
4831572
4836946
4842274
4843177
4844145
4844272
4852298
4854913
4856542
4860944
4863536
4865979
4867193
4869053
4871421
4874419
4875571
4877484
4883338
4907661
4909052
4910683
4911929
4915246
4915475
4919432
4919797
4920993
4924318
4932941
4938390
4938620
4941582
4948063
4951500
4952275
4953841
4957914
4959159
4961317
4962034
4964841
4965437
4965601
4969865
4978783
4989509
4999448
5002805
5003860
5006003
5006747
5008264
5011579
5011907
5012325
5013099
5013664
5014498
5016447
5016744
5016882
5017140
5018552
5023077
5024307
5024580
5030606
5034149
5040057
5040384
5044106
5047778
5050267
5052382
5052769
5053671
5056811
5057240
5058981
5062685
5063182
5063883
5064327
5064787
5065173
5065794
5066007
5069451
5071174
5072372
5073437
5076158
5078426
5085048
5085722
5093140
5094031
5098941
5098969
5099287
5102356
5107316
5110221
5116526
5118819
5120340
5121697
5131374
5136916
5139264
5140534
5142576
5143040
5143277
5144666
5147542
5148399
5153638
5154268
5156100
5158701
5159405
5169154
5177628
5179041
5184536
5185714
5186400
5190364
5192259
5192976
5198387
5198759
5201865
5205408
5211674
5219255
5221271
5230892
5234267
5236940
5237973
5238168
5238923
5239019
5239852
5244051
5244133
5246761
5253432
5255507
5255541
5256161
5257519
5263722
5264378
5266341
5272087
5275493
5280036
5284813
5285274
5292771
5295433
5298488
5301371
5302336
5304081
5304815
5307591
5308816
5309693
5312003
5319356
5320825
5327000
5328644
5330196
5331574
5332576
5335160
5337746
5339475
5340331
5340488
5340494
5353934
5356388
5361025
5362716
5371827
5376937
5380580
5384949
5386422
5387675
5393551
5401250
5404433
5406834
5407414
5411289
5413167
5414109
5414226
5414399
5414971
5416238
5421294
5422036
5422096
5427876
5427891
5432433
5432472
5433254
5438532
5439561
5441393
5443565
5447447
5450851
5452866
5453720
5453951
5455615
5460136
5461821
5465599
5466451
5467705
5483208
5491134
5492278
5492933
5499591
5503829
5504725
5505162
5507131
5509864
5510636
5512193
5512648
5513225
5516926
5519523
5524495
5524897
5531541
5533874
5534486
5538209
5546867
5547659
5553981
5563658
5565236
5568716
5571356
5571532
5575681
5580959
5582227
5585024
5585419
5585666
5585888
5586194
5595684
5595711
5595872
5598061
5600213
5601912
5616550
5619840
5620090
5624517
5625351
5626560
5626563
5630037
5635199
5639427
5641666
5641792
5648136
5651332
5656026
5656395
5658404
5659003
5664004
5672364
5677085
5678067
5681164
5681448
5681496
5686021
5699951
5701226
5701303
5703196
5704046
5704334
5707965
5716803
5718909
5718972
5723800
5725546
5730681
5757344
5757878
5758579
5759547
5760573
5763594
5764091
5765084
5766107
5769501
5769872
5775544
5780387
5780917
5782338
5783036
5790756
5799511
5799821
5805888
5811800
5814771
5816191
5816902
5817456
5829276
5829721
5831837
5832373
5835338
5835544
5838330
5841854
5844039
5845845
5850713
5856981
5858814
5859345
5865361
5871910
5877224
5885037
5892794
5893045
5894403
5894545
5895684
5897351
5897463
5900294
5906288
5907085
5911145
5914772
5917524
5922659
5923865
5925055
5929590
5933297
5934895
5935777
5936706
5944969
5952548
5956425
5956713
5957058
5957571
5958581
5961706
5965700
5972521
5975641
5978373
5979688
5980905
5982890
5982935
5988257
5999387
6003814
6007697
6007963
6010759
6019790
6022398
6022728
6024126
6029715
6034756
6036362
6037992
6039123
6039249
6046968
6051969
6052549
6053449
6056450
6059224
6067358
6067547
6070331
6071894
6072961
6073325
6073532
6077837
6081358
6081782
6082149
6084454
6084726
6085326
6089765
6096155
6097079
6100788
6101030
6108609
6109691
6115431
6117727
6122611
6124752
6126809
6128756
6133729
6135503
6135750
6136039
6137427
6140017
6141724
6141869
6144039
6145159
6145346
6146115
6155354
6165954
6166076
6173535
6173656
6175065
6176655
6182098
6185958
6186842
6187098
6189407
6192708
6196592
6198150
6202667
6204485
6206854
6207816
6211797
6212632
6212767
6214593
6220414
6221832
6228868
6229192
6231023
6232672
6233908
6238551
6239940
6244306
6246285
6246510
6248749
6251828
6255397
6255495
6261088
6263938
6270126
6271828
6273863
6278028
6279193
6280234
6291380
6296430
6301872
6308919
6310362
6311670
6313418
6318468
6318672
6324806
6326606
6329396
6334785
6338894
6341103
6346455
6349384
6349622
6351637
6356309
6356991
6357171
6365343
6366377
6372834
6377276
6380387
6383968
6388669
6388814
6390764
6391029
6392395
6393117
6401389
6402969
6407144
6412607
6413272
6414584
6416033
6416470
6423755
6430967
6433180
6435308
6437504
6439588
6444834
6448034
6448498
6451233
6451902
6453114
6455701
6464074
6464166
6466070
6467370
6473472
6474174
6475423
6483908
6485085
6486583
6486672
6488529
6494732
6496047
6496890
6504228
6505601
6507117
6508934
6509079
6510839
6519269
6520500
6520711
6526447
6528281
6532314
6532818
6538524
6541112
6546587
6547187
6547321
6553569
6555459
6556063
6562416
6566235
6571585
6575000
6575199
6580247
6581128
6581926
6587742
6587794
6594215
6596971
6598496
6598571
6604113
6604144
6611258
6612805
6612984
6616503
6618548
6623187
6628515
6629989
6630072
6630461
6632785
6635923
6636183
6636933
6647110
6649243
6650686
6652852
6653458
6656627
6657423
6658795
6659156
6663667
6671679
6675468
6675952
6684626
6690062
6691305
6694799
6698855
6705843
6713481
6714808
6720385
6721181
6721527
6725130
6725912
6727792
6730908
6731014
6731816
6733210
6733277
6737682
6738747
6742307
6743509
6745300
6748973
6753635
6754114
6757669
6765508
6769449
6770363
6771992
6772291
6774607
6778718
6780636
6782271
6784690
6785124
6787353
6789023
6789974
6791617
6792115
6792686
6793668
6795499
6797838
6798617
6802320
6811121
6812794
6816687
6822460
6822534
6822888
6824479
6825901
6827466
6829462
6832165
6834275
6837355
6839888
6842140
6845994
6853288
6856208
6857198
6859346
6863661
6865463
6867716
6881090
6887570
6889460
6892215
6894228
6895430
6897128
6898679
6899121
6899551
6900870
6902961
6904755
6906530
6912757
6915335
6917882
6919244
6937559
6937661
6938991
6939271
6941548
6942007
6945481
6949108
6953194
6956816
6958902
6961610
6962804
6975270
6975722
6987161
6988766
6990562
7007111
7011449
7018460
7022289
7024628
7026781
7027719
7034252
7034273
7034417
7037310
7039780
7042185
7043133
7046101
7049925
7052758
7056550
7065530
7066429
7067405
7068859
7074796
7076701
7079417
7080559
7084958
7085736
7087265
7088270
7090204
7092527
7096966
7097577
7099739
7100268
7100921
7102139
7103549
7103727
7105215
7107310
7110430
7110782
7110955
7111245
7111369
7112652
7124421
7126588
7129828
7135933
7136267
7143625
7149268
7150029
7155994
7157395
7159024
7170366
7170982
7171332
7171342
7171929
7172354
7177384
7181102
7181346
7184376
7185624
7193012
7194127
7194313
7198871
7201494
7203703
7208207
7208863
7211472
7216457
7222859
7238830
7242770
7243233
7247406
7248690
7250308
7252567
7253364
7258435
7262145
7267106
7267367
7268532
7269850
7271283
7275239
7277113
7279422
7284839
7285813
7297607
7301664
7302736
7310198
7311058
7311675
7313823
7315845
7316081
7317910
7317955
7321660
7323718
7325285
7328990
7337040
7338237
7356119
7359204
7360895
7361720
7362486
7367272
7368497
7373975
7378857
7386623
7388526
7389882
7389913
7389956
7391200
7391267
7394816
7395296
7397935
7402737
7407489
7409955
7414302
7415420
7422054
7422461
7424771
7432563
7439473
7439570
7440941
7443602
7446272
7455073
7458495
7463348
7464388
7465581
7466209
7467585
7468984
7470460
7470505
7477459
7479326
7480232
7489062
7500429
7501052
7510612
7511766
7516024
7525685
7526793
7528285
7531540
7536832
7538820
7545539
7546705
7550378
7552719
7553097
7553971
7555729
7557423
7561371
7561408
7564146
7566486
7571000
7574479
7578538
7580444
7590145
7590260
7591191
7594719
7601353
7603731
7609097
7615516
7615614
7616517
7619515
7621559
7622521
7623834
7624468
7625635
7627589
7631306
7635886
7638364
7638680
7641112
7643147
7643634
7644465
7645046
7645161
7646565
7647762
7657663
7657696
7659483
7661679
7664942
7672090
7677511
7684568
7686566
7689221
7689439
7689507
7692850
7694680
7697806
7699639
7701845
7702261
7702634
7703077
7703419
7731975
7732716
7736012
7736620
7737146
7738053
7741567
7744561
7745452
7746420
7747653
7749384
7751917
7756791
7759600
7764287
7764997
7769194
7771591
7780451
7780961
7782201
7792670
7793212
7795533
7802704
7805155
7811182
7811483
7818123
7819771
7824090
7829277
7831064
7833623
7837934
7839202
7839474
7850873
7852095
7852621
7853716
7854144
7855456
7865833
7872177
7875680
7877539
7885635
7885928
7890418
7891054
7896495
7900602
7904067
7911965
7918236
7921743
7926782
7934755
7935023
7938190
7941390
7945389
7946047
7947446
7947703
7952112
7970325
7976665
7978202
7983889
7989267
7990589
7993208
7995870
7998928
7999278
8005505
8007310
8011418
8013461
8014317
8018669
8022280
8026768
8028381
8029414
8031570
8039414
8044178
8044597
8051525
8055438
8057229
8060377
8061461
8066107
8066758
8068412
8072125
8074564
8077760
8092300
8100532
8101686
8101968
8102677
8107689
8119177
8131477
8131635
8132934
8133130
8136865
8139970
8140728
8146092
8149666
8152883
8153833
8154358
8155844
8158168
8159002
8159756
8162519
8164457
8164900
8165353
8165978
8169338
8170982
8176009
8182215
8197899
8201989
8203625
8206951
8211445
8215744
8216062
8221508
8225119
8227429
8227932
8229552
8229569
8233092
8235525
8241135
8245689
8245947
8247542
8248203
8252364
8254754
8266712
8268666
8271189
8273250
8279612
8282744
8283298
8285727
8293821
8295057
8297749
8308960
8312432
8317291
8324015
8324428
8325834
8326560
8333055
8338929
8340779
8341274
8342747
8343742
8349585
8351431
8351652
8352114
8352170
8354260
8354978
8355342
8357559
8358060
8358667
8363126
8364637
8368005
8376217
8376566
8377243
8387159
8390497
8391922
8394348
8396647
8400007
8404586
8405271
8408106
8414422
8416896
8418711
8422938
8424869
8433037
8434411
8441518
8443007
8446761
8448087
8453056
8458739
8459602
8466256
8468201
8469952
8470582
8471317
8471615
8476399
8478642
8482870
8484983
8488135
8492507
8492511
8501390
8505397
8507486
8507973
8508301
8509266
8514793
8516023
8523337
8524794
8528467
8532217
8534005
8536186
8537592
8538758
8540687
8542625
8542979
8544376
8544963
8545831
8546468
8554439
8558441
8570189
8571986
8574105
8577039
8578106
8582595
8583008
8585694
8591420
8591883
8598855
8603469
8606858
8608781
8609795
8610776
8613183
8616445
8622711
8622921
8623317
8623657
8624660
8624667
8630114
8633622
8644011
8650614
8651505
8658107
8670478
8670528
8671260
8672790
8673257
8678297
8686648
8693466
8693527
8695159
8695563
8697046
8700783
8701713
8702677
8703263
8706862
8707626
8709285
8710329
8714417
8717720
8720231
8733453
8733789
8734870
8738363
8738678
8742243
8746805
8757754
8758974
8761722
8763386
8765052
8766725
8766918
8770149
8771184
8772603
8779391
8781013
8781638
8782712
8783750
8787349
8790072
8790113
8791417
8793390
8793816
8800220
8801071
8805790
8812831
8817427
8819197
8821265
8821516
8824646
8827134
8829780
8831612
8835064
8837756
8843119
8847608
8852759
8857054
8857857
8859087
8860539
8860696
8862672
8863470
8866412
8867090
8868813
8869129
8871394
8872199
8880500
8880926
8892969
8894418
8901671
8909945
8912683
8913040
8913421
8918227
8921869
8924608
8936752
8943795
8944756
8952724
8955415
8962999
8964465
8966293
8967122
8967277
8969312
8970395
8977323
8979871
8981093
8982305
8985367
8990811
8997634
9002730
9004051
9006882
9008680
9016578
9018880
9019710
9020765
9028531
9029950
9033386
9035776
9036415
9038247
9038346
9039232
9042649
9044276
9052295
9053452
9054564
9056136
9059148
9059221
9060501
9062565
9065654
9065994
9068630
9075066
9076690
9079801
9081493
9084150
9086382
9091350
9092273
9093191
9099358
9104338
9107769
9107820
9108968
9109194
9113613
9114262
9118235
9118964
9124350
9130584
9140423
9141870
9143587
9146715
9147455
9147624
9150017
9150964
9151154
9151602
9152438
9153350
9155162
9156829
9157941
9158245
9170191
9171702
9175217
9178655
9179504
9180242
9182638
9184672
9185395
9188662
9188992
9191125
9193647
9193907
9195939
9206122
9208395
9208583
9210374
9215606
9217458
9221736
9224188
9224402
9227771
9232920
9234628
9236548
9243404
9249366
9254428
9257956
9262994
9278800
9280523
9283290
9284917
9286149
9288728
9290477
9292501
9295552
9295594
9297507
9298053
9298631
9301060
9306630
9315726
9319545
9321159
9323972
9332225
9334168
9335377
9339481
9346857
9349289
9350339
9357516
9357774
9366249
9371409
9375171
9380112
9387396
9393022
9396772
9397335
9397883
9400592
9400899
9403041
9415630
9416712
9417982
9422189
9429077
9431177
9434203
9435696
9436613
9439516
9448591
9451766
9451847
9453134
9466907
9472839
9475250
9485990
9486811
9497108
9498285
9500381
9500572
9504904
9505400
9506551
9510898
9513318
9514317
9517118
9518396
9518820
9530052
9532524
9535581
9537321
9538833
9546467
9552547
9552766
9553667
9554844
9556811
9557505
9557600
9567704
9567785
9570342
9570537
9575275
9579764
9582481
9583693
9583724
9589027
9592161
9593308
9593624
9595711
9597693
9598185
9604363
9611716
9613391
9619536
9620458
9620916
9620947
9622230
9623555
9630932
9631500
9645116
9645300
9646271
9646477
9648101
9654042
9668359
9673710
9674570
9678634
9682388
9682630
9687710
9688658
9689357
9690433
9690979
9691201
9692762
9695939
9697567
9698617
9699047
9699905
9709363
9712801
9715340
9716244
9717465
9718352
9721490
9725713
9727425
9735765
9742855
9743899
9744328
9745273
9753674
9758425
9761644
9763122
9763359
9765077
9765141
9769995
9784516
9786154
9790972
9792709
9793978
9796376
9798565
9798661
9806061
9806434
9807064
9813535
9815552
9817644
9819947
9826760
9828433
9835461
9835791
9838647
9842051
9842323
9844650
9845403
9852376
9853226
9857795
9861509
9865576
9869605
9870889
9875454
9877377
9881929
9883802
9884554
9885974
9886628
9888653
9891089
9895813
9902598
9904058
9911483
9911645
9913408
9914163
9914244
9914904
9917067
9918802
9924702
9925203
9925529
9925661
9931981
9932262
9932379
9934091
9936118
9937159
9940796
9941937
9946887
9947773
9952530
9953241
9956072
9956341
9960616
9961566
9961923
9967048
9968465
9968649
9973130
9979733
9984651
9988209
9998265
9998360
10001500
10001997
10003590
10007573
10009034
10011352
10015440
10016558
10019813
10029871
10030177
10035669
10035759
10037404
10041148
10047967
10049452
10050473
10052500
10053845
10054648
10055962
10060745
10068716
10072186
10073282
10077217
10081289
10085834
10087385
10093283
10099548
10100195
10106446
10107550
10111567
10112959
10117123
10128045
10131674
10133786
10135251
10139666
10140396
10141565
10142287
10146374
10150703
10151892
10152183
10154060
10159482
10164591
10166526
10168771
10169816
10173186
10183602
10194455
10194733
10199562
10204488
10219370
10221408
10224107
10224527
10226835
10227946
10227961
10232491
10234585
10234645
10235309
10239648
10246660
10247004
10247649
10248683
10248998
10249899
10250043
10259681
10264680
10266345
10269733
10271553
10277293
10277406
10279633
10283779
10286589
10294541
10297161
10297694
10301062
10305867
10307826
10312586
10317311
10319656
10323784
10327944
10329684
10329805
10330618
10331522
10332380
10336757
10337998
10339183
10339986
10340552
10341328
10345142
10345161
10346876
10348559
10352356
10352809
10352858
10353632
10354089
10354935
10355779
10356477
10363963
10364997
10366877
10369757
10369935
10382553
10385380
10386045
10387387
10389893
10396045
10399013
10401933
10408831
10416802
10418546
10420042
10421044
10425974
10427583
10428833
10429477
10435416
10441569
10441609
10443070
10444689
10447324
10448561
10449286
10450088
10452487
10456224
10467918
10467970
10472607
10475205
10475702
10481047
10481759
10482241
10483318
10486618
10489162
10492667
10493069
10494275
10496906
10497665
10498016
10498087
10510753
10512570
10514710
10515165
10520103
10522226
10524379
10525319
10526577
10527728
10528476
10535186
10537098
10537345
10538467
10538736
10539365
10539654
10540646
10541184
10542173
10542634
10543915
10544656
10548494
10550060
10553678
10559634
10562267
10564500
10564984
10565686
10569369
10572671
10572846
10573982
10574671
10577317
10577847
10579495
10585347
10591889
10594353
10595220
10598588
10603119
10609791
10611006
10616261
10616856
10618535
10619289
10623478
10624929
10625622
10629627
10630294
10631582
10634911
10643163
10644250
10644706
10653743
10657157
10657483
10663573
10666295
10666428
10668374
10668984
10669970
10670803
10671811
10672919
10676008
10676880
10677129
10682973
10683314
10684846
10693094
10694239
10695069
10697696
10700498
10705561
10708956
10713027
10715338
10716082
10725298
10734245
10744269
10747975
10749071
10751671
10759075
10759865
10762177
10762634
10766695
10772357
10773463
10776788
10778684
10786060
10786773
10791685
10798329
10804712
10805940
10810502
10815584
10824231
10824914
10826252
10827668
10829149
10839856
10847978
10852356
10853897
10858257
10862523
10874284
10875070
10883018
10887859
10890382
10891161
10891410
10893767
10893891
10896451
10899476
10901407
10905572
10908253
10909460
10910574
10912144
10913787
10916935
10921181
10934169
10941224
10941582
10950916
10952058
10958491
10959477
10961353
10972232
10975258
10976861
10977117
10977906
10977927
11000471
11004010
11006706
11007911
11012358
11013996
11019285
11020627
11021064
11022331
11027564
11036949
11037060
11038058
11044773
11045169
11048920
11050715
11058101
11058232
11059958
11060024
11064507
11068036
11075579
11077375
11080397
11092802
11095729
11101985
11105616
11106948
11108088
11108743
11113157
11114888
11115819
11117516
11118560
11118622
11118651
11120761
11124296
11127704
11128232
11129145
11132471
11133106
11133806
11133938
11142566
11145284
11150940
11151092
11153004
11155555
11157135
11159801
11173652
11176725
11177840
11183075
11186551
11187239
11187969
11190079
11193855
11194031
11196159
11196182
11197029
11198593
11199765
11200092
11201796
11204768
11205533
11205848
11208495
11209792
11220932
11222741
11223887
11224304
11224953
11225057
11228840
11230890
11242089
11242989
11243691
11248006
11248433
11258784
11264877
11268762
11269485
11272079
11272330
11272570
11274168
11274956
11285521
11287716
11288496
11288820
11290565
11292731
11295143
11295996
11300232
11301404
11304634
11307165
11310663
11322883
11326011
11327614
11328575
11329359
11330100
11330824
11334765
11335071
11338144
11346416
11347253
11347398
11349857
11352039
11353003
11356299
11357782
11359343
11369881
11374313
11374453
11383084
11383490
11384335
11393470
11394629
11400765
11400777
11401150
11404647
11406496
11406746
11407671
11408719
11413025
11415928
11415982
11424334
11431611
11431712
11432257
11434723
11435614
11438789
11441827
11443104
11446176
11450120
11450575
11457879
11461788
11464615
11472459
11481502
11486115
11490250
11493576
11493991
11495015
11495145
11495836
11497780
11498531
11499000
11501143
11505640
11505944
11506669
11506738
11508067
11511680
11514130
11516527
11521444
11521490
11524618
11529813
11529884
11531255
11533150
11535939
11537781
11538880
11552209
11556836
11557339
11558115
11561670
11561735
11561819
11562297
11563521
11569115
11572069
11573185
11574136
11577342
11579211
11579700
11581305
11581419
11592906
11595767
11599509
11603942
11608623
11609260
11611347
11611431
11614199
11617589
11620318
11621051
11622689
11629120
11629125
11630136
11635668
11638040
11639547
11641996
11642594
11642933
11645473
11647176
11647184
11648494
11649674
11650283
11651504
11665451
11669459
11675912
11690455
11691145
11695755
11713660
11715953
11716231
11716971
11719772
11721169
11722730
11723317
11726611
11736244
11738743
11742189
11743463
11743716
11744009
11748429
11748636
11751239
11754939
11756407
11756879
11757698
11760907
11761909
11762075
11762478
11766293
11769191
11772984
11774679
11782003
11785013
11788189
11797910
11799614
11805596
11807290
11808289
11815894
11827838
11828390
11829785
11836500
11838239
11839121
11842449
11844672
11850871
11851088
11868414
11870379
11872433
11875909
11884132
11888147
11892976
11893975
11897333
11898276
11900681
11904699
11905575
11906026
11906165
11916662
11921340
11929558
11934224
11935323
11935758
11936338
11936956
11937204
11938634
11950161
11950788
11953637
11957318
11959948
11960717
11961036
11961674
11961874
11966482
11966525
11968017
11971301
11974126
11974605
11979613
11983167
11986303
11986699
11988066
11994832
11997418
11998479
12000090
12000514
12005599
12006057
12006122
12008707
12010760
12026947
12029678
12029798
12030047
12030175
12032504
12037539
12051671
12051677
12053742
12071258
12071546
12073017
12077546
12078552
12080493
12081124
12081267
12082588
12082762
12083841
12085781
12086565
12090057
12092911
12094554
12097838
12100916
12117208
12119355
12122624
12130287
12132358
12134446
12134608
12140972
12144145
12151507
12152575
12154423
12155707
12161326
12162154
12163815
12164304
12167720
12169418
12178616
12180318
12188629
12198869
12203495
12203588
12204141
12208263
12209327
12212587
12214132
12215779
12232310
12233209
12234238
12236399
12237097
12238374
12240561
12243742
12244002
12245518
12249538
12250739
12251022
12253914
12255898
12257968
12258728
12262488
12265176
12265195
12266215
12272928
12275569
12275978
12282480
12282784
12287444
12289564
12290694
12295580
12300603
12300769
12306567
12329840
12331853
12334397
12337986
12344950
12345568
12349991
12350348
12351177
12351421
12352880
12353736
12356543
12360309
12360746
12361968
12362104
12363515
12363804
12365612
12367158
12375288
12377859
12378223
12381240
12381895
12386889
12388610
12389552
12389652
12390983
12395715
12396086
12396245
12398119
12398603
12405217
12405945
12408771
12409326
12410046
12412263
12413723
12416560
12424349
12427262
12427300
12433517
12434123
12434774
12435466
12450851
12451989
12453544
12454274
12457405
12462806
12464390
12469108
12470495
12476508
12477258
12478987
12479511
12483064
12484329
12498318
12508254
12513231
12513842
12514667
12522386
12525311
12528077
12529658
12531526
12532313
12532621
12538224
12547063
12547609
12550450
12550874
12552276
12556140
12557173
12560206
12567238
12573491
12574583
12580266
12581693
12587013
12588428
12589624
12596304
12599588
12599951
12602153
12602497
12605657
12606803
12608350
12609039
12613820
12615230
12621200
12623608
12629309
12638661
12645939
12648401
12650174
12667370
12672194
12673368
12683880
12687612
12691341
12694534
12703380
12708121
12701354
12701382
12701763
12705842
12710545
12712481
12720101
12722812
12723494
12724069
12732066
12732711
12735468
12735897
12738154
12742558
12742676
12743627
12749837
12750692
12751911
12757375
12759110
12761995
12767440
12769743
12770981
12774020
12774190
12779488
12780582
12785399
12786514
12789104
12789882
12797355
12799113
12800159
12801306
12805275
12807822
12814102
12815663
12815857
12816499
12817196
12818193
12819515
12824950
12828112
12830574
12832602
12834185
12835619
12836953
12842993
12843622
12846538
12847564
12847738
12857584
12852098
12855715
12857738
12869126
12871051
12878235
12894639
12875340
12876739
12881304
12884177
12887072
12887698
12890524
12893084
12901630
12891398
12888054
12892223
12895676
12900611
12903566
12905150
12889663
12893048
12894824
12895334
12897952
12898184
12907542
12910302
12922438
12923897
12905394
12909284
12917876
12919914
12921787
12923537
12906471
12911887
12916734
12917432
12917499
12918943
12920929
12924653
12925261
12932383
12933560
12937600
12939929
12942836
12943870
12931159
12931409
12932395
12934690
12935093
12937194
12938041
12938248
12941171
12941891
12943266
12943286
12947012
12951501
12952983
12955453
12945922
12946920
12949360
12950981
12958874
12962208
12942844
12945768
12948448
12953140
12956275
12957028
12944501
12945727
12948648
12951244
12952790
12953115
12953162
12955252
12955820
12955850
12958685
12968121
12973636
12977836
12981145
12964477
12964896
12969054
12974367
12979066
12981215
12966181
12967219
12968133
12969180
12978607
12985805
12967696
12968571
12968764
12971452
12972863
12973785
12975577
12976063
12977033
12981596
12982229
12983531
12984459
12989156
12991023
12992727
12993211
12977831
12979128
12981615
12982948
12986466
12988477
12988744
12989690
12993268
12994764
12995941
12996492
12997691
13003410
13011825
13023835
13005716
13005719
13007900
13010226
13010663
13010834
13012387
13013223
13001108
13002565
13005624
13005656
13006669
13008232
13009253
13013944
13010018
13012685
13013815
13015909
13001303
13001898
13003793
13003982
13004858
13006365
13008414
13009680
13012817
13002188
13003802
13006144
13011278
13014823
13020615
13020831
13022727
13022951
13001868
13009246
13011384
13012227
13020783
13022968
13002693
13002972
13005477
13006832
13006887
13007698
13011262
13012693
13012839
13013767
13018246
13001809
13003119
13003269
13007879
13012769
13013187
13015194
13007397
13007800
13009429
13011108
13013892
13003662
13004472
13009051
13009548
13011206
13011622
13012763
13015648
13018816
13022024
13022151
13022670
13002473
13012443
13013580
13015016
13003786
13005820
13009999
13002171
13008012
13009344
13010262
13011149
13014270
13015087
13001311
13001597
13002418
13003153
13007751
13011363
13012903
13002464
13002833
13004340
13008222
13009279
13010430
13014659
13001210
13002389
13003663
13005012
13015145
13016498
13002714
13002852
13004767
13009642
13010239
13013832
13014356
13022530
13022989
13005255
13007700
13010979
13012850
13019060
13022194
13008082
13015065
13016010
13019515
13001579
13003645
13005521
13008585
13009018
13011343
13013818
13016197
13003220
13003903
13005926
13001657
13001945
13005694
13009445
13009723
13011281
13015563
13017230
13017326
13018586
13019583
13003697
13006505
13007230
13008785
13009261
13011176
13013742
13001172
13003133
13006577
13017052
13003362
13011585
13013652
13018096
13018928
13019800
13001868
13007006
13007248
13004666
13007429
13013199
13002982
13004355
13006988
13008687
13009674
13011354
13014378
13001191
13002260
13002666
13004948
13013971
13002827
13003138
13004842
13007096
13009160
13011784
13016689
13018814
13004455
13010716
13014313
13016050
13017128
13022057
13002507
13002773
13004736
13005815
13006259
13011056
13011565
13012660
13014272
13016165
13003712
13004403
13006642
13008595
13009577
13013278
13018899
13004114
13006477
13007210
13009105
13009517
13009558
13010482
13012974
13015438
13016348
13020120
13001796
13007242
13011408
13012422
13012611
13013170
13015370
13015938
13017635
13019244
13019650
13020574
13020670
13020859
13022947
13006509
13007054
13008206
13012443
13012853
13013289
13020347
13001393
13004764
13009403
13009915
13017860
13018731
13020439
13022070
13016160
13005642
13006783
13008279
13009909
13011831
13012700
13013670
13014859
13018554
13011509
13012878
13014446
13015158
13016952
13017183
13017854
13003341
13007631
13009461
13011743
13012169
13002394
13003290
13006046
13013395
13017541
13019506
13012092
13012964
13004269
13015794
13011977
13012482
13014654
13020239
13020516
13021086
13022571
13003316
13009302
13010486
13012479
13012766
13002439
13002493
13002508
13002809
13009037
13003875
13010517
13011561
13012625
13015430
13008656
13008824
13010306
13010723
13004904
13005726
13006550
13015027
13016020
13016383
13017983
13003681
13004076
13005204
13005954
13007266
13012505
13006019
13006411
13007818
13012759
13013011
13015209
13017701
13005114
13006488
13006342
13007823
13013134
13015261
13003218
13005024
13008408
13008549
13015876
13017325
13009491
13009674
13017305
13019178
13006785
13007721
13001396
13002243
13002759
13004403
13005296
13011584
13014874
13003738
13004762
13008189
13008888
13010497
13014995
13001195
13003863
13014630
13017941
13001597
13002308
13003471
13006511
13007371
13010974
13015771
13016853
13017095
13018028
13020247
13004364
13006927
13007206
13008342
13009162
13012631
13002969
13003584
13003877
13017377
13018689
13020541
13001894
13001974
13005398
13019458
13020428
13022981
13002130
13003877
13005310
13012839
13001864
13002510
13003125
13006939
13020243
13021893
13022249
13001541
13002163
13002399
13005062
13007058
13011841
13016935
13017544
13019811
13022986
13010776
13010787
13011093
13014549
13017935
13001427
13005712
13011525
13014060
13015849
13017065
13019132
13019686
13024058
13001878
13002623
13004976
13007531
13007873
13013597
13015295
13004705
13005718
13008802
13013878
13016128
13016430
13004500
13014227
13015617
13016649
13005345
13007452
13008204
13008597
13001604
13003652
13004168
13001465
13002475
13003145
13004247
13007207
13013945
13015264
13016085
13017522
13020784
13021467
13022407
13022417
13022768
13023952
13009373
13009755
13011672
13006020
13007461
13010949
13013846
13007728
13009082
13011400
13011921
13016622
13020735
13020926
13021488
13000933
13001600
13002658
13002847
13003419
13005380
13007119
13007612
13008671
13008776
13009200
13016193
13016424
13020560
13001166
13004220
13006730
13007017
13010567
13013006
13013132
13013513
13013667
13018758
13019357
13001420
13002271
13007087
13015020
13002726
13003204
13006001
13007261
13008142
13009453
13010943
13012048
13015118
13019593
13019693
13003255
13004165
13004847
13005539
13009088
13009312
13013107
13014335
13015214
13015985
13016472
13017427
13018034
13020517
13023130
13003284
13007788
13007801
13007926
13009664
13009941
13010642
13014070
13016965
13003617
13009461
13012531
13013772
13015046
13017862
13004050
13005325
13017033
13017052
13003786
13007270
13007471
13010511
13000825
13004781
13004922
13005315
13005599
13008602
13008763
13011720
13013556
13015142
13022273
13003144
13004719
13006683
13007032
13009226
13011486
13018993
13018998
13021702
13011770
13016562
13021745
13004939
13005196
13006949
13009331
13010954
13004958
13006078
13012506
13013299
13013532
13014195
13014356
13016821
13018242
13019076
13019882
13000918
13003015
13006322
13008088
13009458
13011245
13015242
13002198
13002868
13005818
13008766
13008946
13011088
13011279
13002851
13003996
13005601
13007192
13007348
13011247
13013637
13003347
13004488
13005305
13007076
13007701
13015012
13001526
13003038
13015817
13015837
13002879
13008191
13012167
13013030
13013203
13002119
13003981
13005289
13007987
13011034
13017026
13006887
13009856
13010239
13011139
13015268
13015398
13003584
13004619
13007611
13008379
13009701
13009996
13010383
13010661
13012114
13013171
13013781
13001648
13003528
13008845
13003922
13005888
13007759
13011797
13014260
13014989
13015984
13016771
13021290
13021374
13007305
13015466
13002272
13007800
13009978
13010061
13012578
13014599
13017599
13018425
13000881
13001990
13002145
13002347
13003669
13004918
13007528
13019160
13020240
13003413
13007661
13008005
13008987
13002610
13002712
13008943
13013367
13014189
13014558
13003153
13003185
13003187
13004036
13009006
13010079
13010366
13010723
13019883
13020047
13001908
13004242
13004339
13005243
13013615
13014182
13023022
13006103
13009113
13009787
13012364
13012614
13012807
13013353
13015764
13017796
13001352
13007698
13011466
13013947
13003893
13005359
13013281
13004867
13006422
13006696
13011992
13015374
13015462
13018616
13014093
13018856
13001465
13012989
13014416
13019278
13019977
13021099
13010428
13011590
13013628
13015021
13015332
13002606
13005309
13005845
13006684
13011504
13005851
13001210
13004375
13014615
13002585
13006498
13006905
13009403
13012235
13012283
13003071
13007146
13012671
13014592
13015611
13005441
13006271
13009250
13011201
13017896
13019277
13021411
13021656
13007711
13010473
13015202
13019449
13021887
13021996
13002581
13003174
13012419
13001187
13001882
13006696
13007045
13015308
13004064
13006813
13008889
13009534
13009695
13019244
13006775
13007264
13008043
13008971
13009626
13013335
13017815
13003612
13003948
13006432
13009131
13010163
13011114
13011121
13014851
13001222
13005305
13006106
13007768
13009378
13009753
13010836
13011255
13016088
13001597
13002402
13003012
13018500
13018996
13005397
13007254
13007892
13018904
13002157
13005845
13006432
13012829
13013663
13014015
13014479
13002384
13002890
13006438
13008092
13013194
13015334
13017196
13018121
13020494
13001859
13002261
13003505
13008454
13013701
13015374
13006329
13006690
13009915
13010744
13008601
13014857
13013821
13017114
13007977
13009963
13012332
13013581
13014496
13015630
13017223
13003707
13006736
13007507
13008193
13008847
13008871
13013533
13014354
13017850
13019135
13020441
13001693
13001695
13002614
13009177
13012777
13002179
13004501
13005964
13007428
13015176
13013821
13014785
13015638
13000988
13004783
13011290
13011846
13012203
13015703
13016184
13018200
13020074
13002356
13007291
13010650
13012558
13012612
13002661
13003942
13009130
13013317
13015184
13016065
13018186
13021468
13022006
13022228
13010131
13016970
13018700
13001260
13005175
13008778
13011157
13011364
13011464
13014507
13001666
13011647
13012585
13015282
13018046
13005957
13009327
13014817
13014984
13000994
13007632
13008664
13009426
13009766
13010731
13006837
13008850
13016684
13019241
13020441
13006910
13008426
13008577
13012785
13015179
13015495
13018833
13005448
13005672
13007144
13009267
13011572
13012276
13012298
13013310
13004005
13005998
13007102
13008094
13011865
13012708
13002293
13002313
13003894
13006875
13007613
13011946
13013491
13016854
13017019
13017807
13019620
13004319
13008432
13009719
13009958
13010259
13012028
13012792
13017771
13002216
13004577
13007792
13013108
13001041
13018134
13021477
13001278
13002022
13012816
13002098
13011882
13013836
13011684
13006011
13006314
13008304
13011322
13011451
13006772
13008724
13014479
13014693
13014744
13015595
13005410
13005761
13011275
13014000
13016797
13017777
13019331
13020353
13020494
13001980
13007348
13007425
13010055
13011984
13015697
13019709
13020986
13001830
13003482
13004923
13004932
13006207
13006598
13008494
13011432
13003583
13007096
13009626
13002696
13004416
13011440
13015685
13005066
13006886
13011619
13014277
13021792
13001683
13002721
13007448
13013025
13013861
13002051
13002987
13003474
13005248
13008591
13010322
13002631
13002918
13003201
13007433
13009888
13010478
13016655
13002662
13009503
13011771
13012289
13004346
13007307
13007742
13007907
13010278
13010471
13017208
13003575
13017702
13003464
13006012
13008755
13011083
13021101
13021657
13022416
13004538
13008899
13009883
13009998
13019098
13020093
13009593
13009934
13022434
13022919
13000904
13002319
13009480
13010407
13019897
13001632
13002868
13002912
13007195
13010541
13011160
13013676
13016181
13004379
13004540
13005088
13005683
13008337
13012792
13013144
13013272
13009264
13004298
13005255
13009724
13003282
13006751
13006783
13008312
13008754
13015427
13017342
13018063
13019379
13008100
13010092
13013218
13003508
13010623
13010672
13010889
13012795
13014275
13002321
13003746
13006541
13007261
13009500
13014436
13018600
13003796
13009073
13009402
13012626
13012870
13001008
13002374
13008705
13008971
13014878
13002764
13002830
13005165
13006257
13002336
13004266
13006902
13007219
13007634
13008263
13010311
13010614
13012984
13013673
13017649
13018354
13001266
13012447
13017561
13001261
13001357
13007994
13009162
13005752
13006211
13008283
13010304
13010946
13014068
13015124
13015711
13016478
13016852
13019287
13023342
13001798
13002580
13005671
13007126
13010777
13010874
13001114
13007051
13012640
13012775
13019126
13019157
13019766
13001094
13002545
13005877
13009551
13014383
13002610
13002942
13014824
13015851
13019507
13020838
13022461
13006439
13008547
13009148
13012510
13016375
13016462
13016673
13002499
13006184
13009932
13010476
13011096
13011670
13002690
13006946
13007942
13011263
13008647
13011258
13011273
13012825
13009315
13011173
13011671
13012391
13012698
13012962
13013610
13017541
13019847
13004323
13005307
13007764
13010631
13007865
13011979
13017079
13017631
13018172
13001461
13002443
13006260
13016800
13002386
13003698
13004664
13004852
13006077
13008274
13008726
13009407
13010861
13017594
13003511
13013708
13017168
13017972
13000950
13002561
13002647
13003583
13007997
13011154
13011537
13014686
13015301
13017293
13024405
13028236
13028530
13028828
13029507
13018967
13021234
13030753
13033825
13023197
13024860
13019280
13021212
13023592
13026907
13029752
13035221
13038565
13017882
13018409
13020791
13024088
13031206
13019326
13024263
13032520
13023877
13018669
13025276
13027621
13027777
13028888
13030890
13037793
13041155
13043374
13043892
13033829
13040192
13042042
13047845
13049233
13050488
13033044
13042749
13044693
13051763
13032584
13034035
13034442
13035967
13042049
13043183
13045122
13047495
13048409
13048640
13053489
13064770
13065174
13055388
13056988
13062083
13065002
13072011
13055910
13059441
13061059
13063880
13065216
13065708
13072102
13074527
13075176
13077956
13081380
13086763
13087424
13088920
13088923
13092789
13093163
13095397
13095616
13096887
13099210
13100723
13105205
13105695
13107377
13109104
13113816
13113823
13115464
13116259
13118750
13119168
13122210
13123444
13128089
13134096
13139565
13140406
13141813
13143740
13146165
13151856
13152439
13153034
13153537
13154964
13155893
13157242
13158292
13161020
13164451
13165951
13167900
13168715
13168800
13170409
13173500
13181910
13182487
13182591
13183002
13183379
13184729
13190655
13195153
13198727
13202832
13203750
13208847
13210130
13213402
13216196
13217028
13219552
13221636
13226454
13234697
13234725
13235230
13235893
13238387
13239484
13240118
13242933
13245475
13247034
13260639
13262240
13252229
13256636
13266052
13268911
13276031
13277972
13278529
13284240
13285888
13288921
13290669
13293494
13294986
13303645
13304913
13306074
13306300
13307801
13310773
13321228
13325168
13325181
13325778
13328179
13328680
13331435
13333402
13338591
13342429
13344867
13345079
13350215
13353132
13353993
13356938
13358126
13361820
13364630
13367333
13370483
13371343
13371827
13384630
13384784
13385479
13388361
13390689
13401263
13401616
13405719
13406195
13407280
13407490
13408753
13409852
13411704
13412199
13415921
13417086
13417747
13418450
13427738
13428763
13429478
13434397
13436823
13443869
13452178
13452640
13455746
13456406
13456970
13458230
13459647
13472992
13473637
13474772
13474898
13476243
13488654
13489507
13491631
13491922
13492719
13499154
13499592
13507881
13514037
13520549
13521314
13522038
13523433
13527500
13542482
13543485
13550456
13553962
13564984
13566856
13571977
13575441
13576013
13581716
13595054
13598474
13599559
13606556
13606613
13606884
13607992
13608023
13615175
13616459
13617023
13617398
13623379
13625243
13629158
13635462
13638588
13639240
13639384
13642108
13647619
13654925
13658341
13661174
13662713
13666287
13666670
13667238
13670003
13674938
13679041
13685443
13685506
13687322
13696588
13696618
13701449
13702338
13705852
13706317
13707108
13711523
13714869
13717449
13717662
13721158
13721694
13733496
13740741
13748334
13748796
13749037
13749631
13757761
13760953
13761801
13765826
13766550
13766553
13767295
13770707
13772041
13772754
13773488
13775086
13775799
13775890
13776310
13778562
13779591
13779855
13781153
13788203
13791938
13799878
13802973
13803031
13806359
13807039
13809180
13809775
13811947
13812909
13813165
13814660
13818589
13825497
13828627
13830023
13832274
13834463
13835783
13852094
13858386
13859623
13860026
13861446
13865605
13874475
13876880
13881670
13885677
13887162
13891244
13891384
13894146
13894539
13894991
13911610
13917099
13920214
13923188
13925739
13926453
13930814
13933087
13937196
13937996
13938374
13948047
13952072
13952451
13953687
13959565
13961883
13963393
13964641
13967326
13968786
13971620
13972351
13973935
13985688
13988817
13993290
13997297
13997348
13999976
14001096
14004130
14008079
14008293
14012199
14021253
14031554
14035359
14036834
14038465
14038785
14039298
14042429
14042779
14043855
14044126
14046268
14050413
14051280
14051452
14056614
14058110
14058367
14061389
14066527
14079558
14081008
14081242
14084065
14085773
14091701
14094007
14098973
14106069
14109005
14112559
14118076
14118481
14119319
14120740
14122540
14122792
14125476
14125638
14126201
14127355
14130145
14132666
14133665
14134520
14136852
14144273
14150248
14154857
14156422
14157217
14161350
14169535
14170046
14171178
14172427
14172668
14185011
14189348
14192948
14198826
14198854
14200682
14203234
14207380
14209063
14218498
14220708
14223884
14224386
14225611
14226249
14228016
14228129
14233606
14236458
14236752
14238780
14243378
14245844
14248927
14249705
14257750
14260485
14265308
14266513
14268558
14269529
14269910
14273951
14274501
14278388
14279971
14280750
14287636
14288108
14290313
14290827
14292441
14304512
14304906
14306696
14313957
14315651
14316079
14319417
14322353
14326046
14327838
14328459
14331520
14335144
14335794
14336534
14338987
14341074
14341631
14342058
14347025
14347489
14350821
14351617
14351735
14356537
14358122
14365470
14368224
14370040
14373544
14375536
14385140
14387191
14389019
14389931
14392673
14394431
14405618
14412911
14416368
14416460
14417784
14424666
14427290
14429967
14429997
14433080
14434570
14434870
14438715
14438844
14441500
14445956
14450348
14452904
14455386
14455714
14461654
14464099
14466403
14468858
14471145
14472908
14474901
14476828
14478696
14482643
14482944
14484395
14489268
14492310
14493412
14495373
14501199
14505119
14505221
14505468
14506204
14508806
14514497
14514962
14517631
14518452
14520326
14520470
14522652
14525667
14530625
14535499
14536334
14538327
14541543
14542160
14543024
14544886
14546417
14550394
14554528
14558870
14558904
14560625
14566274
14569568
14580263
14581079
14586147
14587591
14592418
14598274
14600120
14604685
14604906
14607409
14608111
14610603
14610802
14615307
14615652
14615826
14620187
14620463
14621206
14621647
14626401
14626923
14628159
14630182
14633220
14635221
14638975
14642067
14642090
14643699
14644840
14651136
14652615
14656781
14658798
14659017
14662437
14666107
14670237
14679537
14681283
14689402
14693711
14696466
14697783
14697858
14698351
14699733
14701034
14701287
14706409
14707100
14709462
14709722
14714073
14716406
14716916
14717472
14717475
14719299
14719456
14723484
14725055
14730211
14736416
14736736
14738820
14739451
14739793
14741912
14743192
14746691
14749326
14749459
14750154
14750542
14763360
14764244
14765779
14767259
14767985
14771407
14774182
14775462
14775683
14776973
14780151
14786197
14791727
14795341
14797263
14799155
14800278
14803291
14804033
14804317
14804884
14805901
14805902
14815383
14817714
14821212
14824016
14825226
14829601
14830677
14832910
14832924
14838555
14844597
14851274
14852224
14855569
14857109
14859937
14863088
14865179
14865919
14867685
14878958
14884340
14884746
14888077
14897635
14902138
14902837
14904995
14905737
14908711
14911132
14911872
14921392
14921558
14926757
14934890
14935622
14938921
14940197
14940708
14941066
14942073
14948037
14951638
14958540
14968037
14968384
14969979
14975970
14976568
14980414
14987149
14990215
14991397
14993859
14998339
14998609
15006149
15012810
15028087
15028670
15028715
15030923
15033660
15035280
15044487
15050550
15054459
15055406
15057050
15060515
15061231
15061675
15067619
15068204
15072698
15073937
15079605
15079642
15086262
15094052
15094211
15096939
15100361
15102705
15104389
15115235
15118594
15122961
15123073
15124550
15130215
15130334
15134981
15143042
15148475
15149591
15152541
15153206
15157679
15158677
15165645
15166846
15168990
15171475
15183585
15184284
15185300
15187082
15192983
15194334
15198802
15205159
15211915
15212847
15212902
15218972
15219590
15232500
15233503
15237580
15243751
15247801
15249220
15271637
15272157
15274103
15285122
15285823
15292516
15298407
15298956
15301316
15304594
15305274
15311418
15316516
15318005
15319600
15320537
15321104
15321893
15326294
15327157
15327832
15327909
15328271
15328715
15335412
15337705
15339792
15339877
15339956
15342078
15343570
15343716
15345128
15346678
15346769
15351143
15357249
15362971
15366636
15368340
15369866
15373212
15374651
15375364
15376853
15379544
15380773
15387760
15387957
15388075
15391446
15395149
15395293
15397664
15398911
15400838
15401298
15401341
15404118
15418826
15423326
15430276
15442368
15443114
15444701
15451969
15453344
15455997
15458232
15465267
15467465
15470763
15473175
15474713
15476170
15478087
15478539
15482677
15484583
15484922
15489064
15499871
15501850
15502127
15502980
15510414
15510444
15511441
15513802
15518216
15521015
15522470
15524071
15525344
15528806
15531721
15535171
15536180
15537679
15538522
15539811
15541627
15542860
15546251
15546315
15550918
15552980
15559913
15560113
15565174
15567036
15569086
15569209
15570579
15575992
15576067
15578310
15582897
15584375
15584588
15585451
15595797
15597283
15598056
15598785
15602200
15605174
15608188
15615015
15615573
15622802
15625664
15626893
15630016
15630414
15633385
15634328
15635260
15637929
15638212
15638511
15641174
15647150
15650767
15655572
15659092
15663703
15663804
15666261
15673231
15676391
15676777
15679113
15681267
15687756
15691244
15693010
15697488
15699137
15704751
15707414
15710194
15711620
15714098
15722874
15733959
15735474
15739480
15753250
15753484
15758010
15761264
15766757
15767649
15773516
15777832
15783303
15786397
15787635
15788333
15790733
15793928
15803029
15806835
15808266
15810218
15810967
15811923
15812719
15818957
15825785
15832618
15835127
15837281
15837361
15841294
15842209
15843567
15847060
15850161
15851258
15853541
15855340
15872998
15876154
15881008
15883088
15893289
15896124
15899722
15903146
15905609
15907258
15915507
15922459
15923459
15923994
15927920
15928532
15937479
15941435
15941779
15950147
15950848
15956909
15959243
15962858
15964337
15965191
15968641
15970772
15972494
15972997
15978623
15979650
15983865
15989625
15989699
15993830
15997343
16007561
16007705
16007735
16022109
16023969
16034532
16035167
16035839
16045540
16045744
16047363
16062702
16066424
16071849
16077782
16079167
16083448
16087580
16091695
16094833
16098653
16102165
16111647
16113726
16114244
16114591
16121191
16125158
16125872
16127849
16129966
16139699
16139797
16141327
16143540
16144585
16151542
16153148
16153556
16154337
16154423
16164714
16166451
16169490
16171155
16175224
16175412
16183016
16183276
16186737
16187867
16190449
16190701
16193238
16200989
16201895
16204163
16208721
16209698
16210503
16211777
16214785
16219933
16231180
16236593
16250556
16252088
16257102
16258559
16259061
16265559
16266216
16268276
16269015
16269592
16269736
16272484
16272492
16274982
16280085
16280824
16285127
16292784
16303034
16307785
16310147
16311065
16317793
16320230
16321560
16322003
16323898
16325743
16326569
16327289
16331733
16333343
16334075
16334498
16336914
16338055
16339813
16341055
16341432
16342941
16344882
16345540
16349449
16351276
16351687
16362872
16368196
16368445
16374280
16376981
16377649
16381130
16381352
16381615
16392610
16400703
16406765
16407028
16410300
16412136
16412330
16413580
16414758
16414898
16418101
16418699
16420490
16424984
16429537
16432088
16442831
16443076
16443412
16450209
16450226
16450972
16453123
16453732
16456076
16456282
16464196
16471279
16474710
16479360
16480562
16481500
16482381
16490911
16495034
16498428
16500570
16501396
16503690
16509922
16511909
16512182
16512543
16512967
16514077
16516571
16527086
16528766
16533210
16534068
16542060
16547885
16548938
16550879
16552551
16557174
16558472
16560905
16562364
16567457
16572377
16574900
16577216
16577675
16585604
16592014
16592932
16594863
16602537
16611196
16615755
16617155
16618624
16620058
16627220
16632542
16634475
16636304
16636701
16638479
16640945
16641386
16641697
16641959
16652915
16656166
16662174
16662288
16664631
16672526
16681001
16682881
16689741
16691639
16693108
16693724
16700015
16702086
16702764
16703469
16706825
16709639
16712219
16716323
16717778
16718338
16718476
16724679
16726410
16727130
16736567
16742430
16745242
16746560
16748512
16748611
16749571
16756299
16761340
16761866
16763571
16766633
16779567
16781800
16784117
16788075
16793997
16796752
16798137
16807745
16816292
16820337
16830554
16836591
16837539
16838565
16843541
16845653
16846276
16847532
16850165
16851358
16857677
16861084
16862461
16871149
16883708
16887042
16889406
16891602
16891760
16893310
16905119
16905772
16907349
16908516
16912028
16913058
16913137
16917706
16918274
16923379
16926354
16926804
16926887
16929697
16930431
16930978
16936306
16937512
16939948
16948419
16951175
16954905
16962524
16962839
16963075
16970970
16973005
16976449
16983099
16983835
16988958
16989727
16998222
17000655
17003882
17005094
17011411
17016048
17018902
17021974
17029981
17035065
17044490
17049255
17052765
17058610
17062602
17063788
17067840
17070248
17074538
17076093
17076271
17077072
17080607
17083142
17085463
17087657
17088428
17097570
17099048
17100510
17103874
17105932
17107516
17111470
17115239
17115778
17117482
17119627
17120593
17121184
17121232
17122654
17124541
17132994
17134137
17134453
17137193
17139467
17143174
17143736
17144637
17149826
17154912
17156025
17164900
17167654
17171377
17174888
17175116
17177407
17178253
17184533
17187854
17190055
17192728
17192818
17193128
17193846
17201499
17202444
17205998
17206996
17207688
17215326
17218329
17223040
17223159
17228185
17232584
17235402
17236779
17247517
17248671
17249576
17251739
17252890
17254638
17257372
17258817
17270470
17272071
17276208
17282110
17283692
17286085
17290044
17290264
17291956
17296695
17298252
17299943
17304159
17307127
17318727
17324084
17324302
17327053
17330770
17331054
17334227
17339961
17355308
17358292
17361204
17363957
17364812
17366832
17370817
17371449
17375865
17375960
17378016
17382015
17384634
17385978
17389484
17390306
17391706
17392307
17400666
17405404
17415442
17419176
17419407
17420477
17426950
17427337
17427372
17430091
17434884
17436786
17439318
17444787
17449272
17452736
17454268
17455200
17457223
17457514
17461164
17469439
17471139
17474215
17477477
17478990
17479138
17482121
17487393
17490523
17492061
17496708
17496883
17501202
17502932
17509524
17511988
17523073
17526803
17528797
17530516
17533985
17536000
17540089
17546028
17555274
17565169
17566852
17567515
17568652
17571604
17574372
17577355
17582266
17588321
17591365
17594645
17598873
17601715
17608192
17615259
17615282
17623493
17624233
17629793
17630866
17631118
17631601
17645138
17645709
17648744
17650770
17651636
17657324
17657359
17657994
17673869
17684716
17685490
17685896
17687536
17697793
17698638
17703882
17707210
17707424
17708003
17709087
17710117
17711335
17719809
17720763
17721171
17724215
17725055
17729151
17731267
17732676
17734644
17736337
17736538
17738280
17748473
17751489
17751968
17753829
17754162
17754272
17756442
17762394
17766567
17774564
17777508
17778313
17787119
17787714
17790483
17795086
17816533
17818963
17819478
17819541
17820848
17827694
17835033
17844478
17845293
17853971
17856377
17856725
17859237
17861315
17861685
17862971
17871653
17875716
17894126
17894430
17896309
17898013
17899048
17899779
17900805
17904425
17913050
17918054
17926902
17927218
17927831
17928089
17929261
17929292
17931288
17936159
17936730
17937032
17939166
17949835
17951636
17955519
17958573
17958640
17960068
17961944
17963047
17963791
17969166
17970429
17972460
17973254
17976632
17977297
17977678
17978457
17985609
17987004
17989147
17993957
17994047
17997691
18009394
18011668
18024337
18027776
18029992
18032100
18034527
18036073
18051911
18054208
18055779
18061914
18061974
18069634
18072526
18072984
18078359
18079707
18082159
18083725
18085845
18086431
18094522
18096083
18100682
18103501
18105878
18108119
18110045
18110844
18110898
18111784
18114477
18116653
18118454
18125967
18128033
18138483
18139153
18140751
18147371
18153018
18154286
18159566
18161866
18169055
18177474
18180190
18185110
18187235
18191040
18192589
18197252
18200534
18200573
18202275
18207194
18208195
18209182
18215903
18217892
18222462
18234920
18235040
18238164
18238288
18241142
18241466
18247338
18252431
18255962
18258030
18258344
18262502
18271993
18277521
18280038
18282909
18283341
18288581
18297925
18303896
18308611
18308701
18312964
18313006
18314582
18315485
18315615
18326737
18327790
18331890
18331961
18333245
18333856
18337953
18338215
18338656
18340514
18341567
18344208
18349635
18356976
18365838
18366480
18367116
18367431
18370064
18374417
18383922
18400161
18400329
18400705
18401664
18404344
18409917
18414034
18419649
18422592
18428390
18430631
18437871
18441294
18442754
18445790
18449598
18450161
18463170
18463740
18467169
18471431
18474016
18476460
18476952
18477010
18478465
18478848
18481061
18483728
18484314
18486352
18487170
18487921
18489619
18493159
18494478
18496019
18498250
18498462
18505021
18505175
18506511
18509323
18511961
18513613
18519734
18520639
18522083
18522817
18525992
18528591
18528757
18533751
18535167
18536517
18540461
18553067
18554286
18557062
18563537
18570350
18572264
18576954
18577323
18577342
18577577
18585539
18585776
18592473
18597271
18601760
18605262
18607226
18607457
18609218
18617667
18618471
18620290
18623366
18624334
18625595
18625673
18626268
18627381
18633210
18634232
18635217
18637141
18640376
18649487
18650386
18651576
18651933
18656333
18656482
18657001
18658350
18666403
18668072
18676283
18679543
18679552
18680031
18690431
18691326
18692554
18695739
18696007
18698728
18698966
18701241
18701451
18707188
18708277
18709977
18710099
18718506
18733231
18735612
18742487
18745763
18749929
18753212
18753316
18756525
18758145
18758379
18761082
18761251
18769892
18773782
18778615
18778648
18782378
18785114
18789163
18789890
18795351
18796077
18802888
18807828
18810600
18817754
18823731
18825877
18827967
18831774
18833728
18834891
18840578
18845812
18846303
18861117
18864963
18866937
18867589
18869823
18870297
18876481
18885786
18889099
18892551
18892900
18892986
18894191
18900139
18902693
18903225
18904822
18904885
18908247
18908307
18909235
18912361
18916081
18916442
18923533
18924540
18927140
18932862
18934960
18937045
18946992
18952441
18952506
18958284
18963332
18969440
18971422
18974318
18975434
18978991
18984356
18989496
18989893
18991178
18998328
19001689
19002832
19008586
19012000
19012329
19012471
19012554
19014330
19014795
19016432
19016809
19020002
19021423
19024641
19025508
19027581
19027633
19028657
19030598
19031487
19032330
19033847
19038534
19038847
19040749
19042250
19042596
19043768
19044267
19044320
19045067
19047821
19060032
19060238
19063241
19065790
19066755
19071312
19077343
19079644
19083103
19084958
19089423
19091391
19093940
19095135
19096524
19096567
19097293
19097372
19098429
19102214
19104684
19106383
19109871
19114730
19117301
19117480
19122199
19127768
19128334
19128352
19130492
19131432
19138399
19145277
19149637
19150227
19152584
19153298
19153675
19153870
19154047
19154868
19155558
19157753
19158173
19159252
19163590
19164158
19164465
19165314
19165414
19168443
19169625
19171075
19171572
19178721
19180458
19181981
19183379
19189056
19191576
19192187
19197095
19197782
19198459
19208855
19211283
19211605
19211844
19214665
19215237
19218949
19222589
19223678
19230225
19235209
19235825
19236769
19237237
19238489
19241648
19243154
19243363
19249185
19250231
19254482
19255229
19255544
19259885
19266816
19269529
19270498
19278729
19280070
19281575
19287785
19288570
19290576
19293721
19295267
19295311
19296736
19298254
19303996
19305286
19305401
19309860
19312202
19314629
19314874
19318046
19319379
19321099
19323971
19331203
19332331
19333706
19336432
19340022
19344588
19344956
19348244
19351397
19357025
19360284
19360827
19361421
19361938
19363468
19367229
19367265
19371069
19372322
19372687
19374418
19374827
19377338
19377780
19378217
19378823
19389006
19390079
19404088
19413983
19414142
19419092
19419614
19427592
19430524
19436096
19437153
19439172
19447977
19448086
19451119
19453120
19455998
19456320
19456501
19457828
19461051
19461197
19462332
19465407
19469036
19469198
19470552
19472564
19478169
19480918
19481110
19481812
19482577
19484472
19485980
19487222
19487895
19490194
19491028
19500864
19505900
19510138
19511514
19514517
19517798
19521899
19522627
19528017
19528957
19533714
19535733
19543918
19544516
19550990
19551758
19553201
19559508
19564649
19566158
19572253
19579457
19591187
19594453
19611386
19616534
19619557
19622117
19622466
19624846
19625602
19627379
19628980
19630098
19633607
19635435
19642825
19646609
19647967
19656610
19663439
19668417
19668957
19675599
19680590
19681332
19686241
19686882
19689867
19690574
19694046
19698924
19700306
19702296
19704059
19710229
19710244
19711652
19715106
19716327
19718699
19719463
19719770
19723483
19726190
19740058
19740343
19749488
19750479
19754561
19754936
19755035
19759854
19766486
19769630
19771713
19775649
19785349
19796062
19804773
19805345
19808526
19809896
19821991
19822148
19827187
19831667
19836847
19846402
19852222
19853925
19854163
19854606
19854619
19854868
19856291
19857399
19868033
19868140
19869740
19871283
19874569
19878230
19887978
19890473
19894526
19894644
19895440
19896201
19905816
19905869
19906470
19910450
19910782
19916501
19917087
19917181
19918546
19921529
19922957
19926903
19928094
19931327
19933865
19934706
19935556
19936061
19939164
19953350
19953507
19954179
19960825
19961337
19962669
19965049
19967771
19967914
19968583
19974341
19974482
19975086
19984957
19985716
19990073
19990319
19994686
19996835
19997768
20000101
20004228
20004393
20006569
20008404
20009155
20013820
20014681
20015062
20016056
20017911
20019064
20019081
20019280
20020232
20022737
20023968
20030464
20031109
20038306
20042171
20053471
20055547
20055797
20059270
20059272
20065023
20076474
20077466
20081508
20082524
20085937
20087915
20094771
20095268
20096287
20096542
20103589
20110110
20112295
20117115
20118653
20118993
20120567
20120961
20127404
20128038
20128095
20132403
20134458
20137189
20137618
20138448
20142267
20144254
20145603
20150238
20152378
20155994
20167696
20173711
20175014
20176172
20177701
20177738
20179999
20191015
20192134
20192237
20198174
20199667
20212095
20212634
20219635
20219661
20221128
20221152
20230101
20231208
20233740
20234262
20239973
20240357
20240622
20240877
20241248
20246031
20253831
20254394
20265917
20282488
20290424
20290852
20294950
20297007
20302286
20306768
20308270
20308495
20312175
20312932
20314807
20316015
20324617
20326495
20331361
20332498
20334612
20340895
20341022
20342646
20342706
20343398
20343932
20345612
20351415
20356122
20356148
20356946
20371853
20371996
20374432
20383085
20387403
20388380
20389579
20398709
20400042
20400258
20408522
20417413
20417914
20418578
20418740
20422060
20422693
20426184
20430930
20438497
20440377
20440898
20441382
20442504
20444548
20445559
20450080
20450491
20452785
20454988
20463144
20467653
20468416
20471666
20472625
20474980
20484598
20485480
20486000
20487075
20495113
20499419
20501542
20502664
20504771
20504841
20506281
20516864
20518466
20520544
20526609
20527277
20528147
20530335
20533364
20533670
20534458
20538495
20541813
20554365
20557208
20567797
20569158
20570221
20572203
20574270
20575302
20576815
20579095
20582233
20582872
20585871
20586112
20587420
20588389
20588979
20589481
20589634
20592260
20592728
20594477
20595581
20596777
20597968
20599025
20601404
20601904
20601920
20603304
20607421
20614439
20616992
20618376
20619331
20621197
20621809
20626629
20627697
20631857
20632505
20632624
20640000
20643057
20643352
20643697
20646776
20657150
20657804
20658740
20664204
20669803
20671013
20672261
20674912
20678498
20679381
20692545
20694894
20699359
20703713
20707717
20707962
20710087
20713680
20716476
20716608
20723862
20725848
20726117
20727943
20735580
20737479
20740097
20743070
20744145
20746306
20753394
20754430
20759364
20761334
20762940
20765930
20768600
20775155
20786847
20788125
20790360
20791208
20791452
20792522
20793196
20794012
20799048
20801467
20802102
20806362
20808350
20809004
20809072
20811342
20813837
20820568
20821032
20821345
20824155
20828812
20836827
20839622
20840824
20843549
20847370
20847400
20850130
20854454
20858946
20859227
20874345
20877106
20879156
20882082
20883497
20887647
20889509
20894980
20895045
20896882
20900520
20903753
20907018
20908030
20910166
20911192
20916348
20918462
20918504
20922917
20924949
20926213
20928619
20933252
20933506
20942225
20946718
20956374
20958598
20959330
20961665
20972287
20973237
20986979
20987577
20988618
20989863
20991528
20993329
20993687
20995656
20997732
20999956
21002921
21005555
21017906
21018086
21018693
21022027
21030301
21033554
21037324
21039683
21041144
21041860
21044298
21048046
21051578
21051901
21053204
21054680
21061941
21063639
21064042
21066219
21067588
21072835
21074351
21077550
21081621
21087913
21088134
21090781
21091437
21093389
21098620
21103945
21105108
21109405
21110314
21114206
21115566
21122706
21130332
21131473
21133164
21134045
21142399
21144447
21147402
21148694
21155339
21156813
21167370
21167938
21168020
21183171
21188666
21189901
21190324
21193720
21196203
21197905
21198034
21199128
21200107
21201883
21205685
21206085
21208699
21212448
21214279
21215441
21221036
21221061
21228549
21228559
21228762
21229112
21232848
21245205
21245593
21245659
21246296
21250743
21251354
21253279
21255526
21260493
21261901
21266388
21266710
21267379
21271650
21272969
21279584
21280211
21283994
21284288
21285172
21289702
21296583
21300147
21300536
21303566
21304183
21304821
21306741
21311469
21313349
21314525
21314837
21315383
21316046
21319424
21321108
21325202
21325262
21326650
21326657
21327634
21330007
21338723
21339664
21342434
21348474
21350323
21354048
21354833
21356085
21356436
21361740
21364079
21367352
21369742
21372035
21372312
21372940
21374757
21382107
21384359
21386827
21392377
21393490
21394227
21395104
21395388
21398520
21401179
21404861
21404996
21405442
21406628
21407222
21413474
21415372
21418592
21418869
21419118
21421514
21422015
21423364
21425077
21427853
21434229
21436039
21445462
21446960
21453211
21454281
21462139
21462551
21469966
21471707
21474919
21476105
21480261
21480478
21485594
21486062
21486163
21486445
21486633
21489777
21496890
21498005
21510851
21515101
21515142
21519271
21519362
21528171
21528941
21532379
21533447
21533743
21545365
21547620
21555832
21555861
21559960
21561517
21565554
21572317
21572345
21573158
21575050
21575537
21577502
21579737
21581304
21589350
21590887
21595792
21598268
21598599
21600036
21603159
21605075
21605850
21607558
21608599
21609787
21612014
21613731
21629294
21633537
21640873
21646125
21651458
21651590
21654133
21658085
21663072
21664180
21674346
21674368
21675404
21676281
21682332
21682990
21686523
21689313
21689444
21694128
21705257
21706948
21720719
21727017
21728968
21729124
21730855
21732713
21733986
21735473
21738015
21755636
21758378
21759063
21761026
21762930
21765776
21768625
21773294
21775259
21775818
21784343
21786804
21789068
21791609
21795475
21801280
21802922
21806199
21813177
21816102
21835704
21845604
21853949
21856160
21856382
21856846
21857643
21862812
21865030
21866839
21869898
21877978
21880585
21881971
21882004
21883582
21883771
21885953
21886560
21889916
21892053
21895203
21897904
21910655
21917339
21920644
21922641
21927417
21929854
21929993
21930053
21932039
21935682
21938379
21942599
21946439
21951565
21959243
21960486
21966785
21967497
21973077
21974849
21980850
21986061
21991669
21993323
21993768
22003146
22011016
22016666
22019567
22020496
22025317
22026681
22028518
22028585
22032657
22033318
22036601
22039460
22039634
22041415
22041990
22042175
22044462
22051925
22053777
22055253
22055278
22056363
22056936
22057309
22060222
22067587
22067698
22068738
22071190
22072878
22074028
22079225
22083445
22087995
22089720
22091516
22093249
22093613
22095368
22096117
22097987
22100031
22103996
22105280
22114957
22116856
22122349
22123281
22123737
22135350
22139403
22140535
22141101
22142607
22151597
22154379
22158559
22165930
22169740
22177253
22178760
22181172
22194588
22202484
22203393
22204882
22206625
22211417
22212742
22216158
22217395
22221479
22228591
22231001
22232827
22234389
22237460
22237918
22246968
22247030
22248367
22256541
22257276
22258117
22259562
22272837
22274084
22275108
22276257
22276381
22276817
22279855
22289000
22290588
22297543
22312370
22317036
22317478
22318750
22321205
22321610
22325003
22325265
22328227
22335917
22339810
22352791
22354142
22354484
22355801
22356245
22356765
22362353
22362605
22373638
22378459
22381595
22391972
22394043
22397920
22399962
22400918
22402336
22402439
22403135
22403269
22403366
22408767
22412024
22416241
22419145
22419367
22420560
22422750
22430098
22447194
22448035
22456563
22463551
22469051
22469415
22470505
22471071
22471428
22471445
22476171
22477454
22477553
22479436
22481658
22486689
22487731
22492154
22493573
22494737
22495588
22497245
22499222
22515091
22516806
22517466
22519413
22523111
22526637
22535664
22540822
22544829
22555804
22558003
22558058
22566152
22567030
22571740
22574817
22574987
22576765
22578706
22579613
22581022
22584030
22584065
22585969
22587268
22588026
22588219
22593210
22595334
22595542
22595595
22596755
22597980
22599425
22599824
22603817
22603912
22606299
22609258
22609528
22613798
22620573
22623474
22628507
22635794
22639178
22640647
22641661
22643283
22643440
22645463
22647212
22647344
22648014
22650703
22655963
22657394
22662471
22663597
22670472
22671966
22672636
22674570
22675027
22682684
22682854
22683434
22684492
22686617
22691661
22692559
22694937
22696255
22697677
22699412
22704215
22704293
22715227
22716029
22717146
22727619
22731287
22738497
22738998
22743395
22745398
22750270
22752136
22755728
22757830
22758761
22759894
22760308
22760967
22763641
22763977
22768384
22768572
22770739
22774088
22776459
22778575
22786648
22791971
22794823
22799643
22801799
22803998
22807401
22808932
22808961
22812304
22819358
22819945
22820312
22821671
22827265
22839159
22843851
22847771
22853488
22853711
22854164
22856576
22862095
22863551
22867789
22872592
22873392
22873621
22875034
22875632
22876914
22886605
22889127
22890764
22893421
22893562
22895940
22895944
22896727
22897510
22902122
22903104
22914705
22919100
22919739
22923543
22926790
22928516
22931239
22932014
22932437
22933067
22933142
22936972
22938464
22940263
22940296
22947998
22959514
22960975
22964214
22965055
22973192
22973273
22980834
22982999
22983221
22983989
22989666
22991943
22992624
22993840
22996075
22997076
22997115
22997882
22999283
23009461
23009548
23013438
23019101
23020899
23024484
23028388
23031805
23032839
23035946
23045202
23045606
23050450
23056813
23064021
23064581
23064594
23066558
23069111
23074970
23075358
23077554
23087434
23090297
23092178
23096464
23105305
23105387
23105553
23115152
23116812
23120591
23125598
23127084
23130624
23134056
23135086
23140659
23140901
23147059
23149947
23152260
23152790
23156338
23158193
23158908
23159010
23160581
23169395
23169660
23175514
23182349
23182675
23183840
23185097
23188424
23188873
23189736
23189920
23191473
23198131
23205338
23207502
23219220
23219757
23220160
23221016
23224022
23227912
23235378
23235526
23241886
23248013
23248851
23249902
23252997
23253688
23263384
23267020
23267759
23268650
23271483
23273081
23274159
23277797
23280162
23281886
23284716
23290559
23292418
23293686
23305588
23311261
23311655
23314629
23320180
23320991
23324877
23325944
23326759
23335423
23335753
23335811
23336224
23340957
23344525
23344842
23351010
23352847
23353214
23354898
23356839
23359672
23360825
23362966
23369301
23372683
23374875
23378096
23379684
23381241
23384634
23385256
23387930
23391429
23391581
23399124
23402633
23405809
23409236
23415000
23423394
23424695
23430275
23438019
23441257
23442534
23442576
23445171
23445209
23454789
23457378
23470076
23473557
23479026
23479674
23482638
23500551
23502718
23505480
23506018
23510296
23510804
23510854
23525902
23531019
23533825
23533971
23534516
23535971
23536959
23544185
23548241
23551809
23554200
23559447
23562333
23579472
23580122
23580852
23581079
23594310
23596570
23599788
23602320
23610613
23611331
23611360
23611845
23611964
23615458
23617469
23631845
23632142
23634419
23635035
23636755
23639497
23639666
23643928
23649704
23653594
23658775
23659645
23669915
23672082
23672976
23673772
23675041
23675997
23677064
23680131
23683708
23687909
23688932
23692682
23692864
23693677
23693818
23703695
23720385
23720700
23727581
23728224
23737324
23746170
23748677
23751245
23754706
23760465
23761729
23772286
23776034
23776121
23780512
23781207
23785992
23787361
23796511
23799962
23804337
23808131
23809001
23813761
23819128
23825495
23825723
23829574
23831017
23833895
23839217
23839239
23843851
23844163
23844760
23847286
23847767
23850065
23851925
23852082
23853439
23858988
23862539
23863879
23865338
23865818
23866806
23868389
23869129
23870815
23886084
23891346
23892267
23893176
23901608
23904410
23905871
23908346
23908538
23908568
23914590
23915990
23917328
23917481
23917520
23922460
23927052
23927243
23928431
23930046
23930715
23932505
23933319
23935206
23938809
23947924
23950298
23953983
23954928
23955707
23959642
23963256
23965599
23966704
23968687
23972972
23974633
23974934
23975837
23976929
23982234
23984381
23984877
23986525
23989463
23993008
23994089
23995194
23996009
23999188
24001405
24001449
24011299
24013530
24016159
24018788
24040793
24042916
24045582
24050918
24051282
24057159
24057822
24060794
24061307
24062292
24062842
24063351
24063918
24065894
24066401
24069437
24082565
24084356
24087623
24097367
24107938
24108139
24109308
24115728
24117543
24128370
24128580
24128926
24135832
24136409
24139073
24139274
24139327
24140229
24149013
24153361
24153513
24155577
24156791
24156814
24163000
24163665
24166228
24176276
24177067
24177216
24179652
24192277
24193881
24197662
24200145
24202870
24207203
24215437
24216847
24219008
24228000
24232275
24235474
24238548
24241411
24242090
24242203
24245198
24245541
24245794
24250317
24251537
24261474
24264338
24265641
24271548
24278116
24278809
24285327
24289424
24290117
24291865
24295337
24299339
24301329
24302662
24303529
24303675
24308469
24319215
24321454
24323359
24327003
24329028
24330380
24332624
24333888
24334514
24339098
24344712
24344995
24346561
24347874
24348009
24349760
24350489
24351364
24353041
24353662
24357762
24364691
24369659
24370674
24370886
24374873
24375723
24378252
24382448
24384754
24385073
24385678
24388553
24388895
24389938
24391838
24392659
24395735
24397212
24398646
24398878
24401525
24403500
24409778
24409975
24415757
24415993
24417106
24419014
24419322
24421629
24424535
24427817
24429959
24430430
24433016
24433161
24433600
24434614
24435245
24450863
24451244
24452805
24455596
24457539
24460858
24464312
24464697
24468290
24468870
24472373
24475513
24476922
24477594
24478160
24478248
24487379
24493320
24493890
24493967
24494501
24494514
24498697
24531123
24538382
24545927
24546952
24551445
24555882
24565347
24566211
24567884
24569195
24571066
24571610
24588369
24594912
24596850
24597455
24599414
24601078
24603627
24604818
24604873
24606101
24606117
24609158
24612219
24615754
24616131
24618096
24624391
24625338
24625639
24627830
24628757
24630300
24637657
24640402
24641764
24654853
24657198
24661925
24662181
24664114
24667011
24667576
24671701
24676633
24678069
24678197
24681466
24685280
24687373
24691595
24692093
24694465
24697819
24698961
24711334
24715049
24715228
24716624
24716709
24721212
24722012
24726186
24727880
24728658
24731914
24735014
24735078
24740455
24743349
24745150
24747744
24748139
24752005
24755171
24758606
24765566
24766796
24766917
24767548
24770508
24771474
24780834
24781621
24782082
24782572
24790500
24792708
24793347
24794038
24795812
24801212
24806489
24807442
24813839
24817493
24828286
24833096
24836615
24836956
24837937
24838173
24838572
24840204
24840895
24841661
24845372
24848350
24849138
24849548
24855874
24861644
24863715
24865171
24873925
24874805
24885954
24891584
24893942
24897611
24912758
24916908
24924151
24930921
24932720
24938602
24941621
24942062
24945841
24946544
24951716
24954778
24955441
24967038
24968538
24969383
24970495
24972000
24974123
24974845
24979937
24982056
24985042
24988913
24990007
24990329
24993034
24997015
24999438
25000124
25002408
25006618
25011021
25011462
25012321
25022338
25022622
25030485
25030572
25037867
25042627
25046880
25050913
25052674
25055941
25056255
25057666
25061733
25063553
25064163
25065308
25078469
25080504
25080614
25081776
25096971
25098925
25101065
25104309
25104416
25109635
25112437
25113352
25113952
25116533
25116760
25116801
25120981
25133970
25148491
25153847
25155388
25156364
25156611
25158063
25159341
25161853
25174061
25176177
25178848
25181567
25184730
25185713
25189697
25193109
25198390
25199226
25199308
25201643
25203713
25204502
25204989
25206396
25209978
25211835
25216619
25222444
25229766
25230674
25232162
25243164
25245266
25250972
25257084
25269669
25274584
25275775
25276564
25282378
25283144
25283593
25283909
25284285
25290461
25291337
25294343
25298379
25298599
25301175
25303111
25304365
25312623
25318211
25320448
25329816
25330720
25332853
25335941
25336283
25336886
25340545
25343914
25347630
25349076
25349730
25350211
25362535
25365393
25366032
25369869
25376912
25379246
25385716
25387947
25398348
25398405
25398626
25399976
25401742
25402599
25403582
25408607
25409112
25411825
25412759
25418168
25435258
25439130
25442812
25443237
25455431
25459164
25460641
25463290
25463579
25464288
25466366
25468467
25469876
25474297
25474899
25479178
25480710
25492161
25494858
25495333
25497755
25501460
25502280
25507931
25514249
25515107
25520003
25520627
25522422
25522538
25525526
25529437
25536384
25537032
25537986
25539181
25545996
25548228
25550464
25556735
25559037
25562310
25567999
25569155
25572419
25573344
25574772
25575615
25575831
25591707
25593022
25593535
25595576
25598699
25600011
25603090
25604758
25608557
25609099
25609282
25609673
25614725
25615232
25616414
25617633
25618920
25620541
25625372
25629219
25629711
25629899
25635480
25635892
25635951
25635980
25636205
25637269
25638143
25638206
25638725
25641087
25641572
25643754
25645002
25646430
25655895
25656725
25657711
25658261
25660094
25662525
25674038
25674666
25674739
25675310
25680680
25682906
25684084
25684314
25684661
25685615
25686752
25696999
25699742
25707519
25709474
25710156
25711037
25713815
25716254
25716370
25716755
25719234
25727948
25730485
25731054
25733452
25734217
25734431
25734727
25734989
25736643
25738096
25741073
25742607
25743068
25748315
25748465
25748878
25750915
25751671
25751919
25753550
25755405
25759844
25760324
25773190
25778257
25782347
25785879
25788646
25796751
25799432
25800170
25801853
25802066
25806939
25807431
25807550
25811071
25813484
25816120
25821473
25825178
25826022
25831125
25838819
25848532
25848662
25850473
25855157
25861104
25866990
25867357
25867392
25868141
25874130
25874206
25876250
25876623
25876934
25877835
25885039
25898047
25900736
25903198
25905441
25906904
25910272
25911654
25915070
25915301
25916999
25917552
25919364
25920334
25935067
25944034
25944102
25948385
25955784
25957845
