9669762
9674672
9678352
9682193
9686402
9690203
9692126
9694874
9698098
9703027
9705425
9708355
9713433
9715171
9718738
9722969
9724915
9728144
9730267
9733064
9738275
9740253
9743897
9748814
9751252
9753234
9756978
9761349
9764877
9766125
9767892
9771581
9773990
9777822
9782464
9783963
9788396
9791389
9793004
9796639
9799574
9803054
9804847
9808074
9812109
9816475
9819124
9821245
9824715
9827336
9828424
9833541
9836851
9837692
9840565
9843149
9844945
9849104
9849995
9852576
9856599
9858240
9862575
9864108
9869245
9869773
9874560
9878230
9880082
9880447
9881339
9881340
9883748
9886336
9888234
9888253
9889459
9891209
9892671
9894308
9899686
9902975
9905118
9908274
9909277
9914684
9916657
9921593
9923349
9928231
9930671
9932362
9933955
9939872
9943078
9944261
9948052
9950486
9955354
9957140
9960894
9963178
9965318
9969438
9970339
9976051
9977608
9979245
9983254
9984686
9989196
9991220
9994407
9996018
9997998
10003682
10005188
10007502
10011844
10014754
10016635
10018673
10024951
10025019
10028276
10031492
10036106
10039807
10040815
10046800
10050827
10051762
10056221
10061101
10063532
10065552
10070695
10070935
10075631
10078702
10081840
10084931
10088466
10093755
10097002
10100551
10103143
10106952
10112806
