150701.0
150701.0
150701.0
150701.0
150701.0
301402
301402
301402
301402
301402
301402
301402
301402
301402
301402
452103
452103
602804
602804
602804
753505
753505
753505
753505
753505
753505
753505
753505
753505
753505
904206
904206
1054907
1054907
1356309
1356309
1507010
1507010
1507010
1657711
1657711
1808412
1808412
1808412
1808412
1808412
1959113
1959113
2109814
2260515
2260515
2260515
2411216
2411216
2561917
2561917
2561917
2712618
2712618
2712618
2712618
2712618
2863319
2863319
2863319
2863319
2863319
3014020
3014020
3014020
3014020
3014020
3014020
3014020
3014020
3014020
3014020
3164721
3164721
3315422
3315422
3315422
3466123
3616824
3616824
3616824
3616824
3616824
3767525
3767525
3767525
3767525
3767525
3918226
3918226
3918226
4068927
4068927
4068927
4068927
4068927
4219628
4219628
4370329
4370329
4370329
4521030
4521030
4521030
4521030
4521030
4671731
4671731
4671731
4822432
4973133
4973133
4973133
4973133
4973133
5123834
5123834
5123834
5274535
5274535
5274535
5274535
5274535
5274535
5274535
5274535
5274535
5274535
5425236
5425236
5425236
5425236
5425236
5575937
5726638
5726638
5726638
5726638
5726638
5726638
5726638
5726638
5726638
5726638
5877339
5877339
5877339
5877339
5877339
6028040
6028040
6028040
6028040
6028040
6178741
6178741
6178741
6178741
6178741
6480143
6630844
6781545
6781545
6781545
6932246
6932246
7082947
7082947
7082947
7082947
7082947
7233648
7233648
7233648
7233648
7233648
7384349
7535050
7535050
7685751
7685751
7987153
7987153
7987153
7987153
7987153
8137854
8137854
8288555
8288555
8439256
8439256
8439256
8439256
8439256
8439256
8439256
8439256
8439256
8439256
8589957
8740658
8740658
8740658
8891359
8891359
8891359
8891359
8891359
9042060
9192761
9192761
9192761
9192761
9192761
9343462
9343462
9343462
9343462
9343462
9494163
9494163
9494163
9644864
9644864
9946266
9946266
9946266
10096967
10096967
10096967
10247668
10247668
10247668
10247668
10247668
10549070
10549070
10549070
10699771
10699771
10850472
10850472
10850472
10850472
10850472
11001173
11001173
11001173
11001173
11001173
11151874
11151874
11151874
11151874
11151874
11151874
11302575
11302575
11302575
11302575
11302575
11302575
11453276
11453276
11453276
11453276
11603977
11603977
11603977
11603977
11603977
11603977
11603977
11603977
11603977
11603977
11754678
11754678
11905379
11905379
11905379
11905379
11905379
12056080
12056080
12056080
12056080
12056080
12206781
12206781
12206781
12206781
12206781
12357482
12357482
12357482
12357482
12357482
12357482
12357482
12658884
12658884
12658884
12658884
12658884
12658884
12658884
12658884
12658884
12658884
12658884
12658884
12658884
12658884
12658884
12809585
12809585
12809585
12809585
12809585
12809585
12809585
12960286
12960286
12960286
12960286
12960286
12960286
12960286
12960286
12960286
12960286
12960286
12960286
12960286
12960286
12960286
12960286
12960286
12960286
12960286
12960286
12960286
12960286
12960286
12960286
12960286
12960286
12960286
12960286
12960286
12960286
12960286
12960286
12960286
12960286
12960286
12960286
12960286
12960286
12960286
12960286
13110987
13110987
13110987
13110987
13110987
13110987
13110987
13110987
13110987
13110987
13110987
13110987
13110987
13261688
13261688
13261688
13261688
13261688
13261688
13261688
13261688
13261688
13261688
13261688
13261688
13261688
13261688
13261688
13412389
13412389
13412389
13412389
13412389
13412389
13412389
13412389
13412389
13412389
13412389
13412389
13412389
13412389
13412389
13412389
13412389
13412389
13412389
13412389
13713791
13864492
13864492
13864492
13864492
13864492
13864492
13864492
13864492
14015193
14015193
14015193
14015193
14015193
14015193
14015193
14015193
14015193
14015193
14165894
14165894
14165894
14165894
14165894
14316595
14316595
14316595
14316595
14316595
14316595
14316595
14316595
14316595
14316595
14467296
14467296
14467296
14467296
14467296
14467296
14467296
14617997
14617997
14617997
14617997
14617997
14617997
14617997
14617997
14617997
14617997
14768698
14768698
14768698
14768698
14919399
14919399
15070100
15070100
15070100
15070100
15220801
15220801
15371502
15371502
15371502
15371502
15371502
15371502
15371502
15371502
15371502
15371502
15371502
15371502
15371502
15371502
15371502
15371502
15371502
15371502
15371502
15371502
15522203
15522203
15522203
15522203
15522203
15522203
15522203
15522203
15522203
15522203
15522203
15522203
15522203
15522203
15522203
15522203
15522203
15522203
15522203
15522203
15672904
15672904
15672904
15672904
15672904
15672904
15672904
15672904
15672904
15672904
15672904
15672904
15672904
15672904
15672904
15672904
15672904
15672904
15672904
15672904
15823605
15823605
15823605
15823605
15823605
15974306
15974306
15974306
15974306
15974306
16125007
16125007
16125007
16125007
16125007
16125007
16125007
16125007
16125007
16125007
16275708
16275708
16275708
16275708
16275708
16426409
16426409
16426409
16426409
16426409
16426409
16426409
16426409
16426409
16426409
16577110
16577110
16577110
16727811
16727811
16727811
16727811
16727811
16878512
16878512
16878512
16878512
16878512
17029213
17029213
17029213
17179914
17179914
17330615
17330615
17330615
17632017
17632017
17632017
17632017
17632017
17782718
17782718
17933419
17933419
17933419
17933419
17933419
18084120
18084120
18084120
18234821
18234821
18385522
18385522
18385522
18385522
18385522
18385522
18385522
18385522
18385522
18385522
18536223
18536223
18536223
18536223
18536223
18686924
18686924
18686924
18686924
18686924
18837625
18837625
18988326
18988326
18988326
19139027
19139027
19139027
19139027
19139027
19139027
19139027
19139027
19139027
19139027
19289728
19289728
19440429
19440429
19440429
19440429
19440429
19440429
19440429
19440429
19440429
19440429
19591130
19591130
19591130
19591130
19591130
19741831
19741831
19741831
19741831
19741831
19892532
20043233
20043233
20043233
20043233
20043233
20193934
20193934
20344635
20495336
20495336
20495336
20646037
20646037
20646037
20646037
20646037
20796738
20796738
20947439
20947439
20947439
20947439
20947439
20947439
20947439
20947439
20947439
20947439
21098140
21098140
21098140
21098140
21098140
21248841
21248841
21248841
21248841
21248841
21399542
21399542
21550243
21550243
21700944
21700944
21700944
21851645
21851645
21851645
22002346
22002346
22002346
22002346
22002346
22002346
22002346
22002346
22002346
22002346
22153047
22153047
22303748
22303748
22303748
22454449
22454449
22454449
22454449
22454449
22605150
22605150
22755851
22755851
22906552
22906552
22906552
22906552
22906552
22906552
22906552
22906552
22906552
22906552
23207954
23358655
23358655
23509356
23509356
23509356
23509356
23509356
23509356
23509356
23509356
23509356
23509356
23660057
23660057
23660057
23660057
23660057
23810758
23810758
23810758
23810758
23810758
23810758
23810758
23810758
23810758
23810758
23961459
23961459
24112160
24262861
24262861
24262861
24413562
24564263
24714964
24714964
24865665
24865665
24865665
25016366
25167067
25167067
25317768
25317768
25317768
25317768
25317768
25468469
25468469
25468469
25468469
25468469
25468469
25468469
25468469
25468469
25468469
25619170
25619170
25619170
25769871
25769871
25920572
25920572
26071273
26221974
26221974
26221974
26221974
26221974
26372675
26523376
26523376
26523376
26523376
26523376
26523376
26523376
26523376
26523376
26523376
