56077
206045
262097
299430
548451
548474
548477
552788
787210
1362156
1425855
1425857
1426472
1440912
1486631
1486657
1516465
1516470
1516476
1516607
1516609
1516692
1802556
1893405
1893422
1893425
1893449
2074336
2075052
2075411
2075412
2075430
2076200
2076209
2081389
2263047
2293930
2297598
2305550
2305616
2420905
2435458
2530067
2741146
3018473
3068613
3073726
3162032
3162036
3162054
3162062
3162092
3162099
3162101
3162102
3163926
3177008
3369267
3430745
3430756
3430757
3449490
3453813
3454188
3684350
3688046
3688048
4022705
4023837
4052564
4058194
4120709
4120749
4161717
4161821
4185520
4215691
4440464
4442910
4511371
4543366
4668602
4668608
4777134
4919233
4919466
4921296
4956635
4971362
4972477
5050701
5092029
5092070
5226879
5299675
5299688
5377784
5379442
5379731
5381331
5454852
5539495
5556703
5560026
5612146
5618751
5637638
5640441
5671049
5689532
5697379
5697862
5732509
5732510
5732511
5732549
5732994
5744785
5754691
5762130
5884084
5956990
5960925
5996027
5997250
6006890
6019086
6023953
6047265
6083509
6083650
6083901
6088687
6091446
6101069
6101210
6126676
6126725
6165409
6208720
6232134
6248092
6280159
6294918
6317860
6381538
6390956
6424485
6425747
6432058
6455433
6455438
6474992
6497178
6517405
6539435
6539802
6618385
6622745
6622748
6624326
6624329
6627595
6654391
6654394
6689862
6694719
6718618
6727404
6735318
6745550
6759836
6761635
6764315
6764317
6794101
6794116
6803977
6853968
6855604
6856606
6856613
6927206
6927744
6927753
6927797
6927800
6936829
6967078
6967079
7027115
7028418
7066930
7066936
7082693
7110576
7129509
7129713
7129815
7158333
7158341
7159967
7188768
7189730
7194624
7194626
7250870
7251333
7251380
7316594
7334371
7335161
7337128
7354147
7364694
7374154
7375203
7417334
7419133
7420674
7462120
7485522
7527452
7565317
7565321
7642138
7642145
7643748
7656677
7658761
7664515
7678089
7708970
7709005
7709009
7709023
7727953
7727959
7727964
7745479
7762211
7763835
7766864
7766900
7772732
7775262
7825209
7841358
7875288
7876713
7876714
7892735
7922402
7926160
7929424
7930757
7940278
7981947
7982098
7982122
7990735
7994103
8019286
8073388
8091436
8092834
8092879
8092886
8204385
8204387
8204389
8241008
8258646
8261874
8262072
8262100
8262692
8286851
8286865
8287030
8297403
8299273
8318793
8330105
8334121
8339103
8354458
8354746
8355105
8388630
8388636
8436695
8437224
8437225
8462603
8462615
8462617
8462647
8509112
8509410
8509421
8547762
8548698
8548700
8570657
8579150
8594870
8655039
8689425
8691246
8707625
8740171
8740174
8758272
8758275
8771903
8771907
8781619
8783403
8783404
8783405
8790283
8865816
8871369
8871570
8874460
8888435
8888437
8888501
8888502
8888505
8902301
8902373
8920892
8941417
8972346
8972349
9010741
9010765
9054189
9054190
9057889
9085363
9085380
9087314
9096672
9122334
9124053
9124057
9124068
9124157
9124196
9176043
9177451
9177541
9177623
9201250
9204917
9205023
9205044
9215746
9218799
9219829
9219831
9220338
9220396
9222728
9225358
9225360
9225447
9225458
9225462
9288792
9288826
9289122
9363782
9363848
9366289
9366301
9388266
9388278
9388333
9403782
9403783
9421571
9421576
9452526
9464281
9464293
9469500
9493771
9498479
9498490
9498491
9498497
9499055
9501019
9508631
9508763
9508764
9532912
9532919
9550762
9550816
9550822
9557120
9558704
9558707
9558959
9558993
9559602
9562222
9602180
9602181
9602185
9656116
9790665
9792215
9808156
9841521
9842015
9877066
9877201
9877216
9878120
9888751
9895763
9895772
9915851
9915875
9938949
9939074
9962286
9962292
9962293
9975975
10040544
10048135
10072824
10073701
10073748
10073755
10098449
10098544
10098733
10098739
10100176
10113781
10118503
10121018
10152395
10152406
10153300
10153306
10161523
10185375
10187699
10187716
10187743
10187747
10202322
10221905
10238776
10238778
10238782
10243172
10283095
10296480
10303509
10303516
10376172
10384264
10384805
10384820
10384853
10386725
10388346
10388601
10388606
10421746
10435856
10435858
10437171
10437702
10453026
10455678
10517420
10517459
10517519
10517549
10544445
10545574
10554742
10562456
10578363
10582363
10582369
10582800
10583042
10586441
10608473
10615691
10615692
10615693
10633725
10648879
10648920
10657702
10657706
10663108
10687963
10700150
10700195
10700197
10700202
10700208
10700212
10709999
10714201
10714619
10727083
10729834
10730402
10730419
10730420
10733162
10733335
10774528
10774747
10775065
10812045
10897041
11007681
11018174
11028457
11031746
11031747
11032373
11033352
11097903
11097913
11144708
11152925
11187064
11188760
11189214
11211530
11214704
11215186
11215356
11215365
11215601
11219292
11241471
11272314
11288057
11289026
11294379
11294388
11299193
11328148
11368901
11445063
11454991
11490136
11506786
11531835
11559248
11563049
11563062
11588573
11596443
11627068
11629277
11633137
11677250
11743637
11743642
11743657
11750827
11781716
11841972
11979483
12005353
12139786
12188438
12200132
12200218
12205426
12205434
12213526
12310944
12352385
12353701
12353702
12360799
12366807
12400462
12400552
12470998
12471675
12473142
12502577
12502583
12549007
12549030
12564222
12627860
12661403
12700589
12753377
12848965
12850493
12858918
12905775
12906574
12923823
12951015
12957443
12964375
12964851
12989901
13011136
13011209
13069292
13155837
13157718
13164480
13164498
13173575
13177404
13195522
13234728
13280224
13280228
13280232
13280235
13280241
13303056
13334825
13336242
13569969
13577966
13600473
13600478
13665805
13665814
13666626
13666629
13770175
13783330
13786019
13787428
13882897
13887385
14063916
14082413
14249946
14253919
14354115
14387555
14457193
14553772
14553774
14553788
14704266
14771131
14771134
14773824
14832073
14832632
14832834
14909889
14923049
14984407
15080834
15148098
15270536
15341241
15486087
15487359
15516201
15516213
15543915
15630394
15784506
15813521
15813761
15813771
15976447
16114120
16114121
16217198
16250154
16273502
16415499
16524779
16525887
16641558
16668114
16766812
16813637
16855199
16855215
16903705
16903708
16994791
16994801
16994816
16994831
17077800
17081269
17150518
17150543
17154083
17154084
17209642
17268572
17346247
17346264
17346288
17346293
17346295
17422234
17466402
17560354
17560383
17587856
17593487
17695902
17696195
17821802
17885972
17945968
17945970
18011148
18011173
18066278
18186670
18242546
18308624
18309915
18309963
18542110
18542111
