809308
979506
681513
905596
142350
188259
189576
992687
898774
908431
131353
96730
44718
434825
953156
537567
200857
133126
594463
799037
354188
118812
146301
573158
380488
4709
992828
134279
557241
540172
886665
927298
780235
905918
119538
892017
474770
217448
695886
849635
900064
855356
404150
924900
395678
361777
489732
760803
782747
495205
367925
482186
983427
916760
754621
351448
735721
288504
405840
317595
785727
596103
829206
804413
84696
992205
754757
544287
413160
312307
924130
404616
497542
838848
240327
920662
715318
974071
555198
335991
407674
518168
190187
554887
463824
63806
532713
570854
788464
150401
284457
399002
291924
536411
655746
80946
83011
807138
718670
842519
606698
764086
776349
371333
965408
414987
515660
80497
209540
346476
934361
458465
667918
296016
5762
8219
829551
391310
558221
775554
500139
586673
156053
895738
633512
292607
246412
579359
673183
550783
803895
218655
589732
426332
115552
700193
549067
301857
957779
489578
229780
883993
389894
903423
848727
441285
618331
573210
983346
774012
782961
860631
408485
884772
981066
279310
18244
837057
670118
865479
635034
748611
217639
816121
337487
80996
503076
291436
333818
619402
296968
727746
705306
552902
627626
514377
272507
53537
55195
88295
524695
173471
291937
894794
450934
286872
143973
842964
526349
325879
350445
102251
553748
673689
100861
804547
304604
381340
101584
643324
716282
806607
699424
541082
226185
907103
788269
761527
803334
557564
979330
195679
769730
361798
569112
257486
148161
416733
403381
182691
560768
802648
849603
220074
287866
769657
499923
596476
692332
275509
214230
915484
341126
336710
638396
58806
350907
700181
707703
735857
819877
773746
965259
139628
353644
911875
683673
831712
580479
496269
532124
520129
551946
744947
617738
771651
293237
346010
300077
799948
742824
398559
91133
458338
798833
58295
260837
660026
806471
139533
695442
963447
470489
990856
835635
990160
427313
366640
862199
547196
328891
250450
230925
715825
680247
178865
848688
846031
822825
886459
897726
644770
174414
323136
254460
657028
638322
415606
405933
80864
431503
685074
642259
339957
944150
163811
462315
563018
211504
975618
857662
277622
114514
432701
923102
436366
727342
620779
670447
930474
785931
932658
136708
8160
351035
290846
768205
436696
149121
201978
966959
983092
40678
285920
65346
21526
153708
363301
177023
933073
641164
919583
56267
366946
988040
806465
673321
203635
299402
938928
105302
756441
997371
141009
302869
580255
853462
997137
536208
425786
409942
940519
293451
690241
200102
33195
881660
231508
405849
916168
45181
47197
778967
809411
475721
790678
841033
483540
292686
873077
746407
151008
36884
882645
445959
768997
424137
320310
140609
578284
978365
332868
613615
941215
353549
818649
233420
421389
53926
604250
459612
561617
600091
778660
636669
398212
482365
286860
437628
524285
137624
97860
128236
329238
571834
740546
874585
35371
156048
420846
198812
769437
818714
886423
918832
758467
451513
698778
475283
141207
920741
731343
55685
963371
307856
685958
857682
468837
60035
207497
46103
199651
74618
857674
258690
251858
46691
592615
665146
226863
62423
207534
298813
363452
216124
603555
708671
999225
778917
224174
339107
48386
514233
347331
614756
731661
536751
914146
124166
340151
46441
981872
713801
832101
715776
82426
448822
679154
238636
366980
15776
533586
209773
850466
921819
574738
391284
994988
652917
786829
363484
530480
522812
618900
22261
708772
264914
786503
904948
384212
221285
127672
859968
400395
688291
381171
222112
108132
565559
740488
369628
550852
908936
738108
220906
579372
33050
130782
648406
867953
777953
592917
787149
749721
136990
825776
197621
274039
694386
131185
94943
189220
597592
101437
659289
501862
397968
572378
263244
928059
70957
206339
390224
496860
866866
75083
134708
644600
197933
325787
828772
601732
962805
530002
842201
75745
923040
568975
644861
37611
21709
333442
159419
551324
164495
768585
590347
627449
429194
248634
716729
866089
98039
142415
259358
693514
871552
325376
890341
247907
262161
298054
712903
677821
734496
133911
254082
439171
752702
38329
178300
501013
405911
559393
741273
264007
183233
559685
750936
814314
397290
786649
758411
731959
480213
969093
182979
659461
604477
276933
650505
64132
167543
727731
576231
153596
360785
247423
50031
527358
148520
715029
390774
893560
383405
959488
762117
432782
854723
154311
532694
2861
866985
641558
883066
707608
39999
10542
980378
343280
892729
38354
255231
560674
234210
140141
283833
928170
853374
288291
876299
113901
746455
832662
867057
666236
496607
372287
70867
765162
239988
768837
918959
480078
205877
779971
909758
233763
863811
752635
329345
892715
869558
975207
110798
801518
489648
890986
988554
436464
472916
260561
362698
805536
623946
455138
270177
384563
634613
109564
975407
22766
33216
585473
176504
779311
728153
374666
670425
908205
115564
778705
85766
871402
604559
797545
258942
940168
836501
255944
178649
269078
85927
582648
755949
981822
696818
260979
494283
574793
855376
864664
322496
466024
964831
678009
872033
552656
666725
754301
86671
147154
678118
93021
598964
457090
728458
607081
840108
74010
735752
705243
746415
674045
913679
782208
164881
664550
703954
703126
218464
565124
346501
168864
454857
672199
382556
128715
644563
639037
941512
681313
902699
804362
714235
279564
586385
852899
413733
151492
883006
490311
792421
598820
290559
376913
185116
348730
685405
860311
980873
454876
433338
134217
54131
234399
497213
249272
8733
519851
607250
377798
835061
228428
346671
654882
69509
931301
758435
967673
709600
241617
458025
724133
361946
474030
429921
722749
269428
679928
512192
342487
111457
757053
390545
87846
429218
754826
555144
785099
279758
891282
397110
456704
51016
737300
273575
738106
359357
912200
370426
526500
731589
379280
269222
507419
889428
270641
209218
168429
616723
700461
464094
997798
666907
686466
572079
1364
897149
611259
218856
416892
733019
967910
266877
310653
493434
509330
773218
625102
243854
426412
429374
559771
547825
605337
693687
663061
861425
126389
246172
203632
87071
637355
474188
819431
491616
297145
544494
410034
924997
545743
537018
76839
468097
683059
518788
114778
937608
724515
73078
712102
898794
781182
167048
296602
257685
924439
84589
862313
124745
637401
903708
431342
128374
641147
979414
106685
953050
427205
378954
71255
429695
831844
274443
921254
404689
824606
583366
508285
489985
131937
712784
276747
256664
297319
267886
270
743236
816336
271245
436361
17884
389703
828355
109404
274724
471607
284202
987420
889794
800649
456455
803330
854678
911425
276744
697803
870543
664577
565997
797592
141982
814895
538010
177184
144477
956583
433290
223551
617702
253687
465186
911208
524985
982878
701273
114564
899382
852895
555643
997088
175043
966965
824763
764379
877791
231542
194724
495451
658389
43513
448963
771109
66744
262636
377266
521807
918019
890143
980208
112315
924696
545948
640338
45810
964844
900905
18700
201136
352080
564540
347142
928133
683359
654158
509425
754581
343538
490504
546383
725377
167175
472753
450435
609884
279672
700946
10074
71257
833837
696755
575834
125466
159099
252504
912521
807669
223539
501249
327628
970014
87064
354870
325033
582820
792700
627021
193616
152177
781869
153957
466427
609883
519120
268391
681214
124262
309403
50859
774087
417741
903522
310891
314841
159875
852815
320182
433284
459767
524353
2928
340417
36940
41535
68842
936539
541794
361869
514370
978822
440111
689299
939138
319194
336771
705665
138645
188086
135060
644287
358872
396508
61502
971961
88031
450765
382090
249802
598439
82779
16676
473179
942682
121084
550909
478423
190689
89297
703087
815734
430420
946108
196893
668384
916975
753089
641113
190703
667953
165470
680034
589370
146390
562349
984818
466920
366517
329475
715373
110856
575004
551789
402821
698800
892983
432443
394980
244648
960492
544196
942983
978426
685899
564504
94738
114849
510333
144839
729210
879868
325534
662443
738587
773433
390981
659659
122582
845852
946022
81776
202023
87398
832440
787513
680532
324180
854741
253608
577824
151432
303267
765645
454361
957834
992825
381478
184524
699115
522652
945734
209402
373010
24845
51839
537962
795583
236417
456582
189894
824281
832051
788550
890628
335048
941176
876063
594637
139652
864612
212408
354431
923318
35777
671646
528260
537646
274898
907950
469156
577135
815357
513631
208293
511627
540814
898095
806763
206094
529182
418882
608311
363421
694827
339466
531038
564722
352083
249480
575358
35091
299923
633079
514555
780391
488980
991507
931756
503188
511183
612416
439579
988902
901954
196187
267485
126250
635527
493678
490234
20737
705166
537651
200605
858282
759487
747791
587877
941814
225673
422590
445859
12183
561849
967684
230720
939020
544199
504015
103336
164316
908133
45007
885627
180373
336619
152550
119111
258989
956845
882882
90377
317444
389882
405838
843770
816138
352189
714801
555681
446278
978701
91274
172515
331860
463446
783075
781513
431316
609375
534459
230428
448743
751447
391872
611581
276173
986615
911477
146491
659040
333432
886628
95015
203593
227408
945236
125188
776784
38825
582637
266229
509916
553474
306398
165023
668406
544984
433182
564399
653005
515892
583787
574085
335195
123807
345732
883486
145673
382991
303474
990687
511204
722410
724823
64402
964462
744980
518581
431507
750569
808140
96227
670349
215326
979000
546449
168660
453784
623037
940399
890420
816192
667213
677053
805837
354492
605018
658840
211464
742163
895510
958744
789434
84111
513013
126011
862753
775639
251700
957744
797597
746014
890506
793682
415229
841584
83057
698553
785267
206498
451523
529884
155871
255404
106125
136900
642022
153342
917375
35731
87472
881065
800521
916475
435531
587533
685002
744097
868917
355656
53691
279277
335272
848702
513713
282017
641077
901603
375213
196542
879536
308111
680043
789572
940553
911040
98211
606589
760862
393218
534921
705455
621463
239147
148959
248655
223323
979589
889326
516785
757706
359025
115620
697259
594824
304531
812797
46066
435091
382322
575216
240847
579899
475091
891920
401334
695119
475660
24809
886772
938558
453674
139619
98574
723359
633037
55129
837489
887505
377688
221867
344665
533805
234374
224598
504275
750507
471074
810082
820923
591191
201890
474767
511467
409026
501007
743821
720320
371963
344923
191301
244326
686914
601460
201404
657081
209727
936870
530149
575738
435273
933810
737353
697896
619598
209986
503336
998130
714827
667723
57369
117635
901749
948892
31936
230693
291867
680663
53774
306437
315380
951784
738018
132383
207731
668069
318757
488132
911269
420340
594895
230690
66565
166445
238553
395395
377373
153889
615225
72701
248090
125507
95431
844861
783434
183834
420251
457721
108506
554567
408821
124084
347897
396285
285018
95010
604766
832739
397323
8800
676291
616623
686493
206275
148852
343296
246701
808138
757276
185591
748586
131620
221242
165920
411834
881087
485724
186390
278565
50635
404941
800966
390345
431944
803604
91286
987293
400646
636769
572889
608621
254254
278739
626237
876416
45772
945892
56023
233919
580941
657501
561190
69444
374210
298180
262685
386474
476746
264243
889543
104480
504610
694766
709092
946334
381699
986981
826466
115882
594921
388514
912701
13638
801409
432567
775635
823532
742014
640199
157533
67960
856293
289701
985302
396771
506234
491205
834256
869697
629482
212982
35506
523076
387477
413837
221538
844386
974307
991500
431773
934591
494477
580707
37823
620562
205919
975047
711074
625613
390357
389015
112508
557371
170680
44590
841859
954529
39907
337889
446157
42914
404311
563383
285247
715957
46404
594588
851274
67567
494636
94247
399676
102454
705722
976227
521764
900223
210815
711294
690617
392394
832072
652587
136953
366058
993241
704025
522725
344871
530604
506178
608089
447868
508878
617328
400562
954881
413093
442585
798675
334320
716864
505563
630828
483808
729059
275498
886661
314499
459789
317080
185507
905404
710176
751183
549873
517826
237129
646766
476213
834531
782506
137246
350019
414764
637893
322971
678684
107804
613259
384029
160690
460924
596259
456962
796455
480932
68204
356740
964143
692338
616908
538138
51901
566230
752609
639098
641745
308196
595575
816551
356482
302485
267407
819588
889857
403755
765612
503171
336995
367234
124449
226425
35645
244009
945626
963664
104791
540806
243704
22992
490367
826638
550551
248575
811769
78901
427750
379747
413420
355886
279545
924160
893606
101065
399505
76159
19218
494383
305240
422894
451847
116893
141000
611394
183164
56627
888978
355245
1152
48983
446630
939250
123224
393234
162853
555109
929152
694702
978467
733451
287163
741791
398742
659574
430785
104672
296527
334675
953482
916638
706966
967147
646187
191963
41329
728453
472588
738248
860158
455428
135165
168291
993135
857453
510778
909178
970010
310904
547184
630040
881781
343088
654814
272763
874235
638037
880851
646872
172937
578232
649310
598373
920139
377156
267651
131962
118350
314412
908717
814531
693776
135162
908583
368664
194962
477765
101789
874178
496029
700752
271795
903873
633605
41988
872131
174428
933980
216624
465778
437868
203163
735603
908261
359226
475159
961149
603639
875325
555175
102185
452946
756194
317322
225449
251036
702905
411392
160990
679911
78973
430021
328471
661589
355777
782948
264286
688617
343209
969392
858431
485360
287796
139967
229150
702467
595159
85774
475262
509214
107225
528131
164986
674186
598256
582585
963900
715685
754209
721584
46585
590746
8477
789582
911498
421834
750299
407043
964081
945908
741600
331923
370636
722186
32446
664407
441470
336627
904210
778333
557358
224708
423193
899944
177966
208247
307770
635303
59761
658109
862574
738650
558288
329125
473350
360447
391375
848882
911728
216324
969510
257008
489004
77149
399825
608651
377006
173686
236732
697372
634333
565864
246899
988481
321354
24502
840039
564841
901486
650841
719323
774618
112941
737890
439712
