327944
384280
384282
591303
664662
766272
1061901
1280504
1322554
1623410
1756535
1910489
1910526
1980417
2300687
2309363
2320446
2540684
2611075
2623644
2728790
2768873
2855218
2954544
2993422
3055601
3072329
3075731
3375852
3516714
3543997
3610093
3759823
3781664
3883734
3892331
3892337
3953712
4045411
4045418
4395258
4412621
4513109
4513141
4515046
4769595
4814420
4814423
4900747
4903868
4986533
5212405
5212418
5274740
5283857
5538594
5558416
5832700
5875746
5987800
6053943
6082438
6124440
6195909
6195912
6243045
6676388
6680504
6906126
6992401
7118409
7452565
7567595
7693702
7791869
8038615
8039047
8091347
8239597
8351409
8354153
8414550
8577351
8581734
8627062
9193940
9283994
9284014
9328130
9442244
9507251
9557585
9688743
9811223
9996113
10154745
10154762
10619283
10770847
10854721
10996637
11015740
11394922
11482345
11703698
11713593
11770162
11809081
12059066
12074589
12415455
12495918
12804769
13017293
13106102
13237616
13237845
13238192
13238240
13238246
13263913
13353099
13371829
13405597
13438721
13438725
13440522
13503345
13736368
13814400
14306038
14326567
14664136
14712927
14766932
14796810
14844521
14967723
15000167
15001078
15043122
15122296
15164421
15456579
15874068
15919716
16105524
16146026
16204162
16237939
16248590
16434952
16493934
16545803
16578711
16686657
16725663
16740511
16773955
17068775
17117011
17117016
17191979
17311562
17365924
17384793
17429394
17434424
17526230
17722521
18040717
18201775
18263616
18657289
18662610
18969705
18996666
19059334
19094103
19120028
19180053
19565951
19736156
19737267
19811094
19823375
19996028
20017759
20106569
20172582
20304059
20576125
20585669
20741932
20892846
21057471
21089324
21089336
21197201
21340833
21372847
21439524
21798206
21894101
22025475
22130427
22295186
22468810
22479823
22640688
22863820
22912314
22953729
23195590
23341845
23348106
23787645
24285954
24409160
24744140
24832224
24853682
24895774
24922020
24975171
25049968
25088032
25232238
25747635
25887469
25896323
26169966
26269868
26270215
26340124
26536717
26536719
