2470707
2521159
2503549
2510833
2513639
2500793
2520942
2506206
2465682
2533606
2473045
2506415
2495637
2488934
2517613
2514348
2486118
2484086
2491315
2540939
2507347
2517717
2476045
2493848
2508890
2511749
2488221
2520322
2525650
2497954
2459168
2496106
2497093
2450110
2493521
2476151
2451593
2526152
2542044
2487498
2487178
2500541
2538509
2513241
2464593
2480871
2467057
2476750
2476484
2502267
2475684
2517785
2494709
2484379
2516490
2515498
2432061
2510719
2501579
2499982
2496756
2492142
2500105
2516965
2495405
2545483
2497479
2471820
2470295
2472881
2522382
2495693
2505841
2486267
2476101
2451909
2486905
2549599
2442642
2475820
2542161
2457045
2505304
2504943
2493660
2489381
2492979
2492383
2522010
2502246
2486863
2523676
2505710
2472763
2480991
2504955
2509469
2504745
2506872
2522467
2511053
2524060
2499098
2473213
2532514
2528098
2518403
2507285
2572251
2544988
2477821
2500046
2565716
2502778
2475608
2498490
2519271
2527963
2526778
2511287
2494827
2499518
2492054
2504113
2497951
2482893
2494226
2496300
2482694
2487269
2496726
2487025
2495818
2535700
2484040
2492035
2490662
2480832
2523951
2485985
2478728
2491182
2506469
2499612
2510346
2514271
2519782
2510521
2504513
2483988
2507127
2521185
2516518
2481744
2531066
2499994
2487601
2504351
2519670
2500040
2510173
2491816
2524274
2466783
2491582
2476901
2555755
2492789
2502264
2494556
2472110
2524451
2500838
2495321
2513097
2533524
2491527
2525828
2495258
2540207
2510387
2473866
2466642
2508974
2477508
2447442
2506901
2518414
2502656
2487583
2501970
2513453
2487301
2526664
2498224
2526508
2509183
2479256
2498118
2499071
2514278
2515154
2520318
2518479
2491269
2496398
2483878
2502283
2507608
2509092
2491284
2519085
2560928
2521190
2506997
2501614
2499313
2510432
2468370
2466719
2537685
2468675
2510476
2480135
2484494
2492293
2462581
2506100
2489811
2523363
2489665
2514191
2499433
2482718
2487607
2514221
2545024
2486686
2490201
2506017
2476423
2505375
2471716
2508327
2521617
2502795
2525601
2501175
2487805
2495113
2487673
2485626
2498374
2519917
2476488
2489896
2510438
2554850
2478553
2526292
2503333
2510980
2504051
2484134
2496854
2529752
2486503
2489589
2502137
2473103
2504769
2524636
2505050
2515416
2496409
2461189
2460404
2501327
2477617
2477179
2505612
2509815
2489868
2519177
2495426
2519557
2494766
2533283
2502116
2479150
2471068
2519801
2526600
2483568
2510264
2499826
2537627
2546386
2532455
2489097
2491230
2502955
2515959
2511750
2479255
2512396
2506346
2480387
2491004
2530374
2487780
2485501
2514991
2496116
2464657
2488533
2516505
2453447
2515564
2524737
2505606
2453686
2497206
2451977
2517473
2537209
2486426
2490878
2469104
2535169
2498698
2534539
2503342
2500964
2509384
2466898
2460156
2457758
2474918
2501542
2491612
2467155
2511351
2496681
2489310
2476231
2506486
2514806
2472237
2529040
2495474
2519228
2499275
2498423
2532273
2514841
2512981
2489615
2527360
2530155
2481309
2479507
2528910
2459680
2484664
2552213
2500309
2505560
2528685
2476855
2531803
2468427
2474030
2467153
2509586
2470935
2472706
2507514
2485517
2529245
2494529
2496554
2529585
2494296
2523253
2544992
2535072
2482725
2477389
2499357
2526543
2453715
2479314
2544773
2520442
2487836
2512927
2483649
2466364
2482885
2525965
2496229
2474086
2475795
2509999
2489464
2530259
2517705
2464457
2500027
2485521
2518019
2527489
2509837
2509623
2514818
2484191
2493143
2512665
2496982
2505486
2527831
2493570
2488414
2485269
2521117
2501283
2541677
2504762
2514304
2489399
2501428
2510200
2476148
2530007
2508003
2496154
2488037
2495271
2511731
2556634
2506286
2507964
2534205
2527688
2514707
2507820
2488661
2495153
2492458
2474938
2502639
2554033
2519435
2511886
2510635
2490557
2500168
2470672
2454243
2491164
2491584
2487291
2508907
2481079
2471030
2538044
2473149
2499724
2526288
2486149
2467729
2513363
2483581
2525436
2484010
2501969
2491563
2556410
2496632
2487917
2528661
2502455
2505630
2506712
2513425
2449244
2461961
2518089
2488615
2471598
2508644
2504996
2489505
2498121
2537361
2536244
2497504
2483977
2524776
2496361
2476521
2501286
2515467
2496449
2509317
2481767
2492370
2490860
2511207
2474202
2470021
2522581
2478196
2468771
2453951
2487066
2486170
2485689
2498424
2539856
2547192
2478560
2505497
2466149
2506655
2517888
2513711
2537073
2492357
2504766
2499760
2514941
2476786
2512858
2507903
2470132
2486515
2511327
2502198
2503915
2492604
2525702
2509180
2481853
2518945
2519762
2490055
2506228
2502320
2526756
2496527
2477328
2514827
2457294
2480581
2488445
2495908
2506463
2523386
2545644
2494531
2502093
2512637
2505451
2501210
2519617
2504714
2502603
2527589
2472774
2537978
2500280
2546427
2468246
2492621
2523364
2515888
2505227
2525796
2524231
2495223
2491111
2539510
2533506
2501417
2517248
2493900
2521489
2492521
2499797
2467618
2491085
2472592
2514194
2494458
2487449
2496851
2509736
2464991
2540243
2520172
2503493
2486028
2509175
2494716
2491652
2500099
2496927
2507211
2494192
2473281
2540744
2482098
2513888
2514850
2521554
2527225
2503767
2511507
2517903
2509252
2514268
2490474
2492295
2469262
2525143
2482255
2513272
2489873
2514240
2501165
2535003
2540849
2502488
2479058
2496744
2537971
2500098
2480262
2537909
2474850
2510100
2486729
2499439
2493821
2495512
2467468
2479890
2515651
2475424
2518215
2521601
2507391
2492556
2507498
2541293
2517317
2502927
2525092
2524382
2508594
2484370
2491186
2480350
2476113
2499320
2495380
2477070
2496640
2509383
2487085
2522568
2514537
2526560
2505912
2503212
2493400
2494124
2501711
2501481
2504291
2506815
2478653
2536455
2467617
2495120
2520134
2522014
2525051
2502118
2461510
2496508
2512758
2503494
2502160
2499447
2496104
2507344
2491227
2493336
2515244
2507071
2507393
2466173
2510631
2487416
2514502
2519578
2524884
2512910
2530471
2493341
2510574
2491964
2515580
2522326
2498603
2484062
2528780
2513665
2460576
2491865
2515266
2537223
2477760
2501703
2513867
2511334
2526007
2483897
2490605
2498977
2517622
2477108
2477519
2519064
2480567
2488908
2520705
2497029
2504814
2459136
2511964
2517427
2501616
2492888
2457913
2480740
2528204
2510938
2518701
2534063
2504464
2509330
2481686
2502368
2511446
2485359
2519399
2513262
2478095
2533847
2517212
2472768
2524054
2485287
2502459
2484386
2530487
2513971
2498469
2512487
2516763
2499678
2552670
2507914
2502107
2523110
2476630
2476642
2496908
2484965
2501000
2491730
2521437
2512240
2440940
2524532
2514900
2526513
2485351
2517165
2483056
2506715
2498239
2473030
2503821
2511061
2508379
2491479
2496686
2506261
2484780
2502522
2504322
2493919
2535527
2520575
2496828
2499617
2455676
2506518
2482384
2486246
2495557
2505680
2517946
2497125
2498198
2500933
2513436
2513560
2512067
2486252
2517226
2493088
2517178
2489065
2509108
2527674
2518688
2477175
2517269
2516226
2531703
2525739
2483180
2515170
2475782
2494221
2532479
2497227
2477053
2462868
2479325
2523706
2450836
2467784
2499455
2521862
2559743
2491229
2475764
2480397
2537226
2512984
2507138
2516646
2529889
2488974
2492949
2502744
2526344
2533872
2486870
2475613
2520893
2513825
2524754
2514737
2487299
2541454
2519436
2521008
2510708
2509571
2488472
2486035
2463468
2499573
2477366
2494641
2536336
2507178
2494849
2483391
2526137
2510827
2527864
2500839
2510683
2462279
2523835
2507418
2506280
2546175
2456798
2531579
2521781
2525893
2503469
2519083
2487566
2460384
2498895
2532362
2493133
2524966
2499237
2518387
2471581
2481388
2475164
2484856
2505501
2512280
2499330
2490777
2485508
2512480
2515002
2490690
2509729
2461841
2505935
2525025
2512945
2525016
2559613
2463391
2480400
2523813
2485034
2530736
2491884
2520441
2493979
2485250
2509237
2509165
2499915
2487465
2517567
2480119
2498792
2468498
2510437
2510294
2487455
2511103
2515351
2497474
2499421
2507884
2495761
2514329
2476381
2480346
2497673
2497675
2499031
2483289
2509733
2504774
2535585
2512520
2499508
2501161
2518718
2485787
2490594
2503960
2523873
2496304
2506949
2490442
2469982
2472547
2485410
2530744
2472119
2519759
2477619
2504894
2507087
2500461
2460897
2499743
2490290
2556279
2543595
2489266
2494232
2475730
2536466
2505999
2471099
2498181
2505189
2493271
2529142
2516410
2500149
2454963
2510704
2481325
2522703
2503046
2528573
2474546
2527739
2459131
2484983
2503849
2471629
2529365
2523419
2440327
2483528
2490749
2470057
2513512
2491434
2511960
2511775
2478516
2517626
2461872
2519845
2512418
2509140
2504609
2488688
2527770
2505709
2515655
2505317
2503892
2494941
2491809
2482461
2494239
2507995
2540138
2497858
2501496
2532777
2466472
2476220
2496079
2504125
2552515
2480641
2501457
2496010
2517988
2480795
2521561
2524721
2520845
2516749
2500346
2460157
2473077
2484752
2505759
2511725
2493743
2519094
2494369
2516094
2506109
2475064
2504385
2481872
2498466
2472941
2516281
2521655
2520281
2505242
2534184
2490566
2494762
2542689
2518225
2489643
2480457
2520238
2477958
2464854
2526251
2510209
2477984
2536569
2520009
2480380
2516242
2470409
2493231
2488859
2489575
2515173
2509721
2481343
2504886
2542489
2495346
2518607
2514654
2498288
2512443
2523189
2503747
2485239
2495286
2498680
2510694
2490619
2513223
2482475
2516948
2513328
2517621
2492483
2494329
2495391
2501506
2468358
2509508
2517587
2534810
2503182
2491474
2498878
2502547
2510181
2498301
2504973
2493280
2464246
2534229
2518669
2477364
2483436
2498373
2487966
2480089
2496670
2496443
2531442
2512042
2502843
2506262
2507390
2458663
2514423
2496424
2519779
2473744
2479701
2492820
2468110
2472864
2512849
2498637
2495529
2496458
2481334
2513012
2507170
2507495
2507817
2519192
2488130
2512229
2504296
2509250
2514412
2479879
2491553
2491801
2498140
2528017
2491917
2530140
2474896
2485183
2486781
2512137
2477381
2493279
2496142
2494224
2513903
2487578
2489880
2504037
2483181
2482633
2519129
2495159
2480012
2538479
2462425
2503467
2485493
2486836
2474709
2514010
2494435
2509321
2500878
2517546
2500193
2517926
2477092
2487748
2491068
2525313
2509351
2491915
2476444
2505901
2509156
2487726
2522028
2497188
2521613
2511556
2498930
2478109
2514842
2506110
2475545
2485071
2491225
2548557
2499961
2489581
2490663
2499626
2491446
2459779
2505103
2473618
2493529
2494800
2511532
2516556
2493014
2488686
2464707
2459712
2544844
2520363
2516799
2501137
2492433
2523649
2502535
2507720
2524788
2476180
2527229
2512753
2486842
2508882
2553815
2473338
2504520
2513713
2482755
2478346
2487967
2512365
2531552
2493843
2506979
2491328
2482926
2447654
2488914
2501585
2478405
2493781
2515818
2488089
2500269
2493672
2517232
2476255
2485121
2480527
2511237
2517939
2548657
2503269
2503901
2456381
2518461
2492139
2431289
2516996
2521654
2478563
2481031
2492472
2521071
2496467
2532719
2505634
2512330
2488131
2519180
2526602
2489165
2512633
2482179
2489014
2464057
2497831
2531128
2537067
2480590
2526739
2492525
2491069
2460978
2473427
2507092
2542724
2452244
2536695
2472099
2492221
2474853
2497764
2477597
2535627
2499375
2493706
2463435
2511090
2504136
2475242
2542840
2511043
2549370
2517408
2496770
2508638
2510373
2515576
2514704
2506229
2468095
2511836
2483778
2512216
2474671
2501016
2529867
2508449
2538867
2513251
2521173
2494867
2463452
2517280
2496186
2473174
2482222
2501727
2510718
2554145
2462173
2489317
2490898
2494959
2494732
2529976
2514984
2493638
2528112
2497115
2506330
2466578
2467698
2516337
2511784
2516438
2495259
2534612
2529554
2497886
2506496
2508722
2528382
2503927
2503756
2486304
2532962
2516220
2516320
2506527
2513338
2498554
2494949
2486911
2505110
2480801
2500981
2525916
2499353
2512425
2482786
2476963
2461211
2530356
2510251
2516137
2471940
2473068
2470370
2508215
2463781
2499478
2507469
2494395
2513553
2474994
2509561
2481439
2530818
2496208
2518998
2507128
2449157
2496320
2497130
2526379
2549402
2501363
2496716
2506153
2508921
2516302
2540551
2462564
2526705
2508055
2517561
2477370
2494411
2519623
2505097
2502106
2499188
2467523
2508347
2498607
2496945
2484513
2495480
2500960
2499358
2489059
2525928
2451670
2481832
2486076
2517547
2512912
2514614
2512105
2470311
2500209
2526798
2517132
2470214
2484567
2526020
2476862
2524323
2499602
2523671
2457184
2493361
2482520
2506917
2485917
2490111
2469546
2499386
2522527
2531712
2525072
2550243
2483035
2479091
2478018
2496128
2514021
2536509
2488525
2494938
2471261
2524660
2520127
2521714
2519261
2540222
2481900
2479609
2460396
2491668
2467693
2522223
2485846
2472867
2495233
2521300
2505237
2524786
2505190
2506387
2516398
2483240
2499957
2486092
2531236
2468720
2508864
2505984
2503598
2509367
2507042
2502999
2485364
2511614
2479369
2495603
2474775
2495631
2521271
2482975
2526298
2514421
2513562
2521319
2485102
2506739
2505232
2491625
2506749
2478085
2523889
2494636
2519110
2496174
2509204
2498557
2510154
2504532
2505798
2510141
2499540
2471131
2483838
2508714
2498587
2474274
2536612
2495497
2487877
2486496
2498082
2499949
2526162
2493215
2510119
2498826
2529712
2527606
2497267
2517327
2532876
2493542
2522827
2548107
2447720
2509073
2485424
2538668
2498690
2511589
2507948
2495565
2522161
2509728
2495158
2511885
2485339
2505438
2480216
2494497
2503900
2498954
2516671
2510333
2516524
2526747
2501809
2496268
2516157
2491673
2476622
2526841
2493326
2497871
2514792
2508114
2490765
2469739
2523181
2492366
2520951
2444684
2504768
2490215
2486142
2507440
2490701
2508973
2486126
2531110
2476557
2519335
2552880
2512282
2538096
2496211
2485838
2519905
2509206
2523471
2502924
2528668
2514176
2518184
2500595
2457619
2480461
2488436
2496000
2480018
2511389
2499938
2513514
2520236
2530572
2502234
2506522
2476145
2479154
2492912
2500491
2498265
2452764
2505442
2490526
2498776
2515015
2509160
2509563
2515817
2524522
2490623
2473203
2494482
2532110
2468508
2523968
2511651
2493678
2489714
2430415
2462639
2496275
2531935
2514554
2505939
2465681
2483613
2491765
2513205
2503102
2489720
2533576
2496576
2517736
2528961
2510406
2533339
2521844
2499568
2481378
2493148
2457754
2484561
2515051
2522397
2514729
2491199
2492751
2510856
2486352
2491534
2493855
2494129
2471764
2499100
2506623
2493087
2479831
2487223
2482121
2512201
2525933
2472318
2498509
2523972
2502990
2492656
2515344
2478086
2448070
2497316
2515998
2495404
2492493
2481164
2505219
2491063
2517538
2477076
2502486
2490311
2531390
2481482
2490601
2491786
2480438
2524333
2524531
2499504
2504207
2477936
2462817
2511658
2488366
2472834
2507280
2494903
2510832
2526877
2486143
2465304
2485051
2479397
2476891
2495738
2512630
2502111
2505474
2471056
2505797
2486712
2478339
2516257
2502852
2505262
2482486
2505839
2473882
2485518
2516022
2505119
2510034
2484437
2506201
2504433
2464729
2495072
2519025
2515664
2521797
2492369
2522722
2529583
2511723
2480389
2467959
2483451
2515085
2509104
2477094
2525325
2518074
2505920
2473819
2516737
2512607
2475292
2507000
2518262
2505214
2479675
2505755
2521982
2509648
2470737
2511436
2489285
2479353
2481143
2498905
2485128
2483125
2491185
2493594
2511123
2496172
2509111
2470652
2468470
2506204
2492797
2537930
2467570
2497028
2494890
2480043
2536298
2498092
2519298
2510206
2528114
2485211
2530348
2498773
2497477
2537210
2513725
2457976
2466965
2465624
2512513
2493439
2516846
2518922
2483796
2532355
2559587
2505627
2513566
2543342
2534528
2531544
2477477
2507240
2502765
2530935
2492415
2467989
2526685
2538623
2500448
2494331
2523406
2500475
2499772
2503283
2468674
2515841
2507793
2506141
2508089
2452003
2504257
2464801
2503390
2501662
2516330
2484595
2530679
2482149
2485569
2489183
2501593
2481355
2474904
2480054
2491487
2494954
2480774
2464604
2485240
2464512
2480368
2547779
2502556
2521435
2499117
2506279
2475930
2541133
2466088
2514094
2500523
2508796
2502393
2501656
2528122
2504130
2530042
2521662
2511121
2494719
2494894
2509418
2463395
2486172
2557764
2515504
2493552
2499891
2511802
2476866
2499193
2504380
2513089
2507947
2501824
2504043
2519798
2507700
2523219
2535841
2495544
2474374
2490148
2492880
2541590
2481514
2516748
2512331
2512833
2480935
2522184
2461310
2480963
2493978
2507501
2484537
2536665
2504292
2493807
2522199
2525362
2516489
2459369
2501064
2475301
2534782
2508352
2479915
2537372
2464437
2488802
2488609
2504514
2541754
2567519
2543209
2523886
2502421
2496445
2524743
2474937
2513046
2527922
2530879
2478126
2508224
2509179
2511018
2497725
2497021
2459315
2510344
2487410
2544467
2521103
2508152
2486494
2495888
2496892
2484688
2491757
2492926
2519443
2493141
2514590
2517585
2531890
2490209
2479519
2526376
2504957
2475356
2487496
2492209
2505249
2499215
2517470
2465532
2520017
2501582
2500819
2513814
2495066
2499619
2495337
2504541
2523455
2544862
2520733
2491228
2465250
2507986
2507790
2488039
2489555
2515665
2525194
2516688
2502080
2468716
2485553
2502193
2499875
2503711
2498944
2496740
2523957
2508156
2535360
2475552
2502175
2513296
2495629
2510974
2532948
2516844
2501892
2467310
2489817
2475550
2486427
2492866
2534427
2551258
2498814
2475594
2511909
2490907
2503196
2485393
2540604
2512172
2521367
2521774
2511221
2514582
2533381
2478226
2522503
2462774
2509992
2484927
2496159
2499640
2494201
2509577
2491657
2469578
2492418
2483085
2509288
2478749
2488651
2527662
2510103
2490307
2512038
2500665
2532854
2474360
2520834
2550603
2502473
2489980
2529035
2474633
2522434
2501375
2492442
2487841
2529566
2477429
2494041
2513140
2468324
2530894
2482572
2499600
2520203
2493847
2454178
2503286
2486652
2517420
2497754
2496671
2521342
2493646
2498572
2520707
2470378
2503786
2518801
2507075
2465620
2498232
2493975
2503087
2478210
2495277
2491616
2499134
2504954
2506038
2504597
2516059
2512319
2497934
2494613
2454492
2482237
2502027
2494148
2483054
2514308
2537568
2525358
2520328
2484581
2497811
2496528
2468437
2521404
2483473
2522215
2517374
2519551
2504624
2505535
2526374
2502091
2508042
2525755
2476850
2496989
2488574
2475884
2488468
2488642
2454951
2484654
2500370
2512474
2493583
2508414
2521291
2514356
2520788
2519502
2514257
2485832
2555012
2493619
2464301
2492931
2467887
2531184
2474171
2501671
2483301
2482159
2464410
2549935
2510764
2462910
2479536
2491062
2466703
2475564
2502145
2486313
2507929
2483145
2496921
2469012
2495381
2473012
2499615
2521512
2516936
2510208
2493481
2539027
2518304
2505152
2504721
2475305
2497126
2516581
2500434
2518536
2497159
2496944
2522095
2522064
2496514
2495885
2498513
2495057
2495560
2493562
2510152
2480717
2484483
2520340
2465253
2507277
2529669
2523616
2497551
2485594
2478008
2497528
2493934
2510864
2480279
2484520
2468155
2467629
2508878
2480347
2506716
2507332
2499373
2472780
2497341
2479980
2514020
2500551
2511339
2502991
2532544
2518097
2485911
2542126
2516801
2492135
2505263
2482996
2463312
2507561
2506379
2498565
2517456
2500458
2477706
2478542
2514511
2529713
2531664
2472007
2514475
2507788
2484172
2518375
2481199
2467381
2488196
2504889
2501332
2498213
2481873
2519844
2514600
2495707
2480463
2514661
2548204
2500724
2489255
2526154
2507828
2515185
2530962
2515427
2533686
2514780
2476403
2523333
2500342
2491996
2497225
2510411
2522135
2503834
2474199
2517433
2496218
2476486
2486086
2490057
2522737
2493734
2525039
2511210
2474734
2529299
2501040
2491959
2535559
2507189
2515424
2492070
2501694
2500062
2543574
2529896
2485729
2518896
2482258
2513584
2478132
2499361
2509944
2527764
2543449
2522548
2518242
2526282
2482568
2520912
2480067
2495906
2499900
2477077
2508195
2496781
2456243
2460630
2513705
2493153
2465242
2473850
2483249
2537431
2485900
2494087
2468654
2509486
2486841
2488191
2527037
2514783
2496230
2474988
2506964
2513378
2514049
2538191
2527461
2505116
2488218
2500123
2525590
2487835
2495938
2529667
2489210
2527172
2518706
2483969
2478487
2487928
2498951
2511294
2469074
2489774
2506504
2469625
2490975
2517801
2498342
2498246
2485081
2513334
2517735
2511233
2488216
2507658
2471660
2517113
2509529
2513138
2529185
2533840
2517085
2518169
2503889
2518874
2500746
2504183
2483900
2498334
2476165
2502348
2521941
2504307
2478108
2516616
2509056
2489678
2513768
2514706
2519550
2492958
2459807
2483363
2493168
2534571
2459515
2484113
2511816
2519649
2478197
2527184
2499444
2494394
2475592
2530698
2495431
2484295
2502565
2524916
2488569
2543034
2506385
2495213
2519184
2512313
2498039
2476353
2502259
2495041
2539394
2503296
2502858
2479114
2518918
2481431
2487254
2488255
2510836
2511512
2499582
2506837
2482295
2522982
2502687
2479345
2473919
2537375
2513288
2488927
2471747
2508987
2502972
2514718
2479776
2516741
2491044
2484690
2467071
2487792
2494491
2499040
2482456
2487950
2509018
2488722
2504192
2486723
2492755
2494438
2515916
2512017
2497066
2486616
2543902
2476406
2502212
2496867
2471492
2469629
2477420
2501236
2492915
2519095
2472307
2486005
2488627
2479498
2517814
2486804
2499453
2465366
2458148
2479627
2535105
2512090
2498495
2513441
2492733
2496813
2494035
2523799
2492889
2501710
2510046
2505676
2508605
2512748
2487760
2491440
2520372
2492429
2512228
2498630
2488690
2506266
2484357
2481197
2468158
2502461
2475812
2482569
2512860
2508958
2516573
2500571
2499355
2527330
2483150
2493429
2487764
2489215
2495628
2511395
2523500
2507682
2473395
2471611
2486936
2498073
2504831
2491911
2498806
2471970
2509136
2483632
2483401
2510964
2515392
2483962
2475067
2506610
2514917
2477633
2526570
2509874
2474694
2489934
2454368
2513316
2480870
2534420
2504582
2492024
2522236
2508200
2518751
2483428
2503942
2537511
2497662
2493354
2563671
2501136
2459606
2501390
2519190
2501984
2526740
2544349
2498218
2531643
2482855
2501231
2506988
2477276
2514243
2530478
2502812
2499017
2460262
2530914
2503199
2490441
2487866
2506880
2498472
2503010
2518465
2480048
2516978
2516975
2502440
2510957
2501224
2505071
2479008
2491751
2497550
2516865
2478496
2505492
2507553
2505000
2516360
2493970
2504155
2514976
2516520
2509865
2514790
2486596
2549524
2503219
2515617
2504860
2531312
2532098
2532825
2456717
2499952
2490684
2491927
2512766
2511792
2492964
2514903
2496305
2498430
2461991
2467908
2479355
2467994
2500736
2505529
2499298
2512669
2518937
2472225
2512720
2516134
2501493
2521010
2529056
2533336
2534802
2493565
2459872
2482976
2474534
2504558
2500417
2514322
2492959
2523109
2487404
2524046
2521476
2513232
2495085
2471049
2506632
2495743
2507895
2488763
2478512
2485819
2475432
2529351
2449673
2495921
2526649
2513484
2505982
2525572
2518265
2510828
2514112
2481224
2468453
2524836
2488448
2536823
2534616
2486421
2512737
2500716
2498161
2487741
2513962
2514747
2467482
2483766
2463882
2510874
2517066
2541044
2505397
2503142
2512593
2502559
2525028
2526522
2460412
2486264
2497181
2498452
2515559
2505527
2483850
2483095
2527726
2475311
2474296
2498650
2480475
2516253
2486874
2504070
2517533
2501535
2501118
2483852
2487646
2482687
2511313
2476093
2521219
2523999
2504951
2482918
2483652
2508189
2513266
2467108
2494354
2514863
2531961
2529230
2510305
2488551
2475141
2539666
2511414
2500057
2485892
2498021
2527949
2520023
2487638
2477449
2478104
2505178
2500242
2507991
2473859
2544217
2515994
2482405
2494234
2472816
2523868
2518056
2496894
2524062
2473566
2490859
2506741
2490799
2489307
2495365
2495075
2507730
2445198
2498185
2519532
2511928
2495000
2512895
2496121
2521455
2507430
2512159
2531445
2534506
2515086
2486877
2491089
2505269
2518940
2485067
2475180
2494062
2494441
2483047
2507477
2481348
2476776
2534635
2512515
2493522
2515292
2526387
2466010
2520139
2528395
2463848
2476902
2510375
2509427
2527901
2512434
2492013
2529711
2494642
2475530
2479720
2527741
2488992
2515804
2476080
2492223
2489685
2515127
2467424
2519372
2502509
2503710
2494600
2533706
2492787
2532810
2468496
2498352
2511016
2508919
2486586
2496653
2513380
2515796
2482575
2487297
2519413
2484794
2504305
2473225
2500812
2503911
2528467
2470545
2512490
2501445
2490128
2544993
2491311
2487003
2497578
2477803
2504732
2486794
2505505
2508753
2456379
2537340
2476629
2482276
2498566
2520852
2514916
2535563
2540159
2503069
2481055
2476938
2489271
2491458
2473673
2491370
2505609
2519218
2502194
2514167
2538164
2520170
2496132
2484310
2475558
2490426
2480225
2517376
2546952
2495674
2507147
2488000
2516166
2513206
2479432
2524809
2494978
2499311
2485761
2525196
2489753
2507255
2497748
2500124
2506508
2472859
2519020
2467611
2490726
2500459
2548077
2465179
2474902
2513112
2474766
2472932
2508616
2487106
2467601
2521974
2505934
2495024
2513741
2516414
2487965
2514218
2496557
2482175
2529028
2519205
2474348
2503940
2468589
2476779
2506940
2529492
2486719
2535031
2464375
2494739
2483063
2471905
2478859
2497289
2481552
2490588
2507451
2490936
2525359
2510241
2487453
2469114
2450678
2494720
2519976
2504901
2500788
2472102
2488504
2515714
2530814
2500924
2505648
2484200
2491855
2461406
2493954
2522302
2499953
2506341
2479184
2529023
2508367
2538313
2492412
2522790
2501832
2482208
2544857
2525095
2532616
2502984
2483667
2487312
2475539
2508395
2488786
2512595
2514544
2476314
2497921
2496088
2520110
2486025
2470940
2520833
2479468
2503403
2471553
2499933
2500010
2522492
2496056
2494559
2502354
2488932
2458622
2512475
2467593
2514153
2478795
2526635
2475156
2466958
2477660
2509621
2514181
2511194
2513194
2504799
2528265
2504047
2508514
2516663
2503279
2475676
2492015
2510545
2467049
2502083
2499652
2462453
2516555
2482293
2500928
2466156
2480760
2506566
2490153
2520676
2500494
2509966
2484355
2486542
2472977
2476763
2461227
2488732
2492633
2529385
2492614
2511695
2486752
2522338
2486744
2485152
2539894
2536554
2538912
2474989
2491470
2483014
2484360
2526314
2481005
2508362
2520730
2525455
2492643
2460636
2480726
2498482
2516143
2529951
2476795
2502876
2466872
2500101
2518230
2523019
2464304
2539897
2468058
2502102
2492155
2451590
2489018
2487285
2507723
2512036
2481074
2489318
2509514
2503243
2475173
2553201
2495447
2495696
2478142
2503723
2499032
2493289
2496101
2454684
2501545
2516732
2509894
2500009
2517860
2531482
2502558
2523401
2478420
2496175
2489605
2484001
2511429
2516898
2511584
2528100
2526769
2474531
2503916
2501939
2492878
2504300
2492759
2519861
2505082
2516420
2506643
2473195
2486504
2490332
2485960
2496271
2514043
2465102
2492320
2509377
2506875
2489214
2489493
2519017
2498203
2512745
2483714
2506863
2510465
2497403
2510782
2490618
2518285
2501798
2506943
2489405
2526667
2515066
2494791
2474712
2516304
2485609
2552431
2529176
2521429
2492313
2532820
2497335
2515586
2457282
2511993
2496932
2533545
2474905
2481766
2512864
2479344
2493867
2520375
2498908
2520622
2515098
2525434
2522891
2493771
2491179
2528896
2497464
2480016
2482261
2502359
2504486
2494731
2494591
2520438
2478824
2511922
2463434
2493871
2452211
2526363
2519753
2454272
2525913
2481579
2530335
2503315
2520020
2475969
2496792
2504633
2513875
2482765
2498111
2496723
2539428
2516583
2444362
2501186
2515414
2561479
2519691
2500186
2478114
2492994
2496971
2476755
2488204
2465739
2499398
2499676
2495630
2487076
2473017
2489915
2483243
2513091
2518368
2467880
2477873
2503105
2491262
2460391
2496476
2510541
2483911
2518517
2504591
2495993
2503836
2530008
2510000
2464932
2489008
2494393
2518674
2478889
2474170
2514765
2521847
2502442
2526656
2505605
2489356
2475043
2492629
2513067
2493218
2493929
2528622
2494262
2479386
2506889
2467988
2486958
2514223
2495495
2494896
2491346
2487282
2495343
2517477
2488966
2477194
2504082
2547765
2471360
2482999
2498538
2446655
2502038
2518739
2477067
2500273
2515988
2478429
2495823
2489311
2526472
2473251
2487639
2494452
2499393
2470327
2489021
2510824
2510041
2509261
2499948
2495217
2501947
2496240
2525520
2453982
2506080
2490825
2499912
2475381
2486010
2492584
2466913
2521401
2508772
2514861
2476816
2490762
2494410
2475685
2507235
2517900
2491436
2494493
2466220
2508212
2509267
2513271
2491642
2498272
2506437
2528788
2487091
2479674
2512583
2472777
2494443
2512290
2525769
2510284
2481468
2523270
2512818
2504937
2499034
2488015
2538887
2531627
2491091
2487313
2512700
2528459
2511815
2510086
2494078
2514125
2489162
2526026
2472354
2501601
2499532
2528290
2520818
2504153
2482812
2481937
2538690
2509064
2521454
2502109
2485022
2477023
2493344
2526871
2436795
2481979
2510464
2487920
2500904
2534762
2504603
2515191
2488554
2497318
2499788
2492466
2521526
2518177
2520482
2485417
2494134
2498260
2506618
2544905
2491128
2487622
2516823
2509684
2500949
2472726
2524517
2498356
2500581
2503545
2504499
2505616
2519812
2497790
2474562
2510784
2471968
2520796
2525276
2512277
2454608
2514215
2467278
2473751
2498504
2492818
2520836
2520673
2474615
2484832
2480091
2498841
2509707
2482198
2502878
2501039
2514602
2497698
2503608
2543222
2471350
2481204
2490883
2496837
2517075
2487280
2518467
2486066
2499929
2497809
2462080
2488990
2518058
2504525
2485919
2528871
2524861
2491310
2480146
2478671
2495399
2513567
2493732
2518855
2459533
2484813
2481360
2511338
2492470
2514813
2487255
2501869
2459876
2494635
2471543
2485593
2515219
2519568
2503818
2478719
2499892
2483299
2506454
2474402
2527501
2485727
2507621
2472250
2507159
2471994
2515746
2511879
2519219
2477201
2465230
2476788
2496553
2542062
2498159
2493265
2487623
2483241
2484551
2537660
2494898
2472157
2497142
2498544
2469531
2495978
2472349
2483102
2498545
2473953
2487188
2510463
2497211
2512757
2508238
2507596
2530024
2521268
2469805
2479274
2503020
2526126
2468274
2474237
2483230
2524276
2505132
2522313
2484905
2517070
2492066
2509069
2496411
2481395
2477436
2489199
2516602
2479460
2441237
2535893
2515604
2512618
2471491
2491174
2501663
2510101
2510473
2455730
2518389
2514018
2511832
2472408
2516454
2514915
2470150
2512650
2518763
2491568
2462534
2513781
2505843
2462313
2519426
2516207
2480110
2489981
2473460
2477712
2530629
2522351
2486021
2535278
2493075
2542509
2494246
2491953
2558880
2506059
2464152
2505642
2491291
2512089
2502971
2510382
2477348
2506869
2451518
2530090
2504143
2498411
2449932
2474474
2507313
2492662
2500722
2471156
2499932
2472253
2540872
2507643
2526647
2499819
2521023
2514296
2451536
2500080
2496710
2522594
2484419
2523798
2471843
2494156
2491226
2542049
2513061
2459246
2498174
2481816
2442648
2481123
2484727
2509192
2476552
2509280
2494514
2493364
2479689
2485801
2552889
2507104
2512809
2513268
2539243
2494859
2493418
2491726
2495907
2468680
2519508
2513974
2500590
2508516
2495876
2485812
2483744
2519047
2529524
2456402
2497848
2495143
2519024
2500116
2468262
2493519
2515459
2542360
2493177
2525724
2471632
2520557
2490427
2476718
2505771
2540349
2489945
2514856
2482979
2502226
2486436
2477096
2492017
2501577
2482403
2466809
2474302
2495867
2485785
2489614
2524149
2503641
2480686
2504027
2555612
2496250
2485624
2469383
2526181
2483477
2507453
2436265
2519060
2502657
2518899
2484735
2500955
2498291
2507686
2508151
2490900
2488635
2525824
2538010
2510790
2500335
2500041
2478817
2488806
2471020
2493310
2530105
2517072
2498833
2477892
2474795
2497906
2524472
2513830
2503244
2534954
2475738
2495055
2482142
2515915
2499960
2505992
2524872
2485199
2457483
2494876
2473259
2494593
2532396
2487452
2516011
2516480
2482135
2495332
2535448
2487897
2506267
2503880
2502670
2490546
2521637
2457992
2516839
2482326
2510816
2530303
2509584
2519408
2469698
2500661
2495436
2530921
2507500
2540584
2528416
2482426
2471683
2489556
2497537
2497794
2504702
2473663
2491380
2498822
2473419
2494965
2531831
2527779
2529074
2457985
2496073
2475814
2517352
2510349
2510780
2505801
2505810
2471889
2478143
2477114
2500166
2523299
2535085
2469673
2534027
2501461
2489112
2506284
2475704
2522596
2480152
2501490
2502646
2517828
2518087
2537088
2493223
2510283
2466232
2488503
2522340
2485195
2515944
2472921
2456448
2502700
2489972
2496030
2499479
2500312
2496759
2506945
2515047
2463261
2481183
2482006
2512296
2491336
2501070
2503808
2524791
2491850
2513904
2492404
2481049
2498717
2500896
2507759
2491951
2505379
2539825
2491921
2494172
2508669
2499380
2495542
2495706
2508721
2494843
2508222
2470765
2490230
2506916
2461652
2545687
2480662
2487774
2487508
2496831
2502943
2481829
2514025
2510360
2521763
2495719
2491784
2498145
2510223
2504779
2490380
2515488
2474973
2505490
2513167
2506493
2481866
2540354
2509234
2536443
2467625
2505996
2523325
2511540
2563517
2511975
2525303
2521056
2491444
2525856
2490237
2490578
2480905
2509337
2486228
2487016
2502775
2518212
2517994
2481380
2477727
2509954
2501233
2491548
2490245
2477339
2522618
2502533
2503232
2481118
2493394
2520762
2506537
2517762
2513898
2491962
2513757
2515388
2499708
2501066
2469826
2470909
2515624
2515765
2518614
2507534
2484863
2508932
2489283
2510751
2517495
2488628
2491701
2456422
2507485
2485904
2504820
2525407
2512674
2467755
2463919
2490811
2504092
2492263
2518865
2477301
2506168
2502802
2520105
2489651
2509133
2503609
2470275
2502901
2497375
2486002
2489110
2514838
2480508
2500776
2504122
2511495
2499908
2495139
2472166
2510734
2479554
2493701
2493381
2478896
2492854
2510822
2468342
2487023
2520524
2501889
2504879
2482805
2504298
2503768
2504560
2506852
2497194
2541408
2512144
2522385
2510898
2507540
2484830
2468504
2553969
2503378
2451352
2510418
2523591
2485845
2508681
2506891
2486075
2543588
2483324
2499783
2462928
2489470
2463163
2481096
2499160
2490140
2477790
2505125
2521037
2502174
2488825
2501254
2479124
2512760
2526743
2521854
2475518
2519012
2510940
2532904
2512451
2499205
2524549
2522133
2485658
2476787
2496629
2495269
2493291
2485405
2509459
2475248
2495670
2491451
2546552
2518682
2495648
2503117
2466178
2484535
2507456
2525296
2498381
2467079
2543915
2477785
2490089
2529144
2512070
2488841
2520954
2498483
2514884
2507635
2493872
2477071
2468145
2497953
2530022
2488287
2524962
2548942
2521388
2513283
2488598
2496081
2489170
2511280
2474968
2474582
2512292
2532555
2489542
2514193
2494447
2519537
2489708
2465520
2460510
2457157
2484710
2536809
2499042
2527934
2508370
2520649
2502739
2514242
2484847
2483360
2498783
2493761
2507384
2484425
2520221
2478967
2482761
2464884
2527982
2498534
2479790
2496573
2490090
2480394
2500647
2500063
2512414
2481728
2515007
2499164
2506648
2533086
2526500
2501759
2520669
2489312
2531448
2493388
2504896
2506380
2496452
2490016
2530526
2486883
2476264
2465405
2511454
2499813
2480044
2464564
2509932
2510881
2502808
2475019
2536096
2486963
2510198
2511970
2512611
2483050
2507222
2501036
2507044
2463412
2478815
2493208
2508592
2512300
2476280
2524155
2510187
2491629
2514561
2526934
2536367
2502424
2511229
2526481
2497321
2548579
2489782
2520868
2503594
2525981
2516850
2449096
2486690
2493273
2491924
2502732
2501937
2535508
2471082
2537726
2520697
2511937
2491122
2507933
2474678
2449744
2489386
2483676
2479227
2526100
2522483
2517120
2518725
2506433
2474157
2483065
2470754
2505212
2536255
2480951
2486724
2478406
2496933
2491614
2496834
2518455
2512551
2489639
2515590
2527363
2488390
2516627
2504286
2493368
2494384
2496541
2494632
2490551
2544509
2500368
2503737
2475570
2522698
2505392
2531545
2522334
2451294
2457672
2522168
2534234
2520750
2480221
2491137
2482279
2528991
2509464
2528671
2476237
2504924
2482875
2486386
2506509
2478236
2502396
2471781
2518350
2519955
2548958
2481470
2448821
2490470
2520512
2514611
2497463
2523903
2485758
2520208
2496718
2478468
2528391
2472323
2522024
2478695
2554347
2498937
2501466
2499861
2490411
2548227
2478141
2494205
2504613
2531548
2504255
2497627
2483611
2540326
2539841
2478770
2522696
2489744
2482117
2524209
2516037
2507304
2512749
2484990
2528692
2507878
2516537
2518458
2505241
2479932
2469204
2512750
2497118
2533164
2510987
2491849
2519068
2502131
2478811
2512186
2494489
2513701
2534030
2517360
2498631
2516434
2502286
2487902
2496177
2524840
2525547
2470134
2518046
2516459
2496529
2478894
2477117
2505445
2483966
2477720
2515175
2507055
2494397
2504259
2484722
2520466
2533565
2472073
2498730
2491304
2490270
2495437
2481967
2542970
2474427
2504872
2515178
2478769
2453999
2540105
2528663
2497203
2490058
2491095
2496168
2498871
2523506
2510819
2520164
2533054
2508814
2484884
2489510
2504509
2482774
2489294
2517878
2474520
2490523
2486423
2532598
2514253
2508079
2506339
2484802
2506375
2490130
2510899
2524501
2466823
2501566
2511806
2511161
2514490
2474723
2490835
2485213
2504111
2493948
2482106
2485028
2492570
2470924
2528684
2538552
2527222
2510867
2512264
2516275
2519942
2520211
2488663
2533379
2507252
2474519
2493717
2500354
2483904
2492253
2499941
2522693
2532238
2504289
2532032
2511745
2505708
2491866
2510959
2487561
2450537
2481638
2497387
2504117
2484276
2511468
2483885
2515136
2535477
2476982
2534692
2543714
2522200
2516784
2487039
2511215
2512689
2493665
2524017
2504829
2513629
2494362
2495711
2532588
2479737
2528068
2535062
2478587
2508474
2466824
2488403
2499009
2521165
2512183
2494513
2495739
2497579
2471387
2475971
2476711
2492391
2518157
2537560
2491064
2517891
2486284
2472161
2519081
2477432
2482746
2491526
2493274
2447909
2509808
2493933
2458183
2500719
2468506
2501721
2469837
2496395
2496169
2508956
2499413
2507207
2521393
2533954
2474748
2469858
2515907
2522265
2480403
2510378
2504895
2498605
2509568
2536932
2501046
2504562
2480715
2509199
2487450
2480649
2485290
2536895
2492821
2473647
2464186
2494105
2498296
2508599
2467955
2515612
2504271
2495554
2499003
2492764
2485425
2482579
2478899
2505062
2489911
2460954
2492725
2485365
2485086
2506225
2491386
2489864
2511994
2526552
2482026
2502350
2514480
2523658
2509109
2503229
2491498
2490366
2522518
2498367
2524097
2511560
2469703
2543280
2494196
2468139
2461891
2489275
2474376
2485675
2469517
2482962
2495179
2491790
2497699
2523652
2498659
2514840
2505386
2489798
2494335
2492703
2500750
2484860
2504645
2471299
2561999
2506843
2471635
2491825
2517095
2498609
2505192
2489304
2476412
2470483
2462540
2514521
2482312
2487634
2498407
2515947
2546881
2485841
2505769
2530807
2495673
2488052
2500956
2474488
2515882
2481705
2494471
2491439
2484160
2486408
2511251
2477018
2487832
2533460
2483859
2488819
2512460
2488493
2516794
2503500
2473110
2498396
2515358
2467431
2493159
2479176
2482497
2490296
2498241
2505031
2498100
2483521
2487538
2499289
2483755
2536166
2500295
2450278
2465648
2475483
2518529
2501794
2480392
2506133
2490970
2517924
2517108
2509982
2484089
2509956
2531378
2509997
2520148
2497642
2512878
2491847
2514326
2484597
2517872
2486886
2494278
2495242
2508609
2490827
2511571
2496704
2497027
2487886
2497176
2483262
2487353
2510737
2506299
2473287
2518719
2496181
2488046
2485807
2503438
2471614
2476766
2443189
2477052
2466934
2501276
2493338
2462983
2495157
2485407
2509019
2508408
2477830
2499272
2438132
2510134
2501470
2488043
2541906
2558614
2500810
2524392
2537610
2488205
2508972
2495059
2472984
2503144
2521030
2496973
2491426
2493249
2529437
2503791
2466843
2508417
2502676
2481082
2487600
2546999
2485322
2529805
2542809
2515826
2497399
2505760
2526471
2509947
2498300
2482315
2456384
2509235
2487970
2525688
2506981
2505574
2538250
2509747
2483594
2524624
2499445
2494835
2501975
2508017
2528674
2480379
2487746
2474293
2477767
2514728
2505427
2489837
2504628
2518043
2498440
2502148
2510017
2547417
2512911
2497268
2514507
2454591
2510594
2489296
2480252
2514816
2474020
2519188
2498408
2488075
2519536
2541548
2489343
2471370
2496780
2499607
2556118
2505226
2489562
2531487
2520349
2490830
2470857
2488728
2531828
2512831
2465339
2514263
2516077
2505668
2500871
2500137
2488803
2460388
2518895
2488975
2508324
2487661
2511419
2465384
2493603
2489807
2523064
2496661
2479500
2493715
2494302
2506946
2505685
2511765
2539491
2492872
2493422
2526195
2493281
2490178
2472863
2497486
2506075
2518553
2479618
2521965
2473703
2469964
2511845
2494184
2487358
2524755
2508910
2471245
2472781
2515398
2474111
2501297
2507719
2505018
2504203
2485971
2511404
2500563
2511050
2475397
2517199
2487042
2534694
2501362
2509405
2498559
2480028
2485165
2510485
2492417
2540648
2481986
2473517
2503206
2472308
2512450
2503561
2512357
2497545
2512378
2527505
2440903
2507125
2512725
2466066
2490696
2505122
2507194
2484466
2481903
2503872
2490034
2536222
2491634
2499614
2507633
2497711
2487687
2533071
2492100
2534697
2468628
2489784
2516150
2474236
2506501
2531686
2520645
2496778
2530346
2494128
2525022
2501203
2488292
2491519
2531892
2488905
2517021
2546863
2509816
2522246
2491101
2510338
2494291
2501855
2485632
2548393
2460102
2512322
2461980
2512986
2474751
2513787
2498817
2509617
2471032
2486032
2541028
2538790
2502512
2499762
2527161
2497876
2509125
2515601
2500150
2520615
2520088
2461748
2546198
2514399
2485097
2525451
2430676
2479006
2516949
2512380
2466851
2471200
2522472
2484074
2499089
2516159
2476447
2526382
2529153
2503985
2468666
2489901
2502710
2487074
2502136
2474025
2514960
2487910
2481545
2514406
2486362
2539823
2499765
2504473
2468932
2508519
2487330
2507716
2469426
2508065
2481157
2513007
2493001
2500030
2527875
2478216
2510984
2514115
2472041
2473574
2517048
2512722
2495348
2483491
2493750
2467722
2495220
2505079
2497685
2516512
2524420
2488903
2472980
2491015
2516043
2516486
2467154
2498853
2499897
2491576
2465003
2520771
2535902
2530212
2509799
2485117
2509796
2520887
2505736
2517596
2491365
2531797
2514269
2498017
2512281
2493888
2500659
2480255
2492069
2458089
2493322
2487229
2519679
2508159
2529427
2491409
2529098
2532392
2490873
2504718
2482683
2466122
2482702
2480906
2506214
2487477
2515062
2479827
2502089
2503475
2508038
2517868
2472791
2480224
2487162
2478993
2496702
2512356
2497602
2493091
2507586
2509934
2480306
2532227
2512917
2494098
2505592
2514843
2493146
2499095
2516050
2510424
2490967
2507205
2469833
2486251
2487244
2508718
2511747
2523628
2504807
2499963
2504723
2493106
2479763
2507510
2473099
2468661
2446025
2459568
2507416
2498214
2491979
2552215
2536025
2508052
2532126
2508022
2497960
2468945
2488658
2495859
2525334
2526998
2514886
2518061
2470509
2517661
2500699
2540722
2524327
2517950
2481992
2509396
2499061
2500170
2483535
2496848
2459077
2505604
2478930
2537736
2486520
2507180
2488968
2480913
2487531
2484726
2480793
2519738
2545952
2504022
2513583
2465206
2501646
2507046
2474379
2525062
2534741
2490507
2489273
2516461
2538511
2471974
2501954
2546057
2508274
2532550
2534093
2465512
2506306
2521995
2540294
2495845
2478820
2480993
2500771
2519752
2477625
2495716
2471205
2486811
2509536
2525859
2507825
2483994
2496835
2528357
2547037
2485611
2481854
2498840
2494763
2507654
2505109
2515393
2481127
2484199
2542931
2514383
2493961
2477994
2511817
2513354
2494223
2504246
2521045
2531205
2469693
2513438
2475824
2511452
2502314
2485342
2485249
2493330
2519673
2516013
2481765
2467927
2509484
2507224
2491082
2477115
2511009
2506649
2447130
2476582
2510242
2472072
2455295
2491138
2471413
2492456
2523734
2488059
2498397
2505940
2479040
2487546
2491990
2480605
2470609
2526197
2468574
2522652
2511932
2499036
2481262
2491690
2479137
2501412
2462008
2534587
2509493
2524102
2468866
2519137
2505608
2481466
2438118
2521371
2499133
2482724
2478638
2547752
2539742
2514866
2497707
2499773
2507245
2503700
2504551
2484598
2458984
2517845
2516293
2471540
2513218
2475664
2495928
2487804
2482268
2491325
2475046
2485977
2493351
2535803
2528056
2526719
2494701
2517437
2474666
2491157
2515193
2469724
2507976
2456901
2466009
2519424
2550586
2502053
2524911
2514904
2543224
2504316
2517463
2516744
2505540
2514343
2526016
2495980
2507546
2512676
2515130
2481751
2498013
2508611
2505628
2504341
2497508
2484146
2493252
2505927
2508623
2489921
2509399
2489532
2524766
2523000
2488697
2489375
2478962
2501697
2487490
2534235
2465840
2504728
2482385
2486792
2456228
2513630
2521719
2501326
2479250
2515343
2475731
2537574
2482804
2517007
2486361
2506675
2485248
2468819
2488036
2492479
2488194
2484612
2499815
2492868
2474579
2471060
2480968
2517912
2514118
2511811
2489545
2505431
2468247
2497407
2528549
2489204
2483785
2529719
2479004
2520078
2511938
2533139
2473954
2473481
2497945
2478832
2482189
2488748
2482367
2521375
2541802
2486455
2494511
2531398
2521250
2511428
2497709
2509641
2526529
2471481
2489009
2496806
2536837
2511399
2525790
2506604
2535344
2499063
2539016
2500018
2513120
2487403
2495794
2490008
2494486
2540889
2508291
2474625
2524059
2491418
2519211
2526959
2465770
2506934
2478067
2509596
2512536
2521919
2498312
2494654
2523409
2532408
2480529
2492315
2489525
2528473
2499451
2503409
2480370
2484504
2504451
2485079
2499434
2502534
2489422
2497767
2481499
2528688
2513618
2500895
2499170
2472832
2532944
2539407
2495231
2496789
2535751
2496503
2444422
2513712
2507288
2514513
2527479
2503914
2494840
2521999
2510665
2491485
2536667
2508730
2514725
2476627
2480635
2540880
2476461
2513409
2533705
2499677
2482380
2473478
2501115
2519518
2440690
2505015
2484143
2521438
2521350
2488192
2524200
2510723
2519388
2514651
2471096
2486699
2495954
2455549
2501967
2476682
2517902
2517273
2464455
2491420
2522523
2483374
2516012
2493957
2458669
2516363
2488855
2503384
2455069
2501081
2531770
2518409
2486851
2505963
2466854
2513732
2499628
2501532
2491169
2515239
2514809
2497139
2491554
2512121
2489300
2484019
2510433
2481654
2545151
2451358
2503967
2514727
2509930
2519427
2525694
2453190
2473326
2520550
2518110
2525425
2497948
2531015
2514974
2491438
2487277
2493852
2471727
2514833
2465679
2508205
2467018
2530507
2495988
2487235
2481907
2491296
2488654
2505550
2478069
2522620
2465604
2512829
2502349
2507963
2488186
2482324
2496562
2495469
2488701
2487993
2484652
2536792
2502514
2514774
2495257
2491661
2495060
2498222
2487719
2488467
2528073
2473245
2513066
2528060
2537337
2502507
2497992
2514927
2502273
2499846
2499839
2477913
2511594
2508006
2475307
2469198
2530650
2502977
2505429
2527472
2500007
2504559
2493755
2503635
2514844
2515264
2496143
2503221
2504735
2500423
2493198
2492045
2500113
2503022
2504056
2514578
2516783
2480707
2521216
2522111
2445861
2493833
2492083
2468794
2507167
2508137
2474868
2501686
2503431
2489272
2504477
2481240
2484391
2536163
2465378
2491827
2504184
2554833
2460852
2507712
2511205
2506599
2531531
2496876
2516085
2550012
2530131
2482387
2522264
2527291
2494406
2496035
2504234
2462054
2531248
2506966
2512317
2490628
2535970
2498004
2512999
2497908
2490129
2502251
2529077
2491382
2487756
2479616
2461787
2453986
2522377
2491710
2473212
2523901
2508720
2480207
2513911
2527836
2522369
2507751
2501487
2520982
2476621
2526254
2492710
2538341
2562251
2508888
2485837
2500296
2516550
2503541
2517620
2505601
2472759
2456469
2513021
2487077
2513398
2502484
2520016
2516986
2507877
2509355
2506373
2512713
2540871
2516976
2529352
2521417
2458512
2497659
2481022
2497342
2506887
2502861
2499371
2544747
2512840
2508351
2504696
2486764
2493669
2487029
2490317
2507443
2558036
2498900
2505789
2521372
2524204
2494708
2468034
2470998
2506202
2475872
2487221
2504178
2509202
2483643
2518345
2491974
2567768
2514985
2525562
2498694
2490804
2512386
2498673
2481346
2483802
2508187
2472239
2509714
2486023
2524198
2510830
2500797
2507435
2516112
2486193
2527428
2523790
2490901
2500760
2521003
2482733
2528029
2503293
2498009
2495900
2509223
2542790
2508551
2515199
2491323
2499631
2513896
2516587
2544246
2458419
2463328
2497601
2481435
2507089
2513955
2504406
2531976
2489804
2503550
2475355
2494785
2519460
2502373
2484281
2504667
2465238
2501315
2501770
2465442
2496009
2476953
2534883
2511602
2519016
2468772
2495824
2470411
2469768
2504389
2499150
2523929
2550547
2509433
2508411
2518547
2465542
2487129
2508292
2502416
2501355
2465809
2501522
2490880
2486605
2519642
2504966
2496957
2467637
2501337
2539927
2454870
2513347
2454288
2475285
2513246
2531874
2482807
2450330
2475117
2529534
2470735
2518026
2508359
2528953
2503080
2504998
2495875
2505145
2460892
2505175
2490494
2496636
2490814
2505536
2533448
2494016
2517967
2512342
2482521
2524740
2512435
2469508
2495260
2505206
2500373
2516541
2474560
2470650
2507915
2495472
2470919
2514238
2498577
2505770
2530630
2459878
2507564
2533716
2483257
2522144
2521141
2477877
2505878
2486479
2478202
2511470
2497488
2461632
2473503
2525692
2513609
2507958
2504746
2489233
2523569
2500681
2520182
2506635
2491543
2513428
2516388
2508711
2485578
2502006
2499528
2503401
2524634
2489596
2472088
2523746
2500024
2522623
2543237
2521007
2512394
2506179
2475237
2462525
2524346
2529979
2485176
2503583
2520882
2535633
2537162
2498728
2480009
2476224
2501777
2507354
2494847
2502475
2522403
2489447
2494560
2463247
2503972
2503649
2476271
2551745
2475526
2504244
2472278
2518715
2539171
2496263
2459985
2505640
2517535
2537848
2513303
2487872
2527866
2542120
2477867
2514277
2472967
2463437
2540127
2563033
2476008
2484037
2492836
2505738
2503419
2485750
2527938
2508676
2473854
2502900
2494784
2460416
2529924
2500754
2496788
2513855
2460761
2506554
2492297
2477309
2471898
2496392
2520051
2519167
2530580
2512697
2476771
2473772
2498894
2511733
2486001
2500550
2496098
2558348
2562802
2518869
2527290
2520907
2494655
2533407
2497441
2493016
2548421
2503376
2466432
2481160
2496591
2524662
2505892
2478737
2514179
2515497
2480107
2506515
2527419
2503113
2518501
2483093
2514627
2528031
2485376
2463771
2498651
2481802
2500302
2468817
2507122
2498884
2501460
2500352
2480658
2516716
2478689
2511729
2536093
2502965
2486660
2523744
2523467
2522902
2507455
2482740
2474205
2489802
2517413
2512663
2528769
2522134
2531180
2527319
2515456
2519882
2547275
2478669
2510799
2480940
2499715
2493396
2520927
2527731
2491198
2526443
2498924
2515033
2500069
2486084
2500547
2503280
2501541
2481625
2495591
2476258
2483747
2510356
2514851
2513377
2474735
2506585
2522802
2497358
2464092
2509702
2495703
2510654
2498414
2465709
2487333
2452381
2474642
2466471
2486484
2518217
2495636
2478137
2501696
2481886
2481665
2500427
2476030
2494158
2475677
2499657
2465045
2477302
2509169
2505168
2534837
2498640
2525430
2490725
2520361
2533477
2526596
2499530
2497614
2522657
2517873
2504605
2490911
2524025
2480150
2463287
2525018
2507251
2542916
2479410
2506967
2514416
2473237
2532087
2567389
2490955
2511681
2506650
2508511
2497664
2495511
2511184
2533128
2515417
2536120
2496018
2511896
2519273
2467853
2500865
2513569
2475603
2496931
2482061
2523405
2528575
2496184
2504523
2498753
2485443
2527110
2507595
2534382
2514319
2529468
2490156
2458712
2476367
2504492
2486347
2510089
2476146
2476329
2511881
2518512
2536653
2493033
2512547
2522027
2499550
2505860
2507316
2461805
2554492
2487834
2513160
2524332
2525771
2513602
2510275
2482355
2490302
2487361
2521038
2521339
2484662
2532205
2494416
2521680
2507664
2476499
2525886
2536545
2525988
2504784
2512751
2517734
2487399
2491046
2484369
2555279
2536415
2513503
2474598
2514831
2526072
2505693
2485490
2476908
2496771
2499284
2489244
2478906
2499801
2535675
2528264
2524074
2514251
2508760
2503861
2495250
2514740
2482848
2514685
2500897
2501299
2510968
2513044
2506111
2512555
2488489
2493229
2496213
2487249
2530016
2486482
2517479
2493625
2507827
2503794
2499028
2478330
2511059
2503074
2481495
2541855
2502566
2551147
2462628
2515050
2443402
2455773
2498278
2506470
2497966
2510105
2474736
2496785
2539083
2503966
2519158
2448316
2493114
2519149
2476647
2492359
2501393
2485343
2506788
2475671
2488710
2501356
2500128
2502469
2506606
2476818
2477048
2500211
2495071
2481914
2529449
2500351
2500072
2497022
2509284
2533363
2486743
2490123
2533432
2470422
2546183
2509884
2528917
2462459
2505014
2480447
2487022
2490282
2491339
2501098
2456373
2534495
2507970
2525464
2481563
2487428
2480236
2469719
2526302
2478190
2500021
2461444
2486876
2513319
2522936
2469844
2522156
2474231
2468172
2515518
2528277
2479897
2529421
2514981
2537652
2499057
2511921
2503745
2528332
2497617
2504400
2488159
2485316
2532983
2492419
2504352
2491791
2494981
2478467
2500363
2529749
2480486
2493585
2471500
2471729
2515265
2484311
2496900
2439548
2482091
2484607
2495784
2468480
2501129
2471600
2494647
2510140
2501295
2489983
2489767
2469963
2470815
2489883
2512601
2471998
2492939
2470668
2498685
2499781
2518901
2496245
2486630
2520966
2504370
2471871
2547860
2506763
2521756
2501750
2501062
2473904
2476418
2494902
2508697
2483968
2480424
2480372
2481647
2507752
2487901
2489833
2457495
2520609
2513965
2496112
2502119
2499641
2523657
2498057
2461915
2492299
2491722
2537071
2477960
2498251
2511830
2469556
2510569
2480479
2491481
2493952
2529057
2490232
2520005
2483218
2481896
2523276
2513387
2485533
2517678
2491707
2506049
2508426
2501333
2473073
2494385
2508688
2491043
2481446
2482529
2526902
2478802
2487478
2487681
2492844
2503576
2475343
2486422
2518777
2487144
2494554
2541659
2488025
2483571
2521955
2482397
2518709
2502531
2479488
2475736
2461202
2487549
2562024
2514445
2495965
2502034
2496962
2493047
2508505
2535604
2488060
2539205
2482660
2479503
2504793
2513041
2524254
2527517
2479822
2480082
2475517
2463834
2521180
2506616
2499157
2496583
2496034
2481519
2494433
2500320
2484181
2489396
2510468
2481391
2538346
2476944
2492971
2505903
2511362
2503290
2511623
2492647
2487101
2511599
2483462
2497988
2504757
2476340
2496656
2516892
2500842
2459943
2501320
2515553
2507526
2479254
2504000
2506730
2525950
2482113
2499273
2456917
2475324
2507921
2502149
2507695
2476872
2485916
2498438
2490776
2485734
2510151
2494550
2502684
2518307
2501003
2492809
2470889
2488731
2522771
2487138
2516560
2486460
2485934
2481541
2497078
2460659
2540384
2487245
2479348
2540736
2524702
2482314
2482850
2517959
2460387
2500377
2491268
2474651
2512182
2496061
2465345
2472715
2462828
2516625
2519788
2509114
2471488
2460733
2504661
2490849
2468503
2463306
2495011
2494610
2469725
2506126
2482611
2522262
2538642
2505494
2546382
2512094
2511924
2488078
2531533
2476856
2474779
2516353
2532569
2491408
2474677
2492534
2471766
2470636
2479134
2485540
2523782
2476574
2515137
2503631
2464252
2501152
2503251
2504967
2466641
2524895
2497095
2480898
2509298
2454421
2451410
2496739
2490015
2512775
2481273
2502895
2499836
2532298
2528396
2503752
2492063
2464817
2538212
2470780
2506794
2470542
2499196
2490177
2533930
2486662
2501123
2497269
2473412
2499855
2503639
2473788
2512488
2491399
2498058
2498101
2476275
2493926
2507592
2450893
2507382
2476221
2509976
2519337
2512247
2518127
2492679
2489540
2520530
2491206
2491815
2489373
2522505
2500951
2535490
2481171
2457162
2505953
2518106
2474634
2500906
2499369
2511450
2491747
2480257
2471789
2470975
2498274
2505032
2468747
2513910
2509920
2494920
2514411
2495356
2479940
2489049
2476950
2482491
2483866
2500248
2515044
2455139
2504340
2493010
2507690
2494697
2548694
2491038
2462230
2478759
2490876
2500861
2515725
2519175
2515430
2493621
2477834
2499153
2513225
2475035
2477186
2538426
2459127
2513498
2466271
2509017
2492108
2494256
2481864
2518349
2514714
2507548
2516416
2509589
2459465
2499922
2463727
2537797
2500074
2467087
2499056
2528718
2489207
2458475
2517022
2487794
2519605
2485560
2501610
2529027
2509774
2469769
2495745
2498772
2531786
2529215
2504025
2484806
2493433
2486163
2475018
2534084
2462920
2482731
2495237
2533969
2500325
2534508
2459078
2498500
2521934
2485125
2489717
2495296
2497444
2482961
2547225
2476501
2492240
2476710
2489825
2468571
2506577
2520119
2535511
2466398
2493795
2513200
2499706
2458618
2479929
2530062
2513643
2485698
2497424
2494320
2458090
2484107
2510930
2505508
2519472
2517788
2517077
2539554
2530616
2492864
2514552
2517481
2492502
2500501
2512667
2519745
2485884
2484409
2479501
2541881
2486451
2476553
2501848
2471509
2504434
2504794
2463388
2542475
2521497
2495020
2504678
2506628
2514935
2513502
2472623
2484667
2453254
2484886
2486397
2447209
2512762
2493642
2540295
2505635
2499259
2538135
2478958
2554987
2497292
2520046
2516260
2523102
2491013
2565616
2456566
2500669
2534613
2495446
2511343
2496455
2486653
2466164
2484120
2541067
2534111
2526828
2493425
2485662
2528478
2518822
2485033
2476500
2541866
2516731
2511256
2525261
2485149
2513163
2500115
2545209
2508487
2503057
2521586
2531163
2506047
2494850
2444795
2508201
2472330
2509357
2472958
2512260
2514515
2490047
2495945
2465690
2530416
2462996
2515865
2522539
2489859
2512098
2510110
2500418
2522255
2498113
2529055
2519767
2462842
2491277
2509849
2529335
2474429
2491191
2491836
2496366
2469749
2488583
2513788
2532294
2517263
2517726
2514172
2493054
2505735
2540443
2533636
2500449
2476149
2498647
2502394
2470700
2507560
2491264
2525599
2516588
2471204
2520711
2536782
2470100
2506954
2514628
2513274
2511974
2469890
2513048
2497807
2527302
2545142
2467554
2516449
2501724
2495624
2491644
2529280
2499411
2475034
2502729
2521633
2541219
2509256
2518948
2496794
2504864
2499441
2465557
2489322
2519683
2501912
2503322
2495982
2470113
2482741
2473369
2503614
2516277
2468094
2484313
2494368
2503089
2491970
2496578
2521746
2499734
2486291
2498405
2480756
2485035
2534778
2459218
2479288
2500369
2527491
2491697
2481725
2488739
2488124
2498964
2518965
2525114
2488749
2499223
2486920
2495095
2486667
2484361
2467781
2499258
2481225
2510989
2508824
2470463
2519429
2542438
2514359
2486814
2522760
2502400
2530535
2480958
2488826
2497533
2496777
2509665
2515284
2523371
2492511
2494281
2539124
2535923
2553801
2531120
2510999
2487655
2502043
2502672
2499812
2499771
2512634
2510403
2510401
2481028
2494688
2500923
2520319
2464943
2495695
2470677
2495084
2492694
2525922
2522750
2473393
2498457
2514986
2491298
2493899
2503540
2495460
2478550
2489862
2521384
2495199
2472496
2502127
2490635
2482749
2497491
2503204
2501887
2485932
2476542
2490146
2467737
2534305
2505288
2483457
2489979
2510610
2483665
2508108
2508345
2508202
2508046
2511987
2480607
2534210
2492303
2497101
2508700
2517775
2482506
2509319
2518886
2491313
2501177
2509763
2457013
2493077
2495995
2494038
2506944
2497564
2499155
2522592
2498864
2462166
2523187
2537934
2469476
2526579
2515563
2508570
2470624
2508969
2484684
2526611
2476480
2499392
2503705
2507916
2513778
2518958
2480573
2522456
2474372
2470736
2461576
2511032
2504133
2498515
2521033
2509619
2501766
2489071
2489228
2479524
2465310
2468813
2488367
2498666
2483148
2553136
2532114
2500452
2472847
2478505
2478590
2515814
2499858
2529692
2525337
2502219
2492685
2511193
2485350
2481877
2496816
2487182
2529334
2524032
2452605
2465325
2486865
2477439
2506935
2466177
2470030
2484517
2511639
2483006
2496183
2516513
2500067
2483096
2508112
2513185
2542021
2530843
2530013
2506987
2480147
2506613
2498715
2530469
2516187
2480468
2477599
2538727
2478746
2482756
2483742
2515078
2503461
2487084
2474243
2488636
2500832
2493449
2510775
2525033
2477982
2518344
2531637
2516228
2497776
2535305
2503343
2481419
2502660
2500259
2489262
2516539
2491126
2508265
2481073
2443500
2527209
2505694
2551625
2479208
2521619
2508476
2490798
2485920
2531064
2477532
2517754
2504258
2510777
2519758
2475597
2521432
2509115
2521850
2501329
2532129
2479421
2467841
2479671
2486189
2483914
2496637
2514837
2452781
2499697
2484531
2521227
2464151
2494816
2506879
2509080
2488709
2502221
2473047
2504875
2531847
2488483
2515884
2514495
2482193
2478266
2507694
2483604
2468020
2525104
2488294
2525706
2524860
2514529
2487329
2500445
2519489
2496438
2494779
2477643
2469840
2507018
2515183
2527069
2509846
2506614
2477849
2526160
2470190
2540803
2511697
2496947
2477035
2497347
2511383
2461671
2483921
2492671
2484280
2496844
2483129
2499699
2538335
2523546
2492936
2458830
2482583
2469912
2500144
2502825
2508107
2517359
2489954
2493377
2481518
2521622
2529045
2514306
2504636
2464297
2474741
2483793
2507434
2492437
2489316
2515092
2477723
2491509
2494323
2521220
2491549
2494446
2496950
2475667
2534913
2498419
2486195
2483344
2474096
2457912
2489956
2500677
2494005
2487257
2525032
2538493
2513116
2483114
2511674
2477500
2506098
2504842
2488070
2511904
2486256
2511900
2499718
2515226
2491281
2490609
2521238
2462227
2495482
2505511
2477371
2526311
2462864
2501246
2525700
2491219
2529984
2492884
2505990
2507670
2470450
2486413
2464168
2496324
2476105
2488214
2488747
2487429
2486664
2511529
2494882
2521460
2545893
2477220
2488208
2502495
2485095
2485983
2491546
2467435
2508654
2473924
2509220
2522668
2515258
2461557
2495801
2511475
2521381
2547466
2465014
2516379
2520103
2528040
2506737
2500272
2501104
2486935
2500229
2513989
2494059
2496654
2499971
2485564
2499825
2492986
2514147
2519813
2488244
2548458
2504476
2487375
2479713
2494912
2487987
2504797
2500343
2505636
2490125
2471397
2483677
2500574
2489867
2486330
2515471
2511285
2484043
2478244
2492376
2515596
2487276
2501570
2490038
2464046
2472170
2489360
2473148
2527725
2479623
2570721
2485307
2494931
2510400
2529718
2520981
2492719
2503466
2475295
2518420
2510605
2486047
2525188
2511502
2499345
2541530
2500545
2476753
2481856
2515003
2450231
2491445
2541487
2495662
2497161
2478635
2512843
2495831
2515538
2503360
2460269
2461507
2445984
2506523
2484046
2463331
2505993
2487266
2517231
2501712
2516424
2462552
2485032
2494976
2468818
2515155
2461016
2525409
2495523
2499241
2470582
2517092
2506094
2492992
2529359
2535420
2516204
2452757
2522222
2507479
2514906
2468209
2449724
2489024
2497395
2493339
2507900
2540951
2476291
2477550
2506931
2470981
2516095
2515241
2472772
2468731
2471272
2507414
2489664
2486550
2491577
2467254
2519445
2476511
2476309
2497473
2515230
2492331
2491591
2502724
2522319
2530718
2486146
2502224
2445478
2491802
2488278
2484484
2524759
2503585
2463711
2473699
2493040
2509436
2486518
2536529
2514777
2503424
2502341
2513040
2475853
2507640
2533809
2503495
2481619
2507327
2498231
2472725
2499509
2461057
2552293
2494032
2509695
2474098
2495782
2503704
2494274
2503195
2517995
2512305
2494717
2491286
2509126
2493556
2499485
2474042
2505465
2526341
2523265
2530808
2493296
2489277
2493356
2532859
2461439
2521749
2465688
2484572
2501677
2470698
2511254
2485418
2501394
2496264
2518708
2526141
2521740
2522125
2538014
2460836
2500305
2502151
2499294
2513448
2515408
2526927
2497540
2516417
2507420
2502303
2481617
2507729
2513861
2494193
2545410
2520753
2487627
2500140
2504944
2523854
2487589
2498751
2491796
2490624
2499427
2474245
2490363
2500848
2533568
2476126
2499076
2496312
2509132
2494163
2505054
2526074
2486338
2498592
2473272
2464430
2502428
2485980
2509083
2530498
2540274
2530903
2509888
2491792
2494355
2501910
2450788
2501181
2485090
2524525
2493430
2530365
2520264
2504057
2505311
2498019
2473096
2500657
2483707
2495088
2500256
2506180
2494892
2520850
2491412
2519984
2512392
2502172
2514225
2487484
2500395
2534505
2492380
2521866
2517913
2517537
2445211
2475495
2522705
2501767
2481362
2489766
2495821
2488755
2491776
2491647
2483547
2482734
2449278
2515530
2513313
2521901
2499817
2516859
2488065
2519648
2491587
2527797
2523834
2461911
2485012
2512204
2523464
2479899
2569240
2483721
2499880
2529273
2532644
2484980
2502169
2495659
2506044
2528320
2507739
2482618
2488874
2497253
2489205
2494972
2501546
2474946
2481437
2483762
2508914
2490210
2464166
2468849
2491070
2500805
2524043
2497585
2473972
2499848
2502245
2534727
2498542
2457590
2518192
2469457
2520897
2504226
2515554
2520668
2515084
2483104
2440867
2476666
2509131
2509380
2472860
2479587
2498460
2500298
2474028
2502227
2498042
2524318
2494275
2524731
2502493
2510467
2498819
2519646
2495508
2491684
2493185
2488421
2517154
2505652
2477079
2497312
2502037
2493588
2504583
2493442
2514175
2490279
2518756
2498957
2496070
2500713
2517209
2536740
2501037
2525151
2473137
2517666
2506661
2477637
2521992
2482275
2513576
2468561
2465672
2512132
2508761
2458935
2444676
2512086
2478237
2483201
2523250
2483812
2489593
2503725
2507809
2506121
2501101
2482336
2473342
2474913
2527292
2506669
2481852
2482869
2505174
2492057
2483872
2493152
2489020
2504536
2490372
2495087
2497606
2464283
2510245
2493337
2502300
2477731
2491720
2486681
2490297
2489789
2507052
2520259
2496004
2506915
2516634
2529645
2470708
2489276
2492512
2524130
2494819
2516651
2476915
2476672
2486530
2506430
2508421
2496639
2504444
2523912
2540498
2491118
2503350
2466297
2539250
2466330
2512946
2521483
2492446
2516040
2522300
2543990
2503335
2531841
2521793
2528316
2490599
2509230
2491749
2504354
2458581
2507815
2524655
2499448
2484594
2484759
2519387
2457321
2511751
2531468
2479371
2451867
2481019
2506855
2530707
2512524
2464821
2490525
2495551
2529505
2505645
2471126
2488184
2515752
2480084
2510893
2499137
2489670
2473023
2475456
2501442
2522879
2539816
2513481
2470445
2519681
2456885
2483719
2460474
2495334
2470058
2499866
2467857
2525959
2484548
2528370
2495344
2512960
2473871
2505310
2510743
2464712
2522994
2465997
2504997
2515213
2461442
2472865
2466689
2493892
2500862
2498394
2480758
2519143
2496097
2499870
2540168
2496779
2501140
2478702
2507328
2504748
2507368
2506777
2508717
2538137
2473615
2487537
2510427
2493484
2483178
2467304
2486758
2498586
2446848
2495466
2520782
2534312
2497036
2511411
2531554
2510097
2498722
2537030
2485448
2489548
2531721
2532638
2492218
2484560
2495903
2493136
2507217
2502471
2491691
2552831
2480789
2505581
2500164
2481333
2477691
2491381
2468098
2504571
2470728
2516399
2527379
2497337
2516841
2514347
2471773
2493987
2486728
2471647
2497419
2504731
2507403
2509523
2513058
2512018
2504177
2485905
2479054
2529491
2505331
2475013
2500321
2514254
2492282
2524846
2520216
2485070
2475709
2498733
2500607
2499704
2495462
2492328
2496942
2490492
2503110
2506442
2507894
2478976
2493507
2470643
2496111
2496725
2493544
2483189
2527285
2510316
2481712
2484175
2484256
2517138
2490899
2507576
2539354
2497461
2519189
2518630
2491954
2520925
2490489
2486004
2518379
2503303
2490951
2496041
2548154
2468440
2500849
2491732
2485848
2552102
2527018
2465656
2475404
2469722
2521036
2505578
2535980
2492272
2454734
2512103
2522635
2472776
2495861
2511715
2506526
2497648
2494963
2468070
2480696
2498051
2502551
2512166
2502324
2456094
2491533
2492545
2516774
2505291
2482235
2504543
2473447
2493612
2481052
2484978
2495777
2452603
2532370
2470014
2483827
2489101
2513626
2491402
2491496
2521490
2516973
2495354
2494060
2513844
2497566
2484707
2477435
2490600
2503740
2508040
2524621
2534876
2475300
2498341
2504186
2517966
2485008
2531829
2469712
2495857
2517993
2469484
2525743
2502231
2481177
2500706
2496205
2508008
2512375
2499790
2503108
2511312
2522950
2505020
2461391
2494809
2486812
2502020
2471361
2506897
2494774
2476218
2508443
2506994
2518568
2475087
2483276
2492859
2513423
2507934
2500350
2495664
2510841
2533916
2519198
2528134
2519613
2495373
2513083
2539023
2500488
2493726
2483600
2474315
2496413
2498899
2488958
2562951
2527719
2517543
2472480
2526968
2482078
2512213
2501531
2497674
2505422
2507232
2509962
2466170
2509276
2496970
2466864
2545602
2498552
2497747
2549008
2482691
2467639
2465717
2481494
2488754
2506723
2492032
2499096
2484473
2441126
2532959
2488844
2491392
2502652
2519093
2509507
2483103
2513677
2474813
2517899
2513177
2507303
2521783
2468337
2492601
2488023
2529237
2516584
2496054
2505534
2501309
2533129
2535532
2504866
2491018
2552269
2510519
2529758
2497825
2503890
2444371
2518418
2488265
2499177
2504739
2512268
2455358
2500255
2536032
2525927
2509313
2527058
2504437
2502451
2505778
2477910
2496898
2499632
2494150
2528942
2491294
2520166
2527450
2522972
2490396
2452389
2483816
2478242
2494829
2489236
2482548
2496228
2528730
2494730
2500196
2499728
2460827
2504447
2478060
2474397
2519640
2472556
2482775
2496995
2512688
2524187
2486345
2482588
2497635
2505931
2500511
2484967
2547657
2476956
2502625
2480675
2503067
2474219
2481978
2506700
2511513
2504052
2499341
2481953
2524120
2481827
2514091
2491333
2546884
2453633
2487767
2512371
2468473
2452176
2500411
2453566
2527336
2511992
2499165
2495516
2490552
2493392
2466966
2492381
2512825
2469076
2467613
2506978
2487012
2499001
2494036
2521224
2510361
2501389
2499060
2516005
2480300
2505138
2492338
2507574
2499764
2523564
2499921
2490459
2532642
2480378
2482319
2483441
2495537
2491843
2501510
2513550
2518810
2450037
2516756
2476022
2476267
2518793
2505361
2527365
2507834
2489731
2510483
2486447
2487118
2486618
2502777
2520414
2469639
2501632
2483224
2518805
2468684
2511740
2488767
2479061
2534644
2508829
2470778
2468180
2489976
2489950
2506175
2513464
2467776
2493650
2503205
2506719
2494989
2504249
2511122
2496690
2521864
2503847
2502504
2498020
2484740
2505162
2526732
2521243
2499295
2516995
2515024
2472990
2513349
2503448
2484257
2488951
2503529
2501436
2488838
2520525
2513945
2476671
2494646
2455449
2516359
2483133
2482699
2497597
2530461
2490399
2467367
2507957
2512468
2511835
2525215
2479645
2535463
2496005
2488829
2510917
2546980
2423734
2522854
2520329
2494071
2479495
2500353
2479366
2506235
2497490
2516036
2489847
2487820
2524047
2511170
2507166
2506841
2479787
2520717
2517051
2531369
2516380
2519482
2484994
2484717
2468965
2524182
2480017
2487161
2511394
2471400
2478012
2522921
2515556
2513174
2495646
2473562
2486065
2493120
2502545
2462394
2469255
2544528
2516248
2538082
2504521
2486904
2537142
2513552
2507506
2463841
2508925
2486759
2491362
2507552
2492434
2524930
2507036
2512517
2501817
2533010
2523490
2519213
2478148
2485989
2508149
2539139
2507724
2500637
2495065
2498293
2499768
2523396
2532737
2520053
2492109
2516121
2485305
2520393
2497549
2490327
2527572
2472854
2509320
2512886
2503874
2491624
2482220
2461160
2457464
2492132
2506154
2479538
2484186
2511038
2488591
2529956
2510431
2497523
2484066
2539030
2537942
2503863
2466003
2474280
2499415
2492306
2459567
2489508
2486369
2500986
2518969
2512478
2501121
2505618
2533604
2530817
2474329
2516835
2534884
2481221
2525328
2512256
2523698
2480809
2473695
2473469
2492713
2502548
2453997
2513150
2468224
2478219
2509576
2462528
2546309
2462964
2465335
2482333
2539745
2505727
2504040
2499059
2521420
2502769
2453453
2519554
2528749
2542464
2473226
2486406
2544146
2492084
2460279
2518749
2458908
2477671
2486305
2499097
2458439
2540065
2480309
2513931
2459572
2493967
2517307
2522431
2492658
2481741
2509005
2485944
2526281
2496575
2516175
2516014
2474009
2543761
2482638
2524768
2495355
2526213
2506750
2534921
2452489
2480721
2468733
2493551
2480386
2498768
2488138
2500234
2457632
2491939
2526046
2501753
2476540
2513106
2475898
2500310
2498915
2471111
2535805
2502449
2465572
2469028
2502577
2506895
2528926
2511007
2497546
2497193
2506549
2494724
2499112
2479129
2522481
2516734
2501705
2478224
2484226
2500199
2510951
2499166
2467199
2496120
2487070
2471828
2484547
2511143
2489916
2468248
2481681
2527248
2524511
2526271
2484444
2501350
2526070
2526951
2498178
2520068
2521072
2545818
2520240
2486456
2504888
2483514
2515800
2502780
2533556
2509924
2521821
2491088
2536417
2506471
2492061
2503959
2486132
2481918
2526858
2500696
2474710
2468748
2469534
2480885
2497592
2530005
2518363
2488429
2535040
2477682
2489702
2492998
2495083
2476667
2506854
2531779
2500381
2511433
2492829
2504767
2499024
2540178
2478315
2529765
2486031
2531753
2467556
2500455
2537389
2473946
2515283
2488357
2507579
2505418
2509633
2488096
2499663
2505615
2473315
2516441
2519778
2490570
2484989
2493003
2448530
2479739
2515496
2515859
2547399
2547325
2472705
2507278
2497366
2490187
2503877
2549309
2494164
2489392
2491545
2505872
2494380
2486166
2504102
2529630
2471417
2483828
2484497
2512368
2462508
2500747
2519362
2457924
2497315
2508619
2523370
2466545
2467127
2502323
2515970
2518564
2461728
2494727
2525234
2532939
2482225
2522317
2535079
2500684
2493029
2506536
2486000
2496643
2501650
2497989
2524538
2483982
2489722
2502879
2507744
2518791
2509226
2531653
2514077
2505433
2511869
2491539
2505590
2489319
2479164
2514564
2486766
2529024
2513008
2493533
2481702
2511857
2511252
2487438
2520365
2541257
2526486
2519257
2516547
2504373
2478729
2498410
2528774
2498107
2506568
2499243
2509737
2510115
2503879
2495222
2484184
2494595
2472104
2475342
2475151
2512323
2505072
2497547
2548973
2463340
2522213
2529799
2531692
2531353
2551914
2489547
2498684
2494050
2540486
2547764
2488135
2477699
2505572
2552008
2505533
2506251
2497847
2513353
2521651
2493287
2475556
2516879
2506768
2507396
2514778
2512943
2544245
2527972
2493735
2495370
2507460
2520431
2479535
2531975
2487470
2497765
2487530
2490060
2495206
2482512
2539851
2477369
2463565
2515025
2475891
2497290
2493056
2518133
2500850
2519656
2469405
2520898
2498422
2517856
2471426
2488288
2519693
2468349
2520798
2510573
2491929
2501021
2548226
2500161
2514630
2496703
2534059
2495435
2518642
2488133
2455956
2493195
2493251
2503832
2451816
2541543
2511140
2500611
2531005
2524665
2508529
2502065
2492321
2526144
2511531
2477545
2511341
2511883
2522474
2490748
2489109
2510553
2522416
2411427
2485302
2489182
2511995
2514186
2536001
2493649
2508833
2492846
2481318
2477266
2473641
2507718
2531176
2479378
2484574
2514489
2515500
2483155
2495030
2555026
2511744
2480788
2515710
2523159
2455084
2501310
2515803
2496479
2520492
2497715
2535687
2482944
2489061
2457906
2505742
2516515
2472386
2495349
2502035
2488215
2524269
2472993
2517362
2482988
2540123
2473737
2489792
2539998
2513694
2479963
2487980
2495754
2522090
2515065
2505819
2472152
2464414
2507266
2499129
2510218
2500228
2491552
2500741
2512001
2447637
2516617
2511662
2464870
2529517
2503023
2495918
2493545
2488566
2508148
2548366
2511460
2471025
2504215
2520258
2481481
2487407
2506738
2512752
2537551
2482187
2459815
2497560
2526760
2498815
2527272
2541769
2490445
2449141
2471801
2507291
2494846
2462630
2529740
2487281
2517531
2529510
2479742
2480960
2493853
2492443
2488424
2511732
2478045
2486327
2506349
2517638
2530990
2503441
2505780
2481658
2478946
2517973
2519583
2498329
2510421
2513434
2488678
2538210
2525220
2513515
2503888
2515980
2525985
2456481
2496991
2499793
2508687
2504330
2478203
2542622
2468352
2518548
2517210
2516057
2512066
2513472
2489445
2518824
2539685
2528551
2515819
2526028
2535126
2510978
2527410
2490940
2501418
2484626
2485970
2488201
2477515
2488912
2486612
2483947
2477826
2474525
2532404
2503486
2507152
2539562
2478616
2511387
2486858
2535208
2501806
2487079
2504776
2545541
2502574
2487493
2475865
2481010
2510033
2533737
2490091
2495765
2474555
2468543
2520682
2523576
2505784
2494287
2504374
2486871
2526231
2460687
2524587
2516289
2494638
2532198
2479635
2487927
2501921
2502048
2486777
2490280
2492473
2473424
2489993
2523639
2503433
2509312
2514993
2531210
2472837
2528284
2468721
2494076
2505596
2474581
2472839
2459681
2525021
2523753
2512821
2459343
2490612
2492003
2519239
2476886
2544436
2547346
2488605
2501801
2482411
2500729
2480857
2525778
2516351
2474512
2535311
2463010
2534388
2490812
2515825
2502752
2525648
2528768
2476835
2481476
2496619
2503840
2470944
2493157
2497882
2486359
2484196
2483012
2486201
2504154
2485088
2491216
2478292
2545376
2484033
2494343
2513513
2534341
2494926
2505662
2528756
2467937
2518280
2495587
2487873
2504989
2485612
2481191
2465318
2461769
2495866
2509343
2514287
2474628
2519348
2533244
2504019
2476386
2473922
2527659
2498400
2489150
2519276
2511478
2496356
2471432
2493973
2513736
2510678
2516787
2505401
2501787
2433218
2515642
2539619
2521828
2509050
2523162
2486597
2478177
2506033
2533721
2522672
2488167
2494683
2502789
2472793
2474484
2483379
2502059
2458144
2524298
2503375
2521245
2523023
2452740
2481597
2513805
2493076
2497338
2498463
2481843
2505671
2529980
2535552
2466198
2485519
2507335
2495166
2543251
2502204
2477897
2539780
2468801
2529679
2479195
2506215
2519817
2509270
2521952
2483950
2480159
2471154
2484600
2516495
2554951
2522957
2480732
2505928
2514673
2508633
2509142
2525764
2519049
2501676
2496519
2506166
2515502
2509151
2524876
2486585
2478262
2484064
2536543
2529211
2480361
2499428
2513402
2509556
2480742
2508276
2487315
2514438
2499318
2528764
2536678
2526610
2521099
2527647
2478848
2504512
2524497
2488174
2517922
2514034
2506703
2493777
2517725
2463195
2535023
2497780
2482870
2476527
2494104
2483038
2513489
2521333
2480862
2491308
2499132
2488381
2496799
2507996
2527100
2514610
2491171
2521029
2559515
2487324
2505256
2470845
2525604
2556051
2493090
2507441
2523955
2466389
2482590
2507696
2481790
2484852
2502730
2517351
2507481
2502409
2494985
2505961
2493793
2521946
2503070
2523869
