0.025
0.034482758620689655
0.029411764705882353
0.020833333333333332
0.03125
0.022222222222222223
0.025
0.05555555555555555
0.030303030303030304
0.03125
0.03571428571428571
0.03333333333333333
0.047619047619047616
0.041666666666666664
0.02564102564102564
0.021739130434782608
0.02564102564102564
0.034482758620689655
0.02631578947368421
0.02857142857142857
0.029411764705882353
0.03125
0.038461538461538464
0.030303030303030304
0.03125
0.03125
0.023809523809523808
0.027777777777777776
0.027777777777777776
0.043478260869565216
0.03571428571428571
0.038461538461538464
0.037037037037037035
0.030303030303030304
0.043478260869565216
0.022727272727272728
0.027777777777777776
0.02564102564102564
0.041666666666666664
0.04
0.02631578947368421
0.03225806451612903
0.0625
0.020833333333333332
0.03225806451612903
0.02
0.02702702702702703
0.022727272727272728
0.027777777777777776
0.030303030303030304
0.029411764705882353
0.022222222222222223
0.038461538461538464
0.027777777777777776
0.037037037037037035
0.03571428571428571
0.037037037037037035
0.03125
0.019230769230769232
0.03225806451612903
0.05263157894736842
0.03333333333333333
0.030303030303030304
0.02040816326530612
0.03125
0.02631578947368421
0.024390243902439025
0.02564102564102564
0.025
0.03571428571428571
0.04
0.02040816326530612
0.023809523809523808
0.04
0.024390243902439025
0.03125
0.03333333333333333
0.017543859649122806
0.02127659574468085
0.02564102564102564
0.034482758620689655
0.030303030303030304
0.030303030303030304
0.04
0.024390243902439025
0.027777777777777776
0.02564102564102564
0.03125
0.029411764705882353
0.02631578947368421
0.03571428571428571
0.05555555555555555
0.03333333333333333
0.034482758620689655
0.03571428571428571
0.02564102564102564
0.0196078431372549
0.034482758620689655
0.034482758620689655
0.03571428571428571
0.01694915254237288
0.02702702702702703
0.023809523809523808
0.025
0.030303030303030304
0.025
0.025
0.02857142857142857
0.03333333333333333
0.022222222222222223
0.027777777777777776
0.05555555555555555
0.021739130434782608
0.029411764705882353
0.037037037037037035
0.04
0.034482758620689655
0.023809523809523808
0.01818181818181818
0.047619047619047616
0.023809523809523808
0.02040816326530612
0.03571428571428571
0.022222222222222223
0.027777777777777776
0.022727272727272728
0.02702702702702703
0.043478260869565216
0.04
0.047619047619047616
0.027777777777777776
0.043478260869565216
0.038461538461538464
0.029411764705882353
0.029411764705882353
0.03225806451612903
0.022222222222222223
0.02564102564102564
0.020833333333333332
0.025
0.07692307692307693
0.034482758620689655
0.0196078431372549
0.03333333333333333
0.025
0.02631578947368421
0.023255813953488372
0.03125
0.017857142857142856
0.03125
0.041666666666666664
0.03571428571428571
0.05
0.027777777777777776
0.029411764705882353
0.02631578947368421
0.04
0.05555555555555555
0.025
0.029411764705882353
0.03571428571428571
0.021739130434782608
0.02631578947368421
0.034482758620689655
0.03571428571428571
0.03333333333333333
0.02857142857142857
0.03225806451612903
0.03125
0.027777777777777776
0.043478260869565216
0.03333333333333333
0.023255813953488372
0.024390243902439025
0.038461538461538464
0.030303030303030304
0.024390243902439025
0.030303030303030304
0.024390243902439025
0.02631578947368421
0.02564102564102564
0.023809523809523808
0.019230769230769232
0.02857142857142857
0.043478260869565216
0.02631578947368421
0.022222222222222223
0.023255813953488372
0.03333333333333333
0.030303030303030304
0.023255813953488372
0.058823529411764705
0.045454545454545456
0.022727272727272728
0.05
0.02857142857142857
0.03125
0.027777777777777776
0.03333333333333333
0.02857142857142857
0.02631578947368421
0.023809523809523808
0.04
0.027777777777777776
0.018518518518518517
0.038461538461538464
0.030303030303030304
0.024390243902439025
0.022727272727272728
0.037037037037037035
0.030303030303030304
0.045454545454545456
0.017857142857142856
0.043478260869565216
0.03571428571428571
0.023809523809523808
0.020833333333333332
0.038461538461538464
0.03333333333333333
0.022727272727272728
0.01818181818181818
0.047619047619047616
0.024390243902439025
0.02702702702702703
0.0625
0.06666666666666667
0.034482758620689655
0.034482758620689655
0.034482758620689655
0.02857142857142857
0.03571428571428571
0.030303030303030304
0.07142857142857142
0.02631578947368421
0.047619047619047616
0.025
0.023255813953488372
0.03333333333333333
0.03225806451612903
0.02040816326530612
0.03571428571428571
0.02564102564102564
0.022222222222222223
0.02857142857142857
0.02631578947368421
0.037037037037037035
0.02
0.02040816326530612
0.030303030303030304
0.023809523809523808
0.024390243902439025
0.021739130434782608
0.045454545454545456
0.020833333333333332
0.029411764705882353
0.02631578947368421
0.043478260869565216
0.025
0.043478260869565216
0.05
0.024390243902439025
0.03225806451612903
0.03571428571428571
0.034482758620689655
0.02702702702702703
0.030303030303030304
0.03225806451612903
0.034482758620689655
0.022222222222222223
0.025
0.02127659574468085
0.03225806451612903
0.045454545454545456
0.03125
0.03571428571428571
0.04
0.027777777777777776
0.025
0.023809523809523808
0.038461538461538464
0.034482758620689655
0.03333333333333333
0.02857142857142857
0.03571428571428571
0.034482758620689655
0.037037037037037035
0.02564102564102564
0.020833333333333332
0.04
0.03125
0.023255813953488372
0.02857142857142857
0.025
0.037037037037037035
0.02857142857142857
0.027777777777777776
0.03571428571428571
0.03571428571428571
0.030303030303030304
0.025
0.037037037037037035
0.022222222222222223
0.043478260869565216
0.02702702702702703
0.02564102564102564
0.023255813953488372
0.045454545454545456
0.02564102564102564
0.022727272727272728
0.02564102564102564
0.024390243902439025
0.024390243902439025
0.05555555555555555
0.034482758620689655
0.03225806451612903
0.023255813953488372
0.03571428571428571
0.020833333333333332
0.05405405405405406
0.23333333333333334
0.5483870967741935
1.85
4.869565217391305
8.821428571428571
19.40909090909091
22.62962962962963
61.5
58.567567567567565
76.95652173913044
123.56521739130434
97.11764705882354
75.51162790697674
102.23529411764706
59.875
26.575757575757574
8.448275862068966
5.153846153846154
1.1935483870967742
0.3235294117647059
0.16666666666666666
0.04878048780487805
0.0625
0.03125
0.02040816326530612
0.025
0.023255813953488372
0.05
0.03225806451612903
0.045454545454545456
0.02564102564102564
0.043478260869565216
0.030303030303030304
0.02857142857142857
0.02631578947368421
0.037037037037037035
0.030303030303030304
0.018518518518518517
0.034482758620689655
0.030303030303030304
0.023255813953488372
0.030303030303030304
0.029411764705882353
0.03125
0.037037037037037035
0.025
0.02631578947368421
0.07142857142857142
0.03333333333333333
0.03125
0.047619047619047616
0.05
0.023809523809523808
0.037037037037037035
0.02631578947368421
0.043478260869565216
0.03333333333333333
0.02631578947368421
0.037037037037037035
0.027777777777777776
0.02702702702702703
0.03333333333333333
0.021739130434782608
0.05555555555555555
0.04
0.023809523809523808
0.02631578947368421
0.03125
0.023809523809523808
0.02857142857142857
0.034482758620689655
0.041666666666666664
0.047619047619047616
0.02127659574468085
0.043478260869565216
0.03125
0.027777777777777776
0.021739130434782608
0.023255813953488372
0.03225806451612903
0.02702702702702703
0.02702702702702703
0.018518518518518517
0.02631578947368421
0.0196078431372549
0.02631578947368421
0.030303030303030304
0.05263157894736842
0.045454545454545456
0.02631578947368421
0.03333333333333333
0.024390243902439025
0.03125
0.037037037037037035
0.02857142857142857
0.02857142857142857
0.02857142857142857
0.03125
0.03125
0.0625
0.03225806451612903
0.05263157894736842
0.02631578947368421
0.047619047619047616
0.047619047619047616
0.02040816326530612
0.03225806451612903
0.038461538461538464
0.023809523809523808
0.04
0.024390243902439025
0.03571428571428571
0.038461538461538464
0.037037037037037035
0.04
0.03225806451612903
0.043478260869565216
0.043478260869565216
0.027777777777777776
0.02564102564102564
0.027777777777777776
0.030303030303030304
0.03333333333333333
0.02564102564102564
0.023255813953488372
0.030303030303030304
0.029411764705882353
0.02127659574468085
0.037037037037037035
0.03225806451612903
0.02857142857142857
0.024390243902439025
0.03571428571428571
0.029411764705882353
0.027777777777777776
0.03333333333333333
0.02857142857142857
0.02857142857142857
0.018867924528301886
0.041666666666666664
0.03571428571428571
0.029411764705882353
0.034482758620689655
0.025
0.0625
0.047619047619047616
0.03125
0.045454545454545456
0.02127659574468085
0.016129032258064516
0.04
0.03571428571428571
0.025
0.02127659574468085
0.02857142857142857
0.029411764705882353
0.041666666666666664
0.037037037037037035
0.021739130434782608
0.024390243902439025
0.03125
0.02127659574468085
0.027777777777777776
0.04
0.029411764705882353
0.041666666666666664
0.018867924528301886
0.034482758620689655
0.02857142857142857
0.019230769230769232
0.03225806451612903
0.025
0.034482758620689655
0.045454545454545456
0.030303030303030304
0.02857142857142857
0.037037037037037035
0.029411764705882353
0.043478260869565216
0.02127659574468085
0.027777777777777776
0.03571428571428571
0.024390243902439025
0.02702702702702703
0.03571428571428571
0.02564102564102564
0.01818181818181818
0.02702702702702703
0.041666666666666664
0.02564102564102564
0.02127659574468085
0.045454545454545456
0.034482758620689655
0.024390243902439025
0.021739130434782608
0.03571428571428571
0.03333333333333333
0.025
0.0625
0.03571428571428571
0.043478260869565216
0.023809523809523808
0.041666666666666664
0.03571428571428571
0.023809523809523808
0.030303030303030304
0.03333333333333333
0.04
0.025
0.03333333333333333
0.029411764705882353
0.023255813953488372
0.02631578947368421
0.034482758620689655
0.030303030303030304
0.02564102564102564
0.04
0.024390243902439025
0.034482758620689655
0.02857142857142857
0.02564102564102564
0.025
0.045454545454545456
0.027777777777777776
0.03571428571428571
0.043478260869565216
0.03333333333333333
0.02040816326530612
0.022727272727272728
0.041666666666666664
0.023255813953488372
0.023809523809523808
0.037037037037037035
0.022222222222222223
0.04
0.041666666666666664
0.020833333333333332
0.03571428571428571
0.041666666666666664
0.03571428571428571
0.03225806451612903
0.037037037037037035
0.04
0.022727272727272728
0.03333333333333333
0.03225806451612903
0.05
0.034482758620689655
0.05555555555555555
0.022222222222222223
0.02631578947368421
0.027777777777777776
0.029411764705882353
0.018518518518518517
0.02564102564102564
0.02040816326530612
0.041666666666666664
0.03333333333333333
0.043478260869565216
0.03225806451612903
0.05
0.029411764705882353
0.037037037037037035
0.027777777777777776
0.034482758620689655
0.041666666666666664
0.023255813953488372
0.038461538461538464
0.02631578947368421
0.037037037037037035
0.043478260869565216
0.02857142857142857
0.03571428571428571
0.02040816326530612
0.030303030303030304
0.02564102564102564
0.03125
0.05
0.019230769230769232
0.02127659574468085
0.03125
0.02564102564102564
0.045454545454545456
0.03333333333333333
0.02702702702702703
0.02
0.02564102564102564
0.030303030303030304
0.038461538461538464
0.023809523809523808
0.05
0.030303030303030304
0.038461538461538464
0.02631578947368421
0.02857142857142857
0.02564102564102564
0.02702702702702703
0.023809523809523808
0.024390243902439025
0.047619047619047616
0.02564102564102564
0.029411764705882353
0.02564102564102564
0.043478260869565216
0.038461538461538464
0.023809523809523808
0.03571428571428571
0.030303030303030304
0.02857142857142857
0.021739130434782608
0.024390243902439025
0.022222222222222223
0.029411764705882353
0.045454545454545456
0.037037037037037035
0.05263157894736842
0.03225806451612903
0.043478260869565216
0.02040816326530612
0.030303030303030304
0.021739130434782608
0.03333333333333333
0.045454545454545456
0.02857142857142857
0.027777777777777776
0.037037037037037035
0.021739130434782608
0.03333333333333333
0.018518518518518517
0.041666666666666664
0.03571428571428571
0.023809523809523808
0.023255813953488372
0.038461538461538464
0.023809523809523808
0.020833333333333332
0.019230769230769232
0.045454545454545456
0.02631578947368421
0.038461538461538464
0.03225806451612903
0.03225806451612903
0.029411764705882353
0.0196078431372549
0.02702702702702703
0.02564102564102564
0.02857142857142857
0.041666666666666664
