17
42
590
654
702
771
1145
3216
3476
4742
4951
5568
6841
8151
8503
8566
9495
10246
11111
12393
13091
13425
13929
14047
14090
14458
14825
14831
14981
15619
15736
16566
16736
17460
18198
19526
19875
20312
20316
20543
20865
21218
22628
22684
23313
23556
23597
24079
24447
24627
25587
26368
27131
27751
28018
28836
29175
29271
29309
29862
30884
30991
31331
31518
32305
32366
32791
33040
33202
33658
33713
33980
34282
34548
34781
34975
35756
35954
36942
37990
38558
38752
39059
41042
41196
41702
41966
42839
42844
42939
43053
43158
43357
44015
44135
45118
45442
45500
45852
45963
47154
48595
48686
49047
49102
49398
49687
51019
51518
51870
51919
52464
52476
52498
53077
53392
53436
53512
53702
53973
54094
54150
54368
54569
55141
55850
56527
56583
57262
58403
58433
59632
59688
60001
60422
60541
61146
61150
62200
62220
63048
63386
63509
63652
63738
63749
64252
64905
65393
65407
66030
66704
68856
68862
70991
71447
71842
72054
72339
74468
74769
74997
75164
75860
77296
78550
78878
79402
79673
79842
79949
80541
81009
81596
81840
81942
82504
82523
82735
82776
83153
83541
84715
85719
86109
86134
86193
86347
87069
87752
89710
89755
90554
90931
91175
91204
91317
91656
91874
92260
92270
92986
93081
93112
93234
93374
94545
95935
96822
96897
97126
97506
98639
98759
99080
99545
100078
100164
100512
101223
102391
102444
102795
103550
103555
104571
105568
105783
106093
107435
107554
107574
107613
107975
108113
108550
108707
109045
110271
110621
110703
110822
111051
111605
111748
111820
111991
112641
113337
113364
113545
113636
115226
115254
115785
116017
116097
116498
116629
117780
118024
118096
118459
118519
118729
119252
119525
120357
120738
120879
120991
121501
121512
122489
124060
124160
124977
125379
127106
128123
128331
128401
129217
129237
129974
130352
131042
131140
131999
132105
132238
132452
132877
134216
134793
135129
135516
135951
137266
138254
138725
139048
139737
141025
141669
141676
141854
142587
142997
143250
143375
144654
144739
144908
144932
145420
146107
146280
146659
146973
147168
147721
148069
148992
151191
152588
152891
153479
153807
154068
154365
154696
154755
155648
155704
155787
155811
156158
156503
156799
156852
157000
157195
157212
158994
159050
159341
159515
159537
160539
161095
161358
162098
164459
164524
165149
165475
165537
165555
166807
166835
167853
168189
168521
169191
169575
169616
170066
171219
172178
172566
172862
173104
174265
174902
175131
175602
175650
176021
176732
177008
177583
179910
181683
181993
182645
183182
183544
183571
183783
184204
184329
184429
185123
186407
186849
186936
187605
189280
189575
189613
189639
189864
189930
190104
192481
192723
192970
194120
194489
194527
194631
197539
197679
198170
198733
199534
199761
201729
201922
202494
203953
204166
204454
205325
205498
205879
206099
206353
206896
207176
208393
208632
209179
209746
209994
210097
210185
210388
210486
211190
211252
211255
213197
213273
213918
214503
214624
214733
215064
215325
215441
216473
216492
216617
217076
219172
219436
220805
221278
221430
221485
221891
221977
222605
222872
222966
224713
224940
224942
225800
225971
226473
226617
228073
228955
228998
230465
230791
230998
231109
231960
232015
233002
233458
233803
234427
234560
235292
235315
235857
236536
237289
237353
237492
237654
239309
239458
241017
241503
242875
243226
243435
243852
244056
244388
244430
244530
244876
244963
245591
246110
246572
247229
247628
248151
248675
249214
249321
251160
252672
253190
253223
253648
253834
254720
255418
255610
256586
256671
256882
257576
257757
257858
259200
259951
259982
260247
261417
261914
261978
262136
262226
262301
262406
263254
264101
264178
264339
264582
266990
267614
267869
268157
268405
268712
268895
269181
269818
270746
271137
271140
271331
271951
272293
272539
272955
273252
273285
274075
275412
275515
275821
275867
276168
276536
276813
277098
277583
278685
279447
279456
279651
280148
281389
282470
282746
283008
283313
283572
284348
284665
285620
286160
286227
286368
286832
286836
287106
288544
288685
291014
291109
291171
291822
291833
291895
292903
292918
293532
293617
293915
294542
294595
294732
295151
295849
295943
296200
296484
296513
297101
297875
298938
299786
299931
299976
301027
301406
302071
302115
303241
303568
303667
304613
305324
305477
305802
306052
306102
306357
308654
308840
309199
309300
310702
310938
311068
311337
311676
311839
312634
312795
312862
313262
314138
316011
316518
317167
317358
317751
318074
318182
318252
318769
319193
319567
320002
320276
320695
321676
322322
322379
322668
323105
323262
323956
324231
324464
325279
325582
327240
327298
327950
329040
329233
329377
330329
330585
331485
331490
331952
332548
333625
334062
334736
335075
335338
335357
337572
337766
338478
338694
338866
339511
339653
341075
342749
342931
343291
344049
344432
345141
345554
346315
346432
347186
347315
348773
348802
349277
349344
350886
351267
352642
353296
353825
354013
354917
354958
355428
355810
356238
356376
356440
356563
356831
357072
357460
358281
359461
359830
360219
360859
361405
361846
362195
363261
363286
363615
363669
363832
364159
364300
364301
364454
364622
364850
365000
365058
365869
366896
367085
367270
368139
368214
368826
370348
371103
371430
371954
372422
374244
375304
375592
375736
375950
376230
376485
376682
376730
377224
377248
377481
378041
378225
379191
379708
379941
380244
380490
381253
381530
382709
382817
383274
384028
384955
385396
385979
386354
386768
387247
387724
388209
388567
388576
389310
389642
390485
390559
391221
391507
392173
392512
393149
393585
393643
394622
394790
395133
395735
396818
397157
397339
398093
398565
398660
398900
399111
399885
400340
400356
400761
401404
401409
401595
401630
402317
402966
404759
406685
406719
406826
407184
407403
407937
408420
409012
409204
410250
410712
411028
412322
412417
413432
413616
413777
413821
414073
414297
415136
415670
415897
416300
417405
418628
419193
419630
419652
419982
420411
420417
420500
420710
421426
421865
421973
421979
422313
423510
424207
424456
424556
424720
425350
426135
426284
426599
427599
428097
428792
428877
429739
430199
430651
430717
430786
431504
431710
432437
433744
434000
434724
435097
436379
437079
437576
438057
440223
440743
441542
441912
441992
442737
442741
443087
443707
443827
443956
444155
445740
446864
447380
449891
450940
451705
452377
453770
453868
454624
455758
456279
456912
457363
457606
458782
459122
459229
460277
460380
461046
462184
462870
464340
464365
465449
465583
467328
467598
468003
468174
468214
468312
468408
468873
469081
470174
470209
470643
470794
470843
472126
472214
472284
472335
473233
473513
473589
474069
476500
477787
477801
477997
478136
478533
478701
478957
479497
480068
480400
480667
481544
482632
482710
482753
483797
484631
484730
485464
487069
487663
487695
487706
487993
488088
488151
488291
489014
489467
490081
491335
491558
491783
493063
493324
493430
494597
495090
496081
496286
496765
497130
497724
498836
499995
500548
500830
501574
501811
502008
502234
502787
503410
503651
504551
505086
505472
505806
505885
506439
506744
506858
508175
508509
508557
508990
509828
510105
510679
510907
511459
512019
512298
512392
512479
512680
513639
514498
515375
515701
515861
516218
516291
516616
516729
516960
517797
518297
518491
518713
519367
519862
520007
520425
521543
522207
522243
523049
523187
523210
523278
523620
523689
523878
524388
524953
525005
525048
525829
526247
526742
526830
526900
526929
527464
528103
529400
529759
529970
530534
530935
531456
531940
531960
532636
532945
533833
533887
535023
535356
536347
537147
537441
537536
537764
537978
538019
538295
538726
539206
540223
540794
540944
540995
542030
542110
542795
543041
543805
544019
544716
545490
546849
547658
548007
548559
548847
549169
549411
550074
550288
551380
551673
552203
552468
552488
552716
553411
555936
556722
556908
556963
557073
557422
557571
558762
559257
559561
560985
561440
561520
561609
562221
562814
562916
563373
563974
565417
565881
566528
566597
566673
566701
567099
567309
567441
568513
568751
569001
569050
569458
569479
569585
570549
570633
570816
572032
572864
573408
573738
573763
574859
574936
575247
575542
576894
577259
577656
577853
578588
578859
580643
581109
581353
582103
582149
582422
582438
582659
583091
583753
584621
584735
584998
585408
585678
585762
586792
586948
588147
588268
588299
588499
590743
590921
590953
590963
591113
591461
591631
591778
592365
592775
592934
593724
593948
594038
594297
595232
595391
595397
595785
596333
596938
597894
597935
598598
598966
600268
600526
601629
603059
603330
603426
603817
603901
605086
605119
605394
605490
606489
606974
607063
607951
609487
610150
610473
611240
611362
611898
612526
614796
615281
616477
616567
616733
617402
618030
618280
618446
619076
619888
620921
621421
622224
622277
622387
622520
622766
624483
624699
624822
625443
627011
627641
627643
628459
629444
630925
631113
634435
634486
634514
635308
635495
636226
636784
637661
638735
638874
639506
639683
640003
640961
640977
641023
641434
641962
642096
642669
643269
643852
644572
644651
645935
646063
646170
646603
647001
647926
649177
649571
649836
650219
650918
652254
652722
652773
653300
653633
653753
654975
655879
655968
656265
656519
656668
657417
657581
659006
659298
659600
659858
659996
661183
661688
662352
662571
662988
663880
664210
664224
666160
666395
667252
667711
668381
668634
668717
669040
669163
669279
669439
669583
669830
669900
670036
670865
671493
672244
672924
673758
674795
675108
675446
675871
676454
676722
677423
679271
679324
679471
679488
680019
680122
680747
681099
681518
682471
683645
683763
684273
684789
685644
685858
685920
686526
687834
689622
689987
691108
692191
692460
693583
693890
694344
694392
694930
695087
695481
695671
696359
696554
696757
698110
699120
700009
701030
701123
701681
701686
702023
702314
702708
702786
703351
704151
704986
705154
705268
705919
706105
706294
710358
710857
711515
712265
712427
712660
713123
713129
713403
713667
714340
714723
715236
715246
716748
716846
717019
717368
718431
718484
718930
719510
720897
722809
723402
723460
723620
723879
724791
725193
725318
725760
725776
727632
727639
727646
728274
728365
728494
729214
730088
730706
731302
732119
733729
734607
735088
735437
737054
737253
738384
738715
738917
739128
739252
739753
740591
741253
743194
744667
744710
745532
745830
746192
746354
746370
747546
748240
748270
748949
749569
750328
751521
752404
753473
754703
755231
755530
755741
756391
756607
756655
756728
756803
756869
757112
757374
757479
757545
758078
758658
759610
759846
759873
760245
760332
761048
761071
761156
761430
761573
762184
762328
762959
763251
763690
765048
765235
766607
766817
767199
767284
767343
768917
769150
769430
770119
770215
770798
770854
771374
771597
771747
771990
773303
773789
773946
774128
775297
776386
776491
776611
777840
779634
780341
780382
781156
781374
781406
781667
782364
782506
782716
784536
785435
786622
786977
787465
787659
789788
790364
790426
790787
791774
792221
792888
792941
793304
793605
795519
795740
795884
796935
797098
797667
797952
798893
798956
799023
799030
799342
799752
801111
803971
804201
804346
804503
804673
804714
804746
804883
805737
806261
807779
808500
808724
809125
809611
809789
810156
810965
811150
812620
813096
813511
813692
814514
814785
815073
815487
815810
815983
817980
819285
819654
819977
823008
823552
823991
824268
824477
824756
825136
825250
825460
825724
826828
826855
826959
827631
827769
827862
828580
828764
829883
830303
830444
831558
831961
831968
832930
834319
834321
834411
834978
835946
836387
836782
837287
837875
838652
838660
838820
839469
839629
839796
841465
842099
842105
842517
843526
844076
844407
844478
844501
844654
845205
845601
846092
846160
847186
847357
847424
848048
848462
848738
849552
849814
850161
850167
851367
851649
851747
851770
852856
852899
853797
856205
856854
857658
859944
859950
860036
860719
862066
862185
862214
864451
864658
864785
865725
865735
865804
866348
869195
869226
870405
871301
871611
872729
873067
873368
873595
874082
874544
875098
875675
876850
878354
878525
878743
878827
879004
879444
880382
880397
880406
881696
882786
882870
883510
883548
883613
884485
885069
885146
886182
886684
886926
887251
887303
887961
888061
888864
889095
890499
891092
891321
892005
892052
893017
893965
894034
895252
895601
896188
896217
896661
897008
897398
898010
898073
898393
898673
899362
899808
900437
900632
900676
900729
900740
900861
901017
901156
901980
902203
902763
902905
902924
902967
903199
903543
903876
904526
904898
905346
905483
905487
905644
905911
905915
906166
906686
907318
908465
908802
910008
910055
910315
911363
911739
911990
912133
912163
912187
912602
912810
912905
913040
913692
913903
914556
914813
915071
915109
915334
915456
915669
916131
917272
917275
917974
918178
918580
918642
918743
919663
919944
919994
920038
920859
920913
921019
921032
921442
921482
921890
922314
923783
923816
923855
925512
925541
926260
926550
926704
928080
928091
928616
928719
929155
929296
929362
929612
930110
930153
930561
930995
931556
932956
933329
934466
934572
934642
934707
934863
935415
936192
936751
937628
939351
939725
940115
940242
940439
940690
941663
942127
942529
943223
944050
944649
944904
945315
945366
948068
948833
949404
949948
950444
951256
951839
953141
953614
954339
954552
955338
955589
956981
957361
958275
958367
958437
958923
958950
959080
959515
960106
960230
961026
961579
962307
962691
963074
963794
964610
964704
965168
965608
966055
966586
967110
967277
968070
968433
969492
971096
971152
972045
972109
972284
972541
972614
973768
974093
974867
975138
975538
976047
976274
976676
976985
977375
977741
977914
977925
978120
978193
978589
978688
981818
981975
982641
982739
983259
983663
984680
985071
985373
985688
985876
986470
986662
987016
987196
987460
989145
989287
989489
989841
989856
990272
991101
991581
992077
992366
992385
992580
992696
992743
992757
993162
993425
994556
995580
995974
997049
997484
997777
998743
999640
1001203
1001636
1002736
1003427
1003833
1004515
1005137
1005917
1006151
1006164
1007868
1009050
1009791
1010104
1010179
1012521
1012539
1013297
1015750
1015912
1016721
1017847
1017955
1018823
1019298
1019444
1019645
1020258
1020609
1020673
1021228
1021447
1021462
1022776
1023990
1024211
1024303
1024547
1024937
1025244
1025920
1027650
1027753
1028005
1028170
1028377
1029004
1029141
1029893
1030200
1030868
1032150
1032180
1032605
1032973
1033586
1034231
1034591
1034787
1034948
1035019
1035036
1035484
1037023
1037157
1039426
1039449
1039655
1039921
1040524
1040528
1040792
1040872
1040976
1041666
1042256
1042388
1042797
1042882
1043045
1043288
1043519
1043590
1044102
1044132
1044390
1045239
1045516
1045674
1046182
1046700
1046801
1047175
1047300
1047478
1048974
1049054
1049882
1051310
1051945
1052082
1052331
1052786
1052967
1053994
1054180
1054869
1055127
1055817
1056631
1057675
1057928
1058078
1059026
1059254
1059946
1060480
1060982
1062274
1062356
1062495
1062612
1064124
1064385
1066378
1067279
1067404
1067891
1069085
1069229
1069532
1070046
1070538
1070680
1071898
1072732
1073299
1073935
1074468
1074521
1075552
1076081
1078086
1079714
1079816
1080305
1080991
1081255
1081569
1081573
1082070
1082129
1082273
1082683
1082804
1083946
1084254
1084866
1085054
1085076
1085138
1085760
1085983
1086087
1086152
1086649
1089355
1089763
1090190
1090251
1090324
1090951
1092016
1092805
1093231
1093772
1094730
1095000
1097091
1098925
1099288
1099493
1100137
1100399
1100438
1101891
1104269
1104442
1105097
1105467
1105857
1106155
1106226
1106241
1106769
1106986
1107145
1107163
1107400
1107514
1108047
1108484
1108558
1108585
1110550
1110735
1110861
1111006
1111594
1112270
1112517
1113896
1114159
1114629
1115749
1117322
1117346
1117983
1118587
1119174
1119199
1119826
1119833
1120110
1120738
1120938
1121050
1121190
1121829
1122059
1122207
1123728
1123847
1123964
1124457
1124796
1125049
1126357
1126851
1127288
1127693
1127754
1128200
1129260
1130383
1130814
1131230
1131975
1132994
1133274
1134373
1134559
1134799
1135091
1135371
1135503
1136334
1136885
1137191
1137384
1138090
1139656
1140551
1142236
1142394
1142556
1142653
1142865
1143085
1144253
1144298
1144326
1144372
1145802
1146617
1146790
1147210
1147305
1147458
1147942
1147975
1149007
1149050
1149189
1149481
1149590
1149632
1150337
1150644
1150918
1151734
1151786
1152534
1155451
1155512
1156139
1156182
1156281
1156671
1157210
1157258
1157734
1157954
1158174
1158260
1158838
1159027
1159106
1159168
1159749
1160055
1161705
1161914
1162820
1163250
1163548
1164285
1164565
1164739
1164936
1165430
1165510
1167769
1168252
1168358
1169030
1170103
1170659
1171488
1173298
1173767
1175910
1176579
1176758
1177200
1177304
1177341
1177901
1178776
1179023
1179799
1180512
1181005
1181614
1182717
1183100
1183787
1184222
1185260
1185366
1185795
1185977
1186717
1186780
1187455
1187879
1188135
1188668
1188770
1189502
1189769
1190150
1190829
1191527
1191547
1192050
1192582
1192748
1194061
1194226
1194361
1195247
1195385
1195600
1196122
1196841
1196902
1197309
1197348
1199004
1199428
1199435
1199647
1199786
1200301
1200793
1201713
1201909
1201960
1202554
1203594
1203920
1204178
1204556
1206113
1206288
1206523
1207360
1207794
1208289
1209021
1209331
1209392
1209600
1209609
1209663
1210054
1210238
1210472
1210557
1211189
1211535
1212145
1213824
1214287
1214867
1215088
1215211
1215613
1216461
1216479
1216599
1216753
1216779
1216787
1217558
1217636
1217924
1219125
1219287
1219329
1219646
1220773
1220898
1221099
1221134
1223037
1223271
1223853
1224251
1224312
1224821
1225177
1225432
1225608
1227470
1227726
1227996
1228831
1229019
1230783
1232279
1232571
1232665
1233248
1234836
1235121
1235464
1236179
1237146
1237478
1238249
1238329
1238706
1238922
1239336
1239588
1239958
1240021
1240097
1240540
1240543
1241482
1241557
1242333
1242798
1243107
1243211
1243922
1244236
1244883
1244967
1245702
1246679
1246937
1246960
1247001
1247308
1248379
1248553
1249546
1250007
1251232
1252494
1252538
1252747
1253294
1253334
1253632
1253738
1254121
1254437
1254764
1254839
1254923
1256576
1256883
1257098
1257115
1258523
1258552
1259087
1259443
1260740
1261390
1261643
1262236
1262637
1262785
1262960
1263431
1264289
1264593
1264887
1265454
1265892
1265893
1266426
1266590
1266703
1267102
1267319
1267437
1267462
1267634
1267781
1267913
1267969
1268368
1268715
1269312
1269609
1270282
1270664
1270995
1271380
1272291
1272368
1273545
1273862
1275392
1275425
1275762
1276132
1276629
1276794
1277164
1278213
1278296
1278309
1279224
1279496
1280115
1280853
1280896
1281163
1281275
1282697
1283199
1283462
1283670
1284044
1284244
1285458
1285891
1287097
1287302
1287688
1288037
1289291
1290695
1290958
1291239
1291859
1291917
1291924
1292661
1293208
1293322
1294221
1294428
1295901
1296181
1297208
1297438
1300067
1300076
1301772
1301822
1302016
1302149
1302590
1302734
1303642
1304077
1305209
1306386
1306610
1306792
1306969
1307605
1308122
1309651
1310388
1310842
1310878
1311012
1311322
1311525
1311681
1312485
1312494
1313313
1313348
1314366
1314704
1315314
1315498
1315810
1316242
1316602
1316749
1316994
1317590
1318906
1319453
1319459
1319812
1319965
1319977
1320032
1320070
1321047
1321877
1322013
1322873
1324367
1324433
1324548
1325553
1325622
1326109
1326329
1327154
1327266
1327441
1327873
1327932
1327963
1328286
1328357
1329007
1329074
1329638
1330042
1330393
1330523
1330534
1330689
1331659
1333201
1333841
1334142
1334261
1334343
1334407
1335840
1336605
1336864
1337089
1337291
1339148
1339344
1341831
1342390
1342417
1342881
1342958
1343342
1343385
1344210
1344457
1344666
1345036
1346093
1346205
1347167
1347365
1348478
1349797
1350130
1350796
1350876
1351684
1351790
1352015
1352187
1352303
1353851
1353993
1354823
1355543
1355875
1355969
1357490
1357589
1358040
1358884
1359400
1359843
1362665
1363924
1363951
1363959
1363996
1364936
1365345
1365433
1365473
1366331
1366772
1366961
1367489
1367933
1368024
1368099
1368125
1368440
1368937
1369519
1369566
1370025
1370115
1370561
1371217
1371366
1372207
1372347
1372623
1372898
1372940
1373330
1374017
1374173
1374313
1374537
1376916
1377254
1377260
1377459
1377841
1377863
1377880
1377911
1378698
1379352
1381272
1381679
1382146
1382187
1382498
1384427
1384626
1384764
1387054
1389117
1389230
1389503
1390748
1390844
1391588
1391623
1392281
1393126
1394943
1396629
1396743
1397357
1397804
1397941
1398130
1399931
1400248
1400353
1400893
1401570
1401650
1401790
1402336
1403929
1404261
1404520
1405623
1407250
1407693
1408387
1408680
1409060
1409194
1410570
1410927
1411580
1411792
1412363
1412499
1412627
1412660
1412871
1413796
1414155
1414455
1415317
1416070
1416269
1416422
1417271
1417289
1417373
1418041
1418311
1418897
1420030
1420037
1420282
1420318
1420353
1420994
1421568
1421793
1422421
1422736
1424470
1425559
1426416
1427106
1427273
1427592
1428123
1428931
1428983
1430112
1431421
1431656
1432016
1432477
1432604
1432938
1435075
1435118
1435292
1435745
1435813
1436409
1436497
1437555
1439005
1439571
1440401
1441033
1441190
1442203
1442232
1442380
1442473
1442564
1442652
1443298
1443893
1444679
1444712
1444771
1445007
1446111
1446638
1447147
1447724
1448412
1448988
1449077
1449764
1450610
1451445
1452043
1452055
1453156
1453677
1454095
1454383
1454512
1454629
1454721
1455515
1455672
1455700
1456636
1457679
1457780
1458586
1458753
1459222
1459891
1460549
1461305
1462299
1462306
1464210
1464843
1467130
1467167
1467247
1467884
1468659
1468900
1469540
1471128
1472001
1473649
1473658
1474369
1475000
1475503
1475624
1475631
1475822
1476895
1477427
1477525
1479011
1479013
1479107
1479173
1479198
1479602
1479752
1480635
1480891
1481374
1481486
1482312
1482602
1482904
1483114
1484029
1484166
1484544
1484643
1485586
1485707
1486075
1486105
1486304
1486795
1486834
1487474
1488249
1488604
1488762
1488897
1489143
1489233
1489425
1489958
1490059
1490074
1490176
1490195
1490221
1490845
1490987
1491062
1491115
1492479
1492595
1493417
1494733
1495093
1495235
1495487
1495504
1495704
1496050
1496444
1497357
1497434
1498363
1498729
1499434
1500031
1500674
1504571
1504855
1505109
1505754
1505772
1506897
1509073
1509425
1509866
1510498
1510808
1511111
1511368
1511600
1511602
1512446
1512929
1513086
1513257
1513549
1513943
1514622
1515033
1515404
1516200
1516283
1516591
1516607
1517300
1517319
1517897
1518338
1518457
1518596
1518634
1519074
1519515
1519642
1519868
1521141
1522195
1522836
1524137
1524999
1525221
1525259
1526229
1527657
1527662
1527752
1528539
1528821
1529094
1529107
1529232
1529406
1529997
1530051
1530067
1530324
1530757
1531544
1532091
1532478
1532641
1533007
1533217
1533323
1534654
1534716
1534995
1535123
1535508
1535561
1536014
1536065
1536127
1536319
1536326
1536354
1537127
1537130
1537832
1538648
1538664
1539035
1539369
1539931
1540043
1540339
1540541
1541381
1542017
1542401
1542988
1543458
1543523
1544301
1544612
1545052
1545200
1545234
1545346
1546248
1546596
1547060
1547116
1547655
1547894
1548270
1548661
1548729
1548813
1549258
1549327
1550989
1551073
1551378
1551849
1553049
1553352
1553568
1553647
1554444
1554954
1554976
1555203
1555621
1555750
1555926
1555970
1556432
1557461
1557578
1557845
1558037
1558672
1559773
1559804
1559964
1560161
1560168
1560675
1561763
1561978
1562038
1562188
1562780
1563185
1564706
1564760
1565395
1565428
1566214
1566239
1566365
1567677
1567899
1568515
1569146
1569252
1569293
1569614
1570070
1570384
1570794
1572602
1573495
1573596
1573645
1573953
1574261
1574390
1575053
1575121
1576603
1576735
1576775
1576955
1577063
1577937
1578591
1579091
1582862
1583299
1583446
1584811
1585366
1586307
1586458
1586726
1587906
1588011
1588290
1589307
1590004
1590214
1591299
1591362
1592162
1592326
1592540
1592799
1594520
1594969
1596020
1596174
1596415
1597593
1597878
1598786
1598876
1599306
1600335
1600931
1601512
1601636
1602000
1602216
1602224
1602687
1602969
1603022
1603225
1603956
1604808
1606280
1606308
1606342
1607114
1607144
1607333
1607539
1608210
1608307
1608909
1609975
1610142
1610276
1610720
1611224
1613401
1613487
1614022
1614057
1614166
1614678
1615034
1615220
1615281
1615287
1616022
1616025
1616063
1616273
1616389
1617349
1617474
1618430
1618575
1618807
1618828
1620027
1620301
1620386
1620408
1621330
1621715
1622022
1622817
1622940
1623513
1623695
1624935
1625048
1625073
1625546
1626684
1626900
1627052
1627285
1627364
1628514
1628553
1628696
1629022
1629777
1630305
1630481
1631298
1631637
1632902
1633491
1633545
1633757
1634631
1635073
1635121
1635208
1637995
1638159
1638199
1639011
1639439
1639479
1640539
1640594
1641423
1643625
1643642
1643676
1645027
1645273
1645666
1645950
1646999
1647490
1647696
1648420
1649108
1649601
1649635
1649987
1650109
1650181
1650290
1651207
1652162
1652582
1652762
1653187
1653200
1653774
1653845
1654213
1654909
1655789
1656581
1656799
1657096
1657100
1657512
1658637
1659000
1659090
1659651
1660882
1661525
1661737
1662184
1663076
1663528
1663558
1663660
1663907
1664306
1664389
1664586
1665243
1665293
1666059
1666763
1666805
1666868
1667424
1668185
1669308
1670216
1671579
1671600
1671921
1673152
1673244
1673688
1673892
1677165
1677367
1677622
1678346
1678456
1679465
1679523
1680112
1681884
1681987
1682456
1683180
1683992
1684863
1685055
1685100
1685850
1686170
1686181
1687354
1688141
1688416
1689320
1689323
1690072
1690660
1691295
1691304
1691359
1691393
1691561
1692099
1692787
1693914
1694154
1694843
1695968
1696105
1696117
1696859
1696870
1697754
1699099
1699762
1701246
1702191
1702621
1703950
1704656
1705548
1705896
1706303
1707150
1707254
1707551
1707904
1709517
1709982
1710289
1710720
1711741
1711877
1712238
1712402
1712494
1713108
1713201
1713828
1713856
1714568
1715213
1715973
1716266
1716557
1717009
1717687
1717773
1718402
1720044
1720760
1722648
1723237
1725818
1726047
1728026
1728435
1728444
1728474
1728498
1728552
1728561
1728630
1728850
1729567
1729664
1729773
1730461
1730638
1731164
1732294
1733172
1734814
1736295
1736389
1739794
1740027
1741388
1741663
1742742
1742977
1743564
1743899
1745024
1745026
1745130
1745235
1746108
1746358
1746419
1747189
1747470
1747800
1748123
1748353
1748907
1749226
1749482
1749830
1750250
1750503
1751196
1752037
1752605
1752957
1754695
1754997
1755066
1755191
1755391
1755420
1755492
1755558
1756001
1756787
1757141
1758241
1758496
1759295
1759678
1760133
1760164
1760603
1760654
1761020
1761942
1762435
1762697
1763049
1763125
1763356
1763925
1764303
1765729
1765931
1766623
1766802
1767060
1768179
1769828
1770067
1770071
1770313
1770771
1771127
1771338
1772259
1772332
1772947
1773131
1773891
1773935
1774027
1774096
1774303
1774319
1774506
1774564
1774754
1775985
1776346
1777056
1777450
1778244
1778601
1780725
1780869
1782092
1783302
1783363
1784665
1785051
1785241
1785626
1786566
1786710
1786850
1787052
1788606
1789094
1790757
1790991
1791015
1791606
1792100
1792340
1792750
1792896
1793237
1793412
1794516
1794552
1794777
1797672
1798930
1799233
1800030
1800446
1800507
1800511
1800618
1800802
1801089
1801477
1802588
1802709
1803763
1803931
1804001
1804173
1805646
1805855
1806345
1806579
1806749
1808005
1808102
1808704
1808879
1809094
1809369
1809693
1810253
1810719
1811201
1811214
1811755
1811936
1812040
1812280
1812732
1812939
1812985
1813169
1813204
1814132
1818561
1822355
1822723
1822802
1823237
1823332
1824153
1824519
1824575
1824968
1826087
1827183
1827404
1827453
1828592
1828840
1828959
1830421
1830970
1831437
1831523
1832334
1832579
1832936
1833228
1833477
1834334
1834843
1835141
1835362
1835503
1836027
1836354
1836525
1836743
1837262
1837310
1837709
1838600
1839410
1839500
1839951
1841251
1841493
1841617
1841817
1841887
1841892
1843078
1843293
1844613
1845255
1845274
1845329
1845454
1845995
1846441
1846803
1846890
1847218
1847858
1849449
1849843
1850139
1850522
1851113
1852804
1853020
1853457
1853474
1853733
1853752
1854413
1855048
1855077
1857219
1857435
1857512
1858588
1859301
1859466
1859763
1860188
1860506
1860511
1860967
1861128
1861392
1862923
1863641
1863812
1864139
1865333
1865394
1866038
1866421
1866432
1867576
1867769
1867846
1868161
1868517
1868550
1869014
1869654
1869780
1869813
1869950
1870814
1871707
1872287
1872519
1872534
1872911
1872914
1873968
1874533
1874673
1874914
1875048
1875555
1876315
1876429
1876783
1876845
1877017
1877041
1877650
1878270
1878420
1878552
1879135
1879269
1879300
1879383
1879943
1880617
1881177
1881410
1882176
1882231
1882827
1884128
1884491
1885131
1888315
1890270
1890575
1890823
1891404
1892705
1893668
1893743
1894031
1894397
1894777
1897609
1898535
1899201
1899491
1899602
1899693
1899762
1900802
1901067
1901738
1901859
1902053
1902649
1903810
1904464
1905880
1906864
1907069
1907592
1907977
1908570
1909010
1909163
1909613
1909848
1909855
1909877
1909908
1910126
1911000
1911168
1911442
1911726
1911912
1913140
1913270
1913318
1913347
1913748
1913834
1913859
1913944
1914216
1914522
1914651
1914959
1915851
1916234
1917446
1917905
1917911
1918538
1919358
1920162
1921233
1922550
1923035
1923079
1923252
1923651
1923828
1923874
1923987
1924116
1924428
1924879
1924955
1925716
1926281
1926433
1926749
1926826
1927540
1927656
1927778
1927915
1928758
1929015
1929751
1929814
1929822
1930022
1930042
1930090
1930418
1931102
1931224
1931350
1931969
1931980
1934480
1934611
1934628
1934678
1934829
1934940
1935282
1935333
1936296
1936347
1936775
1937727
1937733
1938004
1938289
1938541
1938830
1938991
1939186
1939369
1939647
1939985
1940163
1940284
1941704
1942417
1942742
1943140
1943583
1945020
1946132
1946235
1947270
1947554
1947757
1948770
1950774
1951297
1951827
1953081
1953814
1954253
1955160
1956818
1956906
1957010
1957713
1957887
1957998
1958057
1958196
1958235
1958394
1959243
1960013
1960268
1962022
1963497
1965021
1966412
1966560
1966588
1966617
1966864
1967302
1968091
1968907
1968926
1969122
1969166
1969525
1970245
1971245
1971774
1972559
1973119
1973823
1973906
1975687
1975780
1976100
1977777
1977891
1978528
1979443
1979662
1979886
1979951
1980054
1981115
1982349
1982969
1984822
1985488
1986196
1987178
1987310
1988194
1988692
1990433
1992441
1992898
1992949
1993437
1994172
1994358
1994901
1994945
1996082
1996301
1996674
1996987
1997184
1997450
1997475
1998023
1998536
1998715
1998970
1999243
1999781
1999835
2000711
2002373
2002525
2002698
2002806
2003217
2004007
2005037
2005176
2005501
2005573
2005845
2005851
2005934
2006074
2006277
2006372
2007425
2007481
2007710
2007961
2008135
2008383
2008561
2008619
2008836
2010114
2010611
2011656
2011865
2012003
2013110
2013431
2013842
2013970
2014244
2014888
2015510
2015550
2015971
2016121
2016317
2016459
2016892
2017348
2017374
2017536
2018033
2018052
2018099
2018802
2018999
2019598
2020060
2020165
2020961
2022420
2022796
2023480
2023895
2024657
2024924
2025070
2026138
2027109
2027489
2029237
2030259
2030552
2031813
2032349
2032841
2033010
2033805
2034133
2034897
2035815
2036190
2036711
2036872
2037217
2037267
2037510
2038577
2038946
2040686
2041022
2041132
2041143
2041985
2042905
2043333
2044135
2044661
2045424
2045580
2045855
2046643
2047498
2047529
2048363
2048717
2049203
2049430
2049756
2050121
2050164
2050884
2050991
2051108
2051317
2051444
2051981
2052282
2052472
2053510
2055148
2055263
2055550
2055670
2055749
2055750
2055847
2056431
2056745
2057469
2058024
2060365
2060393
2060844
2062442
2062904
2063841
2065819
2066129
2066325
2067314
2067550
2067662
2068530
2069007
2070203
2070398
2070614
2071032
2071258
2071407
2071836
2072123
2072334
2072860
2073075
2073413
2073657
2073811
2074196
2074597
2074706
2075576
2075671
2075943
2078723
2079052
2079276
2079579
2080191
2081308
2081412
2081677
2082657
2082757
2083648
2084876
2085914
2086454
2088467
2088548
2089078
2089100
2090711
2091061
2091170
2091998
2095409
2097979
2098231
2098691
2099107
2099295
2100907
2101108
2101163
2101320
2101691
2101888
2101954
2101956
2103354
2103729
2104389
2104712
2105254
2105318
2105355
2106045
2106346
2106740
2107047
2107320
2107618
2108125
2108429
2108592
2108892
2108933
2109947
2110179
2110199
2110477
2110917
2112592
2113036
2113122
2113702
2114037
2114374
2115162
2115470
2116162
2116920
2117553
2118530
2118636
2118951
2119583
2120036
2120354
2120404
2121202
2121237
2121490
2123786
2123860
2125145
2128835
2129391
2129449
2131186
2131265
2131679
2131703
2131745
2132373
2132673
2133104
2133301
2133386
2133858
2135197
2135438
2135538
2136295
2136432
2138087
2138554
2138854
2139441
2139816
2139824
2140557
2141417
2141932
2142445
2142468
2142688
2143728
2143992
2144097
2144435
2145563
2146067
2146379
2146395
2146627
2147072
2147142
2147533
2148116
2148560
2148827
2149428
2149795
2149864
2150201
2150502
2150822
2151336
2151664
2152292
2153313
2153637
2153828
2154558
2155352
2156359
2157274
2157428
2159127
2159552
2160426
2162009
2162616
2162645
2163243
2163435
2163570
2163851
2164847
2165370
2165376
2165387
2165996
2166180
2166297
2166552
2167688
2167697
2167699
2167989
2168072
2168799
2169024
2169063
2169764
2172325
2173024
2173306
2173436
2173472
2173533
2173831
2174035
2174074
2175840
2177566
2177666
2178033
2178200
2178245
2179385
2179631
2179640
2180262
2180439
2180975
2182501
2183442
2183830
2183950
2184127
2184640
2185214
2185229
2186935
2187333
2188013
2188508
2188703
2189383
2190081
2190736
2190961
2192020
2192358
2192469
2193763
2194115
2194210
2194771
2195263
2195592
2195792
2195808
2195923
2196039
2196372
2197060
2197090
2197239
2197495
2198045
2198129
2198383
2198527
2198594
2200875
2201393
2201781
2201801
2201802
2202872
2203249
2203423
2204326
2204707
2204745
2205997
2206148
2206230
2206415
2206972
2207052
2207556
2207596
2207807
2208475
2208665
2209092
2209904
2210027
2210578
2210909
2210971
2211254
2212300
2212526
2213440
2213921
2214077
2214354
2214693
2214713
2214997
2215417
2215527
2216196
2216351
2216416
2217088
2218497
2218688
2218768
2218995
2220089
2220230
2220802
2222186
2222650
2222958
2223517
2223813
2224594
2227375
2227479
2228891
2229003
2229020
2229120
2229367
2229819
2230939
2231293
2232389
2232849
2234572
2235432
2235775
2236381
2236764
2237015
2237526
2238906
2239168
2239339
2240128
2240161
2240201
2240990
2241125
2241186
2241189
2241395
2241738
2242577
2242961
2244463
2244699
2245594
2246429
2246738
2247091
2248140
2248208
2248299
2248503
2249633
2249714
2249805
2250088
2250199
2250662
2251657
2251876
2251925
2252279
2253480
2254377
2254624
2254638
2254900
2255467
2256364
2256687
2256754
2256779
2257932
2258252
2258929
2260246
2260592
2261218
2262318
2262567
2262625
2262693
2263408
2263882
2264127
2264237
2264285
2265028
2265182
2265590
2265618
2267257
2267490
2268834
2268945
2269903
2270572
2271042
2271257
2271724
2271961
2272033
2272332
2272341
2272727
2273621
2273770
2273856
2274060
2275000
2275214
2275765
2276111
2276499
2277289
2277564
2278102
2279993
2280486
2280973
2281467
2281817
2281909
2282972
2283158
2283164
2283580
2283592
2283904
2285164
2285437
2285455
2285500
2285750
2285957
2286063
2287614
2288020
2288489
2289145
2289160
2289413
2289588
2289874
2291757
2292513
2293370
2293515
2293726
2295565
2296150
2297127
2297366
2298511
2298662
2298741
2298840
2299655
2299895
2300223
2300435
2300604
2301002
2301071
2301085
2302666
2303628
2303811
2304017
2304223
2305130
2305855
2306525
2307411
2309727
2309976
2310088
2310571
2310725
2310819
2310971
2311216
2311459
2312013
2313066
2313773
2313929
2314285
2314593
2314948
2315086
2315509
2315798
2316149
2316938
2319373
2319605
2319762
2320058
2321435
2321897
2322768
2323092
2323267
2323675
2323937
2324748
2324841
2325039
2326025
2326453
2328125
2328432
2329134
2329532
2329601
2329689
2330912
2332994
2333241
2333628
2334096
2336054
2336093
2336129
2336203
2337396
2337494
2337826
2339066
2339584
2340358
2341357
2341727
2342248
2343314
2344321
2345705
2345845
2346356
2347274
2347922
2349331
2349522
2351970
2352196
2352716
2352721
2352913
2353029
2353173
2354184
2354463
2354747
2356352
2356909
2357247
2357659
2357962
2358087
2358569
2358658
2359366
2360756
2361049
2361342
2362045
2364042
2364593
2364858
2365158
2365325
2366136
2366359
2366735
2368861
2368885
2369478
2370193
2372362
2373185
2373762
2373814
2375265
2375397
2375991
2376555
2378515
2379818
2380219
2380547
2380571
2380622
2380780
2380939
2381361
2381680
2381686
2382000
2382378
2383508
2383559
2383841
2385056
2385274
2385798
2386452
2387741
2388128
2388377
2389112
2389997
2390255
2390260
2393410
2393469
2394426
2395003
2395441
2395662
2395850
2397195
2397317
2397550
2397559
2397702
2398876
2401358
2401858
2402077
2402303
2402667
2402990
2403528
2404439
2404482
2406313
2406514
2406764
2407536
2407657
2408599
2409088
2409724
2409869
2410079
2410144
2410261
2410380
2410476
2411733
2411855
2412082
2412805
2412963
2414068
2414855
2415501
2416389
2417109
2417376
2417728
2417963
2418280
2418806
2421103
2421272
2421996
2422798
2422964
2423649
2424231
2424670
2424750
2425306
2425418
2425492
2426459
2427191
2427413
2427611
2428336
2429093
2429661
2429697
2430239
2430291
2431419
2431887
2433449
2434058
2434307
2434899
2434971
2435070
2435096
2436918
2438789
2439292
2440069
2440127
2440265
2441116
2441651
2442132
2442682
2443020
2443722
2443910
2444313
2444455
2444596
2445095
2445202
2445397
2445766
2446745
2447167
2447292
2447702
2447978
2448849
2449898
2450299
2450657
2451051
2451981
2452171
2452387
2452939
2453485
2453521
2453538
2453998
2454057
2454531
2455823
2455924
2455965
2456113
2456177
2456238
2456712
2457039
2458054
2458779
2459468
2460176
2460504
2460678
2461738
2461844
2461963
2462493
2462554
2462943
2463754
2464164
2465297
2466852
2466984
2467089
2467349
2467544
2468395
2468572
2469831
2470141
2471234
2471454
2471712
2472641
2472648
2472721
2472899
2474368
2475525
2476008
2476709
2477786
2479384
2480147
2480413
2481029
2481292
2482228
2482284
2482742
2484381
2484778
2485306
2485777
2486079
2487597
2487663
2487919
2488525
2488572
2489007
2489322
2489966
2489973
2490175
2491106
2492468
2492535
2493248
2493329
2493733
2494015
2494521
2494974
2496277
2496287
2496451
2496574
2497178
2497855
2499002
2499888
2500644
2501050
2501976
2502236
2502567
2502603
2503792
2503917
2504459
2505021
2505256
2505551
2505659
2506197
2506689
2508305
2508474
2508644
2508826
2509442
2509489
2509525
2510087
2510705
2510902
2510963
2510981
2511011
2511101
2511322
2512103
2512876
2513063
2513155
2515003
2518112
2518860
2519002
2519096
2519147
2519171
2519267
2519594
2519652
2520650
2520697
2520724
2521155
2521445
2522325
2522712
2522978
2523069
2523838
2525235
2525767
2527807
2528012
2528363
2528407
2529130
2529665
2530177
2531252
2531411
2531841
2533026
2534652
2534907
2535110
2535154
2535195
2535581
2535827
2535856
2536097
2536552
2537246
2537766
2537781
2537943
2538583
2539760
2541187
2541454
2543012
2543032
2543145
2543311
2543330
2543480
2543593
2544284
2544816
2545058
2545919
2546043
2546219
2547178
2547276
2547484
2547557
2548490
2549293
2549363
2549617
2549730
2550309
2550583
2550759
2551226
2551329
2551412
2551903
2552134
2553099
2553913
2555381
2555393
2555868
2556220
2556417
2556880
2556943
2556962
2557096
2557126
2557556
2557614
2558387
2558681
2559280
2559359
2560318
2560514
2560612
2560815
2561254
2562161
2563976
2564165
2564249
2564487
2564696
2565004
2566120
2566216
2566266
2566550
2567486
2567491
2568886
2568896
2569114
2569285
2569416
2569836
2571797
2571898
2572417
2572885
2573016
2573755
2573768
2574328
2575570
2575700
2575936
2576073
2576782
2576835
2576997
2577806
2578397
2579452
2579554
2579724
2580309
2580966
2581373
2582238
2582241
2582288
2584135
2584980
2584987
2585075
2585481
2586121
2586532
2586718
2587391
2587471
2588464
2588662
2589229
2589323
2589909
2590575
2591110
2591830
2592416
2592507
2592954
2593016
2593529
2593843
2594001
2594075
2594295
2594547
2596587
2596834
2596943
2596960
2597233
2597548
2598150
2598722
2598760
2598853
2600951
2601251
2602009
2602260
2602758
2603385
2604552
2604988
2605345
2606986
2607318
2607729
2608144
2608638
2609124
2609881
2610451
2610493
2611796
2612214
2612833
2612860
2612961
2613843
2614025
2614069
2614351
2614927
2615803
2616617
2617229
2617405
2617561
2618071
2618429
2621915
2622193
2622358
2622470
2622784
2623461
2623939
2624145
2624727
2624986
2625385
2625937
2626017
2626146
2626795
2627117
2627606
2628099
2628400
2628631
2629600
2629620
2631024
2631029
2631641
2631747
2632047
2632136
2632823
2633391
2633995
2634645
2636167
2636296
2636905
2637393
2637720
2637855
2638284
2638359
2638962
2639730
2640167
2640829
2642084
2642475
2642726
2643148
2643275
2643953
2643976
2644237
2644238
2644458
2644718
2645269
2645489
2645523
2645604
2645642
2646569
2647056
2647190
2647229
2647737
2649337
2649865
2651113
2651402
2651609
2651613
2651764
2651849
2652402
2652411
2653049
2653187
2654486
2655192
2656139
2656336
2656568
2657290
2657734
2658099
2659874
2659968
2660756
2661225
2661872
2661916
2663146
2663235
2663265
2663297
2664533
2664975
2665040
2665427
2665764
2665996
2666827
2667075
2667613
2667651
2667695
2668134
2668141
2668897
2669045
2669412
2669454
2669963
2670024
2670508
2672146
2672794
2672918
2674076
2674343
2674766
2675201
2675299
2675870
2675913
2676785
2677214
2677898
2677968
2679020
2679044
2679748
2679756
2680387
2680489
2680664
2681564
2682896
2683410
2683454
2683956
2684154
2685534
2685711
2685861
2686126
2686492
2686582
2687986
2688379
2688871
2689987
2690652
2691876
2692718
2692780
2693050
2693445
2693560
2693679
2693684
2693991
2694010
2694115
2694358
2695022
2695446
2695645
2695918
2696952
2697212
2698001
2698168
2698600
2698715
2698739
2699473
2699679
2700775
2701122
2701856
2702105
2703016
2703024
2703669
2705226
2706239
2707382
2708036
2708604
2708927
2708959
2710209
2710450
2712601
2713886
2714157
2715057
2716020
2716141
2716484
2717065
2718170
2718520
2718864
2719741
2721052
2721126
2721582
2721687
2722116
2725027
2725326
2725481
2726522
2726677
2727007
2727020
2727218
2727459
2727571
2729056
2730993
2731527
2731877
2731994
2733095
2733526
2733551
2733761
2734036
2734183
2734331
2736402
2736496
2736920
2737766
2738375
2738463
2738641
2738662
2740618
2740991
2742535
2742626
2743360
2743663
2745293
2745646
2746023
2747198
2747302
2747979
2748506
2749761
2749807
2749922
2750022
2751004
2751357
2751417
2751512
2752336
2752933
2753304
2754933
2755254
2755818
2756080
2756201
2757302
2757538
2757812
2758021
2758297
2758574
2759088
2759135
2759555
2759702
2760028
2760591
2761072
2761482
2762512
2763394
2765468
2766184
2766227
2767067
2768549
2769266
2769691
2770241
2770392
2770439
2772069
2772634
2773562
2774475
2774484
2775007
2775112
2775180
2776709
2777247
2777416
2777694
2778203
2778605
2779841
2780050
2780472
2780900
2781517
2781998
2782615
2783349
2783647
2784449
2784478
2785063
2785122
2785307
2785638
2786062
2786386
2786629
2786860
2788165
2790177
2790554
2790742
2791372
2792039
2792289
2792617
2793779
2794924
2796591
2797326
2797596
2797978
2798070
2798142
2798662
2800351
2800457
2800622
2801149
2801895
2801911
2802032
2802477
2803285
2803322
2804076
2804542
2804859
2805590
2807743
2807759
2807982
2807995
2808179
2808368
2808574
2809460
2809987
2810565
2811045
2811453
2811691
2811969
2812070
2812699
2814003
2814219
2814663
2815706
2816556
2816730
2816792
2817028
2817243
2818166
2818570
2819968
2820753
2821450
2822168
2822410
2822438
2822528
2823018
2824175
2824642
2825499
2826245
2826489
2827145
2827949
2828357
2829024
2829604
2830078
2830079
2831873
2831943
2832101
2832293
2833308
2833360
2833779
2833942
2834404
2835107
2836317
2836707
2836728
2836766
2837147
2838390
2838967
2839275
2840260
2840629
2841300
2841490
2842201
2842380
2843235
2843369
2844741
2845046
2845654
2845959
2846036
2846920
2847121
2847330
2847414
2848394
2848429
2848682
2849229
2849684
2849993
2850007
2850351
2853058
2853573
2854111
2854956
2855198
2855835
2856700
2856911
2857033
2857412
2857774
2858910
2859166
2859512
2859758
2859829
2860022
2860209
2860239
2861276
2861462
2862897
2863724
2864188
2864986
2865566
2865877
2867007
2867168
2867217
2868528
2870225
2872278
2872490
2874204
2875164
2875332
2876080
2876120
2876413
2876890
2877674
2877790
2878316
2878688
2879146
2879549
2879954
2880026
2880174
2880489
2880738
2881191
2881860
2882037
2882091
2882256
2883166
2883304
2884030
2884195
2884535
2885037
2885259
2885275
2885493
2885599
2886384
2886588
2886721
2887616
2887816
2888958
2889915
2890898
2891582
2891893
2893065
2893304
2893768
2894523
2894624
2894818
2894850
2896331
2896884
2897200
2897471
2898089
2898348
2899085
2899265
2899281
2899478
2899514
2899749
2900277
2900560
2900653
2900987
2901219
2901865
2901885
2902205
2903046
2903495
2903584
2903595
2904069
2904806
2905498
2905564
2905568
2905993
2906374
2906948
2907194
2907362
2907459
2907570
2908061
2908493
2908769
2908805
2909390
2909458
2909525
2909760
2910907
2911458
2911486
2911682
2913439
2914867
2914944
2915023
2916034
2916226
2916252
2916322
2916751
2917055
2917868
2918060
2918443
2919000
2919120
2919191
2919253
2919887
2920399
2920902
2922166
2922181
2923845
2924067
2924124
2924828
2925120
2925305
2925477
2925722
2926241
2926326
2926371
2928104
2928731
2928864
2928908
2929014
2929050
2929778
2930134
2930312
2930979
2931454
2932129
2932315
2932561
2933885
2935450
2935555
2936447
2936657
2936663
2936752
2937348
2937664
2937878
2938118
2938298
2938395
2938404
2938946
2939750
2940169
2940648
2942185
2942920
2942988
2943085
2943562
2943726
2943861
2943878
2944357
2944453
2944719
2945304
2945678
2945923
2946221
2947507
2947581
2947952
2948022
2948529
2949758
2949948
2951618
2951888
2952505
2953460
2953502
2953769
2954641
2954947
2954985
2955036
2955425
2955472
2955739
2955842
2956482
2956599
2956634
2956844
2957187
2958096
2958724
2958770
2959943
2961941
2962192
2962847
2963021
2963229
2963925
2964973
2965540
2966153
2966466
2966754
2967694
2967966
2968207
2969303
2970131
2970371
2970489
2970751
2973212
2973633
2973983
2974354
2974553
2974663
2974755
2974786
2974947
2975041
2975152
2976305
2976321
2977050
2977304
2977400
2977414
2977733
2978055
2978390
2979151
2981360
2981702
2981797
2982020
2982420
2982516
2982761
2983426
2983734
2984598
2985065
2985466
2985974
2986216
2986541
2986721
2986859
2989844
2990154
2990682
2991834
2991952
2991962
2992180
2992389
2992446
2992740
2992821
2993483
2993566
2993639
2993697
2993713
2993964
2994581
2994961
2995952
2996247
2996263
2998043
2998312
2998472
2998526
2998634
2999261
2999357
3000159
3000264
3000511
3000765
3000988
3001714
3002898
3003982
3004214
3004267
3004583
3004651
3004906
3005494
3007068
3007259
3008377
3008774
3009487
3009873
3010331
3010362
3010505
3011191
3011376
3011392
3012093
3012406
3013122
3013133
3013908
3014262
3014514
3014563
3014985
3015230
3015418
3015776
3015919
3016461
3017000
3017014
3017587
3018390
3019118
3020260
3020635
3020836
3021015
3021122
3022677
3022697
3022837
3023321
3024084
3024763
3025040
3025156
3025322
3025733
3026384
3026825
3027876
3028213
3028735
3028961
3029165
3029640
3029853
3029938
3030024
3030106
3031184
3033043
3033076
3033851
3033892
3033935
3033956
3035393
3035429
3035495
3035739
3035769
3036043
3036685
3037836
3038049
3038698
3038771
3039254
3039303
3039310
3040202
3040304
3042088
3042439
3042775
3043006
3044193
3044240
3044887
3044922
3046803
3048175
3048426
3048770
3048883
3049416
3049446
3049564
3049965
3050217
3050399
3050444
3050507
3051017
3051310
3052018
3052071
3052483
3053290
3053446
3054060
3054148
3054860
3056117
3056509
3057042
3057066
3058091
3058319
3059512
3059559
3059938
3060239
3060306
3061166
3061481
3062070
3062719
3062767
3062877
3062889
3064436
3064535
3064748
3065066
3065169
3066041
3066478
3067178
3067443
3067912
3068616
3068935
3069681
3069738
3069754
3070331
3072806
3073636
3073814
3073913
3074375
3075003
3075745
3076473
3076705
3076736
3078794
3078828
3078912
3079859
3079973
3080456
3080888
3080956
3081274
3081824
3082710
3083130
3083460
3083859
3084902
3084997
3085661
3086337
3087113
3087377
3087722
3087982
3088696
3088967
3089552
3090151
3090798
3091372
3091524
3091658
3092578
3092807
3093873
3093920
3093923
3094217
3094673
3095553
3095665
3096214
3096623
3096956
3097236
3098701
3099201
3099359
3099567
3100231
3100947
3102080
3102193
3102406
3102818
3102868
3103063
3103186
3103350
3103417
3103498
3104909
3104914
3106518
3106663
3107072
3107201
3107410
3107556
3107711
3108378
3109442
3110119
3111654
3112648
3112749
3113171
3114480
3114578
3114970
3115078
3115101
3116634
3116784
3117309
3118006
3119950
3119976
3120132
3120580
3120669
3120978
3121385
3121849
3121856
3121887
3122006
3122113
3123469
3123500
3123745
3124461
3124620
3124644
3125305
3125513
3126018
3126026
3126195
3126757
3127336
3127396
3128471
3128556
3128579
3129065
3129349
3129501
3129818
3133023
3133193
3133454
3133982
3134681
3135082
3135105
3135180
3135415
3135697
3135800
3136298
3136487
3136556
3136667
3136988
3137273
3137297
3137944
3138632
3138825
3139461
3139604
3140311
3140397
3140584
3141390
3141512
3141632
3142481
3142873
3143735
3144496
3144964
3145236
3145622
3145831
3146241
3146589
3146792
3147052
3147526
3148053
3148503
3148546
3149045
3149666
3149710
3150051
3150224
3150435
3150922
3151301
3151398
3151879
3151978
3153216
3153403
3153688
3154043
3155009
3155919
3157533
3157715
3158860
3160085
3160392
3160587
3161712
3162100
3162285
3163118
3163218
3163957
3164528
3165361
3166073
3167054
3167410
3167739
3167775
3168726
3168751
3169210
3170637
3171509
3171937
3173433
3175637
3175700
3175779
3175900
3176407
3176512
3176555
3176890
3176991
3177783
3178083
3178116
3178628
3179046
3179103
3180644
3181185
3181469
3181841
3182211
3182710
3182924
3183118
3185823
3186106
3186956
3186980
3187412
3187505
3188090
3188374
3188702
3188792
3189098
3189383
3190374
3190390
3191426
3191462
3192558
3193028
3194213
3194704
3194779
3195352
3195837
3197141
3198066
3198126
3198701
3198765
3198837
3198987
3200359
3200511
3201058
3201521
3202156
3202188
3202260
3202479
3203033
3203597
3204564
3204657
3204741
3205016
3205237
3205283
3205810
3205946
3205973
3206267
3206385
3206639
3208251
3209147
3209319
3209412
3209696
3211959
3212005
3213281
3213745
3215163
3215358
3216121
3216285
3216419
3216557
3217611
3218410
3218568
3218781
3218805
3218907
3218973
3219650
3220550
3220837
3221558
3222532
3223642
3223811
3224493
3224939
3224974
3225526
3226041
3226107
3226617
3227510
3227624
3228342
3229960
3230095
3230271
3230563
3230901
3231078
3231865
3231943
3231986
3232351
3233936
3235367
3235983
3237286
3237444
3237675
3237713
3238490
3239044
3239584
3239593
3240300
3241243
3242125
3242143
3243373
3243802
3243803
3243910
3244000
3244135
3244409
3244642
3244662
3244896
3244901
3244991
3245171
3245649
3245705
3246225
3246853
3247768
3247820
3248038
3248478
3248778
3248869
3248929
3248996
3250113
3250514
3250810
3251418
3251924
3252225
3252582
3254400
3254631
3255367
3255622
3257131
3257494
3257588
3258153
3258705
3258999
3260703
3260712
3261840
3262149
3262275
3264334
3264358
3264634
3264669
3264681
3264911
3265850
3266072
3266075
3266533
3266538
3266898
3269929
3270734
3270855
3271417
3272655
3272706
3273960
3274540
3274731
3275344
3277212
3278209
3278763
3279488
3280172
3280720
3282094
3282164
3282464
3282706
3283278
3283413
3283483
3283583
3284206
3284290
3284303
3285455
3286239
3286430
3288080
3288153
3288219
3288334
3288356
3289622
3289925
3289992
3290182
3290321
3290949
3291734
3292349
3293306
3293404
3293583
3293639
3293697
3294696
3294935
3295213
3295665
3295691
3296971
3297093
3297530
3297633
3298141
3298162
3298439
3298724
3298842
3299791
3299797
3300227
3301320
3301619
3301774
3302853
3303492
3303583
3303637
3304034
3304187
3305243
3305261
3306145
3306274
3306867
3307848
3307894
3309330
3310394
3310729
3310941
3311270
3312533
3313498
3314337
3314665
3315701
3317006
3319576
3319843
3319966
3320162
3320258
3320564
3321584
3321858
3322252
3322342
3322771
3322837
3322901
3322975
3323352
3323621
3324001
3324943
3325338
3325359
3325941
3327190
3327791
3327982
3328819
3329009
3329578
3330082
3331039
3331115
3331161
3331775
3332204
3332259
3332313
3332448
3332463
3332741
3333036
3333109
3333300
3333666
3333818
3334003
3334508
3334841
3334920
3335066
3335804
3336227
3336866
3337342
3337386
3337780
3338626
3338711
3338780
3339200
3339551
3339827
3339892
3339938
3340152
3340729
3342232
3342708
3342776
3343311
3343799
3344239
3345063
3345303
3345502
3347048
3347278
3347468
3347482
3348069
3348667
3348782
3348865
3348978
3349113
3349924
3350340
3350399
3350835
3352654
3352881
3354005
3354648
3354892
3355186
3355346
3355704
3357164
3357432
3357569
3357734
3357760
3358277
3359431
3359505
3360055
3360358
3361316
3363071
3363435
3363679
3363929
3364342
3364352
3364682
3366032
3366599
3367158
3367227
3367372
3369499
3370457
3370544
3371795
3371890
3372049
3372816
3374191
3374221
3374395
3374822
3375472
3377334
3378180
3378510
3378608
3378889
3379032
3379171
3379890
3380825
3381435
3382761
3383475
3383668
3384818
3385838
3386368
3386637
3387749
3388690
3389138
3390324
3390629
3390993
3392188
3392424
3394200
3394403
3395699
3396193
3396277
3397350
3397992
3398760
3398955
3398957
3399133
3399549
3399555
3400249
3400826
3402347
3402508
3403032
3404776
3405159
3405643
3408007
3410106
3410863
3412766
3413692
3414995
3415817
3416069
3416161
3416819
3416923
3417230
3418129
3418287
3418788
3418906
3419366
3420148
3422663
3423615
3423985
3424491
3424508
3424715
3424812
3426297
3426623
3428810
3429073
3429295
3430131
3431887
3431891
3431938
3432081
3432129
3433331
3433418
3434250
3434355
3434687
3435629
3435959
3436018
3436434
3437365
3437978
3438180
3438958
3439316
3439654
3441075
3441622
3441746
3442432
3442635
3443272
3443658
3443819
3444033
3445033
3445209
3445275
3446385
3446446
3446748
3446995
3447127
3447867
3448597
3449208
3450208
3450578
3451369
3451630
3451647
3453270
3453860
3454056
3454111
3454732
3454893
3455795
3458511
3459272
3459368
3460318
3460628
3461230
3462045
3462455
3464260
3464356
3464486
3464711
3465794
3467427
3468084
3470210
3470720
3471326
3471535
3472721
3473745
3474829
3475047
3476174
3477359
3478391
3478940
3480178
3480247
3484600
3484656
3484803
3484935
3484952
3485054
3485552
3485572
3485703
3486031
3486114
3486838
3487002
3487084
3487237
3487283
3487343
3487913
3487947
3489400
3489427
3489438
3489503
3489798
3490294
3490374
3490396
3490764
3491811
3491812
3491868
3492563
3492816
3493455
3494232
3495285
3495559
3495795
3495935
3496102
3497550
3497918
3497975
3500572
3500731
3500751
3500943
3501092
3501785
3502150
3502424
3502542
3503371
3503972
3505132
3505427
3505542
3505917
3506044
3506329
3506338
3507936
3508009
3508424
3509856
3510096
3510172
3511258
3511457
3511503
3511853
3511861
3512698
3512887
3513082
3513791
3513893
3514722
3516063
3516992
3517439
3518150
3518502
3519698
3521172
3522005
3522618
3522677
3522811
3523460
3523552
3524034
3524907
3525059
3525217
3525349
3525822
3527115
3528065
3528175
3528285
3528492
3528772
3529142
3529389
3530604
3532215
3532682
3532838
3533104
3533187
3533541
3535730
3537063
3538285
3538462
3539164
3539682
3539789
3540833
3542153
3542339
3542693
3542758
3543193
3544272
3544323
3544739
3547530
3548182
3548226
3549547
3550144
3550301
3551015
3551206
3551474
3551749
3552264
3552865
3554336
3554657
3555148
3555252
3555350
3555362
3555435
3558173
3558330
3559480
3559718
3561006
3561339
3561512
3561799
3562164
3562923
3564561
3565500
3565674
3565802
3566175
3566775
3566935
3567026
3567651
3567977
3568123
3568923
3568931
3569006
3569256
3569293
3569659
3569825
3570295
3571849
3572783
3573130
3573275
3574385
3574414
3574984
3575067
3575130
3575653
3575696
3576627
3576646
3577101
3577538
3577586
3577636
3578191
3578744
3581381
3582074
3582160
3582191
3583372
3583936
3585224
3585265
3586042
3587571
3589106
3589563
3590096
3590308
3590372
3591025
3591892
3592227
3592815
3593067
3593237
3594295
3594722
3594809
3594986
3596322
3596379
3597415
3597532
3598227
3598759
3599109
3599239
3599993
3600730
3601339
3601454
3602074
3602208
3602919
3602947
3603351
3604637
3605839
3606091
3606283
3606998
3607185
3608218
3608468
3608973
3610104
3610498
3611199
3612053
3612284
3612776
3612885
3613260
3613310
3613939
3615326
3615744
3616377
3619048
3620038
3620193
3620617
3622542
3622857
3623336
3623349
3623495
3624501
3624936
3625560
3625901
3627787
3629089
3630457
3631415
3632613
3632673
3633683
3637904
3638319
3638716
3638805
3639648
3640606
3641172
3641691
3642455
3643457
3644538
3644551
3644899
3645070
3645229
3645840
3645896
3646702
3646793
3647167
3647319
3647616
3647942
3648388
3648401
3650066
3650302
3650614
3651407
3652809
3652844
3654099
3654618
3655465
3655689
3657016
3657044
3657325
3657692
3657777
3657871
3658470
3658830
3659512
3659675
3660038
3660145
3661871
3662049
3662584
3663221
3663662
3664983
3665769
3666337
3667944
3667945
3668132
3668300
3668571
3669036
3669045
3669109
3669481
3670688
3671038
3671810
3672024
3672341
3672728
3673135
3673182
3674114
3674162
3674255
3674267
3674990
3675097
3676542
3677042
3677732
3677758
3678316
3678382
3678444
3678450
3679796
3679878
3680438
3681234
3681853
3682521
3682561
3685197
3685641
3686926
3686961
3687153
3688632
3690183
3690241
3690539
3690970
3691007
3692216
3695476
3695853
3695896
3696206
3696719
3696721
3696785
3696918
3697375
3698016
3698114
3698201
3698247
3698491
3698524
3698628
3699072
3701311
3701592
3701608
3701676
3702068
3702121
3702878
3703175
3703490
3703761
3704205
3705083
3705561
3705869
3706221
3706378
3707724
3707735
3707810
3707848
3708097
3709548
3710195
3710562
3710944
3711554
3711676
3711954
3712664
3713334
3713407
3713503
3714073
3715472
3715579
3715876
3716916
3716989
3717127
3717965
3718108
3718271
3719713
3719920
3720480
3720742
3721128
3721560
3722083
3722979
3723299
3724309
3724411
3725108
3725552
3725951
3728502
3728790
3729793
3729820
3729853
3730014
3730234
3730269
3731509
3733643
3734137
3734317
3734325
3736800
3736880
3737348
3737349
3739534
3739765
3740216
3740529
3740560
3741106
3741445
3741768
3742318
3742338
3742832
3743457
3743488
3743687
3743764
3743939
3744828
3745360
3745951
3746891
3747036
3747155
3747587
3749115
3749849
3749911
3750856
3751936
3752177
3752214
3752330
3752431
3752865
3753616
3753850
3754051
3754141
3755492
3756223
3756394
3757843
3759297
3759635
3760052
3760121
3760207
3760208
3761247
3761349
3761728
3762127
3762475
3762944
3762964
3763055
3763392
3763675
3763681
3763931
3764335
3764962
3765865
3766343
3767078
3767993
3768100
3768362
3770682
3770857
3772607
3773375
3775561
3775987
3776643
3776778
3776959
3777931
3778364
3778460
3778487
3778866
3778973
3779210
3779580
3780087
3780208
3780497
3780799
3781058
3781323
3781604
3782061
3782104
3782334
3782893
3783042
3783275
3783458
3784011
3784399
3784714
3786205
3786329
3786540
3786563
3786859
3786938
3787248
3787397
3787557
3788296
3788823
3789271
3789309
3789320
3790321
3790624
3792279
3792464
3792561
3792698
3792699
3792965
3793805
3794710
3794836
3795828
3796550
3796657
3796967
3799267
3799284
3799360
3799663
3801036
3801360
3801364
3803002
3803815
3805049
3805541
3805999
3806713
3806873
3808139
3808191
3808348
3808522
3809366
3809928
3810037
3810601
3811130
3811150
3811808
3811960
3811983
3813019
3813033
3813114
3813261
3813495
3814402
3814637
3815701
3816249
3816261
3816469
3817058
3817208
3819081
3819185
3819197
3819329
3819686
3820125
3820205
3820680
3820902
3821079
3821125
3822010
3822427
3822498
3822777
3822883
3822935
3823123
3823574
3824969
3825556
3825580
3825682
3825896
3825950
3827549
3828263
3828618
3829542
3830736
3831090
3831196
3831630
3831687
3831978
3832136
3832729
3833199
3833238
3833409
3833901
3833984
3834773
3835402
3835429
3835912
3836573
3836944
3837046
3837124
3837239
3837842
3838631
3838805
3839752
3839848
3840619
3840816
3840887
3841129
3841205
3841666
3841813
3842438
3843960
3843965
3844151
3844173
3844647
3844789
3845342
3845844
3845908
3845988
3846164
3846871
3846882
3847432
3848024
3848363
3851763
3851851
3852837
3854376
3854498
3854808
3855016
3855600
3856046
3856909
3856934
3857850
3858167
3858413
3859261
3859368
3859782
3860346
3860745
3861356
3861666
3861809
3862159
3862310
3862712
3862946
3863840
3864251
3864382
3865019
3866758
3867151
3867915
3868133
3868577
3869770
3869795
3871517
3871894
3872664
3874801
3875377
3875561
3876943
3877833
3877957
3878089
3879783
3879820
3880456
3880990
3881255
3881323
3882035
3882388
3882969
3884586
3884744
3884889
3885240
3885946
3886284
3887751
3887984
3888394
3888492
3888542
3888553
3888971
3889889
3890192
3890274
3890277
3890585
3891741
3892426
3893071
3893460
3894075
3894311
3894869
3896194
3897510
3897698
3897750
3897836
3898446
3898518
3898594
3898777
3899125
3899218
3899442
3899524
3899940
3900295
3900395
3901167
3901256
3902139
3902256
3902335
3903780
3904544
3904816
3905003
3905276
3905707
3905821
3905847
3906184
3906821
3907397
3907509
3909395
3909418
3909955
3910090
3910280
3910341
3912169
3913120
3913259
3913286
3913709
3916047
3916662
3916817
3917556
3918067
3918154
3918500
3918514
3918563
3918698
3919755
3920045
3920513
3920749
3920786
3921087
3921381
3921475
3922041
3922058
3922296
3922600
3922948
3923198
3923325
3923715
3924307
3924660
3925717
3926948
3927083
3927161
3927285
3927774
3928029
3928460
3929015
3929346
3929573
3929898
3930920
3931345
3933457
3934243
3935081
3935258
3935542
3935867
3936537
3936613
3936695
3936927
3937382
3937496
3937680
3937692
3937982
3938699
3941709
3942573
3942592
3943280
3944941
3945393
3945401
3946174
3946585
3946736
3947147
3947339
3948636
3948641
3948862
3949159
3949471
3949718
3949780
3951452
3952043
3952194
3952269
3953326
3953625
3954046
3955635
3956154
3956279
3956303
3956524
3957836
3957862
3957970
3958002
3958242
3959325
3959862
3960203
3961021
3961062
3961327
3961608
3962507
3963031
3963311
3963606
3963937
3964305
3964547
3964865
3964908
3965118
3965443
3965453
3965813
3966262
3966472
3966643
3966947
3967432
3967585
3968026
3969044
3969272
3969371
3969893
3971110
3971341
3971351
3971458
3971952
3973179
3973323
3973563
3974206
3974687
3976118
3976382
3976697
3976710
3976756
3977894
3977980
3978442
3978989
3978995
3979236
3979297
3979384
3979643
3980113
3980155
3980703
3980892
3981851
3982148
3982753
3983172
3983892
3984110
3984640
3986250
3986903
3987078
3987136
3987523
3987942
3988195
3989000
3989716
3989973
3990727
3991529
3991577
3993238
3993388
3993395
3993488
3993779
3993910
3994761
3994917
3995271
3995719
3995874
3996292
3996635
3997147
3997453
3997611
3997688
3997960
3999023
3999114
3999870
4000018
4000071
4000115
4001203
4001465
4003039
4003283
4003307
4003633
4004138
4004634
4005433
4005840
4006394
4007005
4007216
4007648
4007824
4008185
4008191
4009004
4009293
4010733
4011887
4012253
4012289
4012629
4012662
4013290
4013392
4013635
4014007
4014670
4014798
4015169
4016503
4016673
4017717
4018385
4018765
4018831
4019053
4019125
4019425
4019468
4019728
4019927
4020721
4021296
4021739
4022325
4022682
4025284
4025441
4025801
4026194
4027105
4028559
4029267
4029459
4029911
4030579
4030753
4030810
4031181
4031418
4031654
4031770
4032060
4033272
4034243
4034379
4034934
4035289
4036343
4036493
4036724
4036850
4036902
4036917
4037298
4037368
4038090
4038392
4039133
4039201
4039309
4039967
4040984
4041581
4041772
4042240
4042424
4043074
4044205
4044971
4045809
4046317
4047655
4047862
4048192
4048233
4048401
4048417
4048425
4049018
4050685
4050846
4051006
4051767
4052388
4053309
4053787
4053797
4054205
4054247
4054302
4054729
4055240
4055778
4056482
4057059
4057396
4057623
4058435
4058814
4058825
4059283
4059476
4059530
4060322
4060438
4061449
4061922
4062047
4062309
4062597
4062740
4063151
4063498
4063585
4064009
4064403
4064485
4064906
4065021
4065323
4066012
4066484
4066773
4067514
4068213
4069628
4069685
4069835
4069940
4070706
4071100
4072715
4072932
4073111
4073745
4073752
4073987
4074119
4075337
4075457
4075473
4075673
4076814
4077078
4078159
4078388
4078904
4079472
4079766
4080055
4081080
4081765
4082543
4082937
4084233
4084639
4084931
4085495
4085763
4087645
4088569
4088623
4089195
4090936
4091193
4092713
4094266
4094669
4094872
4095022
4095211
4095344
4095739
4096247
4096580
4097066
4097114
4097124
4097165
4097267
4098047
4098087
4098713
4100439
4100542
4100600
4101309
4101408
4103297
4103800
4103926
4103941
4104508
4104581
4104696
4105606
4106091
4106300
4106544
4107059
4108976
4109138
4109285
4109460
4110931
4111390
4111836
4112422
4112583
4112974
4113016
4113068
4113119
4113150
4114190
4114489
4114547
4114765
4115128
4115648
4116589
4117454
4117684
4117809
4118073
4118208
4118605
4119212
4120348
4120557
4121114
4121395
4121619
4122060
4122685
4122711
4122998
4124759
4125019
4125250
4125902
4126169
4126657
4127171
4127874
4127923
4128085
4129364
4129772
4130336
4130441
4130455
4130951
4131019
4132267
4132649
4134044
4135123
4135179
4135224
4135236
4135779
4135784
4136349
4136910
4137450
4138308
4138349
4138419
4138704
4138784
4139175
4139967
4140095
4141136
4142402
4143230
4143251
4143434
4143895
4144004
4144024
4144261
4144365
4145124
4146223
4146364
4146389
4146999
4147368
4147869
4147999
4148691
4148976
4149240
4150333
4150791
4151759
4152055
4152426
4152489
4153258
4153415
4153688
4153963
4154103
4154804
4155581
4156473
4157378
4158330
4158498
4159167
4159928
4160979
4160982
4161354
4162354
4162459
4162977
4163131
4163243
4164098
4164108
4164602
4164943
4165308
4165760
4165806
4166293
4166498
4167397
4167657
4168609
4168862
4169416
4169891
4170534
4170553
4170894
4171099
4171105
4171773
4172692
4172918
4173786
4173872
4174078
4174424
4174770
4176536
4176751
4178376
4178668
4178980
4179482
4181317
4181595
4181630
4182553
4182607
4182667
4183376
4183878
4183955
4184316
4184394
4184824
4185743
4185757
4186291
4186529
4186553
4187336
4187649
4187687
4188003
4188007
4188258
4188311
4188408
4188595
4188792
4189170
4189249
4190532
4191195
4191225
4191457
4192490
4192956
4193292
4193414
4193441
4193805
4194493
4195557
4196603
4196661
4197266
4197592
4197662
4197784
4197848
4197911
4198078
4198243
4199610
4200395
4200443
4200752
4202922
4203295
4203540
4204164
4205305
4205895
4206622
4208465
4209255
4209470
4210123
4211280
4211574
4212368
4213744
4213769
4214587
4215538
4215933
4216518
4217544
4218141
4218698
4219058
4219620
4220555
4220744
4220807
4220972
4222543
4223334
4223416
4224281
4224416
4224642
4224765
4224788
4225548
4226926
4227482
4228088
4228116
4228177
4228365
4229884
4230590
4231169
4232071
4232455
4232835
4233171
4233404
4233505
4233913
4234520
4235378
4235427
4235440
4235537
4235558
4235786
4235980
4237044
4237466
4237886
4238109
4239530
4240445
4240730
4240829
4240907
4241063
4241907
4242162
4242381
4242885
4242923
4243487
4244720
4244962
4245257
4246511
4246645
4246980
4247569
4247579
4247713
4247789
4247942
4248381
4249215
4249311
4249693
4249819
4249916
4250252
4250331
4250371
4250454
4251041
4251766
4252203
4253766
4253777
4253783
4254729
4254894
4255105
4255197
4255373
4255525
4256777
4257014
4257256
4257258
4257926
4258292
4260012
4261140
4261702
4263454
4264015
4264828
4265256
4265290
4265345
4265524
4265535
4265679
4266014
4266449
4266551
4266662
4267010
4268215
4268474
4268889
4269226
4269790
4270054
4270214
4271428
4272735
4272800
4273289
4273414
4273592
4273686
4273768
4275348
4275802
4276126
4276599
4277056
4277699
4278130
4278227
4279157
4279463
4279926
4280935
4281014
4281571
4281807
4282121
4282349
4282735
4283605
4284775
4284898
4285305
4285582
4287211
4287367
4287406
4287418
4287582
4288124
4288335
4288783
4289528
4290904
4291172
4291449
4291762
4292401
4292694
4293834
4294644
4295177
4295964
4296090
4296803
4296981
4298105
4298185
4299429
4299826
4299886
4300662
4301625
4301628
4303093
4304209
4305200
4305501
4305966
4306062
4306474
4306495
4306551
4307164
4307346
4307458
4308017
4308589
4308705
4309311
4309363
4309807
4310084
4310560
4311964
4311965
4312112
4312552
4313518
4314531
4314536
4315912
4318742
4318947
4319295
4319761
4320345
4321127
4321357
4322219
4323509
4324397
4324974
4325098
4325255
4325293
4325414
4325694
4325892
4327166
4328438
4329029
4329084
4329528
4329638
4330668
4330952
4333129
4333196
4333670
4333786
4333828
4334075
4334543
4334687
4335220
4335529
4336046
4336849
4338116
4338429
4338495
4339537
4340152
4340215
4340447
4340572
4340725
4340929
4341409
4342995
4343383
4343529
4344119
4344390
4344848
4345008
4345775
4347035
4347101
4348177
4348351
4348412
4349687
4349944
4350857
4350948
4351086
4351257
4351507
4353102
4353933
4355296
4356258
4356295
4357517
4357806
4357902
4358062
4358469
4358753
4359014
4360302
4361044
4361387
4362529
4363372
4363645
4364132
4364491
4364940
4364970
4365345
4365348
4366672
4366741
4367776
4370668
4370795
4371000
4371106
4372068
4372076
4372151
4373614
4374157
4374653
4374749
4374922
4375061
4376545
4376883
4377024
4377115
4377427
4379254
4379779
4380018
4380196
4380799
4381016
4381947
4382055
4383023
4383243
4383356
4383537
4383930
4385587
4386647
4386845
4388100
4388301
4389773
4389900
4390071
4392334
4392695
4392886
4393040
4393980
4394056
4394155
4394736
4394766
4394769
4394895
4395817
4396073
4396329
4396354
4396635
4397603
4398063
4398572
4398696
4398744
4399107
4400510
4400551
4401310
4401529
4402234
4402717
4402841
4403192
4403437
4403570
4404631
4405709
4405723
4406239
4408302
4408858
4408941
4409199
4409212
4409264
4409656
4410137
4410596
4411269
4412072
4412794
4413263
4413314
4413553
4413716
4414662
4414841
4415226
4415811
4415872
4415949
4416034
4416160
4417230
4417796
4418781
4419173
4419711
4420683
4421206
4423263
4423350
4423696
4423739
4424128
4424467
4424842
4424887
4425042
4425217
4425432
4425570
4425876
4426053
4426404
4426418
4427033
4427786
4428033
4428726
4428920
4429202
4429915
4430256
4430758
4431641
4431749
4431898
4432404
4432880
4432921
4433577
4434768
4434898
4435320
4437764
4439226
4439599
4439651
4440991
4441469
4443087
4443663
4444722
4445658
4445693
4445725
4445872
4446236
4446435
4447287
4447538
4447713
4447860
4448191
4448254
4448874
4449114
4449589
4449880
4450145
4450280
4450368
4450417
4450496
4451071
4451108
4451237
4452307
4452361
4452733
4453305
4453784
4453921
4454286
4454292
4454437
4454439
4454692
4455097
4455448
4456510
4457833
4458057
4458679
4459204
4460500
4460728
4461313
4462533
4462946
4464119
4465251
4465507
4466099
4466413
4466490
4466734
4467043
4467172
4467344
4468327
4468347
4468815
4468990
4468995
4469036
4469096
4469898
4470232
4470833
4470989
4471068
4471728
4471819
4472635
4472685
4473085
4474424
4474652
4475159
4475504
4476104
4476609
4477734
4480536
4480578
4481393
4481796
4481804
4484154
4484272
4484533
4484648
4486108
4486154
4486360
4487617
4488290
4489261
4489929
4490578
4490860
4491213
4491596
4491880
4492923
4493118
4493155
4493534
4493555
4494041
4494307
4495363
4496094
4497531
4498001
4498077
4498387
4498708
4500564
4501608
4503083
4503734
4504005
4504233
4504620
4505407
4505609
4506090
4506162
4506278
4506376
4507249
4507877
4507892
4507984
4508171
4508614
4509675
4509836
4510187
4510618
4511120
4511767
4512973
4513025
4513516
4514032
4514507
4514650
4514926
4515801
4517617
4518711
4518719
4518912
4519034
4519780
4520481
4521880
4522815
4523887
4523970
4524031
4524153
4524352
4524384
4524475
4525031
4525252
4525473
4526447
4527240
4527493
4527529
4528726
4530272
4530801
4530863
4530867
4530991
4531011
4532324
4533272
4533433
4533850
4533912
4534100
4535540
4535708
4536986
4537063
4538234
4538238
4538321
4538816
4539752
4540291
4540295
4542275
4542289
4542468
4542645
4542783
4542933
4543424
4543669
4543955
4544110
4544516
4544973
4545322
4545868
4546205
4548175
4548407
4548704
4550097
4550236
4551389
4551508
4552686
4552797
4553846
4555013
4555758
4557069
4557800
4558526
4558594
4559064
4560404
4560897
4561740
4562262
4562270
4562676
4563021
4564044
4564116
4564125
4565057
4565808
4567476
4568144
4569029
4569074
4569825
4570054
4570271
4570345
4571231
4571792
4571893
4572428
4572656
4572825
4573633
4574220
4574465
4575555
4576085
4576259
4576286
4576372
4576481
4576535
4576740
4576940
4577220
4577359
4578668
4579368
4580937
4584798
4588944
4589632
4589728
4589827
4591185
4591289
4591330
4591883
4591988
4592671
4593971
4595098
4595295
4596462
4597490
4598403
4599108
4599404
4599575
4599795
4600034
4600256
4600491
4601433
4601784
4601877
4603824
4604560
4605253
4606003
4606209
4607380
4607682
4608639
4609012
4609513
4609753
4611184
4611811
4611862
4611998
4612020
4612314
4612868
4613084
4615052
4615055
4615900
4616594
4617569
4617684
4618154
4618214
4618412
4618569
4618781
4618966
4619585
4620144
4620585
4620633
4621230
4621821
4623003
4623204
4623336
4625173
4625471
4626490
4626756
4627536
4627773
4627875
4628057
4628577
4628685
4628837
4631377
4631563
4631715
4631747
4631767
4632700
4632792
4633561
4633906
4634333
4635135
4635416
4635462
4635843
4636177
4636490
4637224
4637839
4638096
4638320
4638366
4638759
4639552
4639735
4639863
4640231
4640301
4640841
4642532
4643536
4643891
4645771
4645805
4645855
4646510
4647031
4648865
4649237
4649256
4650245
4650608
4651128
4651417
4651609
4652044
4652265
4652400
4652802
4653472
4654556
4654591
4655846
4655855
4656296
4656986
4657396
4657631
4657655
4658474
4658528
4659009
4660686
4662153
4662189
4662981
4663354
4663537
4663903
4664440
4665349
4665618
4666829
4667513
4669232
4670850
4671244
4671247
4671672
4672585
4672893
4674620
4674644
4676451
4676559
4676650
4676653
4677466
4678022
4678189
4678246
4678391
4678539
4679077
4680383
4682122
4682552
4683549
4683688
4683889
4684368
4684479
4685071
4685822
4686609
4687285
4688304
4688526
4688660
4689640
4689867
4690309
4690312
4690784
4691126
4691733
4691820
4692103
4692135
4692821
4693144
4693349
4693737
4693868
4694567
4694791
4695058
4695063
4696179
4697023
4697933
4698257
4700192
4700306
4701156
4701228
4703189
4704216
4704463
4706476
4706736
4706867
4707167
4707703
4708602
4708940
4709657
4709811
4710719
4711129
4711675
4711941
4712015
4712262
4713543
4714867
4714981
4715446
4715652
4716089
4716850
4718482
4718812
4719920
4720152
4720238
4721656
4721721
4722618
4723692
4723908
4724597
4724739
4725166
4725177
4725395
4725611
4726103
4726276
4726481
4727044
4727343
4727394
4727814
4728913
4729049
4729316
4729516
4729725
4730832
4731081
4731290
4731879
4731914
4732178
4732351
4732449
4732920
4733397
4734163
4735364
4735951
4736523
4737431
4738239
4738881
4738892
4739277
4739335
4739438
4739798
4740336
4740442
4741048
4741221
4741269
4741552
4743847
4744707
4745907
4746052
4746474
4746676
4746683
4747905
4748921
4749250
4749430
4749983
4750065
4751291
4751700
4752137
4753615
4754537
4755842
4756547
4756692
4757338
4757760
4757825
4758183
4758708
4758801
4760133
4760336
4760680
4761748
4762546
4762689
4762697
4762890
4763392
4763618
4763674
4763974
4764247
4764673
4765267
4765659
4765770
4765785
4766256
4767463
4769120
4769493
4769574
4769938
4770554
4771660
4772032
4773780
4773894
4773932
4774175
4774696
4775407
4775944
4776007
4776519
4776581
4776657
4777291
4777397
4777867
4778125
4780530
4780789
4781131
4781336
4782165
4782578
4783851
4784092
4784478
4784550
4785227
4785720
4787189
4787318
4787488
4787847
4787992
4788793
4789464
4789626
4789828
4789846
4789938
4790173
4791085
4791383
4791901
4792253
4792590
4793457
4793497
4793992
4794582
4795501
4795644
4796297
4797642
4798438
4799226
4799931
4799969
4801572
4801762
4802245
4802560
4803226
4804282
4804560
4804565
4804697
4805396
4805659
4805677
4805875
4806340
4806488
4807066
4807549
4808631
4808852
4808865
4809659
4810094
4811288
4811327
4811776
4811907
4812805
4813510
4813893
4814807
4815040
4815420
4816458
4816647
4817148
4817219
4818161
4818477
4819235
4819343
4819497
4820504
4820533
4820837
4821521
4821533
4822200
4823049
4824450
4826880
4827425
4827501
4828286
4828887
4829273
4829612
4829723
4829779
4830781
4831130
4831147
4831159
4832134
4832160
4832967
4833182
4833342
4833912
4833937
4834891
4835469
4836494
4836521
4836810
4836873
4837108
4838154
4839156
4839819
4840486
4840974
4842339
4843568
4844402
4844504
4844637
4844673
4845778
4846579
4846998
4848453
4849180
4850146
4850260
4850393
4851849
4852317
4853014
4853162
4853893
4854301
4855193
4856168
4856380
4856459
4857507
4857661
4858025
4858917
4859594
4859677
4859794
4860012
4860344
4860405
4861643
4862374
4864017
4864375
4864413
4865878
4866103
4866667
4866764
4867949
4868147
4868210
4868354
4868559
4869006
4869124
4869270
4869688
4869937
4870604
4871023
4871329
4871801
4872409
4872872
4872968
4873397
4873524
4873918
4874323
4874904
4878191
4878284
4878561
4879099
4879145
4879305
4879857
4880075
4880136
4880514
4880698
4881205
4881886
4881917
4881966
4882137
4882398
4882481
4883685
4883776
4884562
4884723
4885392
4886458
4887617
4888012
4888647
4889613
4890100
4890995
4891403
4891919
4892301
4893182
4894234
4894270
4897895
4898006
4898197
4898661
4901665
4902207
4902430
4903443
4903938
4904615
4905196
4905345
4905461
4906170
4906273
4906319
4906586
4906722
4907878
4908325
4908577
4908804
4911245
4911565
4912047
4912564
4912813
4912852
4914547
4914719
4915071
4915283
4915362
4916493
4917855
4919206
4919458
4920224
4921313
4921629
4921922
4921976
4921986
4922080
4922640
4923129
4923330
4924001
4924519
4924530
4925046
4925440
4925582
4926224
4926253
4926702
4926994
4927349
4927755
4928436
4928698
4929460
4929543
4929786
4930215
4930677
4931105
4934049
4934310
4935708
4935891
4935894
4936122
4936396
4938747
4939947
4939976
4940543
4941163
4941331
4941400
4941483
4941655
4941718
4942183
4942804
4943338
4944422
4944824
4945059
4945172
4945289
4945380
4945452
4945691
4945759
4946548
4947159
4947247
4947747
4947953
4948073
4948287
4948713
4949239
4949827
4949837
4950167
4950379
4951604
4952851
4954362
4954537
4954736
4954819
4954932
4955422
4955684
4956044
4956331
4956817
4959970
4960363
4961137
4962054
4962659
4962673
4963215
4963291
4963564
4963962
4964270
4964315
4964443
4964598
4966205
4966222
4966281
4966483
4966663
4968134
4968407
4968594
4968910
4969522
4971066
4971341
4972537
4972997
4973406
4973550
4973969
4974394
4975225
4975543
4976312
4977029
4978078
4978340
4978481
4980237
4982285
4982695
4984251
4984720
4984953
4985672
4987264
4987609
4988425
4988681
4989209
4990008
4990954
4991554
4991850
4992176
4993081
