12185876
12198808
12222576
12245550
12252013
12282215
12293889
12309260
12325382
12347406
12359119
12376933
12387031
12394749
12419582
12432574
12433439
12451700
12460622
12467747
12485563
12488975
12507122
12519468
12519870
12530495
12540370
12556866
12559135
12564855
12568240
12588457
12590893
12596991
12604677
12620940
12621061
12622465
12635170
12636645
12640378
12641310
12645615
12667460
12669007
12674255
12681653
12687410
12689248
12699444
12701367
12701615
12715157
12718210
12724836
12733195
12737296
12743249
12745611
12758875
12758933
12765323
12765620
12769805
12777574
12784276
12785883
12789486
12791266
12805771
12805883
12806841
12808521
12809212
12811457
12826532
12829908
12832166
12832542
12838948
12843350
12843856
12847761
12857404
12857636
12859038
12866304
12870579
12871735
12874316
12875722
12884339
12888128
12896582
12897107
12899963
12900077
12901147
12903106
12914595
12917875
12920422
12927863
12928422
12931941
12937680
12947273
12947456
12948364
12949317
12951628
12952150
12952991
12964328
12968674
12972922
12974580
12976853
12986990
12987509
12989703
12991333
12995608
12995616
12999186
12999418
13001961
13008739
13017013
13017028
13017177
13017203
13023488
13024293
13024752
13025365
13025378
13028337
13029318
13044389
13047107
13049508
13054481
13055376
13056877
13057823
13066913
13067428
13067751
13068606
13068921
13075316
13076184
13077454
13077716
13085643
13086015
13089343
13089697
13091340
13091942
13093193
13093928
13094477
13103816
13104829
13105356
13105709
13112291
13115338
13118643
13120015
13120488
13121359
13128825
13128879
13129554
13129629
13133094
13134891
13141153
13142944
13143605
13149898
13150898
13152081
13153830
13155087
13157948
13159835
13159855
13164237
13164426
13165237
13169367
13173306
13175039
13175346
13179145
13179708
13182433
13183750
13186292
13187640
13189698
13195026
13195505
13196868
13198529
13199400
13199898
13200725
13204324
13208452
13211169
13212752
13213561
13213873
13215093
13220375
13221020
13223715
13224849
13225630
13228524
13231814
13232790
13232872
13237412
13237493
13241503
13244226
13244823
13244881
13251735
13252186
13253640
13255803
13256556
13257964
13261498
13263184
13264879
13265186
13267563
13269842
13270032
13276062
13276521
13277248
13277527
13277626
13278373
13280714
13285524
13287218
13287550
13289129
13289513
13290147
13292339
13293121
13298074
13302199
13303929
13305619
13306924
13308160
13310796
13311542
13311841
13311904
13312172
13312778
13318590
13319246
13320858
13322297
13323733
13324994
13326406
13327515
13328089
13334655
13335382
13335751
13337174
13339124
13341847
13342734
13342824
13343057
13344667
13344741
13348072
13348334
13353509
13353513
13354998
13356688
13357857
13361377
13361381
13364583
13365773
13365827
13367247
13368076
13368397
13369395
13370029
13370100
13376911
13377040
13379292
13380335
13380418
13380424
13384413
13385319
13387196
13387448
13390064
13390440
13391750
13393227
13394632
13395738
13395922
13396070
13396151
13396786
13399505
13399620
13404967
13406175
13407083
13407551
13407988
13410018
13411878
13414121
13416504
13418052
13418596
13418741
13419792
13421224
13424330
13426540
13427007
13427233
13428878
13429668
13430884
13431792
13434097
13434996
13435483
13439000
13440928
13440969
13443504
13443593
13444577
13445822
13447483
13448072
13449551
13451472
13453265
13454740
13455541
13456018
13457345
13457485
13458384
13459882
13460683
13460890
13461038
13463094
13466941
13467306
13470680
13471038
13471650
13471658
13472362
13472506
13472784
13473456
13477077
13479641
13481977
13482653
13482672
13483405
13486138
13487041
13490113
13490655
13492528
13493429
13494624
13495143
13495381
13495642
13495805
13498073
13498100
13500518
13503362
13503867
13504978
13505484
13505617
13507651
13507659
13509461
13510018
13511648
13512988
13513994
13514722
13515184
13516287
13518617
13519319
13520123
13522119
13522623
13522646
13523618
13525451
13529188
13530295
13530532
13531995
13533328
13533578
13534545
13535510
13535915
13536671
13536768
13536941
13537579
13537786
13537811
13537923
13538393
13538914
13542115
13542153
13543976
13545558
13552608
13552928
13553822
13554127
13554867
13555957
13556200
13556684
13556821
13556969
13557172
13559864
13559884
13559938
13561519
13565388
13568032
13568831
13569265
13570501
13571430
13571752
13571944
13573690
13575614
13575945
13577089
13577656
13578287
13578563
13579413
13579915
13580174
13582237
13583298
13583337
13583437
13584155
13584331
13584709
13584967
13586212
13587390
13590740
13590799
13591716
13591810
13592572
13594152
13595808
13595998
13598973
13599301
13600962
13600997
13602040
13602098
13603255
13603274
13606671
13607100
13608361
13609281
13610171
13611096
13611660
13612483
13614001
13615751
13615885
13617096
13618040
13619280
13619367
13619762
13619916
13620188
13622551
13622554
13623086
13623185
13624694
13625845
13626057
13627186
13627237
13628996
13630156
13630311
13632737
13633623
13634140
13634570
13635132
13635286
13635766
13637621
13641421
13641558
13641801
13642707
13643752
13644585
13644616
13644855
13645190
13646302
13647278
13648048
13648801
13648857
13653955
13655430
13655509
13658094
13658296
13658326
13658531
13658842
13659055
13660059
13660578
13661032
13662534
13662553
13663035
13663061
13665238
13665924
13665957
13667188
13667804
13668120
13668374
13669596
13672373
13672388
13672797
13673270
13673886
13675430
13675775
13675845
13677519
13677915
13679405
13679550
13679580
13681333
13682391
13683082
13683775
13685538
13685627
13685793
13686107
13686883
13687233
13688076
13688259
13691307
13692209
13692500
13692993
13693135
13694704
13694879
13696692
13697618
13697700
13699333
13700566
13700957
13701998
13702641
13703339
13704325
13705653
13706468
13706987
13707807
13708021
13709089
13710340
13710720
13712756
13713138
13714382
13715113
13715604
13716160
13716584
13718803
13718869
13720469
13720870
13721241
13721284
13721747
13722616
13722826
13722844
13724040
13724549
13724578
13724742
13725212
13726139
13728193
13728484
13730619
13731166
13731499
13731682
13732666
13733773
13734811
13735585
13736181
13736361
13736817
13737379
13737467
13739165
13741710
13742008
13742053
13742356
13742942
13743215
13744815
13745348
13745822
13746126
13746881
13746936
13748570
13748857
13749179
13751671
13751700
13753350
13754633
13754865
13755061
13757144
13757279
13757461
13757682
13757924
13758650
13758735
13758877
13759580
13759890
13760889
13760986
13761076
13761169
13765511
13766058
13766924
13767141
13767432
13768408
13769030
13769351
13770200
13771118
13771271
13771346
13772202
13772762
13773197
13774755
13775005
13775456
13777209
13778316
13779214
13779252
13779616
13779747
13779750
13780186
13783629
13784218
13784866
13785630
13785809
13786092
13786871
13787614
13788147
13788753
13789612
13789823
13790340
13790786
13791634
13792712
13793160
13793437
13795005
13795283
13797036
13797460
13798412
13798823
13798937
13799847
13801258
13801314
13801966
13802020
13802278
13803058
13804349
13804523
13804684
13804828
13805161
13805715
13806174
13806329
13806801
13807704
13809313
13809656
13810247
13811311
13812757
13813582
13813955
13814377
13815272
13815363
13815733
13815807
13818958
13819347
13822049
13822813
13823184
13825564
13826416
13826504
13826818
13826913
13827321
13828566
13828823
13830322
13830390
13831469
13831504
13832265
13832308
13832390
13832660
13833462
13834015
13834453
13834653
13834808
13835040
13835601
13835825
13835947
13835989
13836810
13837192
13837514
13838483
13838733
13841437
13842655
13843716
13845403
13845532
13846429
13846451
13846590
13846970
13847632
13848025
13848175
13848295
13848451
13848933
13849142
13850501
13852257
13852571
13852825
13853967
13854841
13855437
13856156
13856200
13858120
13858236
13858703
13859096
13859315
13860487
13861005
13861233
13861802
13862289
13863007
13863941
13864016
13864328
13865254
13865807
13867069
13867295
13867430
13868227
13868522
13869226
13869251
13870146
13870301
13871645
13871910
13872050
13872271
13872891
13873154
13873274
13874528
13874992
13875271
13875964
13876748
13877052
13877523
13878197
13879122
13880675
13881618
13881748
13882949
13883604
13885105
13885293
13885669
13885740
13886021
13886979
13887194
13888284
13889231
13889950
13890075
13890165
13890379
13892272
13892410
13892972
13895277
13895811
13896169
13896425
13896562
13896988
13897825
13898078
13898652
13898956
13899429
13899564
13900006
13900443
13900713
13901482
13902582
13902767
13903439
13903443
13905881
13905917
13906465
13906628
13906827
13907921
13908606
13909678
13909903
13910182
13910637
13910931
13911406
13911468
13911796
13911968
13912797
13914002
13914364
13916296
13916351
13916723
13916983
13917749
13919456
13919819
13921027
13921177
13921891
13922083
13922468
13922586
13922609
13922622
13923395
13924057
13924460
13924679
13925188
13925258
13925449
13925871
13926451
13927390
13929227
13929320
13929652
13930061
13930317
13931559
13931828
13931999
13932546
13932841
13933199
13933330
13934449
13934900
13936642
13938339
13938347
13938657
13939143
13939262
13941175
13941177
13941724
13942103
13942649
13943371
13943586
13944065
13944771
13944847
13945444
13945634
13946298
13946983
13947215
13948239
13949472
13949693
13949900
13950025
13951157
13951504
13952243
13952709
13954426
13955386
13955666
13957051
13957151
13957375
13957713
13957926
13958790
13959119
13959586
13959915
13960014
13960178
13960738
13960905
13961037
13961244
13963509
13963815
13963829
13964234
13965312
13965595
13965666
13967398
13968614
13969290
13969894
13970102
13970456
13970481
13970734
13971524
13971593
13971820
13972441
13974122
13974252
13974492
13974731
13976081
13976308
13977040
13977082
13977723
13978451
13978734
13979018
13979192
13979233
13981106
13981394
13981696
13981766
13982073
13983962
13983980
13984785
13986000
13986204
13986501
13986586
13987711
13987836
13988399
13989359
13989406
13989836
13990371
13991110
13991573
13991981
13992762
13994529
13995039
13995270
13995800
13995831
13996633
13997914
13998588
13999195
13999449
13999807
14003258
14003507
14003700
14004011
14004088
14004571
14004662
14004691
14005525
14005745
14006112
14006716
14006861
14007144
14007483
14007698
14009018
14009386
14010233
14010832
14010885
14011077
14012662
14014072
14014190
14014348
14014513
14014783
14015644
14016088
14016270
14016613
14017410
14017583
14019437
14019520
14020232
14020646
14020927
14020953
14021491
14023599
14024119
14024485
14024614
14024658
14024659
14024718
14024723
14024897
14025068
14025524
14026481
14027686
14028170
14028521
14028612
14028787
14030496
14030637
14031267
14032334
14032718
14033017
14033434
14033789
14035015
14035055
14035460
14035803
14036958
14037010
14037477
14037658
14039139
14039256
14040482
14040894
14041177
14041598
14041636
14042722
14042885
14043781
14043794
14044368
14045083
14045231
14045324
14046187
14047248
14047774
14048425
14048499
14048705
14049618
14049868
14049875
14050093
14050448
14051430
14052492
14052957
14053075
14053765
14053810
14054751
14055014
14055676
14057027
14057915
14057922
14058172
14058648
14059066
14059929
14060080
14060904
14061085
14061557
14061559
14061718
14062649
14062873
14064802
14064968
14065229
14065305
14065993
14066155
14066379
14067446
14068494
14068803
14068805
14068894
14069031
14069222
14070198
14070580
14070893
14072014
14072444
14072580
14072608
14072880
14073108
14074731
14074777
14075486
14075541
14075682
14076998
14077572
14078698
14079256
14079356
14080269
14081368
14082379
14082633
14083028
14083100
14083552
14083869
14084182
14084512
14084655
14084686
14085347
14085890
14085955
14086735
14087793
14090474
14090757
14090911
14091047
14091076
14091157
14091402
14091551
14091921
14092821
14093608
14093936
14094119
14095006
14095029
14095216
14095235
14095853
14096374
14096570
14096657
14096887
14097025
14097115
14097980
14098446
14098565
14098916
14099083
14099395
14100287
14101793
14101826
14101986
14102190
14103461
14103840
14104415
14104783
14105952
14107301
14107381
14107522
14107977
14108086
14108826
14108947
14109235
14110574
14111229
14111948
14111957
14112471
14112705
14113069
14113668
14113679
14114169
14114895
14115119
14117633
14117743
14117806
14117903
14118660
14118729
14118909
14118959
14119057
14119259
14120149
14120604
14120807
14121158
14121906
14121930
14122308
14122487
14122657
14123383
14123425
14123633
14124226
14124262
14124283
14125041
14125209
14126120
14129821
14130088
14130590
14131194
14133094
14133184
14133420
14134399
14134492
14134593
14135052
14135116
14135643
14136566
14137334
14137396
14137520
14137893
14138945
14139692
14139808
14140120
14140183
14141308
14142013
14142524
14142596
14143072
14143922
14144400
14144854
14144888
14145272
14145527
14145638
14145841
14145979
14145998
14146126
14146517
14147202
14147964
14148127
14148396
14148770
14149270
14150510
14151209
14151402
14152197
14153567
14154989
14155089
14155279
14155800
14157331
14157483
14157913
14158226
14158299
14158426
14158721
14158991
14159016
14159102
14159887
14159902
14160033
14161076
14161866
14163022
14163036
14163122
14163528
14164617
14165097
14165365
14165519
14165526
14165846
14166400
14166682
14167039
14167845
14168091
14169074
14169686
14169782
14170453
14170850
14171001
14171044
14172344
14172633
14173779
14173824
14174193
14174552
14174597
14174681
14175612
14175666
14175809
14176397
14176600
14177666
14177679
14177838
14178530
14178671
14178881
14179527
14179781
14180650
14180710
14180837
14181731
14181795
14182664
14182839
14183103
14184193
14184359
14184436
14185469
14185602
14185943
14186776
14187591
14188100
14188219
14190162
14190449
14191371
14191448
14191775
14192423
14192807
14192830
14192898
14193014
14193351
14193686
14194135
14194841
14194851
14195116
14196341
14197025
14197645
14197824
14197927
14198204
14198563
14199380
14199663
14199909
14200010
14200182
14200858
14200947
14201260
14201539
14202086
14202112
14202558
14202702
14202938
14203116
14203828
14204929
14205092
14206543
14206746
14206843
14206896
14207263
14207349
14208164
14209106
14209491
14209704
14210595
14210887
14211429
14211774
14211880
14212486
14212695
14212825
14212945
14213687
14213756
14213909
14214051
14214531
14215198
14215671
14217030
14217380
14217874
14218059
14219148
14220098
14220930
14220976
14221130
14221571
14221755
14221968
14221991
14222739
14223107
14223225
14223777
14224078
14224849
14225088
14225340
14226114
14226129
14226352
14226524
14226899
14227570
14227663
14228021
14228343
14228413
14228899
14229208
14230973
14231011
14232059
14232554
14232799
14233034
14233335
14234426
14234480
14235216
14235396
14235642
14236674
14236714
14237058
14237288
14237551
14238213
14239251
14239529
14239640
14240531
14240624
14241695
14242037
14242508
14243235
14244131
14244706
14245035
14245261
14245302
14245455
14246702
14246765
14247410
14247475
14247960
14248142
14248235
14248431
14248621
14249288
14249645
14249646
14249845
14249929
14250067
14250376
14251113
14251305
14251567
14251974
14252477
14253126
14254039
14254738
14254966
14255766
14256105
14256872
14256898
14257803
14258130
14259260
14259514
14259708
14260352
14260579
14260724
14260767
14262056
14262185
14262263
14262290
14262447
14262655
14263376
14263411
14264332
14264648
14264735
14265019
14265637
14265904
14266187
14266538
14267340
14267453
14268080
14268275
14268556
14268748
14269258
14269752
14270304
14270421
14272192
14272385
14273341
14273547
14273664
14273962
14274394
14274415
14274792
14275119
14275803
14276189
14276213
14276321
14276753
14277172
14277914
14277993
14278052
14278503
14278767
14279492
14279731
14280134
14280411
14281235
14282058
14282613
14283327
14283429
14283450
14283515
14283769
14284062
14285067
14285960
14286256
14286667
14286675
14287276
14287853
14287956
14287959
14288521
14288841
14289394
14289571
14290092
14290694
14290770
14290803
14291586
14291751
14292306
14292623
14292909
14293100
14293320
14293794
14294495
14295013
14295059
14295297
14295482
14296169
14297231
14297730
14297763
14297861
14298464
14299139
14299391
14300060
14300484
14300701
14301027
14301976
14302618
14302678
14303027
14303530
14303582
14304323
14304454
14304527
14304662
14304837
14305268
14305348
14305580
14305603
14305661
14305905
14307095
14307096
14307737
14308241
14308419
14308521
14308690
14308952
14309242
14309272
14309417
14310737
14310839
14311862
14312536
14312585
14313185
14313230
14313580
14313936
14314533
14314761
14315038
14315109
14315534
14315702
14316572
14316980
14316990
14317073
14317476
14318000
14318428
14318485
14318721
14320011
14320111
14320151
14320613
14321456
14322232
14322261
14322268
14324682
14325073
14325122
14325383
14325458
14325593
14325957
14326259
14327242
14327370
14327744
14327830
14328332
14329851
14330471
14330499
14330558
14330830
14332061
14332262
14332382
14332535
14332718
14332802
14333000
14333122
14333331
14333524
14333563
14333693
14334186
14334719
14334874
14335577
14335687
14336419
14336698
14337015
14337140
14338624
14338821
14339804
14340222
14340418
14340680
14340816
14341652
14341754
14341901
14342000
14342653
14342676
14343824
14344066
14344870
14344980
14345103
14345164
14345186
14345513
14346261
14346514
14346555
14347838
14348320
14348699
14349166
14349659
14349711
14349890
14350213
14350537
14350859
14350878
14350982
14351225
14351252
14352031
14352113
14352509
14352532
14352944
14353102
14354908
14355725
14355983
14356121
14356251
14356271
14356850
14357315
14357981
14358197
14358395
14359050
14359390
14359703
14360016
14360213
14360407
14361207
14361370
14361411
14361412
14361583
14361956
14362308
14362457
14362512
14362835
14362885
14362908
14363614
14364571
14366460
14366773
14367829
14368498
14368617
14368848
14368886
14369015
14369187
14369501
14370037
14370085
14370132
14370663
14371228
14371337
14371634
14371888
14372146
14372807
14374602
14374612
14374954
14374974
14374999
14375542
14375881
14377105
14377355
14377462
14377593
14377654
14377803
14377880
14378414
14379951
14380357
14381128
14381160
14381445
14381827
14382142
14382261
14382339
14382721
14382787
14382865
14382889
14382893
14383049
14383546
14383596
14383601
14383631
14383649
14383977
14384362
14384885
14385077
14385354
14385412
14385717
14385775
14385954
14388683
14388767
14388781
14389176
14390533
14391073
14391488
14391588
14392324
14392426
14392962
14393033
14393327
14393473
14394349
14394757
14395090
14395228
14395746
14396414
14396493
14396534
14396778
14396832
14397553
14397976
14398001
14398967
14399224
14399564
14399764
14400591
14400655
14400999
14401211
14401362
14401366
14401454
14401969
14402373
14403063
14403302
14404598
14405093
14405197
14405478
14405657
14405713
14406175
14406519
14406728
14407157
14408083
14408131
14409551
14409623
14410138
14410386
14410519
14411071
14411138
14411142
14411640
14411906
14412115
14412390
14412427
14412443
14414067
14414555
14414767
14414972
14415415
14415492
14415921
14416007
14416173
14416185
14416563
14417817
14418449
14418818
14418854
14419099
14419419
14419517
14419864
14420510
14420647
14420713
14421295
14421744
14422458
14423230
14423669
14424027
14424146
14424863
14425483
14426018
14426044
14426186
14426797
14426959
14426981
14427595
14428111
14428521
14428600
14428976
14429208
14429515
14429612
14429730
14429761
14429851
14430121
14430349
14430374
14430436
14430653
14430847
14430939
14432038
14432477
14432689
14433134
14434098
14434101
14434333
14434353
14434484
14434712
14436087
14437146
14437464
14437497
14437702
14439061
14439360
14439566
14439572
14439579
14440033
14440063
14440192
14440231
14440351
14440505
14440973
14441091
14441221
14441603
14441786
14442100
14442499
14442733
14443027
14443029
14445158
14445329
14445625
14445878
14446115
14446205
14446802
14447613
14447958
14448207
14448757
14449070
14449246
14449469
14449509
14449873
14450315
14450687
14450704
14451007
14451185
14451744
14452218
14452446
14453879
14453936
14453979
14454275
14454503
14454636
14455116
14455119
14455577
14456365
14457093
14457283
14457406
14457617
14458475
14459163
14459208
14459298
14459733
14459885
14460089
14460473
14460485
14460571
14461768
14461808
14461944
14463099
14463102
14463199
14463522
14463996
14464455
14465860
14465965
14466068
14466372
14466875
14467309
14467313
14467653
14467947
14468248
14468841
14469248
14469544
14469635
14469685
14469910
14470168
14470194
14470475
14470710
14470792
14470943
14471077
14471393
14471458
14472183
14472287
14472736
14473027
14473544
14473898
14473992
14474330
14474375
14474429
14474785
14475028
14475318
14475495
14476244
14476276
14476946
14477279
14477740
14477953
14478009
14479055
14479139
14479398
14479698
14480308
14480311
14480423
14480444
14480470
14480631
14480684
14481814
14481869
14481979
14482523
14482955
14483701
14484266
14484471
14484743
14485379
14486499
14486539
14486609
14486655
14486843
14487214
14487738
14488088
14488459
14488799
14489337
14489756
14489900
14490073
14490638
14490712
14490787
14491532
14491689
14491718
14491823
14491899
14491925
14491991
14492044
14492142
14492254
14493153
14493730
14493876
14494021
14494069
14494554
14494943
14495236
14495328
14495538
14496174
14497030
14497138
14497935
14498397
14499321
14499369
14499567
14500207
14500278
14500323
14500613
14500974
14501839
14501961
14502027
14502531
14502963
14503009
14503249
14503327
14505194
14506132
14506240
14506360
14506776
14507182
14507234
14507291
14507758
14507925
14507990
14508114
14508299
14508570
14508658
14508833
14509488
14509554
14509822
14511249
14511699
14511745
14511992
14512145
14512250
14512308
14512995
14513007
14513242
14513452
14513923
14513954
14515041
14516366
14516500
14516561
14517205
14517257
14517587
14518178
14518549
14518578
14519229
14519288
14519803
14520144
14520449
14520555
14521223
14521890
14522159
14522173
14522649
14523686
14524129
14524252
14525086
14525205
14525225
14525354
14525373
14525714
14525882
14526124
14526323
14526367
14526678
14526703
14526741
14527072
14527133
14527183
14527353
14527526
14528280
14528335
14528341
14528589
14528666
14529040
14529258
14529798
14529808
14530402
14530994
14531052
14531784
14531793
14533154
14533220
14533280
14534328
14534393
14534919
14535019
14535836
14536183
14536429
14537138
14537255
14537346
14537641
14537836
14538164
14538185
14538376
14538835
14539100
14539190
14541075
14541735
14542171
14542274
14542742
14543372
14543815
14543951
14544070
14544345
14544366
14544390
14544421
14544494
14545670
14546189
14546340
14546506
14546814
14547311
14547378
14547395
14547888
14547982
14548212
14548560
14548609
14548678
14549023
14549552
14549702
14549784
14549820
14550007
14550109
14550245
14550462
14550716
14551122
14552011
14552252
14553524
14554006
14554242
14555275
14555907
14556067
14556149
14556232
14557020
14557074
14557238
14557378
14557885
14558643
14558855
14558861
14559040
14559329
14559481
14559574
14559894
14560127
14560367
14560453
14560526
14560844
14561498
14561694
14562042
14562586
14562597
14562824
14562905
14563126
14563792
14563894
14564451
14564457
14564631
14564929
14565360
14565374
14565410
14565755
14566431
14566848
14567003
14567428
14567451
14567927
14568061
14568279
14568651
14568725
14569305
14569515
14569545
14569670
14569702
14569924
14570051
14570131
14570330
14570537
14570869
14571181
14571556
14571806
14571816
14572238
14572290
14572357
14572537
14572682
14573778
14573888
14573905
14574103
14575204
14575657
14576273
14576356
14576403
14576794
14577610
14577620
14578089
14578149
14579095
14579307
14579518
14579577
14579950
14580066
14580232
14581070
14581673
14582025
14582203
14582661
14582819
14582828
14582918
14583604
14584070
14584304
14584447
14585041
14585247
14585462
14585603
14587204
14587337
14587512
14587580
14587651
14588041
14588051
14588170
14588467
14588650
14588700
14588712
14589261
14589368
14589459
14589853
14589948
14590057
14590311
14590768
14590829
14590916
14590920
14590946
14591691
14592343
14592392
14592742
14593194
14593368
14593724
14593967
14594193
14594814
14594867
14594882
14594990
14596027
14596362
14596540
14597547
14597934
14598216
14598222
14598337
14599360
14599804
14600256
14600647
14600824
14601068
14601324
14601348
14601746
14601803
14601882
14602132
14602619
14603061
14603601
14603864
14604733
14605419
14605582
14606804
14607118
14607332
14607520
14607960
14608202
14608260
14608996
14610706
14611949
14612100
14612822
14612981
14613108
14613113
14613540
14613652
14613973
14614152
14614161
14614392
14614443
14614629
14614648
14614756
14614805
14615232
14615373
14615782
14615814
14616375
14616439
14616517
14616585
14616701
14617256
14617597
14617913
14618469
14618665
14619551
14619700
14619712
14619753
14620290
14620354
14620496
14621204
14621316
14621890
14622259
14622292
14622299
14622410
14622425
14623264
14623707
14624017
14624059
14624747
14625153
14625192
14625331
14625504
14625909
14626747
14627025
14627300
14627304
14627336
14627719
14627912
14628213
14628768
14629597
14631118
14631151
14631503
14631773
14632527
14632621
14632807
14633022
14633199
14633860
14634549
14635059
14635068
14635383
14635464
14635556
14635634
14635833
14636275
14636556
14636784
14636829
14636885
14637187
14637599
14637850
14638684
14638891
14639005
14639335
14639857
14639866
14640208
14640374
14640789
14641134
14641165
14641385
14641857
14642335
14642365
14642643
14642867
14642872
14643278
14643367
14643470
14643757
14644057
14644174
14644609
14644642
14645224
14645434
14645527
14646184
14646381
14646882
14647435
14647576
14648214
14648365
14648419
14648962
14649009
14649772
14649997
14651406
14651410
14651664
14652067
14652742
14652779
14652880
14652891
14653751
14653803
14653918
14653925
14654251
14654272
14654351
14654818
14655010
14655244
14655330
14655437
14655621
14655828
14656861
14656929
14656971
14656992
14657118
14657532
14657874
14658004
14658838
14658858
14659582
14659604
14659674
14660446
14660632
14660956
14661707
14661717
14662272
14662535
14662581
14663852
14664559
14664799
14665488
14665529
14665768
14665962
14666066
14666243
14666270
14666343
14666794
14667216
14668249
14668708
14668909
14668980
14669459
14669485
14669529
14669577
14669619
14669639
14669670
14669690
14669914
14670700
14670758
14671170
14671738
14672234
14673032
14673210
14673320
14673936
14674571
14674776
14675171
14675696
14676286
14676596
14676900
14677321
14677585
14678480
14678833
14679077
14679260
14679560
14679562
14679910
14680117
14680690
14681077
14681346
14681498
14681569
14681696
14682324
14682499
14682594
14682686
14683071
14683464
14683527
14683722
14683801
14683802
14684011
14684134
14684248
14684342
14684345
14684739
14684892
14685018
14685311
14686126
14686178
14686667
14686687
14686748
14686858
14686888
14686967
14687009
14688196
14688228
14688582
14688804
14689010
14689137
14689211
14689350
14689400
14689709
14690276
14690498
14690786
14690921
14691142
14691444
14691564
14691618
14691886
14692534
14692752
14692853
14693579
14693822
14694616
14694657
14694857
14695007
14695343
14696972
14697439
14697646
14698162
14698512
14699065
14699791
14700217
14700736
14701118
14701244
14701279
14701380
14701796
14701844
14701965
14701983
14702443
14702798
14703148
14703173
14703202
14703435
14703627
14704061
14704542
14705260
14705419
14706136
14706243
14706674
14706881
14706895
14707125
14707132
14707676
14708403
14708568
14708754
14708853
14708933
14709009
14709116
14709144
14709152
14709202
14709241
14709770
14710224
14710431
14710917
14711279
14711378
14712569
14712852
14712937
14713412
14715021
14715487
14715935
14716611
14716686
14716711
14716795
14716857
14717060
14717244
14717760
14717841
14718783
14719003
14719724
14719937
14720242
14720262
14720277
14720517
14721061
14721104
14721127
14721140
14721408
14721421
14721497
14721781
14721842
14722185
14722220
14722651
14722805
14723611
14724151
14724170
14724792
14724809
14725054
14725206
14725271
14725373
14725823
14725865
14725996
14726087
14726779
14727136
14727315
14728043
14728266
14728284
14729019
14729764
14729773
14730067
14730188
14730722
14731873
14732187
14732405
14732557
14732900
14732908
14733545
14733558
14733904
14734100
14734356
14734608
14734672
14734962
14735124
14735377
14735851
14735887
14736604
14736763
14736937
14737088
14737651
14737660
14737667
14738251
14738534
14738535
14738681
14739070
14739453
14739560
14739806
14740600
14740627
14741027
14741103
14741479
14741657
14742275
14742936
14743002
14743040
14743320
14743739
14743900
14744072
14744112
14744206
14744446
14744487
14744963
14745486
14745530
14745914
14747632
14747649
14747669
14748061
14748390
14748443
14748605
14749302
14749942
14750364
14750761
14751095
14751591
14751790
14751899
14752083
14752323
14752518
14752934
14753203
14753422
14754044
14754063
14754068
14754199
14754580
14754714
14754909
14755150
14756356
14756650
14756869
14756924
14757685
14757775
14757863
14758027
14758078
14758285
14758516
14760219
14760758
14761179
14761263
14761596
14761973
14762029
14762196
14762249
14762297
14762416
14762997
14763138
14763162
14763793
14764022
14764097
14764299
14764955
14765142
14765148
14765234
14765780
14765914
14765966
14766043
14766105
14766114
14766128
14766594
14766738
14766747
14767126
14768467
14768648
14768777
14768828
14769334
14769806
14770527
14770739
14771745
14771833
14771864
14772001
14772113
14772444
14773497
14773510
14773785
14773936
14774269
14774282
14774332
14774383
14774494
14775713
14775961
14776323
14776561
14776716
14776804
14776839
14776908
14777238
14777433
14777531
14777709
14777857
14778217
14778399
14778864
14779264
14779557
14779583
14779668
14779773
14780229
14780325
14780767
14780858
14780929
14781815
14781839
14782012
14782160
14782761
14782975
14783168
14783418
14783632
14783649
14783735
14784182
14784300
14784378
14784397
14785154
14785783
14785992
14786212
14786689
14786914
14787601
14787909
14787913
14788250
14788417
14789282
14789435
14789470
14789630
14789981
14790389
14791065
14791440
14791465
14791676
14791776
14791930
14792251
14792312
14792747
14792995
14793137
14793209
14793591
14793804
14794494
14794516
14794833
14794990
14795488
14796230
14796548
14796724
14796789
14797240
14797287
14797582
14797631
14797841
14798341
14798554
14798854
14799022
14799257
14799264
14799481
14799747
14799830
14800163
14800422
14800558
14800582
14801308
14801484
14802298
14802344
14802501
14802618
14803305
14803855
14803995
14804454
14804518
14805037
14805233
14805636
14805706
14806154
14806289
14806675
14807097
14807441
14807469
14807672
14807756
14808090
14808133
14808735
14808924
14808977
14809821
14810027
14810383
14810422
14810939
14810985
14811312
14811374
14811855
14811892
14811967
14812713
14812996
14813193
14813371
14813730
14814071
14814366
14814606
14814607
14814829
14815121
14815188
14815619
14815708
14816244
14816440
14817456
14817729
14817965
14818319
14818489
14818835
14819052
14819168
14819505
14820405
14820675
14820720
14820775
14820992
14821262
14821338
14821802
14821993
14822151
14822301
14822354
14822685
14823621
14824143
14824165
14824277
14824426
14825089
14825158
14825183
14825320
14825683
14825817
14825958
14826146
14826349
14826677
14826842
14827433
14827484
14827712
14827871
14827933
14828270
14828422
14828519
14829044
14829203
14829325
14829849
14830394
14830835
14831524
14831708
14831736
14831978
14832206
14833039
14833056
14833770
14833892
14833945
14834201
14834624
14835176
14836119
14836689
14836829
14837844
14838033
14838058
14838102
14838132
14838920
14839296
14839299
14839490
14839756
14840049
14840259
14840672
14840866
14840999
14841083
14841092
14841147
14841285
14841375
14841508
14841570
14841686
14841909
14842325
14842506
14842871
14843160
14843409
14843619
14843792
14844150
14844298
14844531
14844735
14845347
14846499
14846536
14847067
14847351
14847457
14847624
14847672
14848022
14848317
14848427
14848531
14849663
14849727
14849756
14850024
14850110
14850185
14850873
14850944
14851036
14851398
14851463
14851472
14851912
14852259
14852276
14852350
14852694
14852976
14853134
14853205
14853863
14854213
14854353
14855134
14855162
14855176
14855306
14855386
14856584
14856793
14857019
14857181
14857197
14857209
14857800
14858138
14858484
14858507
14858509
14859100
14859434
14859491
14859784
14860433
14860504
14860626
14861178
14861683
14862515
14862629
14862708
14862737
14862868
14863084
14863471
14863606
14864158
14864383
14864699
14864756
14864813
14865466
14865847
14865930
14866220
14866452
14866759
14867062
14867231
14868211
14868456
14868498
14868574
14868615
14868880
14869014
14869292
14869969
14870661
14870991
14871252
14871380
14871622
14871751
14872941
14873038
14873040
14873466
14873786
14873795
14873896
14874016
14874297
14874347
14874557
14874675
14874694
14875214
14875511
14875522
14875538
14875797
14876739
14877123
14877367
14877497
14878220
14878220
14878364
14878673
14878728
14878940
14879103
14879371
14879412
14879893
14880980
14881326
14882119
14882176
14882269
14882700
14883038
14883249
14883418
14883722
14884082
14884138
14884868
14884914
14885109
14885285
14885467
14885488
14885544
14885787
14886081
14886521
14886595
14886720
14886775
14887002
14887355
14887373
14887431
14887656
14887843
14888089
14888092
14888137
14888211
14888706
14888767
14890018
14890393
14890942
14891146
14891312
14891703
14891933
14892148
14892246
14892587
14893364
14893428
14893751
14894041
14894173
14894732
14895091
14895107
14895447
14895568
14895645
14895905
14896031
14896350
14896621
14896623
14896785
14897003
14897612
14897715
14897892
14898142
14899112
14899221
14899240
14899304
14899374
14899526
14899725
14899879
14899935
14900015
14900554
14900791
14901089
14901248
14902687
14902732
14902739
14902965
14903052
14903268
14903297
14903340
14903778
14904210
14904565
14904710
14905174
14905304
14905952
14906031
14906552
14906631
14906691
14906847
14907037
14907168
14907586
14907770
14907944
14908013
14908625
14909070
14909709
14909889
14911486
14911768
14911772
14911980
14912077
14912158
14912739
14912966
14913160
14913234
14913338
14913426
14913808
14914011
14914089
14914519
14915090
14915586
14915806
14915926
14917029
14917042
14917204
14917273
14917747
14917942
14917989
14918047
14918088
14918380
14918953
14919032
14919640
14919692
14920060
14920643
14920801
14921565
14921591
14922090
14922135
14922167
14922504
14922628
14922664
14923101
14923267
14923409
14923642
14923982
14924992
14925836
14926127
14926150
14926304
14926319
14926516
14926600
14926758
14927139
14927213
14927405
14927533
14927558
14927686
14927927
14928309
14928387
14928569
14928790
14929339
14929743
14929980
14930419
14930430
14931059
14931068
14931085
14931162
14931849
14931870
14931959
14932102
14932174
14932495
14932518
14932570
14932787
14932855
14933199
14933225
14933511
14933793
14934069
14934357
14934929
14934952
14935323
14935346
14935686
14935849
14935972
14936163
14936755
14936876
14937201
14938125
14938287
14938412
14938575
14939035
14939106
14939295
14939305
14939667
14939695
14939849
14940259
14940514
14940724
14941088
14941199
14941324
14941405
14941555
14941732
14941786
14941841
14942928
14943127
14943673
14943982
14943989
14944165
14944706
14945040
14945435
14945659
14945984
14946107
14946538
14946979
14947330
14948147
14948170
14948259
14948494
14948617
14948664
14948896
14949117
14949516
14949693
14949749
14950657
14950965
14951217
14951563
14952477
14952626
14952641
14952949
14952961
14953624
14954011
14954046
14954089
14954456
14954926
14955045
14955643
14956218
14956302
14956444
14957017
14957177
14957372
14957518
14957809
14957987
14958032
14958124
14958452
14958474
14958553
14958655
14958806
14958887
14959776
14959985
14960326
14960331
14960337
14960647
14960655
14960720
14960742
14961470
14962092
14962341
14962576
14962898
14962919
14963011
14963067
14963154
14963341
14963506
14964028
14964376
14964423
14964616
14964643
14965327
14965488
14965669
14965961
14966312
14966553
14966709
14966933
14966975
14967112
14967471
14967763
14968199
14968578
14969587
14969954
14970126
14970290
14970394
14970509
14970752
14971170
14971656
14971713
14972064
14972143
14972496
14972612
14972754
14972818
14972846
14972989
14973054
14973358
14973485
14973664
14973705
14974068
14974309
14974547
14974921
14974961
14975249
14975329
14975486
14975729
14975733
14975828
14976073
14976249
14976251
14976340
14976613
14977741
14978157
14978176
14978560
14978860
14979025
14979377
14979546
14980884
14980923
14980993
14981082
14981170
14981347
14981549
14981764
14983125
14983204
14983240
14983422
14983738
14983926
14985028
14985310
14985454
14985897
14985927
14986002
14987025
14987230
14987495
14987842
14988417
14988728
14989069
14989231
14989442
14989454
14989717
14989737
14989943
14990321
14990349
14990358
14990545
14990716
14990967
14991203
14991493
14991646
14992002
14992003
14992061
14993093
14993645
14993935
14993954
14994250
14994270
14994677
14995359
14995509
14995731
14995868
14996391
14996522
14996880
14996911
14997138
14997207
14997520
14997680
14997840
14998071
14998147
14998301
14998660
14998786
14998791
14999259
14999372
14999998
15000160
15000717
15000760
15000905
15000984
15001225
15001750
15001972
15002482
15003310
15003638
15003725
15003801
15003979
15004499
15004504
15004587
15004670
15005087
15005963
15006125
15006149
15006187
15006387
15006452
15006606
15006636
15006637
15006874
15006898
15007028
15007487
15007848
15008855
15009041
15009047
15009265
15009290
15009383
15009685
15009824
15010352
15011089
15011249
15011654
15011918
15012004
15012021
15012125
15012530
15012681
15013094
15013243
15013314
15013318
15014226
15014234
15014283
15014313
15014470
15014537
15015124
15015225
15015306
15015492
15015742
15015814
15016265
15016500
15016692
15016921
15016991
15017588
15018043
15018086
15018348
15018712
15018792
15019083
15019418
15019638
15019667
15019999
15020016
15020522
15020855
15020969
15020972
15021639
15022069
15022224
15022488
15023062
15023264
15023532
15023651
15023814
15024173
15024818
15024982
15025166
15025255
15025469
15025503
15025900
15026028
15026474
15027562
15027594
15027908
15027923
15028256
15028312
15028327
15028434
15028733
15028891
15029275
15029489
15029490
15029662
15029887
15029973
15030246
15030381
15030543
15030573
15031243
15032149
15032813
15033236
15033285
15033319
15033859
15033881
15033978
15034095
15034198
15034285
15034647
15034703
15034837
15035497
15036199
15036413
15036659
15036782
15036821
15036869
15037314
15037625
15037727
15038135
15038543
15039541
15039857
15039921
15040325
15040428
15040479
15040678
15040814
15041999
15042067
15042832
15042984
15042993
15043193
15043431
15043508
15043667
15043888
15043988
15044181
15044709
15044750
15044833
15045138
15045365
15045771
15045795
15046262
15046304
15046511
15046678
15046686
15046781
15046820
15047024
15047282
15047651
15047755
15048122
15048163
15048322
15048417
15048611
15048692
15048721
15048952
15050037
15050282
15050323
15050566
15050568
15050784
15050822
15050863
15050876
15050905
15051209
15051372
15051602
15051700
15052049
15052771
15053153
15053562
15054730
15055321
15055741
15055783
15055837
15056066
15056144
15056205
15056442
15056583
15056684
15056710
15056849
15057109
15057153
15057238
15057540
15057683
15058210
15058288
15058561
15058598
15058602
15058669
15058889
15059145
15059678
15060129
15060185
15060732
15061412
15061573
15062119
15062226
15062337
15062704
15063121
15063796
15063856
15063885
15064090
15064133
15064202
15064569
15065171
15065294
15065785
15065974
15066082
15066334
15066765
15066816
15067022
15067059
15067550
15067632
15067637
15068083
15068225
15068765
15068914
15069199
15069626
15069946
15070147
15070206
15070307
15070437
15070948
15071309
15072179
15072198
15072471
15072480
15072528
15072703
15073307
15073348
15073985
15074028
15074508
15074602
15074687
15075654
15075862
15075955
15076034
15076119
15076397
15076525
15076619
15076824
15076927
15077111
15077370
15077640
15077725
15077756
15077998
15078261
15078513
15078761
15078878
15078942
15079710
15079795
15080044
15080054
15080578
15080667
15081225
15081233
15081310
15081557
15081632
15081707
15081725
15081729
15081742
15081762
15082361
15082436
15082537
15082979
15083426
15083648
15083747
15083766
15083956
15084051
15084708
15085318
15085785
15085851
15086053
15086352
15086544
15087192
15087404
15087453
15087771
15087800
15088058
15088130
15088224
15088405
15089245
15089253
15089314
15089480
15089627
15089893
15090103
15090372
15090388
15090612
15090667
15090675
15090867
15091478
15092382
15092784
15092995
15093001
15093230
15093415
15093444
15093465
15094904
15095518
15095549
15095772
15096389
15096428
15096584
15096758
15096797
15096897
15096964
15097156
15097378
15097992
15098080
15098109
15098416
15098705
15098793
15099239
15099321
15099541
15100086
15100509
15100553
15100713
15101306
15101334
15101453
15101497
15101868
15102266
15102273
15102451
15102484
15102818
15102863
15102976
15103627
15103669
15104110
15104124
15104129
15104292
15104678
15104891
15105041
15105305
15105462
15105492
15105595
15105632
15105802
15105887
15105968
15106026
15106686
15108094
15108203
15108422
15108658
15108746
15109220
15109234
15109683
15110645
15110814
15110882
15110999
15111109
15111141
15111270
15111851
15111994
15112527
15112696
15113385
15113511
15113786
15113805
15113869
15114043
15114576
15114647
15114657
15114802
15114819
15115229
15115296
15115353
15115487
15115530
15115639
15116084
15116387
15116439
15116720
15117093
15117211
15117377
15117387
15117410
15117716
15117882
15118070
15118522
15118760
15118770
15118937
15118960
15118975
15119136
15119344
15119563
15120197
15120474
15120802
15121383
15121506
15121969
15122318
15122884
15122887
15122901
15123283
15123497
15123723
15124012
15124154
15124191
15124196
15124319
15124325
15124920
15125071
15125625
15125685
15126213
15126782
15126834
15126925
15126954
15127179
15127252
15127504
15127767
15127798
15127936
15127983
15128380
15128716
15129199
15129335
15129493
15130180
15131340
15131825
15132310
15132374
15132414
15132446
15132842
15132849
15132943
15133150
15133155
15133432
15133480
15133818
15133830
15133947
15133993
15134174
15134705
15134814
15134832
15134957
15135160
15135401
15135792
15135793
15136039
15136299
15136377
15136895
15136972
15137028
15137246
15137421
15137491
15137567
15137569
15138210
15138467
15138476
15138644
15138727
15139937
15139998
15140081
15140093
15140548
15140958
15141144
15141162
15141331
15142245
15142711
15142723
15142824
15142849
15143183
15143207
15143225
15143257
15143397
15143458
15143641
15143714
15143992
15144126
15144236
15144543
15145520
15145623
15145664
15145796
15145902
15146339
15146345
15146457
15146501
15146536
15146720
15147004
15147126
15147179
15147330
15147405
15147645
15147888
15147946
15148143
15148197
15148280
15148329
15148378
15148468
15148732
15149217
15149227
15149893
15150397
15151209
15151423
15151434
15151516
15151832
15151871
15152009
15152119
15152179
15152232
15153158
15154006
15154254
15154284
15154420
15155370
15155731
15156104
15156371
15156542
15156738
15156947
15157163
15157557
15157651
15157989
15158067
15158450
15158508
15158633
15159247
15159248
15159322
15159333
15160197
15160253
15160262
15160272
15160686
15160962
15161138
15161329
15161840
15161976
15162216
15162504
15162725
15162742
15162771
15162959
15163224
15163453
15163471
15164085
15164110
15164381
15164385
15164538
15164547
15164764
15164960
15165195
15165201
15165446
15165581
15165658
15165673
15166090
15166256
15166646
15166786
15167272
15167283
15168780
15169129
15169498
15169605
15169830
15170082
15170239
15170400
15170521
15170609
15170626
15170636
15170804
15170908
15171181
15171264
15171308
15171709
15171993
15172458
15172658
15172989
15173010
15173382
15173438
15173736
15173784
15173893
15174026
15174028
15174072
15174090
15174323
15174620
15174823
15175150
15175355
15175368
15175764
15175819
15176068
15176346
15177251
15177426
15177965
15178884
15178945
15179250
15179407
15179425
15180290
15180351
15180356
15180360
15180580
15180827
15180971
15181830
15181923
15182273
15182307
15182558
15182745
15183026
15183033
15183197
15183617
15183799
15183817
15183839
15183883
15184302
15184447
15184526
15184548
15184688
15184715
15184816
15185046
15185319
15185381
15185511
15185910
15186265
15186316
15186520
15186848
15187113
15187150
15187256
15187356
15187726
15187810
15187817
15187872
15188140
15188278
15188373
15189175
15189849
15190002
15190548
15190748
15191218
15191233
15191714
15191745
15191890
15191946
15191958
15192093
15192228
15192411
15192447
15192570
15192667
15192729
15192761
15192786
15192837
15193171
15193422
15193738
15194189
15194463
15194535
15194694
15195212
15195304
15195508
15195776
15195817
15196123
15196247
15196264
15196376
15196480
15196507
15196631
15196633
15196652
15196919
15197232
15197599
15197697
15197894
15197963
15197981
15198474
15198908
15199237
15199309
15199427
15199445
15199744
15199787
15200069
15200194
15200208
15200458
15200479
15200482
15200777
15200854
15201463
15201827
15201999
15202067
15202082
15202111
15202187
15202224
15202235
15202500
15202949
15203244
15203297
15203711
15203869
15204833
15204862
15205068
15205169
15205246
15205307
15205657
15206403
15206547
15206554
15206827
15206969
15207254
15207347
15207352
15207837
15208014
15208023
15208417
15208651
15208716
15208945
15208976
15209306
15209516
15209518
15210031
15210115
15210406
15210474
15210749
15211280
15211308
15211952
15213145
15213530
15213653
15213718
15213953
15214049
15214075
15214120
15214233
15214428
15214481
15214483
15214933
15215251
15215422
15215583
15215864
15216156
15216312
15216433
15216751
15216995
15217076
15217156
15217225
15217245
15217303
15217393
15217415
15217575
15217653
15217690
15217980
15218138
15218319
15218336
15219050
15219255
15219363
15219532
15219589
15219700
15220185
15220592
15220624
15221764
15222288
15222323
15222369
15222382
15222409
15222657
15222908
15223169
15223469
15223519
15223525
15223599
15223606
15223771
15223796
15223836
15224195
15224962
15225102
15225109
15225251
15225286
15225396
15225408
15225466
15225935
15226055
15226426
15226623
15226768
15227318
15227343
15227348
15227743
15228099
15228913
15229002
15229189
15229278
15229418
15229540
15229609
15229711
15230118
15230191
15230294
15230530
15230699
15230798
15230939
15231027
15231144
15231175
15231356
15231400
15231508
15231527
15231556
15231827
15231851
15231922
15232280
15232520
15233063
15233354
15233370
15233466
15233675
15233693
15233841
15234131
15234369
15234820
15235019
15235222
15235649
15235851
15235931
15235956
15236457
15237078
15237243
15237448
15237711
15238663
15238913
15238920
15239317
15239546
15240001
15240245
15240331
15240741
15240792
15240861
15240896
15241167
15241520
15242221
15242240
15242390
15242498
15242556
15242648
15242910
15243275
15243620
15243667
15244222
15244259
15244787
15244796
15244838
15244926
15245395
15245857
15245896
15246118
15246237
15246488
15247359
15247538
15247693
15247719
15248086
15248108
15248260
15248654
15248898
15249405
15249735
15249856
15249921
15250014
15250018
15250312
15250532
15250585
15250992
15251054
15251102
15251698
15251712
15251865
15251876
15252081
15252266
15252800
15253029
15253166
15253413
15253414
15253462
15254030
15254438
15254461
15254484
15254673
15254868
15255120
15255391
15255399
15255497
15255979
15256038
15256048
15256175
15256426
15256656
15257311
15257549
15257849
15258013
15258138
15258206
15258627
15259198
15259352
15259359
15259775
15260119
15260168
15260375
15260469
15260595
15260790
15261643
15261710
15262851
15263205
15263244
15263297
15263388
15263555
15263707
15264143
15264250
15264417
15264480
15264691
15264801
15265037
15265090
15265126
15265480
15265569
15266379
15266408
15266661
15267206
15267270
15267287
15267480
15267506
15267790
15267807
15267928
15268198
15268449
15268803
15268859
15268940
15270153
15270294
15270471
15270587
15270924
15270927
15271003
15271268
15271290
15271568
15271995
15272724
15272784
15272857
15273139
15273200
15273224
15273696
15273864
15273947
15274273
15274650
15274688
15274811
15275417
15275462
15275636
15275748
15276039
15276173
15276255
15276354
15276473
15276489
15276634
15276708
15276923
15277133
15277161
15277318
15277673
15277821
15277946
15278259
15278609
15279284
15279956
15279991
15280008
15280261
15281236
15281299
15281327
15281398
15281398
15281448
15281533
15281857
15282006
15282497
15282675
15282924
15282995
15283300
15283407
15283585
15283899
15284425
15284444
15284744
15284758
15284835
15284998
15285219
15285803
15286072
15286582
15287278
15287648
15287864
15287875
15287962
15288112
15288117
15288260
15288616
15289244
15289323
15289498
15289509
15289560
15290314
15290484
15290935
15291010
15291388
15291413
15291588
15291934
15292092
15292109
15292192
15292300
15292487
15292518
15292850
15292857
15292865
15292923
15293301
15293989
15294078
15294226
15294252
15294317
15295015
15296105
15296264
15297098
15297194
15297257
15297283
15297476
15297929
15297956
15297965
15298031
15298230
15298352
15298798
15299345
15299371
15300268
15300686
15301127
15301193
15301242
15301483
15301645
15301670
15302145
15302507
15302619
15302999
15303216
15303230
15303364
15303371
15303643
15303675
15303734
15304248
15304319
15304800
15304855
15305206
15305254
15305303
15305460
15305565
15306261
15306326
15306698
15306933
15307939
15308064
15308234
15308541
15308567
15309136
15309166
15309282
15309428
15309549
15309604
15309683
15309764
15310110
15310277
15310396
15310575
15310948
15311152
15311216
15311377
15311457
15311678
15311778
15311787
15311859
15311953
15312178
15312294
15312964
15313507
15314039
15314358
15314983
15315246
15315413
15315431
15315497
15315570
15315655
15315797
15315981
15316063
15316493
15316634
15316700
15316751
15316893
15317436
15317468
15317639
15317775
15317909
15317935
15318690
15318907
15319113
15319777
15320137
15320486
15320670
15320748
15320953
15321336
15321608
15321791
15322368
15323832
15323904
15324016
15324048
15324330
15324608
15324629
15324723
15325071
15325261
15325270
15325469
15325873
15326440
15326637
15327040
15327298
15327334
15327734
15328339
15328640
15328669
15328971
15329182
15329402
15329467
15329569
15329595
15329792
15329999
15330012
15330153
15330543
15331083
15331413
15331751
15332503
15332920
15333059
15333790
15334017
15334649
15334811
15334956
15334995
15335392
15335518
15335673
15336136
15336155
15336226
15336235
15336249
15336271
15336469
15336717
15336981
15337131
15337270
15337340
15337414
15337708
15338535
15338849
15338856
15339096
15339124
15340126
15340162
15340221
15340311
15340433
15340598
15340663
15341088
15341161
15341499
15341700
15341790
15341887
15342292
15342460
15342467
15342865
15343090
15343112
15343562
15344224
15344419
15344490
15344493
15344816
15344843
15344865
15344958
15345098
15345113
15345554
15345754
15346123
15346138
15346259
15346464
15346921
15347006
15347194
15347621
15347681
15347887
15348033
15348216
15349175
15349183
15349429
15350598
15350711
15350852
15351070
15351118
15352094
15352467
15352541
15352565
15352576
15352762
15353922
15354307
15354879
15355320
15355427
15355522
15355541
15355660
15355815
15356012
15356341
15356564
15356834
15357078
15357247
15357338
15357673
15357971
15358796
15358797
15359070
15360012
15360509
15360611
15360692
15360918
15360984
15361262
15361318
15361453
15361920
15362231
15362341
15362572
15362697
15362860
15362986
15363063
15363080
15363319
15363412
15363468
15363489
15363603
15363936
15364183
15364384
15364656
15364722
15364731
15365450
15365478
15365971
15366001
15366558
15366755
15366767
15366804
15367003
15367188
15367509
15367841
15367996
15368061
15368792
15368793
15368798
15368821
15369067
15369794
15369902
15370528
15370577
15370671
15370913
15371048
15371687
15372022
15372026
15372319
15373031
15373556
15373933
15373985
15374147
15374639
15374898
15374936
15375103
15375174
15375518
15375865
15375902
15376060
15376090
15376680
15376846
15376891
15377403
15377716
15377996
15378093
15378490
15378739
15379424
15379585
15380012
15380181
15380407
15380552
15381186
15381371
15381646
15381657
15381708
15381943
15382075
15382115
15382891
15383160
15383369
15383734
15383934
15384222
15384385
15384838
15385066
15385590
15385784
15386132
15386152
15386391
15386751
15387483
15387891
15387957
15388398
15388442
15388690
15388991
15389053
15389360
15389438
15389588
15390016
15390201
15390249
15390503
15390617
15390678
15390990
15391086
15391238
15391588
15391610
15392177
15392377
15392645
15392763
15393064
15393278
15393588
15393643
15393839
15393984
15394454
15394527
15395081
15395090
15395386
15395456
15396098
15396453
15396554
15397279
15397607
15397720
15398564
15398976
15399016
15399208
15399765
15400189
15400256
15400799
15400810
15400869
15401041
15401230
15401480
15401514
15402404
15402776
15403050
15403147
15403322
15403429
15403548
15403703
15403991
15404153
15404180
15404244
15404614
15404617
15404871
15405125
15406143
15406394
15406528
15406939
15407062
15407329
15407977
15408100
15408259
15408294
15408470
15408477
15408756
15408775
15408898
15409036
15409571
15409665
15409747
15410073
15410706
15411096
15411557
15412170
15412373
15412783
15412889
15413438
15413841
15413842
15414314
15414419
15415076
15415173
15415242
15415454
15415655
15416344
15416469
15416536
15416566
15416850
15416917
15417111
15417149
15417339
15417351
15417769
15418004
15418292
15418410
15418458
15419379
15419460
15419482
15420604
15420779
15420851
15420973
15421000
15421482
15421879
15422102
15422129
15422183
15422393
15422412
15422609
15422797
15422894
15423261
15423940
15424109
15424495
15424722
15424753
15424788
15424902
15425059
15425470
15426154
15426194
15426279
15426492
15426615
15426985
15427099
15427114
15427165
15427212
15427489
15428072
15428266
15428924
15429073
15429352
15429504
15429743
15430207
15430342
15430418
15430450
15430792
15431111
15431247
15431537
15431838
15432577
15432793
15432907
15433304
15433439
15433464
15433743
15433767
15433908
15434008
15434138
15434736
15435544
15435615
15435930
15436314
15436367
15436634
15436657
15436951
15437400
15437456
15437929
15438117
15438451
15438787
15439085
15439216
15439218
15439305
15440149
15440838
15441136
15441201
15441516
15441522
15441581
15441646
15441818
15442789
15443231
15443360
15443389
15443636
15444014
15444123
15444165
15444218
15444313
15444372
15444641
15445273
15445447
15445869
15446027
15446106
15446742
15447604
15447643
15447947
15448039
15448327
15448353
15448670
15448752
15448831
15448935
15449212
15449474
15449528
15449919
15450008
15450037
15450099
15450450
15450538
15450551
15450819
15450955
15450983
15451219
15451260
15451317
15451828
15451852
15452481
15452846
15454425
15454607
15454830
15455009
15455382
15455661
15455789
15455880
15456034
15456683
15457702
15457721
15457926
15458062
15458133
15458560
15458856
15458882
15459128
15459372
15459668
15460121
15460376
15460698
15460994
15461476
15461504
15462030
15462227
15462358
15462435
15462486
15463127
15463369
15464123
15464241
15464361
15464401
15465231
15465368
15465610
15465620
15465693
15465728
15466021
15466540
15466871
15466875
15467162
15467232
15467311
15467581
15467777
15467812
15468806
15468998
15469172
15469530
15469557
15469928
15470085
15470210
15470260
15470526
15471039
15471411
15472261
15472488
15472758
15472880
15473111
15473622
15473659
15473672
15473724
15474209
15474295
15474314
15474527
15474700
15475604
15475847
15476052
15476192
15476278
15476807
15477051
15477324
15477516
15477887
15478013
15478453
15478640
15478694
15479027
15479332
15479357
15480566
15480997
15481229
15481310
15481328
15481437
15481485
15481593
15481844
15482009
15482206
15483024
15483237
15483358
15483440
15483939
15484193
15484215
15484410
15484513
15484749
15484853
15485221
15485715
15485961
15486194
15486305
15486790
15486870
15487232
15487351
15487706
15488765
15488780
15488913
15489254
15489349
15489801
15489861
15489957
15490100
15490191
15490289
15490616
15490811
15490846
15490896
15490987
15491021
15491912
15492698
15493202
15493212
15493481
15493577
15493782
15494164
15494327
15494416
15494472
15494584
15494625
15494733
15494768
15494925
15495137
15495303
15495745
15496265
15497656
15497953
15497994
15498132
15498142
15498220
15498506
15498756
15498858
15499860
15500054
15500533
15501242
15501567
15501757
15501843
15501968
15502047
15502748
15503432
15503449
15503883
15504043
15504101
15504199
15504809
15505537
15505593
15505809
15505891
15505928
15506165
15506231
15506782
15506970
15507214
15508202
15508672
15508856
15508928
15509200
15509232
15509708
15510258
15510739
15511260
15511365
15511865
15512398
15512547
15513002
15513369
15513608
15514101
15514222
15514489
15514573
15514846
15515461
15515788
15516144
15516239
15516967
15517595
15517657
15517884
15518148
15518180
15518237
15518614
15518649
15518659
15519031
15519088
15519183
15519195
15519211
15519582
15519693
15519745
15520216
15521057
15521113
15521156
15521428
15521592
15521723
15521972
15521977
15522057
15522600
15522602
15522668
15522688
15522695
15523297
15523347
15523677
15523743
15523805
15523843
15524216
15525328
15525351
15525828
15525929
15526185
15527318
15527858
15527882
15527983
15528525
15528548
15528585
15528743
15529291
15529887
15530740
15530833
15530955
15530966
15530980
15531205
15531568
15531636
15531765
15531882
15532131
15532247
15532446
15532852
15533810
15533876
15534124
15534273
15534313
15534375
15534549
15534705
15534926
15535644
15535878
15536175
15536890
15536914
15536956
15537242
15537348
15537362
15537529
15538114
15538234
15538384
15538546
15538562
15539095
15539216
15539500
15539731
15539737
15539822
15540161
15540331
15541127
15541715
15541783
15542197
15542226
15543080
15543578
15544267
15544523
15545006
15545214
15545480
15545577
15545690
15545907
15546065
15546177
15546942
15547753
15548544
15548716
15548809
15548901
15549209
15549244
15549596
15549658
15549897
15550027
15550180
15550205
15550700
15550954
15551845
15552071
15552073
15552191
15552196
15552208
15552291
15552499
15552587
15552747
15552887
15553039
15553103
15553581
15554117
15554693
15554864
15555054
15555091
15555117
15555220
15555311
15555356
15555554
15555573
15555620
15555666
15555861
15556207
15556386
15556478
15556636
15556685
15556938
15557213
15557758
15557785
15557982
15558112
15558176
15558361
15558483
15558860
15559481
15559842
15560039
15560346
15560714
15560763
15561089
15561332
15561582
15562104
15562389
15562450
15562474
15563080
15563487
15563542
15563670
15564359
15564449
15564730
15564761
15564844
15565376
15566033
15566085
15566442
15566818
15567198
15568003
15568376
15568483
15568503
15568758
15569851
15570035
15570242
15571283
15571297
15571656
15572817
15573724
15573727
15574563
15574746
15574761
15575364
15575417
15575499
15575737
15576124
15576585
15576671
15576898
15577297
15577363
15577694
15577739
15578242
15578469
15579124
15579427
15579640
15580540
15580967
15580974
15581512
15581609
15581785
15582784
15582805
15582900
15582929
15583017
15583077
15583136
15583199
15583207
15583228
15583278
15583387
15584272
15584526
15584970
15585310
15585343
15585393
15585547
15585709
15585955
15586143
15586173
15586342
15586841
15586962
15587415
15587669
15587796
15588753
15588905
15589137
15589525
15589712
15590597
15590794
15591073
15591120
15591442
15591751
15592412
15592437
15592477
15593179
15593263
15593673
15594181
15594182
15594257
15594464
15594488
15594849
15595058
15595145
15595541
15595812
15596069
15596399
15596699
15598297
15598311
15598513
15599033
15599364
15599376
15599863
15600171
15600637
15600750
15601341
15601775
15601859
15602278
15602733
15602983
15602993
15603104
15603245
15603341
15603503
15603665
15603955
15604040
15604176
15604185
15604382
15604457
15604490
15604525
15604549
15605307
15605616
15605712
15606221
15606235
15606439
15606732
15606920
15606963
15607003
15607065
15607706
15607717
15609071
15609473
15610242
15610391
15610455
15610542
15611198
15611427
15611837
15612013
15612107
15612335
15612595
15612803
15613255
15613333
15613686
15613843
15614101
15614398
15614434
15616020
15616280
15616464
15616677
15616692
15616717
15617090
15617812
15618162
15619935
15620059
15620681
15620747
15621249
15621762
15621872
15621955
15622444
15622450
15622868
15623023
15623383
15623743
15623809
15624231
15624300
15624318
15624726
15625197
15625292
15625701
15625812
15626300
15626580
15626605
15626767
15627071
15627242
15627264
15627330
15627360
15627520
15627562
15627812
15628019
15628137
15628311
15629083
15629095
15629236
15629579
15629584
15629802
15629965
15630100
15630326
15631112
15631191
15631409
15631568
15631875
15631964
15632464
15633194
15633909
15634191
15634266
15634441
15634685
15634986
15635079
15635286
15635554
15635684
15635702
15635926
15636453
15636838
15637221
15637855
15638218
15638590
15638710
15638772
15639155
15639853
15639965
15640108
15640197
15640432
15640434
15640491
15641218
15641281
15641323
15641651
15642253
15642326
15642650
15642803
15642949
15643281
15643426
15643532
15643607
15643799
15643936
15643941
15644056
15644353
15644516
15644809
15645558
15645727
15645894
15645993
15646167
15646179
15646435
15646607
15646718
15646904
15647261
15647763
15648222
15649096
15649316
15649472
15649750
15650228
15650386
15650841
15651166
15652293
15652583
15652698
15652806
15652839
15653257
15653579
15653616
15653624
15653908
15653920
15654419
15654511
15654653
15655154
15655318
15655661
15656311
15656536
15656568
15656876
15657608
15657635
15657780
15658564
15658617
15659039
15659884
15660019
15660202
15660232
15660253
15660358
15660518
15660948
15660980
15661282
15661723
15662029
15662124
15662475
15663038
15663066
15663171
15663276
15663400
15663491
15664331
15665139
15665326
15665334
15666357
15666587
15666886
15667382
15667581
15667724
15668070
15668659
15668736
15668766
15669025
15669069
15670242
15671032
15671656
15671940
15672314
15672624
15673098
15673133
15673212
15673952
15673979
15674067
15674356
15674830
15674845
15674894
15675135
15675299
15675841
15676059
15676144
15676153
15676390
15676421
15677489
15677797
15677995
15678055
15678342
15679155
15679328
15679396
15679753
15681148
15681550
15681658
15681744
15681942
15682102
15682881
15683089
15683482
15683500
15683719
15683836
15683957
15684376
15684571
15684816
15684967
15684999
15685087
15685910
15685975
15686285
15686391
15686730
15686921
15687271
15687486
15687563
15687973
15688660
15688831
15688911
15689178
15689310
15690018
15690158
15690302
15690400
15690734
15690939
15692121
15692129
15692177
15693081
15693084
15693093
15693199
15693796
15693968
15693997
15694286
15695106
15695670
15695685
15695831
15696061
15696838
15696918
15696940
15697023
15697108
15697319
15697501
15697917
15698180
15698270
15699015
15699825
15699980
15700131
15700151
15701000
15701071
15701700
15701752
15701890
15701921
15701926
15702040
15702211
15702465
15702557
15703628
15704412
15704544
15704789
15705879
15706944
15706996
15707025
15707038
15707072
15707323
15707331
15708089
15708232
15708397
15708398
15708583
15708599
15708604
15708759
15708979
15709276
15709304
15709903
15710346
15710425
15710697
15711660
15711786
15711845
15711979
15712419
15713221
15713499
15713660
15713715
15714680
15715413
15715750
15716018
15716096
15716296
15716680
15717122
15717266
15717347
15717586
15717608
15718007
15718121
15718215
15718465
15719401
15719795
15719894
15719913
15719981
15720163
15720456
15720990
15721514
15721572
15722114
15722213
15722877
15722904
15722933
15723094
15723309
15724270
15725678
15726317
15726612
15726650
15726697
15726704
15726899
15726984
15727414
15727594
15727702
15727813
15727896
15728028
15728466
15729021
15729040
15729284
15729320
15729430
15729743
15729794
15729851
15729899
15730683
15730778
15731434
15731567
15732861
15733036
15733391
15734285
15734507
15736570
15737111
15737383
15737605
15737688
15738697
15739042
15739526
15739772
15739799
15740414
15740441
15740655
15740952
15740973
15741222
15741920
15742349
15742355
15742456
15742760
15742980
15744062
15744708
15744780
15744799
15745032
15745340
15745424
15745514
15745517
15745636
15745934
15745953
15746593
15747062
15747338
15747617
15747673
15747754
15748026
15748059
15748264
15748515
15748756
15749447
15749971
15750084
15750790
15750904
15751006
15751026
15751113
15751139
15751141
15751158
15751180
15751250
15751759
15751937
15751943
15752757
15752874
15753095
15754016
15754654
15754966
15755376
15755391
15755622
15755721
15756211
15756223
15756382
15756390
15756521
15757050
15757966
15758326
15758370
15758497
15758769
15758805
15759550
15759721
15759941
15760945
15761903
15762076
15762128
15762486
15763012
15763386
15763501
15763666
15763667
15763752
15764079
15764255
15764632
15764854
15765316
15765479
15765615
15765673
15766305
15766366
15766615
15766825
15767116
15767494
15767667
15767834
15767984
15768492
15769224
15769341
15769424
15769611
15769627
15769819
15770229
15771893
15772126
15772390
15772756
15773514
15773678
15773697
15773806
15774080
15774118
15774261
15774556
15774667
15774719
15774925
15775094
15775142
15775369
15775993
15776671
15776924
15777416
15777634
15777641
15778641
15778875
15778910
15779278
15779370
15779446
15779533
15780277
15780547
15780584
15780723
15780806
15781083
15781206
15781769
15782092
15782575
15783127
15783595
15783780
15783866
15784505
15785045
15785191
15785334
15785538
15785946
15786293
15786612
15786718
15787182
15787336
15787464
15787482
15787765
15787844
15788011
15788171
15788387
15788580
15789033
15789173
15789533
15789545
15790507
15791454
15792147
15792404
15792694
15792808
15792914
15793724
15793777
15794620
15794844
15795025
15795186
15795900
15797533
15798339
15798402
15798435
15798509
15798764
15799429
15799459
15799632
15800802
15800976
15801022
15801065
15801111
15801643
15801741
15801855
15802270
15802994
15803502
15803922
15803959
15803999
15804040
15804114
15804314
15805262
15805556
15805572
15805978
15806070
15806095
15806120
15806601
15806725
15806793
15807052
15807368
15807603
15807689
15807803
15807941
15808039
15808258
15808540
15808634
15809521
15809670
15809838
15810831
15811239
15811241
15811647
15812690
15813005
15813134
15813258
15813801
15813986
15814298
15814390
15814818
15815026
15815030
15815094
15815306
15815640
15815857
15816579
15816596
15816680
15817105
15817266
15817348
15818697
15818698
15819689
15819773
15820154
15820155
15820409
15820643
15820646
15820681
15820981
15821487
15821728
15821943
15822756
15822785
15822898
15822978
15823204
15823422
15823852
15824368
15825936
15826637
15826656
15826764
15827024
15827502
15827670
15827686
15827707
15828742
15828779
15829653
15829843
15830258
15830265
15830725
15831046
15831379
15832195
15832265
15832415
15832598
15832664
15832692
15832763
15832938
15833570
15833575
15834044
15834046
15834173
15835071
15835501
15835577
15835759
15835886
15835935
15836157
15836456
15836693
15836805
15836967
15836992
15837091
15837718
15839241
15839510
15839978
15840649
15840714
15840863
15841052
15841248
15842033
15842147
15842854
15843558
15843569
15843718
15843979
15844002
15844104
15844622
15844887
15844888
15845276
15845549
15845787
15846184
15846697
15846758
15846770
15847045
15847730
15848138
15848146
15848410
15849545
15849673
15849997
15850023
15850410
15850753
15850780
15851267
15851485
15851566
15852635
15852698
15852966
15853142
15853616
15853730
15854005
15854196
15854756
15855386
15855843
15856013
15856316
15856507
15856705
15856779
15857208
15857220
15857299
15858169
15858344
15858817
15859527
15859585
15859811
15860313
15860504
15860773
15861170
15861569
15861584
15861872
15862007
15862048
15862939
15863148
15863154
15863650
15863801
15864101
15864339
15864357
15867142
15867301
15867535
15868367
15868379
15868855
15869452
15869608
15869619
15870240
15870844
15870955
15871217
15871650
15871895
15872195
15872242
15872340
15872376
15872445
15872650
15872775
15873345
15873476
15873496
15873559
15873851
15874005
15874345
15874347
15874531
15874671
15875045
15875633
15875791
15876382
15876787
15876805
15877324
15877478
15877859
15878146
15879208
15879420
15879475
15879614
15879909
15880386
15880905
15880971
15881034
15881149
15881410
15881438
15881628
15881963
15882008
15882994
15883384
15883506
15883612
15883871
15883999
15884249
15884858
15884998
15885363
15885649
15885673
15885694
15886239
15886265
15886320
15886460
15886501
15886587
15886821
15887483
15888436
15888519
15890181
15891250
15891614
15891799
15892185
15892302
15892883
15893008
15893452
15893498
15893783
15893919
15894134
15894220
15895432
15896108
15896514
15896860
15897328
15897468
15897528
15897637
15897904
15898357
15898692
15898901
15899122
15899549
15899692
15900088
15900115
15900170
15900203
15900214
15900488
15900619
15901590
15901671
15902094
15902167
15902793
15903491
15903550
15903784
15904467
15904628
15904633
15904718
15905136
15905298
15905787
15905898
15906166
15906173
15906186
15906720
15906997
15908519
15908681
15908759
15910096
15910126
15911108
15911238
15911293
15911402
15911461
15911694
15911695
15912021
15912101
15912243
15912649
15913083
15913819
15913855
15914691
15915187
15915409
15915652
15916152
15917065
15917094
15917458
15917768
15918144
15918202
15918510
15919195
15919321
15919963
15920052
15920263
15920636
15921127
15921573
15921628
15921651
15921841
15922206
15922718
15922780
15923360
15923696
15923713
15924795
15924844
15925302
15925680
15925849
15926136
15926724
15926816
15927889
15928694
15929818
15929897
15930006
15930044
15930679
15930873
15931315
15931708
15932539
15932829
15933248
15933498
15933505
15933850
15934422
15934747
15934979
15935113
15935276
15935458
15935476
15935642
15936047
15936217
15936390
15936635
15936868
15937050
15937514
15937705
15938254
15938266
15938435
15938936
15939012
15939080
15939181
15939502
15939765
15939941
15940934
15941384
15941655
15941718
15941868
15941972
15943055
15943204
15943534
15943559
15943632
15943756
15944295
15945517
15945555
15946140
15946737
15946919
15946956
15947439
15947605
15947652
15947819
15948066
15949021
15950015
15950204
15950332
15950361
15950821
15950921
15951191
15951236
15952301
15952561
15952837
15952970
15953300
15953507
15953966
15953984
15954323
15954404
15954702
15954940
15955284
15955493
15955712
15955739
15955824
15955941
15956401
15956630
15956734
15957150
15957414
15957948
15958940
15958956
15959936
15960653
15960959
15961120
15961148
15961455
15961540
15961588
15961948
15962798
15963122
15963752
15963827
15964610
15965055
15965429
15966971
15967440
15967512
15968004
15968231
15968339
15968994
15969096
15969118
15969186
15970008
15970352
15970418
15970461
15970890
15971394
15971535
15972355
15972996
15973120
15973417
15973777
15973863
15974189
15974311
15974998
15975872
15975928
15975958
15976254
15976381
15976651
15976893
15977462
15977463
15977466
15977938
15978026
15978739
15978815
15979518
15980823
15980902
15981188
15981432
15981729
15981931
15981964
15982000
15982613
15982898
15983013
15983552
15984355
15984434
15984796
15984870
15985075
15985079
15985845
15986161
15986261
15986493
15986516
15986758
15987138
15988161
15988825
15988837
15989173
15989624
15990918
15991358
15991779
15992191
15992396
15992535
15993087
15993496
15993553
15993752
15993878
15993890
15994113
15994398
15994703
15995376
15995999
15996266
15996378
15996908
15997320
15997724
15997856
15997887
15998512
15998793
15998813
15999702
16000460
16000667
16000779
16001509
16002019
16002164
16002740
16003144
16003516
16003627
16004091
16004200
16004290
16004462
16004487
16004949
16005541
16005789
16005832
16005957
16006300
16006637
16006883
16007167
16007276
16008191
16008326
16008617
16010246
16010464
16010871
16011282
16011621
16011727
16012320
16012400
16012673
16013652
16013820
16014169
16014401
16014651
16015493
16016183
16016184
16016466
16016704
16016800
16017211
16017985
16018509
16018720
16018765
16018865
16019148
16019207
16020873
16021021
16021233
16021793
16022517
16022766
16022906
16023112
16023739
16023827
16023982
16024859
16024955
16025173
16025566
16025690
16025976
16026162
16026456
16026569
16027620
16027723
16027734
16028082
16028255
16028314
16028603
16028774
16028807
16029306
16029579
16029916
16029928
16030068
16030457
16030555
16030968
16031260
16031468
16031813
16031858
16032085
16032963
16033416
16033684
16033693
16034590
16034988
16035992
16037615
16037846
16038620
16038813
16039287
16039306
16040099
16040190
16040807
16041303
16041454
16042438
16042638
16042888
16042903
16043141
16043249
16043421
16043812
16044296
16044552
16044910
16045111
16045256
16045557
16045684
16046017
16046733
16047072
16047146
16047230
16047742
16048951
16049187
16049243
16049506
16051167
16051560
16052630
16052987
16053049
16053245
16053999
16054063
16054582
16054613
16055483
16056079
16056482
16056591
16056631
16056880
16057299
16057386
16057763
16058003
16059126
16059433
16059678
16059731
16060692
16061659
16061867
16062131
16062564
16062973
16063036
16063217
16063386
16063594
16063685
16064063
16064187
16064628
16064738
16064890
16065982
16066945
16067026
16067316
16067437
16068108
16068689
16069151
16069493
16069647
16069787
16070686
16070868
16071295
16071552
16071844
16072390
16073189
16073305
16073352
16073430
16073566
16074943
16075049
16075077
16075138
16075164
16075199
16075319
16075512
16076446
16076897
16076916
16077856
16077874
16077901
16078340
16078462
16078738
16079449
16079642
16079690
16079869
16080506
16080976
16081345
16082103
16082897
16082996
16083353
16083369
16083565
16083769
16084117
16085405
16085445
16085528
16086012
16086336
16086371
16087080
16087401
16087554
16088106
16088567
16089285
16089560
16089681
16090205
16090237
16091694
16091698
16091738
16092293
16092581
16093325
16094678
16094965
16095286
16095420
16096097
16096197
16097066
16097097
16097616
16098310
16098865
16099284
16099424
16100027
16100430
16100798
16100830
16101382
16101468
16101553
16102111
16102464
16102578
16102808
16103037
16103151
16103155
16103625
16104169
16104245
16104789
16104814
16105224
16105758
16106033
16106979
16107074
16107519
16107773
16108086
16108795
16109461
16110593
16110901
16111562
16111705
16112244
16112508
16112961
16113629
16114477
16114865
16115264
16115270
16117435
16118312
16118504
16118788
16119106
16119380
16119417
16119473
16119593
16119721
16120047
16120286
16120383
16120589
16120667
16120958
16121276
16121457
16122176
16123122
16123296
16123360
16123427
16123881
16124694
16124986
16125959
16125995
16126001
16126310
16127314
16127467
16127620
16127945
16128132
16128238
16129010
16129328
16130265
16130498
16131039
16131057
16132204
16134636
16134933
16135281
16135329
16135797
16136278
16136623
16136822
16136923
16137052
16137637
16137769
16138050
16138329
16138502
16138743
16139038
16139245
16140120
16140350
16140834
16141224
16141624
16141869
16141961
16142252
16142366
16142725
16142801
16143384
16143627
16143765
16144495
16144608
16144714
16145183
16145276
16145291
16145491
16145593
16146589
16146645
16147339
16148244
16149931
16150236
16150693
16150865
16151015
16151129
16151713
16151871
16152981
16153556
16153801
16154329
16154504
16155656
16155700
16156784
16156954
16157014
16157227
16157953
16158170
16158317
16158604
16158739
16158831
16158846
16158877
16159744
16160507
16161174
16161224
16161830
16162145
16162981
16163737
16163846
16164156
16164178
16164558
16164590
16165318
16165961
16166049
16166353
16167183
16169142
16169279
16169582
16169774
16170021
16170199
16170272
16170480
16170490
16171055
16171175
16171992
16172420
16172513
16172687
16172689
16172815
16172828
16173203
16173629
16174665
16175801
16175821
16176177
16176361
16176708
16176910
16177094
16177491
16178148
16178799
16178882
16179778
16179940
16180202
16180273
16180437
16180782
16180964
16182322
16182642
16183047
16183413
16183696
16183924
16184149
16184983
16186309
16186538
16186622
16188366
16188718
16189104
16189786
16189997
16190003
16190299
16190425
16191828
16192192
16192249
16192427
16192899
16193609
16195099
16195434
16195771
16195968
16196116
16196237
16196855
16197114
16197665
16198034
16198196
16198479
16198490
16198780
16200278
16200319
16200642
16201014
16201506
16201963
16202585
16203139
16203464
16204013
16204045
16204803
16204977
16205486
16205671
16205894
16206122
16206309
16206482
16207276
16207539
16209434
16210238
16210316
16210425
16210436
16210499
16210817
16211103
16211278
16211321
16211556
16211724
16212207
16212463
16213105
16213723
16214553
16214711
16214832
16215392
16215974
16216605
16216634
16218202
16218856
16218889
16219671
16220466
16220904
16221554
16222276
16223005
16223563
16223644
16224289
16224558
16225247
16225417
16225940
16226260
16226351
16226817
16227019
16227501
16227853
16228612
16228863
16229890
16230294
16230974
16231721
16231873
16232238
16232258
16233907
16234640
16234708
16235189
16235878
16235968
16236009
16236208
16236215
16236271
16236356
16236473
16237232
16237700
16238193
16238528
16239005
16239358
16239853
16240282
16240494
16240634
16240675
16241543
16241869
16241871
16242310
16242596
16242715
16243181
16244663
16244721
16245353
16245465
16245777
16245958
16246375
16247553
16248090
16248185
16249043
16249225
16249909
16249988
16250064
16251020
16252516
16252566
16253316
16253627
16253655
16254170
16254858
16255478
16256225
16256274
16257299
16257862
16258517
16258753
16259300
16261067
16261149
16261652
16262221
16262777
16263984
16263993
16264052
16264641
16264777
16264948
16265001
16265891
16266262
16266443
16266892
16267304
16267671
16268097
16268227
16268440
16269261
16269346
16269383
16269491
16270888
16271244
16271341
16271733
16272121
16272378
16273320
16273325
16274256
16274630
16274796
16275376
16275421
16275799
16276135
16276559
16277107
16278493
16279121
16280187
16280894
16280992
16280994
16281280
16281384
16283229
16283283
16284432
16285340
16285365
16285380
16285728
16285737
16285936
16286551
16286959
16287396
16287436
16287844
16288434
16289150
16289235
16289251
16289725
16290534
16290655
16290746
16290811
16290866
16291045
16291128
16292045
16293383
16293694
16294258
16294640
16295157
16295457
16295557
16295791
16295902
16296019
16296435
16297620
16299578
16299589
16299738
16301099
16301149
16302575
16303285
16304611
16305055
16305521
16305838
16306463
16306465
16306597
16307785
16307843
16308193
16309645
16309711
16310118
16310582
16310585
16310678
16310917
16311478
16311556
16312082
16312683
16313392
16313614
16313658
16313726
16314626
16315306
16316129
16316287
16316287
16316659
16317336
16318009
16318646
16319536
16320101
16320245
16320669
16321331
16321503
16321656
16322748
16322969
16322991
16323202
16324515
16325128
16325763
16325978
16326021
16326203
16326802
16326870
16327126
16327538
16327543
16328977
16330072
16330363
16331074
16331795
16331983
16332693
16333490
16334490
16334607
16335247
16335898
16336038
16336100
16336173
16336539
16336594
16337011
16337237
16338471
16338665
16339021
16339271
16340683
16341434
16341496
16342893
16343379
16343769
16343875
16343979
16346262
16346476
16346478
16346890
16347322
16347452
16347518
16348066
16348541
16349218
16349340
16349452
16350342
16351351
16351834
16352032
16353443
16353474
16353510
16354403
16354757
16356741
16356846
16357089
16357109
16357345
16358180
16358201
16358741
16359592
16360254
16360256
16360594
16361130
16361380
16361801
16362083
16362856
16364441
16365590
16365750
16366012
16366640
16367491
16368153
16368159
16368430
16369317
16369371
16369664
16370200
16370470
16371503
16371741
16371914
16372007
16372271
16372587
16372778
16372986
16374156
16374241
16374815
16374986
16376989
16377477
16377544
16378559
16379899
16379977
16380582
16381405
16381796
16381996
16382873
16383892
16384832
16384995
16385229
16385293
16385979
16386207
16387145
16387148
16387615
16387868
16387876
16387946
16389401
16389433
16389545
16389776
16390027
16390310
16391534
16392027
16392070
16392092
16392547
16393164
16393578
16394059
16395770
16396283
16396602
16397036
16397243
16397675
16400114
16400625
16400723
16400727
16402312
16404303
16404316
16404667
16404729
16404929
16405825
16406164
16406268
16406651
16408115
16408887
16409826
16410489
16410686
16410781
16411009
16411063
16411757
16412528
16412574
16415015
16415017
16415171
16415974
16416120
16417359
16417613
16417858
16417992
16418352
16418437
16419049
16419181
16419325
16420578
16420815
16421008
16422335
16423240
16423639
16424787
16425294
16425486
16425649
16426054
16428046
16428356
16429744
16429806
16430291
16430367
16431026
16432234
16432510
16432732
16432823
16432936
16432945
16433413
16433661
16434027
16435443
16436093
16436245
16436373
16436443
16437279
16438156
16438980
16439002
16439277
16439607
16439879
16441026
16441192
16442453
16443160
16443291
16443599
16444257
16444927
16445848
16446305
16446843
16448073
16448539
16448742
16448986
16450449
16450478
16450708
16451545
16452072
16452648
16453691
16454907
16455396
16455849
16456893
16457063
16457092
16457098
16457620
16458844
16459151
16459832
16460871
16461779
16462750
16462789
16463408
16463677
16463986
16464145
16464146
16464311
16464403
16465816
16466583
16467748
16467804
16468631
16469707
16470340
16470348
16470776
16472275
16472688
16473041
16473469
16473507
16475080
16475648
16475667
16475802
16476011
16476406
16476625
16476773
16480943
16481184
16481665
16482334
16483256
16483718
16483779
16484883
16485042
16485078
16485423
16485698
16486365
16486671
16486837
16487186
16487649
16488317
16489324
16489508
16489711
16490747
16491408
16491496
16491724
16492289
16492655
16493151
16494279
16495303
16495483
16496086
16497448
16497550
16497757
16498523
16499507
16499589
16500626
16502570
16503158
16503514
16504206
16504244
16504689
16505346
16505420
16505496
16506078
16506256
16506784
16506874
16508139
16508478
16508615
16509007
16509368
16509809
16510575
16510809
16511605
16512228
16512243
16512292
16514683
16514709
16515092
16515282
16516335
16517523
16517685
16518452
16518465
16519160
16519604
16519825
16520474
16521347
16521990
16522824
16523010
16523813
16526962
16527654
16527662
16527762
16527847
16528100
16528435
16528599
16528649
16530479
16530759
16530816
16532549
16532621
16534107
16534764
16536169
16536239
16536547
16536937
16537635
16538005
16538270
16538430
16538653
16539330
16539599
16539710
16539926
16541316
16541480
16541734
16542035
16542698
16542736
16543557
16544346
16544425
16545880
16547536
16548221
16548419
16548686
16548831
16549275
16549327
16550291
16550312
16552446
16552663
16553071
16553166
16554072
16554082
16554330
16555849
16556006
16557074
16557194
16559284
16559426
16559812
16560757
16561189
16561284
16562183
16563164
16563782
16564197
16564619
16564841
16565566
16565963
16566582
16568232
16568328
16568510
16568626
16568983
16570262
16571294
16572504
16573718
16573782
16574024
16574060
16574341
16574575
16574723
16575609
16576365
16576864
16578576
16580365
16580767
16580910
16581350
16581614
16581841
16582006
16582385
16582400
16583264
16584949
16585852
16586046
16586581
16586721
16587376
16588152
16588898
16589823
16589954
16592625
16592914
16592928
16593456
16593471
16593994
16594718
16595204
16596167
16598600
16599133
16599331
16599378
16602278
16602373
16602633
16602733
16603703
16603785
16603825
16604482
16604691
16604849
16605030
16606601
16606876
16607772
16608071
16608638
16609049
16609964
16609983
16612541
16612907
16612972
16613042
16613647
16614097
16614749
16616467
16616859
16617418
16618212
16620066
16620525
16620671
16621018
16621084
16621638
16621758
16622559
16623043
16623246
16623958
16624063
16624308
16625709
16625757
16625977
16626242
16627296
16630207
16631209
16632566
16632897
16633661
16633787
16634484
16635390
16636020
16636801
16636991
16637205
16638270
16640106
16641329
16641758
16642477
16643489
16644038
16645255
16646249
16646258
16646540
16646998
16647935
16648245
16648762
16649058
16649516
16650513
16650846
16651448
16651609
16653445
16654972
16655557
16656724
16657118
16657798
16659103
16659174
16659209
16659268
16660909
16661310
16662244
16662800
16663105
16664263
16664585
16665304
16665660
16665676
16666266
16666324
16666798
16668180
16669824
16670504
16672009
16672685
16672925
16673530
16674378
16674399
16674937
16675488
16677367
16677492
16678204
16680053
16680726
16681223
16682230
16682401
16683217
16683627
16685074
16686899
16687003
16687069
16687674
16687845
16692804
16693561
16693627
16693983
16694223
16695154
16695294
16695696
16696057
16697288
16697845
16698188
16698410
16698584
16699841
16699911
16700398
16700960
16704432
16704447
16705120
16705192
16705668
16707078
16708006
16708100
16709118
16709217
16709491
16709545
16709794
16710296
16710864
16711425
16715085
16716593
16717016
16717097
16717445
16719931
16720486
16720672
16721262
16725449
16725631
16726575
16726931
16727412
16727990
16728289
16729154
16729541
16731480
16731809
16731830
16732738
16734556
16734822
16735106
16735163
16736081
16737535
16738171
16738772
16739438
16741182
16742077
16742705
16742752
16744850
16745027
16746011
16746357
16746505
16747028
16748818
16748930
16749501
16750068
16751053
16751958
16752044
16752731
16756223
16756286
16756864
16757221
16758312
16758377
16758910
16759799
16759863
16761485
16761941
16763293
16767435
16767469
16768008
16768403
16769708
16770462
16770873
16770953
16772408
16773228
16773427
16773913
16773943
16774767
16775501
16778198
16778807
16779506
16780315
16780766
16782344
16782835
16784063
16785989
16786121
16788571
16790094
16790414
16790480
16790564
16791483
16792108
16793148
16794154
16794984
16795560
16797607
16798049
16798545
16798603
16799226
16799303
16800512
16801594
16804387
16806269
16806704
16807177
16808926
16811532
16812758
16814233
16814394
16814765
16815585
16816115
16816160
16816267
16816484
16817773
16818765
16819329
16819707
16820780
16821659
16821979
16822231
16823560
16826559
16827792
16828411
16828864
16829569
16830678
16831428
16832737
16832839
16833504
16833693
16834249
16834798
16834835
16835428
16842160
16843855
16844089
16844555
16844619
16845024
16845431
16845963
16847438
16848479
16848493
16848934
16849284
16852716
16854548
16854892
16854917
16855019
16855113
16859758
16859976
16861254
16862950
16864822
16866865
16867085
16867755
16868692
16869717
16870872
16870988
16871148
16873890
16876230
16876547
16877709
16878846
16878931
16879138
16880871
16880992
16883003
16883956
16884556
16885896
16886583
16887151
16890410
16890641
16890801
16892507
16895124
16895728
16895875
16896144
16897974
16899810
16900030
16900145
16900447
16902202
16902666
16903106
16904680
16906113
16906728
16907045
16907484
16907821
16908743
16909022
16909246
16911065
16911696
16911764
16914981
16915910
16917925
16918642
16920321
16923875
16924528
16925558
16926354
16926407
16926758
16927122
16929133
16931114
16933997
16935151
16936468
16936643
16938347
16940112
16940251
16943034
16946104
16946943
16949019
16949988
16950396
16950819
16951054
16951870
16953721
16955822
16959077
16959793
16960235
16960541
16962283
16962426
16963209
16963809
16965018
16966473
16967904
16968898
16972619
16972624
16973015
16973294
16975307
16976278
16976891
16977195
16977530
16979213
16982338
16983886
16985931
16986527
16988687
16988759
16989680
16992828
16993277
16993563
16993970
16994286
16995765
16997122
17000428
17000645
17000765
17004110
17004960
17006237
17010214
17010331
17011703
17012257
17012911
17015506
17018567
17019178
17021130
17021315
17022305
17023788
17024306
17026710
17026985
17027375
17029282
17030634
17031622
17033226
17034607
17036142
17038127
17039013
17039530
17039863
17043221
17044976
17047823
17048124
17049819
17051348
17052696
17055350
17057053
17058002
17058106
17058936
17060087
17060501
17064395
17065118
17065831
17069511
17071871
17074451
17074493
17075351
17075639
17077823
17080554
17082252
17083509
17085380
17088030
17088243
17088404
17089249
17089883
17094403
17095915
17096755
17097583
17101041
17103164
17104105
17106456
17106484
17107978
17112456
17114979
17116567
17116630
17116895
17118970
17121447
17122017
17123257
17126600
17128003
17128308
17131022
17131297
17136111
17136819
17137353
17137654
17138125
17138460
17140102
17142237
17148129
17151277
17152638
17156118
17157775
17158416
17159826
17159865
17161520
17164740
17167486
17168168
17168842
17171555
17176706
17178583
17178937
17179701
17179772
17181023
17181655
17187348
17188155
17189692
17190830
17192618
17194255
17194962
17196510
17197171
17197613
17200180
17207692
17208846
17210439
17211935
17219146
17219302
17220610
17222885
17222971
17224309
17224355
17225237
17229405
17230194
17232155
17233036
17237756
17239407
17239510
17240829
17241645
17246955
17249357
17249907
17253302
17257703
17257830
17261756
17262870
17264202
17267097
17267397
17275516
17275668
17275814
17276667
17279823
17282534
17284494
17285613
17287956
17293843
17294178
17296243
17297852
17299595
17304974
17305047
17305260
17307732
17309547
17313112
17314949
17321310
17323515
17323664
17324373
17328916
17329520
17330145
17333378
17334179
17335930
17342689
17344096
17345550
17346348
17350089
17352749
17356868
17359757
17365151
17366515
17366647
17371034
17374171
17375604
17378147
17378452
17383592
17383673
17385200
17386498
17390146
17390973
17398491
17406577
17406692
17407383
17410352
17413558
17415331
17417262
17422195
17426563
17431761
17432329
17434004
17436334
17442659
17442922
17445147
17457738
17457882
17461193
17465733
17467567
17471897
17475535
17478903
17484756
17485378
17488700
17491202
17494756
17503703
17504585
17504810
17506082
17512850
17519144
17519265
17522169
17527952
17528741
17537292
17540409
17546564
17547250
17554502
17554776
17560109
17564306
17570100
17572711
17580985
17582195
17583942
17587585
17593294
17599586
17599783
17605437
17606755
17606771
17615184
17618804
17624437
17628315
17635681
17637193
17643738
17648047
17652362
17661213
17674848
17675595
17676814
17681299
17687437
17690363
17691686
17695721
17713209
17714812
17715429
17727360
17734891
17735357
17740890
17758322
17761003
17761652
17769313
17778150
17781445
17789498
17794178
17801598
17804467
17820742
17821462
17830742
17832262
17848183
17853628
17861361
17871305
17884524
17894697
17899452
17904608
17920822
17930781
17943385
17951188
17963556
17970225
17980914
17993268
18006073
18024615
18041073
18045863
18058961
18082332
18095050
18109790
18124086
18147632
18172042
18184685
18208171
18229692
18246233
