12468848
12484730
12516140
12532118
12558233
12563533
12590452
12608274
12624782
12626697
12644184
12662634
12672196
12695730
12712152
12716874
12731632
12743290
12754560
12768741
12776563
12791056
12804624
12814182
12820454
12833796
12834532
12845131
12848225
12868599
12876310
12888293
12889997
12899870
12902053
12920406
12922823
12931068
12933426
12944580
12948372
12958599
12967759
12976005
12976292
12983033
12983094
12985302
13006702
13007865
13013414
13025665
13030417
13032289
13037143
13040696
13045941
13049127
13060514
13064331
13074807
13074830
13083385
13085252
13094709
13101472
13104668
13110457
13112108
13118702
13126543
13130838
13134020
13139086
13149203
13149958
13157650
13157986
13159520
13167970
13172313
13173342
13184599
13187239
13187929
13189366
13197607
13206986
13210492
13216101
13217182
13219059
13224495
13226963
13227360
13237823
13240765
13242329
13246135
13248405
13254371
13254981
13265497
13265698
13268184
13268648
13274994
13280919
13285445
13286190
13286844
13287192
13298332
13306873
13309584
13309777
13318731
13318739
13319677
13325116
13328759
13329173
13332701
13335616
13336853
13338221
13342399
13345680
13348846
13351830
13353499
13356409
13357143
13357298
13359541
13360189
13369692
13379855
13381524
13381795
13385192
13385353
13388390
13389218
13394044
13394839
13397326
13400768
13401412
13406798
13409646
13410358
13410518
13414577
13419534
13419609
13421892
13427676
13428042
13430491
13432014
13433514
13436838
13440128
13443071
13446085
13448498
13449963
13453011
13456689
13458459
13458618
13461776
13463413
13467975
13469720
13471831
13475929
13476028
13481433
13482053
13483471
13484971
13487940
13490841
13491008
13492705
13494277
13494421
13499814
13501378
13505729
13513973
13515090
13516154
13517297
13517637
13519248
13520489
13520787
13522918
13523250
13524960
13525207
13525500
13526577
13526955
13530662
13532033
13544109
13546073
13547121
13547189
13550425
13550902
13553317
13554375
13555237
13557425
13559333
13564306
13565603
13566957
13567529
13571195
13573813
13574808
13576565
13581518
13582307
13583770
13584893
13585597
13585973
13588937
13592893
13597886
13599344
13600306
13600553
13600777
13604220
13605334
13606027
13608026
13608544
13610672
13611671
13613324
13614382
13621697
13623477
13623909
13624617
13627676
13628013
13629210
13631930
13633940
13634690
13639270
13639279
13639315
13642820
13642845
13646392
13647768
13653041
13653475
13654641
13656287
13656616
13657134
13658619
13660106
13663315
13670295
13672020
13672143
13675735
13677380
13678357
13680115
13680352
13680616
13682465
13684137
13685481
13686786
13686834
13690793
13692604
13692872
13696316
13696939
13704555
13705630
13705768
13705845
13706813
13707796
13711966
13712463
13713931
13713961
13716134
13716440
13717860
13717926
13717955
13719710
13724807
13725148
13727729
13729423
13729565
13733552
13735916
13737840
13738270
13738349
13740806
13741481
13741824
13742541
13743330
13751236
13751702
13752425
13754611
13757079
13757482
13759298
13761451
13761863
13764072
13764546
13766483
13767236
13768295
13772669
13773418
13774389
13778246
13778574
13781881
13781887
13781966
13784929
13785635
13788436
13789469
13789633
13790187
13791504
13792884
13794509
13795977
13797335
13799029
13799577
13800693
13802782
13802956
13805933
13806123
13809603
13810237
13810660
13814826
13815092
13815919
13816284
13818726
13819434
13821108
13823696
13823771
13823828
13831617
13832054
13832712
13833315
13834234
13836014
13837915
13838141
13838692
13839152
13842207
13842643
13843346
13845314
13845825
13848136
13851650
13851963
13852137
13854665
13855247
13855367
13856918
13859133
13862414
13863686
13863835
13864208
13865145
13866540
13866763
13866853
13872496
13873018
13873192
13873728
13877210
13877967
13878768
13879544
13881418
13885076
13885617
13886399
13888260
13888517
13889116
13890797
13891718
13891970
13892298
13895300
13896310
13897715
13898108
13899658
13899699
13901108
13904398
13905166
13907626
13909017
13912185
13913264
13915487
13915760
13915850
13916280
13917345
13921129
13922592
13922837
13922951
13923347
13925736
13926249
13928125
13928576
13929560
13931792
13934769
13935544
13935962
13935976
13936495
13938298
13939482
13940526
13941675
13943201
13944980
13947013
13947094
13948056
13949950
13950841
13951164
13951373
13953383
13954591
13954698
13954702
13956871
13962137
13962334
13963239
13964160
13964890
13964982
13966202
13967741
13969652
13969903
13970246
13971867
13973123
13976409
13977289
13980035
13980801
13980836
13981233
13982433
13982900
13983110
13984008
13985190
13986284
13987033
13987376
13989490
13989674
13990330
13993059
13994700
13995801
13997030
13997815
13999738
14001204
14003779
14005557
14005869
14007005
14007751
14008596
14008683
14009099
14010605
14011185
14012229
14013191
14014034
14014156
14016121
14017283
14018299
14018877
14019071
14022066
14022359
14022765
14022964
14024286
14025119
14029168
14029677
14030675
14030970
14032629
14032876
14036641
14037025
14038781
14039094
14039559
14040617
14040870
14043882
14044613
14046341
14046964
14051343
14051924
14052552
14052644
14052885
14054188
14054660
14055041
14055804
14057618
14058044
14058506
14058807
14060957
14062747
14063728
14063791
14066349
14067763
14068977
14071471
14072188
14072432
14072451
14072486
14072867
14072932
14073691
14076796
14078012
14080246
14080485
14080565
14080567
14081950
14082974
14084601
14085010
14085844
14088075
14088351
14089667
14089675
14090673
14090682
14091508
14093941
14095250
14095672
14096872
14098510
14098608
14098743
14100223
14101685
14103010
14103395
14103406
14104891
14108473
14109960
14110867
14110977
14112305
14112655
14113183
14113825
14114378
14114625
14115895
14116004
14118139
14118485
14118600
14119557
14120258
14121177
14122641
14125921
14126035
14126157
14127538
14128144
14128683
14130599
14131295
14132146
14135832
14136473
14136543
14137199
14139020
14139573
14139897
14139947
14140267
14141070
14141429
14144228
14144294
14146067
14147273
14147666
14148234
14149191
14150197
14150315
14152002
14152061
14152580
14153337
14153606
14153623
14154433
14158380
14158952
14160596
14161668
14161878
14162908
14163893
14163902
14165795
14166325
14167571
14167611
14168939
14169858
14169949
14170879
14171896
14174500
14174629
14175057
14176060
14176410
14176711
14177049
14179885
14181139
14184900
14185050
14185240
14186903
14187402
14188986
14190462
14190874
14190938
14191089
14191261
14191407
14192748
14193243
14193366
14193974
14195662
14195889
14196356
14197858
14198116
14198500
14200687
14201175
14201687
14201885
14203859
14205111
14205197
14205617
14205690
14205803
14207124
14209083
14210358
14213621
14215873
14216574
14217329
14217473
14217643
14219134
14219876
14220977
14221329
14222292
14224117
14224293
14224820
14225749
14226113
14226293
14227178
14227269
14228398
14229896
14231452
14232994
14233033
14234642
14235258
14236729
14237058
14237753
14238312
14239206
14239728
14241318
14242602
14243546
14244056
14244913
14245149
14245241
14245340
14246672
14247939
14248191
14248257
14249086
14249390
14249836
14250425
14251037
14252808
14253246
14254551
14256298
14257313
14258697
14259534
14259883
14260148
14260225
14261650
14264941
14266733
14269432
14269513
14271528
14271605
14271900
14272252
14272536
14272540
14273208
14274248
14274334
14275883
14275903
14276393
14276797
14277919
14279469
14281976
14282073
14282198
14282205
14283750
14284654
14284717
14286908
14287006
14287328
14287527
14288328
14289345
14289505
14290659
14290932
14291089
14291123
14292919
14293606
14296147
14297451
14297624
14298040
14299111
14302048
14302148
14302224
14302867
14303213
14303254
14304703
14305128
14307515
14309519
14310488
14310929
14310970
14311276
14311822
14312607
14312704
14313585
14313958
14313996
14314561
14315173
14315507
14316094
14318046
14320693
14321394
14323830
14324227
14324592
14324981
14325676
14325720
14327240
14327503
14327738
14328320
14329646
14330033
14330526
14331585
14332147
14333295
14333332
14333955
14334598
14335137
14336533
14336751
14339004
14341519
14341555
14342536
14343453
14344274
14344372
14345021
14345291
14345647
14346624
14347462
14349368
14350110
14350809
14351573
14352059
14352545
14354229
14355371
14355684
14356758
14357028
14358567
14359327
14360876
14360892
14362420
14363142
14364871
14365182
14366213
14367562
14368502
14368883
14368888
14369063
14369655
14370033
14370702
14372532
14373083
14373335
14373340
14374314
14376380
14376628
14376692
14377805
14377914
14378456
14379937
14380699
14380783
14381663
14383697
14384285
14385058
14385756
14385785
14386267
14387384
14387579
14388528
14389960
14390345
14393328
14393480
14394063
14394085
14395575
14396175
14396717
14396768
14398659
14399007
14399599
14400843
14401146
14401203
14403523
14404522
14404765
14406007
14406242
14406481
14407116
14407739
14408097
14409879
14410083
14410403
14411324
14411568
14414700
14415229
14415512
14416431
14417009
14417092
14417329
14418965
14420001
14420216
14420761
14421390
14422129
14422785
14423631
14423853
14424486
14425098
14425400
14425751
14426352
14427168
14427627
14428768
14428841
14428872
14429797
14429943
14432917
14433520
14433930
14436579
14437059
14437547
14438876
14442823
14443068
14444265
14444279
14444900
14445467
14446139
14446909
14447248
14448874
14448923
14449957
14449996
14450202
14450301
14451139
14451324
14451779
14452708
14453465
14453892
14456252
14457723
14457729
14460034
14460286
14461453
14461916
14462172
14462448
14463423
14463879
14463966
14463990
14464754
14464874
14465760
14465825
14466920
14467888
14468371
14469075
14470108
14472408
14475265
14475290
14475833
14476132
14476280
14476541
14476806
14477300
14477658
14478452
14478700
14479447
14480180
14480271
14480439
14480462
14480858
14481807
14482846
14483982
14485153
14485393
14486010
14486908
14488408
14488852
14488993
14489248
14490892
14492282
14493474
14493694
14494007
14494172
14494873
14496505
14497705
14497895
14498170
14498367
14500329
14500337
14500554
14500812
14501323
14502287
14502508
14506636
14507429
14507538
14507799
14508332
14509204
14509440
14509887
14512437
14512452
14513609
14514347
14514798
14515409
14515537
14515957
14516095
14516627
14516854
14517946
14518548
14518757
14520344
14521216
14521464
14521490
14523038
14523207
14523925
14524483
14524623
14525490
14526637
14527042
14527969
14529213
14530045
14530116
14530185
14530640
14531083
14531923
14532282
14532481
14532948
14533847
14533974
14534980
14535074
14536207
14536343
14536463
14537782
14539726
14540401
14540657
14541020
14541065
14542857
14543325
14544188
14545680
14545783
14546357
14546394
14547266
14547299
14547376
14547890
14548412
14549506
14552392
14552715
14553599
14554253
14554575
14555138
14555287
14555406
14556236
14556412
14557233
14558070
14558438
14559609
14560006
14560747
14560757
14561599
14562652
14562930
14564330
14565174
14565726
14567149
14567769
14567826
14567935
14568325
14568921
14569877
14569941
14571225
14573072
14573079
14573414
14573752
14574948
14575251
14576114
14576759
14576830
14577352
14577479
14578783
14579977
14580121
14580952
14581232
14582640
14582779
14583274
14586015
14586210
14586483
14586581
14587172
14587333
14587965
14588171
14589770
14590233
14591179
14592365
14592486
14593745
14594156
14594733
14594929
14596274
14596827
14596858
14597039
14597411
14597495
14597860
14598715
14598855
14599089
14599303
14601531
14601618
14601903
14604294
14604588
14605138
14605577
14605856
14606390
14606869
14608687
14608855
14609269
14610060
14610414
14611613
14612310
14612908
14613788
14613933
14614714
14616303
14616425
14616516
14617611
14618636
14618915
14619828
14620171
14620196
14620466
14620573
14621091
14621193
14622791
14622931
14623300
14623658
14624671
14626211
14626609
14626794
14626986
14627879
14628553
14628641
14629542
14630053
14631610
14631980
14632802
14633069
14633448
14633794
14633962
14633967
14635393
14637092
14637457
14638207
14638726
14639211
14639858
14640455
14640498
14640635
14640853
14642599
14643032
14645171
14645764
14646935
14647821
14648134
14648267
14648372
14649462
14649556
14649711
14650124
14650175
14650370
14650630
14650749
14651553
14651649
14651700
14652269
14653297
14653376
14654098
14655281
14655775
14656280
14657517
14658004
14659970
14660338
14662616
14663075
14663216
14663975
14664542
14664621
14664713
14665383
14665960
14666052
14666379
14667469
14669248
14669733
14670804
14671507
14672194
14672266
14672565
14674609
14674870
14675065
14675221
14675897
14676428
14676865
14677581
14677677
14677970
14679941
14680164
14680384
14681351
14682187
14682876
14683023
14683513
14683811
14683881
14684205
14684567
14684593
14685855
14687244
14689878
14691188
14691276
14692152
14692409
14693825
14693851
14694177
14694221
14694376
14694920
14695207
14695804
14696473
14696700
14696780
14696862
14697299
14697436
14698011
14698348
14698711
14699310
14699384
14701090
14701641
14701783
14702531
14704690
14705121
14705698
14706560
14710268
14710302
14710456
14710720
14710948
14711690
14711864
14712729
14712749
14712886
14713769
14714391
14714523
14714973
14714974
14715481
14716444
14717589
14717742
14717754
14718418
14720412
14722288
14722484
14723791
14724364
14724974
14725124
14726678
14727878
14728045
14728113
14728909
14729091
14729886
14730904
14731748
14732021
14732029
14732877
14733227
14733510
14733525
14733624
14733667
14734363
14735376
14735377
14735427
14735434
14735466
14735594
14736687
14738046
14738257
14738715
14739367
14741971
14742021
14743080
14744572
14746019
14747298
14747925
14748853
14749257
14750067
14750306
14751690
14752040
14752415
14752528
14753308
14754291
14754393
14754528
14754537
14754568
14754581
14754717
14754956
14754978
14755002
14755216
14755429
14755517
14756946
14757010
14757556
14758787
14758862
14759447
14760907
14761052
14761150
14762645
14762769
14763058
14763645
14763791
14764516
14765049
14765521
14765957
14767320
14767427
14768275
14768736
14769002
14769094
14769100
14770248
14770481
14771313
14772655
14773200
14773208
14773623
14773756
14775854
14776367
14776542
14776549
14777865
14777889
14778535
14778540
14778874
14779807
14781886
14782166
14783188
14783656
14783716
14783786
14785495
14785654
14786420
14786729
14787856
14788932
14790506
14790593
14791404
14792214
14792700
14793050
14793220
14793833
14794480
14794557
14795190
14795547
14795881
14796185
14796207
14796225
14797055
14798264
14798801
14798863
14799201
14800184
14800416
14800976
14801112
14801554
14802958
14803231
14803814
14803851
14804802
14804901
14805091
14805622
14806443
14806885
14807231
14807662
14809014
14809816
14810644
14810992
14812297
14812477
14813223
14813302
14813469
14813854
14814556
14815036
14816065
14817926
14818348
14818510
14819425
14819983
14820038
14820063
14820741
14821484
14821849
14822014
14822183
14822235
14822270
14822317
14822616
14822714
14823178
14824226
14824443
14825084
14827258
14827626
14828987
14829334
14829740
14830795
14832618
14834185
14834683
14834797
14834801
14837524
14837949
14838180
14838550
14839719
14839854
14839863
14839929
14840395
14841351
14841685
14841988
14842094
14842855
14842866
14843004
14843340
14844440
14844717
14844762
14845404
14845699
14845776
14846759
14847335
14848343
14852450
14853292
14853460
14853572
14853630
14853795
14854579
14854629
14855613
14855992
14856156
14856190
14856395
14856470
14856498
14856601
14856810
14857808
14858614
14858874
14859427
14860110
14860126
14860351
14860365
14860693
14860927
14861031
14861048
14861165
14861716
14862565
14864510
14864554
14864722
14867171
14868516
14868885
14868948
14869753
14870457
14870715
14870889
14872275
14872288
14872407
14872709
14873087
14873108
14874008
14874567
14874602
14876864
14876969
14878509
14878735
14879389
14880611
14880774
14880832
14880900
14881421
14881739
14881873
14882031
14882119
14883161
14883910
14883937
14884044
14884909
14885011
14885075
14885083
14885612
14885879
14886472
14886923
14887564
14889408
14889726
14890088
14891240
14892024
14893041
14893349
14893539
14895991
14896103
14896447
14896632
14896701
14896724
14897141
14898202
14899732
14899931
14899936
14901060
14901288
14901419
14901487
14901692
14902255
14904081
14905207
14905843
14906482
14907019
14907324
14909848
14909857
14910897
14910898
14911159
14911356
14911567
14911854
14911871
14912015
14913657
14913783
14914734
14915165
14915246
14915809
14915991
14916769
14917009
14917712
14918032
14918800
14919577
14920047
14920864
14920978
14921056
14921270
14922215
14923602
14924425
14924522
14924527
14925905
14927222
14927314
14927348
14927666
14927991
14929590
14929712
14930265
14930737
14931354
14931772
14932133
14932675
14932786
14933400
14933757
14933869
14934974
14935384
14935530
14935707
14935738
14936368
14936641
14938949
14939369
14939559
14939907
14940450
14940852
14942174
14942651
14942881
14943523
14944525
14944737
14944995
14945131
14945136
14945206
14946051
14946430
14946459
14946997
14947212
14948570
14948655
14950048
14950875
14952109
14952299
14952432
14953367
14955278
14955619
14955648
14956431
14956577
14957092
14957262
14957774
14957784
14958240
14958429
14958615
14959146
14959485
14961587
14961664
14961856
14962225
14963244
14963337
14963368
14964552
14964757
14965177
14965544
14966286
14967300
14967541
14967795
14967835
14968162
14968900
14969770
14970378
14970465
14970576
14971621
14971730
14972513
14973163
14973559
14974236
14974965
14975786
14975961
14976266
14976330
14976352
14976408
14976501
14976548
14978291
14978792
14979395
14979929
14980243
14981704
14982109
14982719
14983057
14983247
14983342
14983487
14984371
14984585
14985101
14985217
14986107
14987023
14987566
14988156
14988412
14989057
14989324
14990395
14992341
14992551
14993736
14994513
14994692
14995800
14996449
14996939
14999069
14999092
14999282
14999302
14999369
14999474
14999492
14999728
14999929
15000160
15000437
15000927
15001940
15001993
15002635
15003567
15004870
15006139
15006677
15007082
15007703
15007740
15007763
15008732
15008804
15009796
15010013
15010058
15010354
15010488
15010612
15011157
15012059
15012074
15012558
15012996
15015085
15015178
15015362
15015405
15016421
15016876
15017181
15017285
15017606
15017810
15018030
15018548
15019617
15020232
15020513
15020898
15021100
15021849
15024414
15024737
15025216
15025675
15027047
15027087
15028315
15028664
15028977
15029126
15029262
15029355
15029494
15030507
15030624
15031052
15031304
15031457
15032144
15032840
15033410
15034104
15034298
15035359
15035375
15035634
15035802
15036315
15036773
15037300
15038189
15038197
15038408
15038684
15039635
15039866
15040488
15040810
15041197
15041304
15041338
15042110
15042784
15043367
15043380
15043598
15043935
15045189
15045965
15046500
15046743
15046757
15049029
15049947
15050502
15050704
15051255
15051266
15051340
15051753
15051879
15052567
15053427
15053466
15053472
15054992
15055402
15055809
15056193
15056281
15056444
15056987
15057158
15057231
15057957
15058226
15058648
15059371
15059614
15059915
15062117
15062306
15063086
15063198
15063242
15063603
15063733
15063772
15064217
15064687
15066468
15066498
15066632
15066731
15068663
15068841
15070122
15070212
15071388
15071697
15072133
15073559
15073596
15074219
15074740
15074799
15074953
15075660
15075844
15076173
15076278
15076471
15077656
15078652
15080052
15080415
15080485
15080574
15080762
15081691
15081700
15082084
15082571
15082697
15083357
15083546
15084340
15085610
15085695
15085803
15086060
15086397
15086737
15087239
15088239
15088407
15089212
15089355
15090351
15091207
15091296
15091429
15091916
15091997
15092438
15093072
15093103
15093445
15096011
15096154
15097213
15097750
15098667
15098784
15098915
15099326
15099359
15099680
15099776
15100180
15100242
15101383
15101438
15101636
15102040
15103402
15104036
15105005
15105578
15106063
15106890
15107149
15107428
15108017
15108354
15108490
15108518
15108524
15108782
15109355
15109500
15109672
15109783
15109903
15110829
15111177
15112329
15112972
15114067
15114168
15114537
15114651
15114869
15116102
15117124
15117433
15117571
15117774
15118531
15118595
15118686
15119310
15120592
15120884
15122307
15122576
15122708
15123127
15123674
15124005
15124029
15124754
15124914
15125097
15125518
15125721
15126262
15127610
15128213
15129370
15129687
15130084
15130966
15132056
15132857
15133231
15134337
15134875
15135049
15135925
15136031
15136354
15136384
15137177
15137820
15137832
15138901
15138957
15139110
15139158
15139525
15139687
15140077
15140591
15140997
15141132
15141571
15142717
15143075
15143266
15143593
15143757
15143879
15144427
15144510
15144569
15145722
15146050
15146426
15146603
15147138
15147290
15147301
15148392
15148545
15148760
15149021
15149129
15149391
15149958
15151024
15151114
15151195
15152382
15152687
15152997
15153139
15153575
15154724
15155975
15156137
15157565
15158123
15158334
15158808
15158854
15159018
15159881
15160363
15160605
15161014
15161054
15161681
15162418
15162446
15162450
15162700
15162900
15164602
15164653
15164671
15165451
15165534
15165571
15165733
15166356
15166731
15167089
15167140
15168285
15168795
15168825
15169450
15169575
15169902
15170563
15171916
15172234
15172388
15172750
15172915
15173596
15174365
15174622
15174922
15175712
15176238
15176661
15176883
15176942
15177551
15178135
15178516
15179585
15179806
15180101
15180191
15180810
15180886
15181089
15181164
15181216
15181383
15182140
15182309
15183885
15184574
15184692
15185503
15185542
15185562
15185799
15186157
15186234
15186514
15186875
15187323
15188460
15188490
15189942
15191035
15191793
15192151
15193380
15193595
15194014
15194187
15194230
15194327
15194630
15194642
15195070
15195681
15196178
15196398
15196468
15196713
15196923
15197918
15198697
15198845
15199113
15199220
15199815
15199947
15200409
15200438
15200964
15201644
15202328
15202829
15202859
15203026
15203095
15204993
15205034
15205036
15205051
15206427
15206429
15206730
15206993
15207278
15207590
15207847
15208246
15208936
15209141
15210539
15210668
15210940
15211334
15211598
15211957
15212517
15213521
15213634
15214162
15214395
15214479
15215937
15216015
15216244
15216259
15216286
15216431
15216486
15217133
15217651
15218146
15218257
15220064
15220705
15220781
15220894
15220914
15221243
15221975
15222649
15223168
15223980
15224484
15225165
15225596
15225696
15225862
15225872
15226509
15226612
15227014
15227468
15227515
15228653
15228699
15228805
15229075
15230652
15230840
15230910
15231314
15231857
15231898
15232031
15232055
15232892
15233283
15233995
15234243
15234362
15235219
15235935
15236063
15236281
15236296
15236599
15237182
15237350
15237897
15238153
15238362
15238719
15238809
15238936
15239105
15239224
15239324
15239502
15241401
15241438
15242173
15242543
15244352
15244591
15244691
15244718
15244886
15245852
15246733
15247189
15248034
15248678
15249287
15249310
15249589
15249591
15249841
15249975
15250029
15250150
15250375
15250415
15250672
15250924
15250944
15251307
15251590
15251611
15252815
15253566
15253804
15254065
15255214
15256314
15256398
15256400
15256419
15256725
15257256
15257682
15257795
15258222
15258251
15259211
15259300
15259857
15259877
15259912
15260153
15260584
15260592
15261540
15261995
15262698
15262739
15262777
15262825
15262861
15263663
15263757
15263894
15265282
15265380
15267538
15268062
15268620
15268667
15269227
15269798
15270090
15270913
15271700
15272230
15273254
15273446
15273464
15274037
15274972
15275191
15275711
15276531
15276637
15277153
15277455
15277476
15277649
15277683
15277831
15278982
15279093
15279233
15279907
15279988
15280369
15281671
15281887
15282615
15282973
15283394
15284071
15285021
15285184
15285208
15285474
15286663
15288548
15288567
15288808
15288844
15288864
15289029
15290105
15290433
15290550
15290958
15291124
15291639
15291680
15291854
15291988
15292408
15294880
15295546
15295836
15295946
15295953
15296405
15296416
15296666
15296985
15297081
15297259
15297404
15298407
15298484
15299178
15299377
15299476
15299745
15300419
15300577
15300937
15300957
15301041
15301708
15302041
15302503
15303469
15305245
15305402
15305766
15305939
15306785
15307919
15308148
15309856
15310088
15310350
15310890
15311062
15312131
15312444
15312835
15313047
15313093
15313394
15313494
15313616
15313758
15314439
15314534
15314746
15315136
15315417
15315843
15316298
15316374
15316501
15316502
15316787
15318227
15318428
15318699
15318787
15320681
15321266
15322361
15322625
15323203
15323491
15323645
15323821
15324571
15324926
15325949
15326401
15326954
15328167
15328746
15328879
15329984
15330664
15330955
15331991
15332226
15333154
15333449
15333710
15334081
15334149
15334458
15334508
15334643
15334818
15335662
15335703
15336197
15336434
15337512
15337571
15337676
15338042
15338649
15338809
15340171
15340470
15340671
15340969
15341894
15341954
15342440
15342492
15342648
15342946
15343017
15343566
15343630
15344773
15344807
15345224
15345651
15346131
15346846
15348457
15348678
15349212
15349412
15349659
15349706
15350548
15350617
15351381
15351692
15351713
15352308
15352627
15354042
15354108
15354376
15354621
15356940
15357024
15357160
15357239
15357241
15357787
15358667
15358896
15359497
15360569
15360708
15361048
15361482
15361828
15362400
15362448
15363967
15364145
15364579
15365622
15365883
15366043
15366902
15367101
15367833
15368044
15368459
15368613
15370593
15370948
15372115
15372119
15372170
15372399
15372802
15374100
15374619
15374638
15375337
15375551
15376595
15376769
15376806
15376826
15376898
15377096
15377670
15377905
15378576
15378860
15380220
15381880
15382394
15383103
15383104
15384236
15384622
15384835
15385055
15385134
15386019
15386135
15387322
15388673
15388770
15389361
15389619
15391134
15391288
15391315
15391442
15392032
15392251
15392449
15392781
15393173
15394186
15394641
15394700
15395140
15395349
15396125
15396245
15396607
15396785
15397177
15397311
15397734
15398031
15398391
15399055
15399319
15400044
15400276
15400481
15400601
15400746
15401220
15401281
15402483
15402866
15402972
15403040
15404134
15404570
15405503
15405646
15406184
15406960
15406989
15407901
15408256
15408524
15408668
15409205
15409518
15409993
15410503
15412847
15413100
15413134
15413272
15415504
15416146
15416440
15416828
15417651
15417938
15418003
15418277
15418282
15419572
15419784
15419816
15420101
15420106
15420999
15421583
15422409
15422720
15422926
15424967
15425054
15425440
15425638
15426178
15427339
15427883
15427924
15428449
15429561
15431011
15431214
15432758
15433689
15434416
15434578
15435515
15435588
15435681
15436304
15436365
15436397
15437018
15437562
15437760
15438197
15438213
15438569
15438748
15439323
15439974
15440404
15441399
15441513
15441713
15441983
15441999
15442672
15443141
15444099
15444446
15445065
15445591
15446709
15446800
15447781
15448005
15448861
15448887
15449274
15449306
15449682
15449685
15449750
15449934
15450393
15451291
15451470
15451924
15452786
15454352
15454477
15455919
15456441
15456722
15458436
15458554
15458621
15458982
15459116
15459194
15460031
15460524
15460861
15461525
15461955
15462067
15462200
15463448
15463486
15464847
15464904
15465492
15465933
15467103
15467693
15468322
15469330
15469956
15470117
15470675
15470979
15471194
15471575
15472330
15472372
15472864
15472955
15473561
15473657
15474636
15475063
15475182
15475278
15476066
15477303
15477652
15478746
15478784
15479622
15480295
15480298
15481473
15481824
15481991
15482122
15482395
15482490
15482978
15485002
15485135
15485318
15485711
15486242
15486278
15486386
15486508
15487285
15487362
15487675
15487955
15487981
15487989
15488071
15488639
15488724
15490421
15491233
15491645
15492346
15492591
15492596
15493379
15493434
15493436
15494095
15494888
15496248
15498832
15499664
15500330
15503282
15503986
15504201
15504516
15505196
15505823
15505853
15506233
15506300
15506698
15507394
15508733
15508803
15509402
15509995
15510343
15510464
15510546
15510935
15511411
15511525
15511680
15512872
15513478
15513487
15514139
15514597
15514659
15515432
15515493
15515950
15516920
15517011
15517411
15518640
15518643
15518770
15519103
15519182
15519318
15521051
15521249
15521286
15521957
15521978
15521979
15521989
15522746
15522993
15523705
15524801
15524998
15525086
15527220
15527612
15528202
15528437
15528447
15529427
15531184
15532049
15532169
15532583
15533204
15533779
15533943
15534022
15535513
15535610
15536550
15537208
15537767
15538868
15539130
15539599
15540438
15540980
15541237
15542157
15542457
15542949
15543339
15543582
15543723
15544410
15545031
15545270
15545955
15546112
15546260
15546351
15547272
15547276
15547281
15548125
15549301
15549494
15550139
15550197
15550208
15550448
15550536
15551240
15551433
15552377
15552947
15554922
15555007
15555560
15556884
15557074
15557429
15557621
15558401
15559598
15559758
15560770
15561185
15561337
15562410
15562758
15563480
15563612
15563745
15565743
15565881
15566053
15566274
15566767
15567534
15567725
15568176
15568752
15569814
15570610
15571175
15571239
15571931
15572153
15572466
15572835
15573262
15573318
15573361
15576058
15577123
15577759
15577845
15577981
15578415
15578766
15579894
15580040
15580101
15580613
15581436
15582103
15582338
15583309
15583590
15583858
15584105
15584630
15585850
15586516
15587137
15588776
15589107
15589449
15589650
15589729
15590468
15590611
15591014
15591114
15591747
15592545
15592865
15593245
15593682
15595219
15595987
15596575
15597165
15597539
15597884
15598402
15599221
15599368
15600185
15600888
15602916
15603283
15604314
15604329
15604928
15605362
15605509
15605778
15606494
15606778
15607105
15607893
15607979
15608668
15608993
15609655
15610403
15611842
15612778
15612904
15613072
15613075
15613192
15613781
15614702
15614876
15615344
15616164
15616826
15617196
15617396
15618042
15619374
15619414
15619435
15620309
15621302
15621708
15621987
15621991
15622629
15622841
15623587
15624594
15627318
15627371
15628549
15628553
15628779
15629382
15629718
15629911
15630276
15630572
15631063
15631549
15632531
15632663
15633717
15634123
15634278
15634484
15634631
15635223
15635362
15636258
15636540
15636547
15637200
15638881
15639939
15640790
15642163
15642396
15642661
15642926
15643781
15645431
15645522
15646110
15646555
15647327
15647367
15647695
15647770
15648044
15650316
15650961
15651074
15651152
15652041
15652800
15654314
15654408
15655531
15655784
15656035
15656621
15656844
15656932
15657309
15657534
15658764
15659149
15659251
15659756
15659799
15659850
15660416
15660544
15661054
15661462
15661705
15662087
15662576
15662694
15664841
15665506
15665603
15665869
15666492
15667184
15668906
15669055
15670153
15670949
15671199
15672289
15673972
15674086
15674295
15674504
15674926
15675345
15676249
15676260
15677330
15680128
15680474
15680665
15680940
15682070
15682293
15682695
15683387
15683596
15684341
15684656
15684870
15686742
15687523
15687631
15688980
15689155
15689173
15689229
15689276
15689482
15689552
15689845
15690804
15691251
15692073
15692588
15693125
15694572
15694806
15695476
15696624
15696954
15697259
15697982
15698466
15698474
15700955
15701117
15701210
15701514
15702405
15702560
15702643
15702993
15703140
15703583
15703839
15705858
15706051
15707520
15707523
15707569
15708224
15708648
15708908
15709094
15709407
15709505
15709966
15710302
15710640
15711908
15713122
15713190
15713715
15715367
15715437
15715778
15715978
15717994
15719155
15719352
15719385
15719542
15720704
15721269
15721592
15722079
15722313
15723365
15724177
15724386
15725170
15726895
15726959
15727310
15727865
15728194
15728518
15728623
15728728
15729061
15729224
15729655
15730175
15731289
15731540
15732280
15732358
15732946
15732982
15735489
15736223
15736479
15737990
15738525
15738542
15738703
15738903
15739374
15740259
15740537
15740580
15740607
15740769
15740889
15741056
15741755
15742946
15743483
15743547
15744497
15744628
15745770
15746336
15748066
15748243
15748476
15748612
15749576
15749695
15750246
15750480
15752940
15752979
15753697
15753787
15756539
15757006
15758760
15761335
15762040
15762546
15762945
15763591
15763638
15763830
15765023
15765571
15765888
15765946
15766882
15767058
15767445
15768273
15768894
15769268
15770391
15770599
15770652
15770962
15772165
15772673
15772919
15773481
15773493
15774809
15775038
15775978
15776267
15776307
15776481
15778184
15778294
15778624
15778632
15778792
15781065
15781225
15781947
15783128
15783168
15783668
15784096
15784136
15785689
15786471
15787023
15787061
15787812
15787826
15788382
15789018
15789928
15790490
15790531
15790944
15791613
15792963
15793338
15793468
15794649
15795162
15795249
15795250
15795679
15795790
15796243
15797694
15798450
15798856
15799114
15799456
15799652
15800769
15801168
15802196
15803040
15803893
15804525
15804590
15805004
15805168
15805562
15805571
15806091
15807008
15807428
15808288
15809306
15810476
15811649
15812214
15814125
15814326
15814452
15814780
15815021
15815858
15816293
15816333
15816644
15817339
15817920
15818129
15819214
15819633
15819700
15820342
15820376
15821321
15823081
15824403
15826250
15826634
15827196
15827457
15828917
15830254
15831057
15831723
15832141
15832782
15833278
15833512
15833713
15833734
15834367
15834569
15834766
15835419
15835719
15835935
15836692
15836909
15838875
15839237
15839584
15840347
15841361
15841746
15841824
15841867
15842243
15842968
15845239
15846349
15846869
15847319
15847372
15848009
15848801
15849499
15849636
15849843
15850833
15851367
15851416
15853865
15854210
15854665
15856030
15856700
15857922
15858086
15858136
15859217
15859331
15859414
15859733
15860055
15860219
15860559
15861600
15863372
15863987
15864507
15864527
15865411
15865511
15866465
15866693
15866844
15866967
15867648
15867822
15867896
15868432
15870955
15871804
15871992
15872705
15873418
15873445
15873480
15874157
15874525
15875288
15875719
15876037
15876966
15877945
15879063
15879096
15879389
15880510
15880858
15882441
15882564
15883552
15884364
15885040
15886154
15886438
15887215
15887493
15887580
15888659
15889287
15890757
15891194
15891195
15891460
15892613
15892737
15893536
15895015
15895504
15895941
15896167
15896530
15897206
15898569
15898684
15898819
15899475
15899606
15901143
15901425
15901540
15901919
15902097
15903298
15903619
15905268
15907677
15908088
15909118
15909282
15910622
15910682
15910911
15912027
15912920
15912947
15913235
15913921
15914014
15915616
15916474
15917245
15917746
15917867
15917929
15919185
15919191
15919277
15919495
15920718
15922036
15922801
15924744
15925584
15926175
15926456
15926644
15927684
15929310
15929712
15930169
15930741
15930880
15931662
15931960
15932517
15933426
15933663
15935410
15935714
15936781
15936997
15937183
15937930
15939153
15939235
15939336
15940220
15941121
15942297
15943837
15944689
15945307
15945373
15945501
15946225
15946504
15946643
15946713
15947453
15948221
15949224
15950232
15950405
15951008
15951019
15951345
15953494
15953867
15954787
15954858
15955018
15955105
15955776
15956390
15956483
15957892
15958180
15958641
15959465
15960490
15962697
15962729
15963467
15963984
15964694
15964876
15964947
15965059
15965304
15968269
15969117
15971823
15973057
15973074
15973217
15974892
15975025
15975033
15975647
15976430
15977415
15977636
15977867
15979890
15979967
15980224
15982248
15984233
15984662
15985526
15985733
15986072
15987062
15987063
15987253
15987507
15987525
15987674
15988470
15988888
15989456
15989544
15990277
15990804
15990834
15991743
15993347
15994029
15994318
15996116
15996767
15998593
15999216
15999284
15999525
16000038
16000905
16001123
16003153
16003523
16003649
16003737
16004334
16005561
16006102
16006214
16007522
16008048
16008697
16010049
16010669
16011564
16011927
16012232
16012301
16012514
16012814
16012985
16013174
16013453
16013630
16014320
16014807
16021277
16021507
16023242
16024587
16024810
16025448
16025530
16025762
16026803
16026849
16028091
16028722
16028919
16029122
16030359
16031186
16031198
16031810
16034617
16034753
16035048
16035677
16036221
16036889
16037648
16038740
16039609
16039966
16040099
16040122
16040132
16041058
16042616
16043303
16044206
16046180
16046592
16047334
16047669
16047721
16048014
16048027
16049047
16050989
16051261
16051400
16053462
16054570
16054622
16055247
16056742
16057524
16057927
16058394
16060025
16060218
16060641
16061067
16062494
16063045
16063650
16063764
16064951
16065278
16065721
16065765
16066244
16066927
16067049
16067094
16067187
16067531
16069202
16071178
16071765
16073138
16074843
16075412
16075445
16076011
16077487
16078260
16078444
16078518
16079322
16079663
16080564
16083443
16083500
16084648
16085032
16085712
16086372
16086698
16088134
16088970
16090043
16090611
16090635
16090892
16090991
16091353
16091745
16092574
16095329
16097485
16098040
16098099
16099287
16099824
16100097
16101403
16101718
16103229
16104452
16104634
16105788
16106266
16106758
16107349
16109259
16110957
16111523
16112477
16112592
16112781
16113287
16114777
16114805
16115573
16116117
16116444
16117109
16118052
16120122
16120766
16121922
16123348
16123511
16123672
16124693
16125641
16125818
16125926
16126169
16127576
16128294
16128530
16128880
16129397
16129534
16129579
16129607
16129806
16130366
16130702
16131366
16132389
16133923
16135727
16136534
16137235
16140521
16141422
16141614
16141841
16142679
16143927
16144066
16144148
16145572
16146012
16146029
16147051
16147217
16148359
16150312
16152015
16153003
16153304
16154463
16154699
16154791
16156119
16156214
16156263
16156289
16156611
16159177
16159461
16160081
16160740
16164331
16164776
16165535
16167434
16167833
16168176
16168307
16168473
16169633
16170705
16172655
16172833
16172933
16173012
16174066
16174490
16174596
16175040
16176628
16177077
16177172
16177535
16179652
16182877
16182973
16185405
16185870
16187499
16188806
16189429
16191166
16191491
16191553
16192733
16192948
16193016
16194854
16194877
16194947
16195030
16196655
16197844
16198659
16199159
16199713
16200043
16200206
16200340
16200770
16201217
16201703
16202053
16202544
16204282
16205646
16205940
16206925
16207594
16208979
16212091
16212790
16214676
16214808
16215259
16215851
16216407
16219124
16220057
16220112
16220559
16220746
16221052
16221790
16224035
16224234
16224464
16228801
16229706
16230557
16230628
16230786
16231985
16232319
16233061
16233185
16233968
16236519
16236717
16236951
16238822
16240554
16241345
16244480
16245571
16246031
16246825
16247354
16247378
16248248
16248285
16248318
16248951
16249866
16250354
16250659
16252021
16252768
16255079
16256685
16257942
16258822
16261060
16261908
16262238
16262755
16262941
16263110
16263391
16263407
16264282
16265573
16266339
16266902
16267009
16267173
16268223
16269519
16269701
16270014
16270111
16270437
16271012
16271382
16274242
16276103
16279317
16279327
16279640
16279823
16282897
16283001
16283251
16284451
16285431
16285986
16287291
16288121
16288701
16289131
16291549
16291856
16292134
16292579
16293596
16294695
16295481
16296237
16296709
16299363
16299974
16300099
16302096
16302128
16303069
16303072
16303862
16304620
16305185
16306010
16306656
16307306
16308541
16308713
16309934
16310302
16312146
16312317
16313518
16315835
16317048
16317258
16318488
16319975
16320073
16322351
16322602
16323579
16324131
16325600
16329539
16330253
16330273
16330333
16330776
16331195
16331735
16332091
16332103
16333179
16333355
16335117
16335144
16336587
16339313
16340665
16341582
16341897
16342352
16343776
16345300
16347713
16348380
16349110
16350804
16350931
16350985
16352278
16352655
16353940
16354899
16355176
16355528
16356038
16357179
16359653
16360013
16360195
16360693
16363479
16363526
16364659
16365437
16365925
16366090
16366285
16367640
16367808
16369679
16371048
16371702
16373152
16373530
16373824
16375491
16378930
16379724
16379830
16380007
16381184
16381533
16381711
16383809
16384313
16385574
16387305
16389322
16390710
16392238
16393958
16394031
16394708
16394736
16395735
16396747
16397051
16397735
16397789
16400456
16401401
16401782
16402217
16406241
16407715
16409139
16410739
16411089
16411655
16411865
16411891
16412158
16412524
16413218
16413341
16416106
16417018
16417256
16418983
16421320
16421499
16423850
16424116
16426066
16428087
16430378
16431498
16431920
16432620
16432726
16435062
16435408
16435690
16436030
16438753
16440650
16440868
16445240
16445305
16446410
16446841
16448169
16448968
16449063
16449259
16449315
16449922
16450236
16453031
16454218
16454282
16458585
16460010
16460101
16460989
16463718
16464098
16465127
16466073
16466331
16466593
16466984
16467286
16469435
16470565
16471383
16475263
16476496
16478152
16478377
16479370
16479469
16482180
16482764
16483015
16483190
16483810
16485766
16485972
16486820
16488038
16488857
16489522
16490200
16491189
16491305
16491327
16495096
16495542
16499117
16499953
16501256
16501352
16501605
16502612
16502911
16503564
16506258
16507221
16508336
16511695
16513319
16514124
16516073
16516759
16518295
16519682
16520042
16520832
16522206
16522607
16523467
16523593
16524625
16527661
16527671
16530036
16530449
16530618
16530811
16534852
16535405
16535723
16536474
16538775
16539959
16542141
16545756
16546556
16548537
16548988
16549915
16551591
16551661
16551767
16551998
16552749
16555740
16556801
16558678
16560173
16561656
16561679
16562284
16563039
16567576
16567808
16568236
16568910
16570587
16571871
16572522
16572669
16574295
16574552
16577841
16577856
16581586
16582568
16583904
16585556
16585684
16588927
16589065
16591205
16592130
16593551
16593667
16593667
16595813
16597684
16599556
16600863
16600888
16602286
16603371
16604082
16605711
16605983
16608299
16608388
16609591
16610601
16611342
16617480
16619163
16623021
16624870
16624895
16626606
16627970
16628590
16629007
16629864
16632565
16634393
16635868
16635987
16636422
16638371
16638878
16640529
16641016
16643231
16644721
16645579
16645696
16648062
16648314
16651417
16651472
16652581
16655711
16657196
16657324
16661642
16664833
16665602
16666654
16667171
16667915
16670274
16670486
16670651
16673617
16673785
16675461
16676540
16677729
16679440
16679689
16681011
16683217
16685681
16688770
16689283
16689792
16692489
16693889
16693982
16696321
16698022
16698838
16702743
16702789
16704428
16704519
16706646
16708349
16708488
16711286
16712898
16713063
16716993
16718678
16718706
16719484
16720272
16720722
16724860
16725703
16725828
16729150
16733414
16736260
16737515
16738120
16738429
16741446
16741752
16743105
16743913
16745121
16747341
16748998
16750161
16757024
16757332
16758017
16758896
16761331
16763443
16764327
16764343
16764858
16767216
16767762
16769415
16770562
16776337
16776381
16776857
16777911
16778313
16781176
16784593
16785583
16786335
16787813
16787947
16789098
16792536
16796353
16798558
16798712
16800950
16802223
16802351
16805193
16807298
16807608
16813569
16815909
16816551
16818445
16819065
16819547
16821439
16824347
16824440
16826156
16828215
16828284
16829422
16834742
16836455
16838222
16842375
16846512
16847121
16847656
16852059
16853015
16853024
16853957
16854479
16857669
16857816
16858002
16858464
16863027
16864512
16866275
16867888
16869057
16876120
16882140
16884548
16885011
16885068
16885203
16885793
16886701
16890255
16892013
16892864
16893586
16897333
16898314
16901531
16903813
16905803
16905960
16908802
16910973
16911338
16912817
16915418
16916273
16920679
16922020
16924197
16926471
16927430
16928465
16928689
16932356
16933252
16938143
16939183
16942346
16943694
16944634
16944752
16946855
16949769
16951429
16958632
16959871
16961342
16962498
16965496
16969278
16973249
16974193
16975057
16977745
16977818
16981616
16982387
16986062
16992286
16995143
16996207
16997443
16997464
16999724
17002156
17005948
17006580
17008716
17010225
17013414
17015890
17019971
17021046
17023499
17024869
17025850
17029504
17030027
17031096
17032274
17039523
17041022
17044686
17045688
17049106
17049336
17052624
17056584
17059853
17060106
17061703
17064018
17068817
17069394
17075983
17077861
17081445
17083615
17085627
17086328
17091526
17094690
17097520
17100519
17101728
17104758
17108839
17113085
17113276
17117365
17118633
17122856
17129490
17132804
17134025
17134918
17136590
17138219
17138825
17147791
17153052
17153225
17161791
17162345
17164126
17169499
17173246
17177200
17179592
17180516
17186265
17192030
17192477
17196510
17205206
17205645
17212703
17216871
17224780
17226888
17229158
17230035
17232650
17240275
17244566
17254410
17254637
17259126
17265002
17269013
17271115
17278320
17279394
17281601
17286087
17299300
17302065
17307334
17312764
17322082
17323748
17328223
17335809
17338621
17346441
17347115
17354291
17361211
17367506
17376550
17378577
17380362
17389658
17391456
17398080
17405591
17408953
17420113
17422082
17428046
17446443
17446786
17447838
17454416
17467648
17470094
17477885
17484014
17498485
17501339
17512032
17517019
17523307
17528937
17552415
17552728
17569441
17573182
17585372
17590340
17601482
17612336
17620567
17630499
17643691
17667154
17680676
17693590
17698794
17711373
17726168
17741745
17767197
17770035
17802250
17812101
17836936
17846814
17871455
17884156
17896895
17923127
