1687558
4699083
4385006
4075905
3033722
925816
4095482
232251
3778255
2021863
4461606
1498226
1738383
3387197
1781757
3641288
3390698
1919925
971267
264531
1423207
4373958
354808
3598189
2907303
286099
4443137
999962
4298174
1044369
925015
3414894
3192194
1434438
3807907
4112312
4476682
2752658
2545275
3834964
4435128
3167504
1143002
4486114
4324700
2260963
458478
1505061
592298
324782
1758912
1035457
1025434
3644767
2439239
1715626
180510
3742656
854776
1166162
4302854
2939592
2070171
3338651
2828160
3146588
409366
3309096
4066315
1725207
3201303
2745676
4153862
1124219
4047448
4257237
4585019
2733446
3112726
4851430
3175217
4820168
1225376
1410391
1883779
1371963
3994013
3756330
1522118
1018593
2583190
2386649
557027
1325620
2639482
2952361
3272067
1298618
3455384
1178741
803889
4357194
955932
1993952
1031372
2629805
3842315
560784
4261496
1895204
3719289
2264837
3536037
2245349
3211860
4958184
2515453
4699291
2128561
159694
4114058
798697
3665932
3332130
3740819
3120394
1706381
3761140
4238127
1527000
741244
4600121
97374
4648371
259980
1056993
8594
1242456
4389966
3359446
2897463
2640658
4207391
1960009
4369375
506160
4141965
1672565
4403882
1267132
2815625
781547
601423
2068556
4750850
3541705
2048952
955452
1348319
2436794
4070794
2617570
541946
2368796
3839718
3869439
4812408
1210405
2453237
2043669
1846434
4565245
345954
652943
3742487
1260866
3280484
2801286
2184250
2269749
4191231
1724143
161522
2494642
4727482
188665
694866
2282586
536642
2228198
2749625
4814412
4684361
2151812
445770
2504854
2135210
1950196
3866709
2098578
4672082
2799479
3295640
3324437
331029
4712268
3907316
2541837
89170
1529996
3294177
1858183
3745592
1136697
2507551
4784742
631603
3945900
4107639
4689467
493252
583620
3970787
2165986
722509
4598748
363730
97879
74641
2565976
1741343
474980
1383013
4808687
415890
188240
3422575
3507522
1014208
861749
4984615
3894606
1096531
1077219
705999
937624
55796
557538
3014122
2738917
1121127
3910565
652190
1927173
1040114
1178156
2904712
614245
4490386
3130004
324105
523870
3098669
267291
3508530
3311498
2196299
2953096
4044522
2496178
2660206
3821541
4336324
3247892
87048
3195523
3138289
164138
3390743
353381
2768647
1798611
1082352
3465439
1612766
3410611
3463842
165630
797465
3418769
3694948
4477807
1659122
2020743
4883785
3834322
4889559
850318
2920403
2818971
2348250
2210296
2387108
476474
150189
3973186
1873781
294646
4865268
3420878
712057
3397000
2840395
3907908
4366627
2869226
3826545
1454712
4805207
192180
3376414
3608
2706256
960158
3630776
505858
1307515
4501824
877997
1184080
4854910
2715086
2792372
3902292
760706
1672345
1249391
272893
656607
3075902
1857563
473555
4403057
2690603
2177922
3679184
3265370
902644
2959768
3101262
3966341
4100983
747966
4021961
628300
3154625
4896690
1223316
1773654
3619281
1212467
4024715
2385238
3311210
303074
198166
3608656
2853241
2541423
2690344
4333403
4680514
3444500
866136
4591258
1118854
3922261
65247
289670
186650
3827439
4280801
74591
4964627
2348086
1309879
2500489
4867868
3152730
647571
3063560
662591
3906855
2611729
1518566
1294151
1556436
228362
480789
161122
2143267
328256
932456
3378004
385271
1687637
598162
1328940
553961
1372189
1698259
4080865
575738
4184540
4839274
14701
730808
426848
4978124
2821808
4762640
2530294
4348060
1780541
187171
2559271
4649608
2444872
2936791
3525502
3819788
781727
4033843
764433
4643350
137492
2549058
1053431
3555536
2933945
329856
3568203
467493
1550289
2378927
4127911
4101935
2097614
1407005
4125639
1033108
2574529
4954347
496222
2569087
3549606
2977690
1449094
3872105
799034
3560223
401934
4403624
1690748
3567759
198218
2091
3155185
2801088
3724570
2973717
3015189
1530448
2022956
2972012
872118
1172780
2867132
4401838
2507722
668407
2962131
1276083
2547209
3647557
2296769
1191289
1540903
1334554
3225398
4048982
4533581
1643043
505088
4433359
4829407
4278828
373341
4917204
2047536
1791969
1311564
4660746
3645121
4647536
1137901
2151682
4023228
865052
2915891
131587
2783171
3740433
3863602
768373
1507272
1249416
4735235
2028465
4330415
3498124
4847795
4945364
3197974
2186060
2695188
3027044
4449766
2228098
265297
51032
1411245
3803834
1626456
4539391
834462
244359
1759423
597716
659553
3049388
1925558
4974379
54311
2263070
4177911
1605015
3167
2969954
4987755
4926881
1274162
2313854
1573577
3511952
2832470
2058401
3297535
3430861
3272610
2743886
3825320
979836
1352472
2909479
278524
2682521
4621194
3941281
3944718
2053473
873024
2693004
4316994
964573
1232228
3600315
4981217
1648445
2591281
755278
839769
1421832
640356
4903919
1649483
2589254
3240840
2192408
1304884
2625172
536164
1397038
923910
4524943
3911495
1779344
4159478
4038353
1822358
4783372
929885
1804871
960135
4988911
836845
1519297
2520294
3750808
3491314
3816375
2810210
2369058
228166
986359
4779335
3380636
3491223
466915
2528336
1404360
3047828
607396
3207861
4616529
2957390
3670055
4684430
3530017
3069978
1519917
3847239
3061603
1828646
969924
4604900
4283255
3885905
3857272
518926
1150853
4957217
4374859
2059192
4566790
579599
4215177
3441440
300627
3307902
2076402
4858163
3362913
2212813
4966901
4215118
336748
3205035
4498315
2416281
2219268
264474
633759
423188
4196204
3328012
1981151
4094762
1240398
2620246
2263165
368448
3811493
3995630
4668514
1993925
2067888
1042833
3593464
4301230
569138
403014
473901
3997292
3606466
540977
4886971
5985
3759223
4686845
4439302
3932058
1593897
4682169
4888927
3282600
3237613
4809062
1020139
3457080
866709
4564708
1018338
146107
3542499
1784833
1191522
4974377
197841
747095
4696205
4922932
3077368
3817984
2278014
3718382
4087101
566439
4897249
486221
4524988
4612875
4485965
1392261
2488406
4918218
957384
1392183
999535
4352921
3632498
1856207
2227029
3207492
4508670
4812209
3952862
4656436
2984972
4228758
1908479
3972487
1034583
896331
524371
2181053
4963196
2189747
1987794
2516269
243249
4234374
1366118
1217514
493783
2050073
2237074
4042743
3405423
557623
3296870
2650926
3914475
4057168
2029280
948023
2140057
2460898
3643159
1198810
626311
1321778
4487304
3745651
2188470
4827001
4934658
2193211
938320
4915235
2961897
973775
2394492
4756948
1037018
3672019
1071414
193648
3747402
4850621
1131424
3157088
4420349
2424143
2031011
4352050
2426442
2128501
1730678
406095
75778
2481736
4080521
4982712
1477014
3906537
4472130
3973011
4790145
2966754
3701214
4836066
621129
3063479
1596629
1863862
4716097
646750
2257556
1460371
2062411
2630931
4196109
1674310
4680128
4206195
547608
4851378
1439420
2537825
4122456
2340494
1898546
4342401
3111912
3429741
3938888
2669344
707060
4933241
4419668
2843332
2841977
1363180
1959821
1858633
2929728
1214862
4518018
2782466
285610
3155702
3890754
4972210
819180
2097581
2004885
1169525
881865
2419507
4330144
116083
4114773
2014957
1738362
3059212
884692
1434346
2472071
2213353
1503565
3462572
3843501
1584079
534207
1326010
2563566
1609837
3077176
2174839
4783781
522783
4339990
4419830
993134
1677582
944939
2979103
897393
2437763
1814782
4056589
1305558
1649742
1185728
479181
2440422
2881011
2119256
2019188
3689572
1281080
3799771
2487302
1603801
836871
3117961
3382659
857724
3397855
4908848
828279
1421090
2050417
3486803
2797563
763592
2078857
1334970
1393161
4185866
1688939
335442
3020917
1899204
2841431
3634123
544590
2557797
539753
3412150
2479139
4837406
1993487
3429580
296363
2043104
706739
2251946
4302592
1432907
1145694
1346988
3117055
2357842
3791717
4333961
1337438
3453395
4433857
2361877
1292752
200700
4306195
1742947
1059499
513058
551752
4465163
167947
4525398
1054093
1201097
2374328
1235208
2008775
1519090
2616724
942778
948990
3030444
2073882
799948
3339435
2420135
4010310
2221204
1902400
3930350
282435
3257303
4051837
1935758
3696619
1321798
826391
4166532
4567349
2448374
2170084
834865
238116
3332725
2021716
4690476
2069698
1864336
419342
4630435
271702
4681416
3296850
4334841
1546606
3152139
205169
2954971
1374487
429924
4129280
2110140
1579750
4286232
142367
3994012
4767489
1198474
2787430
232644
4710525
2413871
2631565
2803748
2129150
947832
4550857
1602124
2705869
3855186
152528
1968036
4700508
3816630
2540874
1831718
1804974
166855
848417
3173730
3882066
1388435
1248849
351685
3569717
1694319
586035
78196
2594542
1531097
1957597
1169250
4501439
1232340
2836266
2624595
3269075
1477741
3293865
4874679
4743060
836162
4663285
4551051
779017
559161
1214633
2682612
4691012
227390
2650483
2782430
1103576
3800848
3873291
1533912
1821735
4118607
4500202
1912337
54315
956444
4013268
3795747
878838
358503
2031343
4219449
4641755
2177841
3917407
2311218
2076064
1845539
4055449
1792428
250748
3474170
3631983
42022
289536
4107496
2236840
948162
461639
4013900
4747001
2528583
1210894
2013703
2240323
701689
43379
3142467
4524926
4974233
724622
2168354
4911151
3782988
2556836
3841318
1270469
3719984
1951113
2316322
4523810
3607329
1849395
4388943
3795880
3389463
2277304
2745665
4439408
2928966
844852
3940907
4235166
1295159
1643805
4911272
1140856
4957465
2089803
840080
2231936
1995903
3534417
1449927
2754800
3281298
3872401
2348057
4389717
4977234
3141425
4715134
3870010
1456633
4944957
2759443
2683430
2529184
199955
814003
4691832
2972538
2616194
160486
1363660
545520
373689
1382587
1418116
1567897
1048136
2327929
1773304
2978708
3878153
3156844
3869540
1779337
3190763
4552030
4475601
338293
3653945
3529430
4352375
4734638
3702648
2973130
4102514
4983130
4271508
1139734
3988183
1287512
1167107
4313261
2434379
4252888
2526500
2408838
1659563
830740
268324
3362823
1781293
3348194
2663340
1288683
2170298
965002
4450923
2600000
3618725
3685363
967930
2616581
2883224
1845762
77411
1063885
3385176
3876362
1483389
302913
2982604
3259969
928614
566949
1089375
758673
3123328
545397
3161817
2519651
1769464
2673162
2462000
3302827
4334315
4103840
1000796
2048483
3614284
2320223
2424254
3371277
498528
4465422
1471501
1861678
2119367
1073572
4463540
3274230
4606777
3362820
2418878
1717714
2434888
2517200
2936519
3121066
2029844
2758854
2138714
171085
2044731
3734940
1542377
1208210
2717162
437298
2629111
1019727
94034
4159299
2343211
2797806
171241
857217
459524
3448943
4698928
1462836
3791005
4261522
576983
710473
4322809
2899218
897388
4925034
2822503
1336066
1054001
3444831
3517488
4587547
3712052
4892096
1329544
3562256
2043849
3048099
1808772
344570
2230830
557984
3269921
3017921
4750952
4313745
387528
2273030
2257172
3063640
1502637
104477
1633553
4110834
3999424
1682241
4338383
3954786
387469
2047585
3258548
1559371
1585327
2199733
1461862
338306
3606383
1960922
2513271
2816653
4774208
2024513
29617
2998362
3122435
291374
3010988
192692
1499123
1609678
1911079
3688512
4045637
4286939
2039309
2906979
907069
2031443
1904723
3418505
2543068
684932
1036770
3564112
2097739
1804948
3601427
434432
3742341
3074358
4328629
1913087
2442089
1388275
4351481
1924330
4709146
2542239
4535188
2184284
1390744
3932267
431045
182488
97772
1475325
3656768
3448411
42655
3575108
480354
951843
4297713
1939728
2844211
94765
632825
4208252
2048071
3138092
4986884
1314836
3468385
2152911
1526601
351725
199673
2226589
2713013
3506520
1279650
4899951
228650
464275
4222588
1991804
1080215
936409
2057926
1403449
4098313
1784957
3727773
3279469
3976187
3045757
949242
4821378
3801511
3262054
4241551
588738
1892418
3703892
3047412
451886
4478976
4620536
801512
2911247
2944303
881961
3099650
2902212
2064276
1451590
656073
4701405
4795295
795522
1314128
3547253
3804050
3570750
4124998
227799
1878739
3285366
406468
3338731
1978982
313711
2201938
2481684
4197035
454502
2660896
454547
2243345
1904274
111450
3722204
2436111
296399
951973
3606657
3836025
3877695
4077827
1405464
3657302
898803
4255952
4582752
184130
3834931
1299759
3538461
1720780
2516539
2321340
3899490
3032812
88944
3448953
4839153
4276713
588336
3001341
101129
268637
1723769
3313938
3351584
4160745
3146119
1033423
3758311
1535456
3045986
3858846
3925938
4554088
2842559
3340771
838872
4600616
2397888
779082
1531706
4569264
980746
869998
870223
1123868
4004457
1700433
1222842
2976614
133383
788822
125493
4372013
1663919
3073597
684947
201216
2474651
1384407
2791438
2878711
2811164
3110922
3313820
2356331
1909437
485698
325529
1644243
4352624
2568542
2452643
3529672
1179275
4359036
1483083
540001
3149995
2919730
1350138
2991652
2279194
2983928
3544028
3626435
2512799
552667
3208448
3752955
3443213
3286210
2181054
1009828
286632
298079
3381266
2971301
4206043
277080
311874
1430009
4572783
1892898
1865408
3720486
300019
3550146
1184444
4882069
2470718
1352162
3568652
3181733
1666665
3804119
315570
327388
3422542
349402
2613190
646123
3373978
4466959
254984
4393448
2029833
4897896
2635109
3589907
2869091
4506657
3568624
2016458
436497
2968572
1550393
3164904
1665060
823284
2863826
1047665
1447814
680570
648006
4582003
3312504
3964648
1649550
2477114
3516943
13710
2909488
644001
3976545
777123
1742206
3491820
3872747
560136
4938472
4963878
2187710
1559488
423536
1736682
1296837
4067632
993224
4839839
1527353
1144351
2351316
1117480
1516404
4123720
4210566
4441426
1428687
4373897
2350470
4247902
2578382
2610523
4726877
3333820
3797445
1486727
3632550
208266
518329
2104579
995451
84279
3845513
2456107
3307019
3716065
4875726
3695264
334901
4619441
2422949
2528444
4159412
390572
3492608
4575329
3062315
3619943
2475331
2777801
3735458
2980640
3273620
1642811
424530
1544789
3597204
3175302
2491979
315898
435736
386463
627810
4577888
3437646
1723701
2225382
415220
4769060
3698462
4527898
1215902
4997709
67348
4373169
1115263
4719514
3788784
1548641
307091
3951982
3666103
2921281
1756556
3875619
1895621
4206997
1661856
4444817
4664806
2435105
3350459
959744
3254275
3923899
1886699
36010
213579
1014259
3874132
4840357
3295329
1664435
926452
4550209
688118
605147
338739
553242
780398
327501
3336429
715672
1637165
1937726
1157216
2512410
2222316
3006660
4220188
3859612
2483303
1667879
4301620
772957
3696357
4195121
2079858
800018
424309
1883866
1353756
3504231
1710356
1263693
1127008
2309562
3525880
4757710
4796480
3098048
4459261
4924420
394875
4128218
3655154
1854813
4068942
4188631
3530102
2101843
229409
745181
3959896
4410315
2991147
3709045
2376629
1261801
4300568
3548967
4118997
1044267
2678470
3288354
3563089
2341356
4115852
3844503
4210053
3139878
1662737
3797688
2630432
991628
3261349
3881643
3230526
1532887
4648353
3588996
3959923
3414053
4366800
605080
1840853
2773002
127331
309189
1746729
2306004
1295389
64669
4704177
888178
117061
3716995
2924003
2926994
3306915
3550206
2849702
4533251
156798
1072176
151119
1491113
4824550
952795
3741819
1986745
2566662
813961
3377869
2021006
4884066
275713
4765895
3905190
1804876
4285577
3736396
3474252
2448635
4353673
4277311
3883818
668088
2352100
3593824
104183
4912882
2417485
4740953
305455
4296680
3252676
13652
2838942
2899420
4868745
2283882
4394594
3762823
1887548
4557183
2256650
3087493
2421647
1666330
3549781
373030
79724
2246959
2411918
1613258
2977359
1848348
4276289
3891416
1198384
1560672
3173567
596372
2989498
3590741
2808015
4486575
134729
1900409
4736849
1170005
3678564
2477577
632998
4478935
3585732
2667117
1132816
712669
4910605
327642
1524040
4334495
175767
4854912
1070779
2125898
920671
1280602
4690506
1072612
2871462
1887473
4379342
3084239
4483128
3124124
3472067
3022868
3692292
1203997
3297517
2298093
1421413
648169
1831040
4343152
4502259
2791490
195346
4075995
67871
3983720
1052658
2419472
2224778
3973138
1626594
1144397
2364734
3926423
1943535
4013202
994539
4432268
4579563
4652953
4101503
4445998
92026
356339
3309326
1228109
788935
4702877
3750421
3920833
4143854
3072980
4235887
2006760
567388
4712464
3412735
670276
428359
3191517
2426183
389107
3881330
2456585
427078
1732539
2645706
1496997
1146323
1843484
1761052
2325620
2554312
2070581
1808335
3072415
3255366
1044013
2224056
979171
4366592
4025193
1208602
1230048
2236236
3930568
965709
3824107
1505191
4992124
242513
4624018
1573511
368496
596160
1167695
2608062
1722533
3954203
3904783
4140320
2539558
2144607
1532486
593855
4811417
3300460
2543421
3366098
1386299
735662
4686168
757742
588104
2806103
2560843
600472
1125407
3884598
2978248
2036024
997820
2157211
4814419
4542980
1362705
751445
4764635
4806887
3251424
1575271
1540525
1802754
4691217
3464805
3376114
2943433
1833862
530828
255382
4947276
3233294
1483091
4533899
4596165
1412812
2236679
2707508
2052050
4802695
2068221
502337
3037910
3420722
4320999
1474284
3512869
1164914
2065145
2086112
2871971
1887967
4238494
2684501
4827233
2816256
188714
454861
547820
1315998
3768413
1982074
2770443
4951769
4823213
3078482
3013757
3555048
4569980
1100716
3381615
2841118
418861
1066135
2788830
372182
380292
2350649
4374984
3808896
350098
2794721
745087
2991057
3819153
4066119
1908289
951094
4878146
4335805
3075106
2837435
1165623
2749924
913280
778745
2945770
572141
2794022
4390248
1017955
4101664
2075767
4124979
103861
2668478
2092861
1374960
3359212
111956
346899
309477
1346225
495259
2958346
4491477
4603056
2869253
4113400
47413
2618310
3966360
2508015
3465238
1837767
1914894
3969918
202841
1595796
4495724
690856
2275117
4665515
4876053
1951921
2100711
4221385
1979664
2579048
4517740
3991319
4939097
2961232
3949359
157173
700778
4073178
2011361
790171
1203458
2248252
2502173
4123405
2177498
3091124
1799279
3214955
3388575
328713
4985549
4541610
3618585
3850755
4494663
3942344
2360620
4942047
2271902
3070046
1795826
2067465
2118136
3264646
159520
3241959
4947921
3887310
4400564
1916432
4408503
1378307
4692523
2082990
4010548
614252
4360260
3189948
3551374
4609594
3906220
1386894
4842350
3865212
2535796
4792682
3501379
172317
3336564
1404639
4759219
2133475
3834942
1941540
2718792
4814332
1262312
1252374
3283055
3976089
4981597
3875551
1784857
1602910
3071923
1858215
2129810
4869353
2510630
3866314
806165
3891207
776296
4240691
1485339
456902
4763110
4156025
1153589
1817951
1057126
1332863
4445571
3991768
224566
3319624
3313841
2380999
3901577
2036512
2226679
3727878
4275720
9365
4416368
3535227
656312
4842250
663091
2161422
4830624
2817416
4542204
3187958
508595
131888
3903224
661006
2734728
3115162
3183443
3381927
1487077
2926251
3616355
333893
935116
497344
4157113
2050617
2784647
174901
2135843
2363457
2670174
3890877
887138
1694505
2836259
2304785
1055773
1076255
4242498
3961389
4850570
4343695
3535169
1230732
4295429
1912203
3628956
134783
3142583
2381058
4609130
3907262
1466639
4628775
226933
1885572
3678718
3903822
2929177
4903098
4645006
4800095
1409458
1697153
966871
847321
996131
4117480
4098077
4919797
3068189
4905786
3063229
4834116
1978739
3676303
3048145
1720027
192118
3717246
4115060
3747456
2433978
502849
1084505
1458465
1369411
2927093
2845280
2519354
3752578
1475038
922396
3845853
2406621
1997582
1923570
4511356
4064967
1861398
1442775
3034737
3932816
3370208
4954225
1861209
4745435
4667501
4726740
2086086
2118849
3112772
1372342
1816837
2367504
714945
527987
91246
1858596
3122147
4507488
4637008
52511
852674
2829387
2009122
2934543
4139662
2961044
4842476
3146808
1375159
3735022
1934670
4844462
4101870
379281
2264711
743950
2236971
1711653
1187010
665929
4299767
3251569
674568
2465688
4519190
1628894
3714293
158898
3410308
2798432
4003602
4159103
4742480
2206761
4342331
1685723
555628
422771
2968939
3034216
1255628
2993802
4282855
1879839
1868209
4858009
3840873
2045222
4656309
2273639
2239339
3696589
954212
567703
4970887
3588183
2184219
540411
4649521
290371
2014111
3968536
3696447
935077
1830971
2765255
1842271
4628741
3177710
4930353
4276145
2525659
3764679
1175759
384336
2399823
3626288
1873938
1106272
3617620
671455
4730361
1866256
235286
2122068
3397884
2473407
31823
4782223
2086847
4438835
1802939
564156
3539458
4934215
293015
1379368
2585415
1441568
3727862
3267880
1684069
333364
3206373
2550984
2542866
2648940
1930470
2737201
478793
467615
4652348
1736844
76868
83661
4069472
146130
4524779
1239999
3845757
1495251
180030
816797
136915
3704690
1022961
1710264
1310972
2102443
1734862
1530985
1841095
3642857
1287832
2926317
2287718
4430611
2151020
4777838
2565370
147431
2370811
843299
3467604
774554
3550546
1265102
3348385
363496
2008504
418583
1837833
4368400
1548138
2174011
1455359
2411050
3663973
4952741
3816346
1925669
1898293
2006620
427972
2802777
2167546
599682
3920726
2364965
754601
1790439
2917746
514237
59290
4714728
4573340
1366576
4278236
4331594
1437686
956697
3147410
3998648
2316164
4145109
1671461
421423
4141287
818857
1862063
1959513
1980431
2379942
4085804
1306074
3624223
2578283
721433
2526280
1088721
35489
1166731
3171757
2037493
546431
2415260
3103735
346287
3833269
3829709
379083
377005
4568623
3404493
3281927
1894515
3516724
4934519
4001914
311877
1007585
3342958
4595551
3596437
2574647
4548360
2827670
2427038
2548795
2313714
2891319
4483304
3981006
4768344
2890013
7014
920044
3566696
1150189
4029952
3562384
4142081
1310002
2887466
1181376
2283039
3323203
603535
1178088
2368941
4621767
1525416
2144744
2150320
1984088
3042829
4433829
923224
2646460
1573767
3460146
1154946
501678
1826856
3204722
2962619
3461490
3178754
4337783
3615189
1485760
3560538
189282
3403577
2019524
3100951
1118596
1705155
3096400
419710
730419
4905595
3139125
1535074
728617
1823811
2859173
1866321
2761979
2062399
3851423
2733677
4795551
599951
3600159
2612775
1670220
4695821
2568189
2417451
2174109
4005961
4902647
4926621
4377992
4894011
697417
4363810
1460999
4407273
1138734
4009411
4471929
2357263
3811111
4006672
4590936
3083552
1588642
2141437
404909
1098847
3428519
4258175
1806408
3956322
1041602
158030
845392
2028787
1744025
1489108
103669
2235269
1723561
430413
1103046
4183377
3132411
1489976
2405164
3820152
3819255
683743
1137549
3060082
2897335
282223
2943378
2444249
2582621
2861263
3278200
3897416
3695514
647731
1967416
3901342
1912889
571293
4171595
1955120
753022
2207482
2530637
3679112
1575686
1040636
2596041
3429188
3211185
2100739
966356
3009193
2880239
1790177
188455
884306
1494433
4559637
2025979
4688129
4651548
974852
3680048
1792758
1556302
3240641
49815
2235614
1794926
447571
1657671
4279032
404672
2341652
1506527
919958
1992701
217680
2043922
701328
3804191
3225572
717628
994968
4047086
137149
3281908
238484
1574148
1052343
1877440
399642
4841627
849094
895960
3990386
1543561
1161910
3293521
4156233
1232461
4644165
2101984
3110635
1602152
1929041
3612688
1849155
706576
430505
1183093
4481204
3565938
535138
2304681
3195026
1987093
2792082
4649253
33919
3294063
4356357
2673805
537449
7774
3316718
4470704
1444420
1047632
3044463
4586740
4345683
1721375
3315768
1450722
3746444
3788241
1331534
4725027
1077027
3712957
2497847
31162
558429
3689321
1968142
2296649
4994525
266663
1624096
1721588
2928429
4689516
2825095
870659
305420
624615
3564463
3310212
289403
1903364
650987
3206583
613119
3151780
242267
1716040
2838211
4514427
4592489
1444630
2238632
3252990
151194
2853527
3487277
3773220
1992796
4350912
4680101
2204095
3707493
1545982
755127
3610944
255724
2137504
717165
4449416
3257135
1978737
2830707
2705788
2916898
2954496
3536359
1780486
3384608
306413
3408830
88104
1489574
1880676
4323979
4577742
4658964
3910441
2819196
3755382
4364656
1495993
4087916
3510296
3408756
2662151
1092632
4837046
2405656
4126296
2806992
2808327
3577025
2946156
1626140
4877169
4218428
418173
463737
2362264
4743788
853862
4544305
4448754
1855721
4720558
760900
4032839
821200
3305430
796380
2146275
3940064
3546625
1180654
1319985
4200572
4631109
893881
1052534
3905604
409221
123361
3154781
3020085
4429208
1502025
483903
1176714
3690980
4588096
169721
1271268
431552
185327
422705
2144072
2700439
274751
3805591
3159475
807028
4091993
4181925
4541642
1869532
1411859
3834032
3962775
4274724
1056093
2639043
219679
2256218
3528169
2524501
3048899
3089106
3907471
2437055
2187718
2166016
1314108
4996597
3824624
2537903
704420
268540
2245597
2369032
931247
1380382
1017285
4916924
3394897
305173
3443703
3775403
1514248
3825417
2460669
2225110
912887
1690504
4453426
3088714
4627239
4889281
3577857
2049166
893449
1115357
4700870
2937776
1485607
4985553
3319930
2155389
687281
4877006
17636
1274669
2498640
1785085
3421670
2156653
323699
1365620
3460496
2206390
3097427
18664
3516918
1231295
1229613
1984579
4164731
1104468
2363752
2205066
616108
970297
4686382
3752046
4057402
3911071
737100
1498397
4404088
1112201
280205
4422381
1932678
4518207
3619442
2348820
2529412
1981514
1985068
596789
1331117
723795
2823374
1421979
647162
1205664
52222
3314748
1439105
2705910
3693885
3167507
1498172
976978
2426786
3219176
1866879
3438901
3833833
1887068
2061949
452996
304222
3812948
1867351
4858575
767913
4593765
2709510
2638133
829327
4844020
4676232
1984755
732543
606041
1224829
2974793
1833991
682042
1396895
3090063
2270503
4423938
2818299
475165
2649877
2871588
1770239
614777
1640366
2216943
2060226
4230032
2253883
604484
1743819
4945419
1302513
2155268
4028955
942564
4434048
3304099
3474001
2460451
4345847
1068325
4364529
1977989
2787784
3669125
4282056
3072324
3038130
2340671
2870879
4250526
4106553
1717449
1705348
24776
4714939
107293
3664224
3410240
743546
1281179
207105
910472
2162483
915191
3169599
4995052
896770
1706596
4560166
4414139
932057
3851939
1436638
869129
4661307
362669
1180408
4526171
2796520
429512
1984505
1359465
3844448
4010366
3675113
3654623
2342662
1402081
1290836
3136810
2046368
3414247
4099965
4976784
702685
2270774
4510308
3145911
1522070
2963271
1783995
4793643
2114221
1062512
2320569
3552902
2118176
3297356
1741428
39049
4102778
565607
4382207
4482188
3344928
3960429
2477225
225264
309432
172125
4484768
2817301
208483
3269285
1471871
1143162
2082183
3048601
946066
2603130
4314054
2032065
4298760
2090757
1641459
383313
602788
3431009
2987402
4365259
2162728
3358601
306212
4341463
2309683
3992823
845381
416388
3512547
4879672
2517407
1343653
1446512
4555215
63786
3783889
2315684
758972
1945647
3396228
4199081
2426787
1588262
3047247
2298727
3831581
4881656
2982865
4109436
1137891
1186820
2074173
3462197
4106912
3468521
4952495
280863
959478
2797828
1420831
1722597
1697636
1471211
2105739
3802551
181790
4618502
2662433
787923
3323796
4789998
3570537
493321
3869431
3798403
528523
4545169
2998171
4348913
1304445
522733
2184620
3378846
4556809
3563437
3204620
3772686
4774143
751753
2779744
4694602
1328360
71569
2649192
66707
4678282
378711
707662
3699418
4684715
2591835
3091128
759352
1768673
4547761
438505
2419571
1289952
1049982
136002
406035
831591
3907594
3618970
220923
2740192
3614967
2492819
3374386
4029093
3922906
4683164
4576820
3776778
431870
3199232
504706
3303632
1593993
3911113
4864121
2721308
4859748
495388
2495625
3601759
163369
2397229
2110591
32698
3436406
764876
1726800
1608281
3256740
4010508
3438011
4590726
3142707
1787062
3151512
2387800
4828735
87956
478526
2532274
4144907
2840485
1983586
4930333
2900934
1436775
2410050
3538735
3334928
3324636
1780405
3847767
4900947
287637
3309879
3565051
1166865
314285
2719024
925408
2714671
3151354
1332871
1710581
3919545
731816
817595
2569507
717130
1326334
1401550
1078249
1154759
4106056
1613775
3320548
4231372
2697963
2880626
4554700
2344460
663193
125521
3386534
1218406
4539658
2140994
3670013
2993855
62831
2329094
4123455
3871353
3997627
2816618
1543559
1062176
390342
2751607
157077
4332717
3723741
3829589
4370467
4924580
1828018
1254107
738102
4533597
909303
1618842
4686530
4966738
4692367
1390732
1163188
2499643
4058931
81818
3840421
4338146
553401
1570143
1241973
1731395
38474
2919371
3231668
3045127
4865673
3002233
1776790
3163483
1977943
3711491
92139
3554107
2753650
2336566
2993889
4990921
4030876
1105123
2472212
4063963
4176185
1482036
2231804
4166698
3122338
4559178
3479616
2724123
1539202
2044262
2259743
4032860
1391611
483362
3702458
2614485
4623415
4218985
4080661
16592
1486609
2754155
1962592
2447853
271364
294971
1068255
2572843
794940
1196479
947828
3996090
2257317
3701709
4348128
2297873
1590788
1809717
4726358
1701618
783681
4517462
4893117
3226455
748900
162037
236381
4096949
1072375
1274458
3276799
113589
3923918
4641398
2512075
3855881
2296128
2298490
1477831
993774
2794294
1013704
3707045
2464268
3532673
1436380
4576533
531881
4313425
4069714
1872911
2140380
2030472
874851
4403178
2222367
260634
3837287
3104305
1800359
1443842
4955723
4773508
4904522
1482554
479905
3575248
4216876
4536776
1388684
3469413
851462
4572988
1753575
4263830
269193
1899210
4078909
1147757
248502
1506131
2810432
1357141
840603
1790237
3205583
1578284
2405586
1364143
4584994
817074
2678650
473885
2970267
2285943
72835
2350105
2313438
1343047
2896157
3112339
444017
3912294
1567950
1149662
1165490
4122707
305450
2476623
2935840
4416489
4938424
4143479
1669827
4272033
4963002
4845413
3243600
432046
2599449
1188832
4303073
464502
1773479
2517291
1465024
4890323
3718789
2489910
2819463
4190862
3992211
2682900
3531099
3108157
4062100
4464263
1195185
4402136
1490302
930389
1142002
2832708
1889040
3749211
2860116
1090328
4812447
1642903
4638718
3648884
4539541
2569089
136822
3081518
3579301
4581941
697034
4959135
992894
238690
3554212
2850712
3242224
4288671
4599816
1243267
4127955
1327060
1198973
1174958
673514
960071
1852033
3055794
1149604
916221
3175782
4989822
2334304
3984637
282327
4816002
2902289
3099883
2125339
1488130
965262
918000
4610516
1783212
2403772
3917217
4021228
586765
309279
789079
902690
653672
1540064
4742887
1103471
1074079
1384812
4745077
2098522
94575
3886303
3435398
130829
1883220
3574635
638370
2424987
4252122
929855
1323576
3596650
5575
1325028
4639050
3903989
4358565
3316305
3705085
2430335
1424378
2676190
2364688
1149534
1771932
4046884
2699845
2476635
4761643
1575897
694339
3126153
4946620
986956
2229614
4349889
3108520
4221087
4489411
2968799
3655976
1165649
4455661
3194279
2527398
4778889
2179140
3298964
2803327
315213
857570
1170443
3021847
3124290
1464114
2012819
3521846
4569853
3987445
888308
3472721
1800323
3937049
2169112
2072311
438157
1444101
4128707
2006713
3757148
830518
3782084
3168123
4863860
3527454
2950253
2069232
3442047
1696624
4969659
625814
2286357
440202
3899166
1162783
4601335
1273222
4681717
1084851
4344440
806732
1823831
1582632
3767218
4816926
2246627
3671635
2672095
241324
1875521
1440468
3303084
3039852
2156165
3006625
2648477
1704610
2767852
3360498
4086659
2517169
3920788
3265404
4623392
4523269
1831446
4997414
473171
4095648
3531436
4345474
4991696
3360171
1208108
4511897
498838
4066742
2733876
3371064
2700561
3293159
3442621
3524214
4717742
57582
2966789
3842311
3706478
514803
1769171
1474403
1125572
3157339
2444403
1785718
3481562
1024840
329750
1751188
126152
878307
1614449
3654144
2523212
3347575
3380785
4278729
2111973
2901169
387803
1997773
26750
1539569
4605276
52083
1521371
2670711
4851350
2861587
4976445
3150071
905898
294469
3159767
3397790
3690105
1399962
955673
683370
2927588
1380263
2615572
1507394
1370150
1621196
3386330
1512767
2775255
3632644
3426682
3445835
3450980
1241213
4459557
1189377
3876317
2874620
738867
4215474
3532788
38028
648140
537112
2728769
811050
93094
1633430
4871600
2468414
1704551
1523693
1291144
4917283
2350489
3778326
3301483
4567398
3050810
882002
4852459
21408
4857752
3518540
1392741
617488
951422
3061976
2521321
1426096
1795925
2691340
2129623
4193902
1087128
577625
4303002
422514
547705
4838097
3641251
4986643
3046903
2333883
2444447
4028222
784850
2218602
2063958
3323484
100577
2640703
3659352
542065
3716362
2206252
4146956
586536
4432911
4016283
909647
927657
259524
4243079
198963
2104100
1883783
1656865
542579
3225889
1972249
3514575
941706
2077326
2444295
1424216
2338204
3008575
3061224
1780585
2338700
3911203
3600899
4047603
3677842
3292676
741973
4193531
4261062
1641834
4179226
3164581
3201461
2794755
4781575
3491666
649750
3211363
1542158
1566884
355466
1688054
452390
2847517
2779030
3035228
148117
3383627
1077412
4386379
3563774
1117986
4290830
2390583
1137024
3831340
1184769
4674070
3852775
28979
2809600
4378131
22678
4551659
4527144
2158017
1515672
948503
4562827
2865536
3986935
1625205
4296686
447369
4407473
2180957
2987412
1799272
341296
1313970
1645579
3331574
1880355
3167988
2326867
4098962
1438047
1723414
178637
174247
2488848
1110615
4659663
738534
3563057
3029000
2769234
4257663
1839618
2903393
2229579
813514
3728506
4896151
380937
3595686
3136701
104200
1050387
3052074
4192421
1856242
3061883
2853313
3839629
4101524
3432477
1728041
723666
1141345
1727211
1374368
145864
4143426
4304900
677953
2188534
1088675
1345871
2067637
724783
3407423
2526738
3597670
1054235
4948585
2563552
4335278
2223473
2966871
1149393
3384722
561055
1852708
2776880
1891348
3030949
4906707
3148778
2917747
2102640
4916723
3195215
289789
4616558
4245433
4890480
2676151
1772265
4666140
3293205
4672298
2860284
1719799
4410863
2265019
3324347
1551373
1622072
1098097
894209
2712183
4407162
3207236
1134588
3882641
1021627
3846482
616886
4241075
1349974
1988881
599490
2259750
1732485
4995040
1091343
79176
1468342
3126510
64570
1677002
3846216
4154407
2152445
2232521
2332089
4939670
1897896
3104156
971056
4702230
2742583
2101862
1298441
1544223
526025
4191124
2080442
2159025
4697953
924227
306426
2383290
4942673
6042
2853514
4648633
567297
495304
4966238
4544075
2886685
639235
1137276
3844505
682771
2400738
282556
4831180
1386433
2246737
691827
3692299
283488
187599
225431
1078392
3102343
1882616
4897806
4343400
4974644
3790869
2952297
463283
4732727
1171380
4784497
4659828
2329228
2215598
218083
1739553
2406755
4279339
4055122
1392139
3643752
3429515
2718583
4111865
1693573
4031110
1477760
1055563
2470797
4051168
4133161
3909049
4539931
2875236
2537097
3344252
3887258
4193405
311790
3993652
3672723
3476435
3621393
2106195
2466249
948080
4197221
229219
2176983
1500778
179183
942458
189465
1752210
501773
3936318
4275584
3504876
4213454
1669470
1159119
3575540
4433661
1157936
1433145
3457447
1143955
4065995
1081825
1934667
2766805
3543491
2699299
3015361
2590848
1368637
4324676
1237681
3961110
2123023
4554593
529531
170561
1793469
1193705
4015107
4731686
4142398
2504176
2547478
2984741
4384996
1386680
4068080
2757209
2340198
1417077
98399
2763877
1284962
100347
811367
2757080
4397382
3260028
4100305
650048
269486
397649
1517021
4348990
1587902
715289
3622104
3974969
4344222
3255967
1796027
3169300
495919
1707932
778172
1669509
2434031
917520
2991173
2555558
534762
4690183
888801
107797
4138165
1221828
4544596
1750903
2587489
2559793
1229755
2414252
1072498
2523590
2655218
1558376
3641563
3832407
3042750
2004058
2318578
4092028
2492948
3634593
89434
3709139
920880
1187648
4011272
3083750
2329231
4908464
3042747
2736646
1984182
3128066
3376273
2594850
1326603
4964122
837476
487578
4377106
2549234
1183420
2419932
418973
655000
313629
3408705
2546458
1564018
3633830
2452877
1613036
4051504
312723
283476
1067599
3782281
3450956
4828151
2524886
3378359
1590472
4077233
1784080
3955690
1644495
2164407
4522052
3741797
4477861
2779565
3570119
1816638
457347
174577
2472115
1441020
4134421
773709
373296
2540131
2525099
130250
4144987
1416260
398838
1750780
1280088
2785432
2761551
3374298
621578
2377689
4818619
3035846
4521866
354346
2441211
2627411
2477293
4518904
1704891
1760142
4933393
1227484
1641320
3450179
3304630
4211088
2946345
2914882
3341236
3682557
1295115
703132
1223616
75727
2745361
2237765
3807904
1424292
3998021
3488876
1542010
2333435
3295626
2524832
964960
2228057
4860043
4532463
4038850
809349
3285753
3992921
154466
3537184
2626073
151126
3751431
2747732
2796640
179301
445137
1095262
1202714
967768
3922505
3474551
4310601
208786
4721791
3891208
4924161
1166015
559618
4035282
2192195
4663981
1195651
4831429
4395404
3262681
1370077
2966034
2834055
4660212
3429912
2542923
4278611
4755743
2307648
2359074
80185
3674784
2974104
1483302
2935253
1170001
95065
1065392
947132
4569955
4091048
3083565
4388298
2808021
327527
508898
1018823
429736
4882094
666196
4622510
3831785
3203600
617542
1756539
708903
1573515
3936982
905181
1402633
4956864
1129297
2961406
510577
1884044
4985291
1582332
4656254
106751
32673
1250093
4750059
1940109
865829
1860893
319506
2774018
3589184
1665824
1991794
3885462
3266259
4020331
1626558
1887958
2064545
1785612
473522
575080
666010
2757606
2817555
3429716
192393
4057428
1451629
4729355
2545273
3592510
3332686
2772939
3732181
4463835
838
2491842
1727934
3922742
2714420
23868
2952192
4429882
4539713
2309781
3443631
4878041
4374417
4977260
4550191
3316660
4074102
2511724
4769397
3166475
1559864
1297138
1730131
2849728
1032423
1961399
4573096
1003351
4098819
4748199
1698129
2507117
1930514
4495621
4268314
3494257
2991723
2519932
3202775
1236007
3185024
49948
474482
1653129
4124489
2836085
1812622
2275009
1894533
3552806
687378
4735511
3380396
1327142
412069
3142110
3782773
454658
4148775
1100125
3069808
1092096
4846050
2190541
2962377
3931027
4243244
2101630
3898520
2050982
1550126
4143178
4832631
3511170
4127043
3484991
2773970
3807205
4893971
3767569
3852055
819141
4510645
3625285
41920
2243707
3508430
2163316
4065500
1540575
4007767
1870707
4146357
3865926
812658
2219557
4239666
1813634
531166
4281240
27379
3307105
2487990
2692024
2611636
4330824
1933878
3604505
4388678
4717722
3657793
1067808
231059
2585300
2434399
2832156
1646597
1868567
2247253
87272
2560618
4311024
176537
3204190
1621113
4983664
524886
2937877
3800534
3827916
4951164
3210347
2665829
4186335
1884980
1481167
4788274
2979534
421665
3116236
423716
4828911
1815308
1210334
347906
4605170
3609737
3029057
400004
1795627
3548198
3339970
2943424
4367234
3672813
4480328
4494797
1548581
4089840
2711910
3966166
835418
2072724
3578650
3102318
3785474
2783272
4313698
2600866
1030095
3292909
4665059
1863854
2362756
213205
4412868
2654320
4663684
2944573
777130
2465377
3472266
230277
4301165
1341193
1678196
229610
2012104
3666959
4465084
358914
4703378
4510942
1085980
218355
1961846
4761126
4921802
2834202
3151681
4299019
1076758
2980947
3353872
1503784
2282632
3830339
4708717
1416882
2192613
1563688
1136594
4560580
2396441
2988145
3798916
2008013
472649
1188077
2329514
3528452
1585985
2520738
1137928
2671318
2572123
2748844
2338559
1661405
4931630
3853444
2696095
2203895
1697213
1034463
2257534
68790
3942564
2926924
4707558
88753
383676
2776887
4324941
1743642
1578054
1201086
3938389
3171436
4485350
4632686
4882933
3832631
2408897
3729485
1095189
4092790
1946527
1951332
1939712
4703393
1553471
1603137
3468312
4570934
695691
784099
2106557
4397733
311561
2108909
3170567
2448073
3248963
3988897
2764517
3829213
1132885
4600066
2600352
4025924
4416609
3628165
168721
4667184
3160347
2134180
2933250
2239265
1151929
260238
2226467
4861896
3173207
3269834
4338705
2441066
1241443
3027434
2970622
276983
207876
4750674
3165795
3414018
886289
747217
94742
3632027
2772523
2647875
3386502
1643481
4572879
3753990
1529598
4100029
4351901
2281187
3899130
777662
4950022
2129360
3191727
857964
1559964
3582454
3709641
2525360
912649
157285
3140738
969677
1915429
4323144
2069450
2881389
2728145
2362269
1540438
3142402
880439
1598387
3386815
179547
1934166
585182
2536357
1261675
4324080
4050978
1774849
1558576
605193
3761398
3554238
3244482
2187932
4728016
742340
603217
3950087
3722818
516967
4701666
1412982
656120
409302
899995
1354303
2733996
4125063
1852034
4253078
3821785
4292227
3888585
3841811
4512877
328433
4572549
1300809
502527
1858330
4476780
4972798
1056892
2342122
536432
114009
1242787
1864797
4807988
2713693
2262812
3220139
1764676
3366492
4146349
1166202
473311
1842187
2932282
629725
884739
2774923
2675808
999589
548447
3523841
3221539
1981012
2811870
1838278
1292049
3279988
1400340
1232276
2685376
491957
2104568
1173957
4809312
797951
3883760
3943235
4841201
4457403
1083801
2044154
180199
1235350
640746
4125433
4889388
1507983
4135352
3525934
3317659
429717
171673
2885619
3639331
2621105
221166
4337011
1705773
860195
3292049
986121
3353487
3837915
2426915
3134754
2051951
4842346
1835853
2666691
1274388
2376162
3330546
2604314
650643
4985643
3834688
4466941
2564561
4835547
3529373
4294897
370627
271096
4286424
3991983
1135821
1983032
2950919
1503528
1578689
2369679
2156714
378627
1460864
1187436
4467745
1575139
177293
4740679
3111054
2168639
698214
4257349
1700271
1254727
4577630
4243780
4763674
4787451
2608185
4263427
3184853
4377489
435154
651036
272276
480775
1118449
2602280
458898
3957285
3970786
287832
4960909
312012
285582
499264
4060169
3272095
4471975
2665495
901145
3858173
755700
2491949
3097257
139113
32511
3918650
2850781
4571853
3600326
1695552
860975
3519861
2756484
1294056
4041895
546121
654516
100524
56071
3478213
4938967
1263286
146436
1508847
2560846
3428311
1270759
1712499
1741491
2720782
2150465
4724831
3474677
1561923
3106079
2675566
2309971
1653675
4761522
1026107
1442661
3847116
3879701
4409042
728895
1983451
1411769
4899859
4518274
2173091
4630044
3311024
1161166
322748
4328947
849927
96163
1017528
225552
4142204
537306
34019
2217676
2477524
4890923
2720279
3187293
951005
3542509
2406275
467367
1073504
172122
2804630
4839066
3739803
4829347
727480
3945223
2016966
4799473
1036422
430936
2097382
865630
4589624
1408936
4389740
1239965
3976998
1516828
2247360
1173719
1956091
902002
2449592
2589510
3853039
37763
458510
1554730
2843217
2693939
2689589
4941319
3660660
438700
1547880
2274599
4703851
4324034
2069062
2927665
3356517
765853
1019724
913662
3944621
3313261
3233881
1861024
2418498
1666279
1355292
4175145
4440640
2140013
781053
999446
4289537
2261745
2310842
4634145
3421900
862006
3866878
3741228
1734332
4007261
1196480
3217725
28781
3532175
2236561
3215465
4212931
4949472
102308
2849468
4695393
2541706
1183110
3734535
3917015
3234868
1033999
3742920
3099516
2437205
2424158
1156334
3350176
325611
258051
2954866
450164
3615702
3395991
4974447
238508
4002640
2897358
494940
2872823
511844
97995
3271343
4767510
1099123
4861756
3469548
1720840
1001970
3426166
2103828
272002
2398930
637494
4162698
3373031
3986224
4059330
3338746
2418342
4981852
4723160
3940514
3342359
4619159
1427974
2208307
4314143
935359
3311788
4649064
4789443
4647267
1152839
4410236
938757
1255562
1519382
1377141
4691792
4389198
2086906
698205
4008613
4354790
4760950
3124901
3877957
3201061
1429408
2598950
3771042
4123402
2878085
4208810
4227677
3017702
2832116
1923033
4260455
2361748
769693
3172307
2985660
934871
1757213
3723645
1405755
4816390
3622959
4753140
3145347
3072240
4283607
4076247
2426130
2422349
1558638
557677
3114322
1856537
3874215
353566
2914065
1739402
215905
4386272
4740344
3002540
4123920
3081746
1715585
1130587
2509802
749513
873217
2289526
2245579
1612374
2664822
1516028
2677492
1305482
2329538
4902062
4948704
1932099
1266071
4657689
2769266
927018
4885248
2566934
4988718
1400880
315060
4818444
567400
3534066
2243523
4202720
4833941
3896766
4901192
1066081
2227132
2392305
3853837
752945
1443067
3519359
3215902
2688806
4677035
2072736
3168134
4298082
2387147
3549877
644807
952500
1782807
914141
2200729
236647
2648081
4563692
1933709
3286725
3386319
1593787
1422376
1349171
4395005
356942
1306164
3333171
203451
543309
3023313
1209497
2772191
2795071
476659
4381914
1706324
696756
3246318
1956126
3837797
2249659
667597
3240600
1386430
316246
847340
2950547
2443659
412794
1404699
1458680
1624198
4175728
4521520
3990848
3329340
4335068
304255
3417173
647928
4740042
775937
2644172
1781481
4109564
3763940
3744574
2617746
3731151
394377
480503
2200221
4571525
1576994
3483772
285840
3762945
3728274
2019474
2688743
1925933
4021161
4122858
2195513
2028408
4188047
897784
1798424
1633370
39472
4058518
3685078
2787691
545142
794848
966846
3081926
4401336
1500219
3020029
4459112
3767825
2664658
3447706
3443137
446595
1353425
259599
4681222
2703576
1687895
365262
4221039
1123311
2687812
1864429
2648540
3173656
671189
364540
151617
3307032
214619
4305969
4840288
2147084
440413
3103944
4555401
1318790
2281911
886968
2005034
4243139
1194615
4761086
4167303
2561484
2171354
3439283
825055
3496845
4912023
2550702
527672
1501795
1822136
1706261
1912182
1279930
374193
2586235
4994111
4396209
3458160
4465135
1178837
3079072
4047341
2563946
2595207
4605112
1410580
2512674
1412603
212642
4853441
584419
1717510
4743503
3866850
2076979
1945841
4947649
4659384
1903887
4261495
1235994
3010615
18889
117964
3900634
2183717
3566173
2531186
383780
3482542
8753
2868950
2367255
3387216
625828
4281966
858955
3285541
246575
1808898
3352576
3577615
1221451
588843
1915078
2950652
334642
641453
4072479
3146887
4821823
2121832
421915
2985023
101188
373928
2596982
2764080
2834719
3009653
4594961
610431
1508424
4902917
1637175
523697
3338451
2963320
3806902
325049
2228890
977329
3161043
1691255
307295
4429665
494069
4614786
900833
4418535
187933
2859003
3106891
3186719
1380007
973624
389886
3303472
1384490
4481787
34888
2823343
3526219
3122307
3110920
4770812
1105325
4514885
4920329
38044
1673803
3645355
813813
4116102
4011783
4860774
2669972
728367
298626
1481486
3982742
3311217
2293652
285958
4450368
1896506
3131805
2490789
4420211
4425000
1215174
3592848
105413
4147550
1154150
1070897
4960256
1573801
3811370
909859
1216887
3922665
3486742
4110464
1541014
2581777
690930
282142
4682792
2789316
4961249
4333946
4420675
745393
1225812
3498049
3946754
4875937
1739238
2861782
2501326
811021
3493686
4459937
1450371
1420745
1082667
4178036
3048401
1786714
2937502
174278
3020579
3961947
392292
1603544
4730646
2559723
4750751
2297071
1875678
2782906
3298461
2627855
2882951
358198
24502
1578382
4941166
4465315
4586376
345345
4294267
3863830
3256247
3635149
2703869
4046052
4000953
3061328
4084282
1244357
628543
4334406
1218457
248565
4522654
2075071
86143
609005
4007482
2593834
1980718
196664
2538116
4766182
1980629
4793774
4904799
2273574
1352406
952882
4034056
3382752
1095494
41460
842790
1337729
3784949
3943645
2012587
3582542
4649976
2206589
4496185
3128064
1536427
3838387
4681714
2207405
3314677
186075
96530
3631953
1078876
1719702
4202837
3717941
2539976
4197144
3518629
2273101
3983794
915726
2932321
4434793
868374
3526778
4212680
1745526
830941
3856510
1835882
3883699
3492477
1277580
3430644
2097408
4586718
277196
3658728
4523486
2526614
164711
189875
4148447
1321429
2452536
4707035
1007470
4890277
2253004
1581644
3037569
3331951
4044272
2962508
4959143
4081073
4690840
1935838
2414097
3025514
207724
2176018
3633322
1398272
1093965
3425095
2370783
1431511
279148
72887
3727187
2810692
4056331
2209781
1553723
2112290
4158964
2603342
3532553
3208254
597944
3803734
3700654
3521062
312269
2046305
3333330
107073
4639520
4761251
2089176
4351551
2755252
4664201
4948880
3916370
949493
3705208
4969528
2735225
2353594
1959148
3596736
2234908
3000746
4632035
2667790
570595
1728686
920028
3339656
2368188
633698
1849773
149543
3131290
802721
3284485
437113
3616368
2978941
4898174
38524
4631503
906118
2495830
1313311
637078
3068619
1926807
221447
3720645
4458318
3472210
3132408
2372174
3767925
204221
1735063
3404254
1422137
343574
669891
4924373
2027156
682224
2190608
1397463
2780459
863463
2191972
887505
2152604
1290628
3051585
848198
695607
107795
3739776
1554223
2485300
1897760
2430866
4275100
3623892
922613
1164459
1203711
164966
154778
2212275
3597570
4338601
4666304
75378
2194860
1415156
538609
848880
3074206
625182
4003813
1241054
3642396
2922718
2207354
1019309
4243935
373667
647375
1013313
4143573
1804843
4340587
1266961
4012091
3421095
103718
1856210
40542
1678089
2377664
274228
739113
123349
1160070
444439
1583155
4132780
3127375
4734217
4760572
4011407
504225
3739558
126590
1490535
580890
811749
704072
3290725
4039655
2535106
354524
272569
4628187
4195265
4244837
2558014
2184444
4397420
3409737
412453
2432808
3170809
122518
4671243
3536653
3729700
4349796
2983289
2559355
2627980
3932280
333646
3554319
3954081
2752215
2076207
587752
3240696
755525
172468
1047929
1900367
4319911
4732154
4565722
4239853
1274040
4515498
463529
2357496
978796
2659808
2789685
3555752
50699
518864
150782
2411435
2219223
4929823
2506620
3929851
1543897
2271754
2608545
2316500
4218554
2481648
821576
3054538
966563
1677867
4140879
2400138
4660982
725885
3118627
4983419
1219758
1551178
3902732
4509684
1621792
1883120
4037754
1697989
155466
3061909
4527913
3523015
4974519
1313673
3441470
156419
720297
1654046
2217583
1854672
973843
4678861
938849
1934399
3796996
4770324
902362
3762854
3957268
3633960
2628269
4968265
4778145
552474
979330
1568973
4674276
1145854
3412020
1204193
4687157
3498576
3752691
1355934
4986206
819048
562306
1412418
1123814
3099977
918638
4214828
1699175
2029517
81623
4422048
1962330
3553277
31618
3164388
4949311
2481678
1627484
3251390
1466811
3745477
1486433
3770066
3019682
2776025
2153062
3277864
842418
223670
3718532
882054
4356576
2469922
356713
3248177
4545804
1577335
597736
2925387
986986
1666166
558008
672659
4166327
4884734
2564705
2097660
3194874
4356873
4030555
4235471
2675695
3720644
3957312
4345639
687953
3795841
4514942
342605
189334
4010521
1866313
3720446
2643419
152559
3873535
1334669
2597310
2621707
1253097
438026
1874763
3114854
1755522
221153
793327
1210888
399818
3028264
257952
4950138
400702
3269074
4391533
4809032
957826
4320690
2188513
2942921
653982
2518689
2174461
974816
364309
1836527
3383994
1141912
2567848
341921
1313960
695097
4988572
2307261
1277091
3136542
3445410
3863113
4592355
132279
1590892
1859908
4171465
1252199
2029117
1138845
2029234
2087166
1477234
652740
3222836
2838110
2770380
640852
4353403
3569258
3617354
871338
2580711
3916438
3322350
3854597
3229766
131627
4102454
4523030
3241618
2947642
4489856
3235761
375988
173695
1680763
593613
3400449
2781440
4192357
3154922
778713
1046785
4371776
1975948
3117617
4978449
2892690
1544574
3882610
1725258
1200633
4710780
1053029
3066249
4267094
909029
4741984
4559022
3152476
1014278
964105
4093685
3235807
4685721
657510
3237298
4463842
4450649
3961350
223144
42049
3179775
3318076
188651
980646
2553129
195284
4583192
4837684
967591
3166471
114350
3078639
4802031
2023443
3907585
2792705
2409630
3352358
3659231
2774052
4989269
3460806
380680
842261
334180
1089057
3040884
2597183
1071742
3799545
1977225
2444610
3234750
4985371
440766
1992004
3295862
4021739
759192
1097055
4357736
2218424
499012
2795290
2603825
2156803
4709567
1381987
2461870
873793
729528
4846508
231128
3424725
347014
2902248
729064
547267
4057091
2262313
1574261
2115441
4556509
837336
3091243
2088600
4207216
1685936
4005576
1030737
4638178
4565424
4520285
3498792
878380
4805118
3873031
4503444
1066991
1406898
1838631
85734
810687
2533201
2462204
4287918
1496680
1277192
2797283
104072
1814090
286482
1779272
4884487
332828
1647970
4966548
2468512
1206789
1160367
3708244
2544568
757648
4029104
1049721
3722988
1433958
4404654
2615770
1799609
2652821
2059429
1330434
1737555
3131853
1627951
3222005
4519799
1268228
2131134
807748
1580610
4282532
1982384
2574618
1109041
1047520
4403661
4963422
2558958
1464936
4505554
185875
65563
4746725
371937
1840436
1896396
4722529
3306159
4215357
947589
4911656
4744962
2683358
4109789
1561780
1558554
4792391
4121627
4004128
403941
925477
623841
898718
316591
3289713
2076090
2597098
2675320
2529060
3675207
4484242
4068985
4537829
1458582
2796069
2993684
3415845
4364148
1105917
4287599
1830985
1367736
1932418
3349419
1610189
542913
1911194
4479539
271923
491186
3703369
797934
2388177
2490082
1095204
2091545
1385424
3173303
3897831
89128
4727686
326507
1792216
4458096
451868
4780458
4235074
892846
749095
2050906
1192811
888546
1289917
1615765
3984302
1073960
2634503
2220312
729663
4243313
4586146
2061752
2738074
66743
4136558
1794785
601716
2420303
252907
1428906
717462
3352892
305863
3746541
4328324
2521641
3974623
4439065
2621244
1021719
1354243
3898454
2638739
2082511
970851
3213408
4350969
4584060
216908
3697231
1080930
885239
3976973
2325147
1274928
2072780
590463
634496
1057327
3496808
2411403
3167878
4905641
3572934
109138
2159784
4862731
4654294
2091812
4370049
1261380
3901667
1086653
2695766
4760040
1900733
3130348
898029
1606512
4187045
4552478
3176823
3170191
2526049
1553731
3038413
101383
1584346
3413281
193676
4742423
729181
3912973
2034006
2037060
2778681
303791
921070
1166936
47553
4906372
479634
4923834
4435339
2880454
1501801
1299050
1867918
4252085
65144
699615
1115433
1379176
2798775
2109607
407402
4765298
1360399
834653
1855068
4497771
3653070
2150156
96297
591229
3181059
669058
256836
2269022
4240855
3161241
2257324
3408804
4533870
2349089
4366055
4355355
3209992
1204840
4529738
1018411
1808101
3433074
4897403
2789940
3267234
3387863
2157906
1854194
1138743
265754
3628121
3248051
3054331
4900010
908394
1921493
378743
323474
690510
4546919
3965489
4267538
1374221
316164
2199839
4218923
1994814
4165042
4322180
4182423
4186009
3255863
1634666
3842087
1967469
2586733
2904285
4749287
501502
1195555
3507205
4551266
162578
3731149
1089068
3169532
511827
3547196
512849
2512241
3885787
4274751
1606701
272552
3006976
1003670
4501436
3030248
4556794
3020252
2140896
4943846
2862097
1792015
361757
2860935
4794890
2567261
2665820
250754
521300
3666578
2818267
4502307
744150
4873450
2454471
3892305
2330294
244305
406411
218941
4567640
1780646
4973870
4324198
4041289
4211019
4175035
4568448
3591573
1101484
2691097
4199768
2460494
1985334
2019103
4326123
1312974
3602331
715520
4441696
4452783
3270138
3377375
2492888
3100308
3507390
3917964
4012156
1514004
1583607
3415841
4172905
2098389
3666245
1407617
2700756
3121295
2744256
2709029
1998520
218861
2904604
3202496
4676434
3228882
1097157
3558858
2746505
1497758
4010082
4919884
1381801
1065867
2232872
4258160
2648943
4267698
4393419
237876
1116973
3007800
1164433
2115750
832915
3655714
4901988
1628474
2089689
3851982
259523
4586399
3196849
4074055
741406
2426606
2810233
989657
798327
937326
1272653
2703799
2298689
2876434
2400087
3850713
4163263
1565403
3647527
3981969
3169366
3814375
1383564
1930234
1597083
3657951
506303
2828769
1698147
4980546
1674057
1233181
1676940
3774127
498728
3233959
4198534
184269
1320731
815652
1378278
2690559
977693
2992162
3771661
1282632
1253149
4222126
2221909
337600
970337
3765620
2533222
1452490
3558142
1296260
3193775
4688845
496261
2034186
2733220
1897062
2740792
4859887
4602258
1683958
3934990
2655842
4173214
2267228
725545
731979
3218341
4121242
4698021
1128847
1236493
3734395
1805463
3909090
2297359
2657620
205843
3614795
368840
63258
3878932
365712
3486529
3039062
3900439
4562748
1128585
4321590
739832
2532332
1836213
3946249
2008860
605761
1586363
853195
4875119
3055752
1164474
3283604
999705
2276192
2510279
3186217
3256381
3221574
1052540
4489882
1388550
3154490
3013734
148042
3095970
4276070
2874021
4157608
4995036
1505730
3025321
516362
979365
1070734
3263549
2800636
4835876
4046901
1245935
623432
1163883
3099493
452352
4093231
263415
1982295
41313
3043644
1573919
3660262
953326
4371075
4754911
4843178
4855818
2757963
221518
615487
3479582
4045939
4879554
4075899
3399331
29314
2246499
4090855
3184527
4287858
1201959
1165186
3841178
806903
2383279
835918
4439908
3519432
1398652
3432190
860605
1427836
516464
546643
4106180
4928431
4502770
302523
2007808
1551275
2553425
2671549
4180885
1791830
926897
2346309
3599305
1579520
2656227
4875499
3749378
3036330
1079689
689285
3586121
2568265
1979318
3334471
444071
1387658
3189515
3233027
2502575
1050204
161156
4160836
112549
3995024
3286033
2495719
4231836
2837694
3932995
4516204
3648457
201395
53227
4878710
4311838
1785257
2268881
720096
661352
4560211
790643
983888
2307188
3159790
933836
478728
1171050
222766
4892294
3779452
2137258
3392750
4539603
2431346
1833608
2012421
3535357
1225524
4802938
3385139
996559
2169165
73721
494883
1426651
2816322
191161
920197
3549748
2333078
2850403
854260
2682241
2538093
3964726
4405926
2302367
4457618
3288818
3557498
2789013
2074400
3919783
2611043
142950
1755357
2986305
1970395
4294155
2408001
840169
1772612
4441019
2106057
2628367
2838696
3277622
1295636
1470332
2851488
3960675
1756426
732617
4428176
4151241
1097728
2389103
4030368
2486696
3639841
555291
58323
2177838
3507584
912495
653521
2972428
1910446
3562539
4021070
635504
4354679
521034
3061609
2576939
4924269
2998122
2000141
3892025
2752229
4636838
3859919
315512
1638287
481593
58099
3290021
3146677
2452598
553156
3962030
1209899
2058786
2168096
2294024
4379102
4878854
2675149
2891975
4892351
2596395
1407727
1908990
3596850
121924
322301
3356371
122666
4407266
2619168
2985927
4527761
4805986
1721408
3612826
1715190
481954
4733240
2348220
2927942
951010
1763670
1002280
173119
3357283
3847053
2143134
43196
228240
4686546
2532305
2474403
3090481
4389145
36654
2454236
1266986
2447943
2213757
2426045
4981210
2129274
4139026
3959032
3286366
4638727
378917
2215241
2316941
1971124
3465096
3205341
1167110
4778956
1549204
3320829
3636518
2636492
3987678
4806500
4413783
2149318
906736
4854546
201649
490842
3099019
1281394
710996
3845657
2406238
3407264
3348918
2707780
21615
4990694
3176544
1679945
1458772
2618924
2133091
82092
2957817
4827857
1704914
106271
3226152
182845
4715804
2761255
3875900
2603704
3664801
1479172
654740
1778370
272033
4131116
4380007
717177
3109622
3157845
2412116
1393939
170205
2238711
2666911
3774427
950538
4254370
2219657
4230632
3063043
60014
2178026
362001
1097408
3907232
727207
3935017
4294867
2711503
4487343
812768
1860646
385136
2089352
3356830
1898124
637847
1064662
2447133
2449765
4197140
4877231
2285682
2067591
3743128
3090183
4623491
505030
68879
944223
2446991
1070362
4049921
1291430
2387105
449664
3899143
2112584
1323062
486794
775823
51230
2594997
1562338
229672
1048850
2299809
3927710
4847265
2345577
2339671
3310692
2877180
4630706
3204904
1472493
2477621
3224749
3645521
4854785
915402
2366737
1541097
266678
4935795
4168141
4935644
275377
486865
507485
2527716
449935
2636604
4301257
3014427
967742
4535101
1071816
1753352
2638651
4610476
3683068
3211055
3097815
4550647
4018182
3254232
134114
4764479
886750
2821590
4416168
4529155
3585143
605542
2616497
3715145
975947
2630936
4256015
4575552
2261048
2530859
2952632
2097896
837005
697372
2976258
788215
3897820
3898505
621215
4939869
2233935
1064311
1217798
2013092
4383303
3702049
665681
2585342
2598956
769444
4801877
1409844
1716443
402153
2553283
671902
712693
3845505
3188436
2857162
785759
3379180
2436085
635731
3953501
4794653
4721703
3683425
2871151
3878074
715381
4758730
4515749
1403041
1351241
4735562
2480356
4024066
4669417
3787771
1863668
3774928
921311
3540110
3350302
498951
1231332
2259036
4349376
4929703
929231
359094
987283
662885
4416985
2210870
568595
1489503
3701561
651960
387290
3943169
2470450
658034
4615801
3662840
2536642
3243395
2582093
1126920
4121919
3848638
157089
1159359
4868535
619936
3733881
2331695
1469695
2976397
2884967
2311644
2409769
4086300
4020263
899718
1301772
65315
4268309
3568953
332667
33960
258653
1197738
3176581
2401130
2827062
4554987
1082103
1771864
404528
646916
2451396
398629
3512884
493498
460160
789050
4505310
2427443
4645106
4709189
1204997
3331111
3742702
2405916
920474
3468758
284692
3907531
3164637
100842
3758193
4750647
4713718
3003161
4138144
1999305
4046449
4403843
779342
678684
2725857
3609819
1967274
1421408
2456752
1583385
2543527
1590747
2536556
4205452
328470
4167983
2069688
635512
3865446
1186166
595480
103318
2627059
385838
3570027
175254
4178871
3107030
4892703
666412
761095
2592204
226768
4966464
931748
2781408
3888282
2982615
4319022
4700660
927649
2673707
4201705
4065445
921241
408338
3377254
1201736
1538897
2831846
2879241
4115864
4841590
2547401
1269914
3375030
3018438
911566
3054752
940196
4035330
641742
470954
2046998
3208116
4095468
4640903
840776
1969285
2083744
885624
4621013
3958775
1860847
4415463
4902476
1114693
709805
1871404
821535
2449258
238058
2610104
584916
3769960
1234558
1203649
1984792
2252923
3648204
2210176
706608
4808315
4244093
1633651
3372387
4317150
2951637
4748568
3410863
3261946
1646377
3198663
3668328
3192529
1466121
1448532
4678197
1315190
3615044
833850
941780
3223797
1107604
800900
1734538
2847283
286527
278202
2644956
3007051
2295687
1123610
1448874
2246671
3785274
4145001
3607738
297520
3681064
2267972
3917298
4819936
3370350
4173154
2990929
2490778
2134689
4277050
3999123
578428
520787
1411690
4305599
3051329
808129
2805313
1852810
3778189
3350140
43829
2253285
57352
2444210
3619214
1373677
3214988
2696177
2666364
933686
660524
3487825
4181284
2547198
1404869
1644369
1591566
4942181
419884
4113030
3237143
1647540
3490085
809454
2803328
3236636
2333414
4867138
1796766
1513431
1893502
951045
2730464
3051548
4292702
722180
3137382
3144735
3668994
417078
721646
2477981
937658
1721082
4454020
4275775
567204
2917129
3824097
2602242
3748794
618368
2649387
2497152
942058
3430022
4310852
1607100
3300966
296113
1987193
3327182
199552
3648828
4122480
1136109
1458165
4516219
3882186
2672520
2829823
3506907
3107421
1788430
385353
660452
1397149
2173836
661242
2975325
3916973
1620727
4924863
2017869
3647062
4275355
3433418
4892447
4372286
4351784
3511648
2375453
1405312
934805
4512226
1696810
2555549
180556
3934450
3508960
1859792
1805313
1938153
2984975
3956836
14212
940397
2689292
4631435
2765989
3595563
1435036
4693138
4157970
4448636
2028874
4207707
4350953
4183908
1246278
3217958
2710142
3583547
4369979
4935348
1380993
2452685
2072698
1281044
587624
524073
1526454
3178917
3313634
3452577
1600000
1154552
311719
3380687
2684545
89042
4595179
3281866
3933534
298239
1827700
3715848
4815369
1826813
4208048
2581027
896461
2297948
2659307
2636901
2631979
979292
462236
980694
3919490
3567598
2376424
3504308
535599
754957
3368308
4604244
4603617
1820189
3995054
1630500
2092196
4111625
2006879
907954
298134
3927939
437749
386206
1143461
4974744
2930368
1659100
1941390
4631930
661263
67627
2130393
2422239
2106634
3562031
4367022
928133
4539746
2385102
623059
1762512
3726162
1562712
3014068
2132280
1060115
4648380
4693746
3079642
3271616
4992893
2419652
3795600
3111475
4142351
3596056
222078
4325907
2315082
3783259
144371
3250296
1913402
64329
1741229
2422198
252641
2413086
3418251
2289199
2075011
3773374
1793588
4957794
4587255
1105130
2467867
3474964
3114024
3812870
1506890
4886127
2161675
1395258
3235846
149069
130396
3172918
3167611
1688777
3187352
1734509
25735
3465226
2154668
3153926
3304651
648310
659396
3387456
2620279
2530831
3562543
4522150
4322311
2315397
3115540
13641
4463229
39955
45162
1914905
4226630
4084348
2150397
4447007
2265893
1274248
2470399
1536952
3898857
3045553
1331774
4485285
3952203
2168542
1778816
1596212
4732319
1622099
1454225
281066
173982
3559276
2456962
4911485
1455503
1227746
670808
99636
3159231
2703460
2136668
3722210
2943542
1444725
3105575
4903097
1512250
2742005
4049801
538212
2554648
2680988
1709022
2250647
2084684
4019211
39249
1425213
2488678
882380
2378726
953169
193152
2336521
4736491
3945129
2103882
4956485
902136
4511443
963746
2442463
2925053
131838
3024712
2773601
1638179
516002
358746
2735167
1550902
1225912
3008944
1314443
1758132
643820
1083760
3880562
4422335
2665906
2234859
3101142
4812960
4423581
2427629
2832956
4452576
2654963
3906240
1172636
1528907
1350701
571554
1892170
1101103
3271783
4059249
3842521
2671480
38062
4195746
2045131
1458962
295711
3134230
1728512
2230084
4350825
579998
3509774
1131903
2363258
2728196
2802262
2338790
2661025
4367780
3710272
3630437
3825801
3091233
4132104
4208213
576597
1629672
4781339
3717548
1894507
752356
662293
4760017
4712660
3980914
1944031
2349906
2426462
3729348
4933311
1785870
831135
792082
1516521
3637260
1996859
185534
2361033
225130
2523923
221959
4655887
3941155
3186195
2026640
3926665
1810737
1533334
3314787
1979137
4236457
4292881
4053523
4652391
340104
618972
2973463
656921
4177358
4761793
4866477
4941556
1459406
3517117
4865169
4076510
2074650
3987797
3355371
1398661
1529210
2645851
4560338
195881
3803342
4468806
3242181
3925113
1676695
4940294
391604
4757172
1086041
4848437
1251889
4434243
1990632
4612510
1702653
1930529
1007031
1545127
2281805
4517392
365011
2340844
4802181
982851
4456194
1370477
4401950
2257899
3015568
3238129
4232935
2698170
4368209
851877
1797620
182813
3793735
1990293
2857494
4732772
887752
1497835
1299978
2878454
3784020
3619668
1071528
244670
959925
3225471
3234309
3620873
649875
3363245
677011
1230486
1716201
1150543
4317151
4161725
736729
123392
4487656
4241919
4040386
665374
460623
1319732
3852891
3441236
4627752
2095939
4683973
2330117
2619747
4374763
3429444
4499438
1324832
1324919
1077417
2476925
177925
3091934
3194809
2062864
4053811
2294977
4362034
2997963
1016984
2464768
312988
3846954
4236400
467096
2228287
868798
4615220
3783349
1763258
3955615
3537379
4267634
1244310
2259527
4794899
1283680
3899720
2535182
3709729
449204
1051969
2951305
4190151
4479044
3139917
3903336
4142945
3292537
1925690
1882774
3126179
3397803
75643
3335371
2207103
2464399
1264918
2824652
4914216
191876
1982861
414499
4030578
4770775
1323678
4634811
187061
2167294
573682
3161060
4680494
889037
969302
3667339
2999730
1141628
1066703
4995846
1815819
1898721
864548
1229925
2853292
4217550
4758514
1488862
2371055
1241545
4409022
2176725
4858452
257144
2243763
2691994
3807794
3791389
4593651
3147390
1027161
3160425
4645297
754007
4926393
466660
2048179
2796269
4258409
1329040
1823911
2425510
4101311
3937305
820621
3631116
2068698
2041470
3066826
401144
1573842
2122361
4468972
168878
94449
517240
78141
4046832
3180236
4214872
1525889
3596117
1603561
3925530
2616154
1627135
1195779
3356967
912959
2225766
1340825
461233
1508056
2439093
316756
4328549
450696
2828405
2097626
2009762
2094816
1799067
3115046
3412537
3339986
4422947
627066
4341422
3363297
284037
3914616
1912282
665112
1944592
1182830
294667
4579524
1819967
2256935
605856
2032172
3593855
419592
2306967
412003
3157767
1465941
1417942
4480106
788121
2309644
3101363
135789
3104147
3722399
460601
547757
2698118
2744572
4741547
4240359
24808
912119
1160131
2610146
1049973
850332
1699144
2680106
4350023
2451915
3893595
2577610
68542
199142
4135993
964393
1207241
3079388
1194515
588840
1831651
2560918
2039153
236687
4694024
747648
4695931
2741215
2798284
4456826
2208913
868237
1921968
1636060
4590046
554974
2976204
1728254
4414523
1673985
1977973
2061607
2276880
1975084
2580026
1256966
2479952
3097947
1730377
1563300
282578
1391653
3184739
378728
4775937
1990542
546280
1897825
4708049
3581191
1524847
2714526
1549527
3404775
3719173
3077768
1526891
1033923
4573070
2805143
2689348
4219627
1905424
495688
4622039
1335441
2842363
4192011
4826860
1110111
868736
103660
3051405
437646
3250227
3918035
3263337
3262147
2989165
3992829
4716769
4991643
2747335
4575997
3066768
221705
429645
2631736
2037070
2448493
27853
4895856
3212251
4012862
2285229
3103183
327500
920640
658074
3334310
1295524
3308045
3846698
2846066
1435888
159437
2057008
2620738
4207080
3423566
4325459
1099622
351095
3371675
3906655
3060675
908811
3332990
4143353
2770300
1147035
2553905
1030193
1266803
4994449
2273515
2487128
4015674
2299934
178595
3923617
4039569
1241776
4161935
66172
4565661
2632801
3878200
3997764
573877
4577853
2379471
361289
2742095
2397200
2086426
1657959
3741650
3321300
4404413
3505994
1082905
76270
4924180
1436564
1871482
611481
3943625
1394702
1754123
4614332
1077974
710184
4469893
2320056
695985
3881467
3240044
3909686
3341211
1151278
4069128
2742253
646293
974908
4760049
3342592
78226
441962
3626666
2424727
2162958
2177668
4203945
1935442
1637451
1154584
425038
2537850
2809446
1559890
471378
337990
1551164
105444
458866
4793943
3736047
4460235
1439787
4324335
4318593
2956428
460569
2151692
650382
899488
571846
4911611
2557890
177493
358739
974538
4778160
4584044
1368106
4698354
3079947
3519249
569055
4315308
1173755
889250
4883940
2301888
2368559
2426337
1530658
467211
1661005
4436663
2128218
1815578
4380979
4022741
4802169
2397317
3530431
3934274
2214907
4016623
3301776
4873843
2247391
2537083
4966656
2907807
1835485
2530477
2900214
4887538
2967267
604043
698923
1521328
4688823
393169
1011599
2056595
4629397
3422560
3439012
4318374
256886
4833359
3366476
766067
2155512
4176954
1660745
171263
4596497
3721700
3734683
2509307
4434597
884262
1447600
2881606
3948400
2353005
3048556
3345796
3351669
4096346
1508538
4964129
3304598
861577
2125
2165370
4164100
4187015
3360061
4114052
4198768
2001207
646753
3315254
1407496
2946371
3394521
3262102
4217928
295413
845882
4004319
4011494
4836757
168465
2544726
3856050
3091601
1311768
3959724
395719
2007049
2745372
4514278
4730764
3548346
1462914
3218481
3357240
3888529
1334093
3809418
326727
3863153
3374519
3484186
4906104
1901511
3270628
3255883
1199362
259985
3048289
4157395
4075242
520966
4958612
3706359
2181936
1140166
4632607
1996911
661698
2867876
4224141
4025111
4723989
2295475
3435748
2942387
352790
2934147
2156219
2060380
3608346
656556
2433142
957242
143752
4337892
1723019
3187895
2778868
1733134
3791917
1200185
3207897
3321765
3601037
4579214
998712
271605
1459898
326498
3720049
3387765
2757711
4638266
409435
3658788
2080788
3553292
1818815
1073607
2718416
2266629
506706
1535602
5853
4093137
41067
691742
4667049
3354567
3042540
630954
1614100
2939337
1983739
4099367
3388806
278172
3629174
1521822
1847524
2039301
2601657
3681894
3916824
4578415
3888995
1559752
4619562
1472298
2907009
2260954
1441383
2688126
1121618
4804188
391582
4372438
3386971
3224685
1706911
1346934
1423187
3167128
4319021
558953
3384251
2490826
1562727
4515543
2987849
4748934
143196
4415969
1189950
3330480
2690943
4180231
1548955
1641830
3853384
3478822
737925
1856879
3878065
121666
2271192
4605745
4199693
1719313
2229910
2917912
164956
3962256
1246687
3201889
2105730
1877926
3278115
4666158
102981
3666748
1009431
1906913
938193
1840682
905925
2557885
1479020
583920
281742
2349843
1997902
1171035
4181562
2884205
1677549
4249611
4135858
4880414
1394242
1235348
3085084
4420009
4658068
1477255
3367772
3831295
511188
1934031
1791951
48541
4022330
1364861
1301083
1670271
4177104
1202360
3670611
789906
3868214
474464
104301
4598980
3980727
2833681
3892019
1281416
2284475
4018098
2522896
1808567
839716
4735638
80694
3718515
4171068
508495
75237
214374
1395061
3039494
549551
398249
1781744
581352
3009028
2112260
3684180
408091
1738725
4062438
4132173
4812667
4789393
3266379
1816037
1039061
2670420
1894696
2385692
4952797
2790757
4216862
2915495
4326963
2788297
343841
2266882
4482526
4489509
3278475
576471
1834170
600716
182800
637458
227719
3373887
4286661
1324726
2180815
1771826
2651677
3158425
3696049
99657
2797753
4484494
62530
69241
4271379
4944922
749024
3545557
3571482
4111723
4664571
235850
585760
4509691
3264476
2628827
4965841
3093529
4638856
3570623
4319856
684275
510775
4529276
3620659
873114
4751497
3791827
1442934
314135
2784318
2581491
4047519
4090429
3437517
3264432
4447436
2670653
2617999
794230
3845476
2483603
3944098
3296882
2942200
4528800
195559
301952
1169654
3326567
1969356
1441908
1076155
1498932
1958093
781435
3490705
1690256
4699971
530914
760730
1682338
4490449
3100507
2232527
1157927
1666817
274375
3938431
3340318
4563967
2388528
3042735
3894376
39139
1271127
280272
1625048
1124736
2990593
701020
4709474
1051430
904047
3258120
904567
415665
818748
79522
425588
2692806
3741673
1559205
1453343
19069
251127
2137730
104102
2474113
2434396
2728114
968087
4351089
2498993
154098
2314238
2230125
2201323
2090322
2134095
996431
3020877
3571194
1326198
1613686
243189
4990689
2760419
1843125
4856219
78311
1507871
3917667
1468267
1287170
3356201
3517343
2489179
2558710
323200
3678541
1645186
3230850
276790
4966249
4767970
3274729
4246881
2857548
1725097
3657402
2954271
1078975
1259886
2996990
3627163
2262478
2168384
2174226
1465616
66840
4555492
3250169
1819836
3533338
4480395
1304786
4503384
4602907
1030827
2969413
3084570
2431999
3474789
2978333
276031
943191
4759770
1519525
2506555
2220694
144876
4454881
4194601
1851366
444290
266429
2279534
686288
388354
1617924
835782
1576833
4980603
2579338
4114043
1350883
2290586
1712282
4335043
461600
1090333
4020572
4090778
219394
2221947
751169
2603471
4677824
2839559
1928582
3942806
4037127
1144410
2830035
4940233
593664
3126839
4140242
4161191
2949023
1041119
4297275
3977210
2918305
1077645
3531788
4919467
3867260
1653753
3388826
4340944
4139410
241024
155566
3445536
4529436
911453
3034976
1967504
4587261
1459628
1849503
4797102
3852387
1629734
463188
2830862
504527
3746883
2488772
2167795
2353186
409592
1409796
3951874
2960822
4564842
4638439
3965702
2245397
4298344
3271552
2500174
763013
1776327
4898552
4168184
4988700
2282594
3471879
2757447
4562101
560526
3694619
1172468
2415954
1398382
1624924
3384250
290304
2974428
4841593
2961920
3098352
3192876
1872253
4236691
1960831
2365694
249948
4048256
2282930
2986281
2636771
3920737
1654020
3709954
3662821
80460
2510280
1449851
2008215
1178871
3279947
2286268
1655057
922533
847942
3256863
4057695
3242443
3488000
495083
4617776
1625911
2344083
4642783
2859584
2909250
4988179
4086805
3631845
559484
84736
1434687
4166204
206395
2804132
2326858
401647
4853347
2034544
3507397
2301868
1057925
1940146
4533369
1581119
4998079
723554
3712883
4524157
676241
3424799
1772367
3561584
3465252
3617575
3266958
129075
3089169
3396357
4556775
34173
3714600
1820133
37324
1870545
2988671
1362083
3239207
2577796
4826426
1074516
778027
2044551
3924884
2414119
2634597
2981372
3335968
4570308
457377
1606257
2142916
1857100
2530766
1980271
4485960
561466
2364425
3715341
1893367
3176911
4393796
1228795
4916738
2289035
317779
1438949
3608509
872072
2505515
3474659
87349
3837122
4358488
4835386
4724528
1045537
1932404
4929584
1992582
2421950
337587
919429
3323981
3134763
43386
1535740
2637417
2164474
141773
145041
4595481
4676648
2390313
4872079
4685497
994316
2194921
3082308
1174397
1628469
4307671
1894341
1216232
3658725
140527
2726594
965817
695189
4126769
4727746
4759627
1913739
71365
40418
2449134
4813200
4881001
392392
3434543
1550375
486563
3235918
1731631
1049174
1969914
550291
2888005
4619414
3005687
3029944
4257971
4535235
2878942
4430142
751886
1346191
311195
3118282
1945115
4692099
3443666
539616
4289097
1200490
4877933
3547979
2322985
3521381
3198950
1419903
3559526
1647015
1502551
4204386
1466076
1850625
2139033
1716638
639957
2869071
1093155
2833903
2844868
292784
1956427
1059439
701432
1848428
1890507
749641
683780
3566506
2397868
3242708
1535772
4827774
3751138
1832758
2638325
1112970
4662500
3136880
3962351
3491668
4553926
423617
3891890
673520
1261168
2302388
4139969
500813
3434076
3912489
4937090
2724492
4777020
1667632
510919
64463
1455878
2361606
985738
527207
52182
3483026
2389996
3119869
1992797
4496265
2744246
1440437
3083280
2874374
1490794
3498288
2215947
113451
903428
2494153
1018514
11448
1665519
1787988
3079047
277831
3765068
4729662
3553775
3223992
3027345
3946453
4230226
3677071
3304003
4396455
3802781
4717071
1691642
4574696
3076080
1413991
303490
1963466
3789332
858724
2363540
2058630
4623877
4690935
2219673
4620082
1622083
1485364
3179842
3180130
3742404
500275
2431335
3726818
1108302
1841516
2444791
2054457
2890250
2136400
4427791
3362307
1066657
2301577
1411031
2093299
3183971
2980012
1542959
4914271
2613183
44403
2262943
3376770
2282474
937197
3003477
4732011
3027965
203394
3414669
4506872
2614344
3692073
1910423
1863250
4698079
4271368
409715
995010
2577316
243230
3096515
194663
2532102
202959
2406141
1053700
4457321
4385890
1067134
2342208
4474550
3313410
3965409
4529230
422578
4842141
4165158
3835988
836648
2183001
3936472
1458959
1221543
986511
4891238
853317
2565348
4852396
2027605
1135116
405816
2630188
1426359
2334281
4682500
7807
4212869
2386910
4388255
718277
2553375
1520685
197043
296021
4510411
3742005
4942714
851974
3044894
579316
1643246
3577641
3107988
618158
4740268
332273
3798448
3970405
3179638
4574695
4144250
1551583
1543483
1767891
129267
4553194
62245
2517856
4343894
1554876
3653451
4041705
3748882
26712
3639350
899774
4714540
2115625
86402
2793625
3192176
342046
390649
2103617
3607128
4703401
3811296
2643658
1524575
1586632
720185
2696441
2418748
2991964
3379619
3066036
4457238
546876
3076738
1538024
4663284
4849508
4418871
195388
3602666
1256430
3260018
761032
759707
994806
3691051
4178617
1042360
835973
1935228
3908787
1347767
2765429
47133
2694090
4634899
1635009
337288
580716
2189053
1630070
2696828
3309940
660663
388476
3757361
2338676
3243355
4697904
1980715
2094799
3913423
696651
3135067
4609233
3771567
3604947
4566601
4435867
4911532
2122128
1495874
3043065
2925216
2248903
4398481
3890876
3303593
112661
1389765
856920
4355742
2150328
1018584
656917
661020
1999044
3982199
4603096
4948683
1665079
3467267
4809775
1062264
2543909
3469356
1639772
552728
4732824
2288749
4929711
4810793
3733913
4647776
3667483
74336
1469318
3454544
3845402
4772049
3482545
4672409
3718967
3062016
1899180
1527469
3818138
436124
4924371
2782324
4738902
2753181
2811539
4427100
92259
1077490
2796090
1292735
2105584
4372523
2555487
3156715
4090690
1278428
2745781
418175
3189828
4300922
3438923
1552651
2275544
3782367
1906200
120313
2198637
3213358
3465644
4139248
2482196
2742760
1149856
4394159
2611665
3484189
126067
736576
4257038
2051517
1783818
49549
1491855
4427567
4053696
4176678
2123828
1386703
2609588
3326938
2746078
2997313
4121574
4486877
2489719
636217
2312792
4245761
4058420
1732146
156813
4598128
480333
968886
4681164
1756797
3090445
575131
1314717
2665476
1324703
2148819
1060475
4066486
4444616
118466
979808
4042022
4601368
3857921
213004
3800424
325960
4248400
3854914
875884
4931257
4252240
2098506
3920418
2850755
3045433
3161286
413
2814281
2574374
2254022
3127255
3207707
183043
1174260
3357620
169900
3145935
3479208
3391942
1546120
278581
3825282
2750490
160315
3767626
85568
1415590
4338931
2149401
4491108
3870266
2787619
861969
3110861
805767
4828331
3464898
1744521
2413715
4375832
2465983
2622279
3886460
3191240
2726223
4783782
989594
3417636
4559585
4563105
325990
4311848
3566828
541475
417445
3702666
284301
2111938
2025195
2340631
4785048
3999591
2754915
258350
3051469
3044112
88901
3879151
3240346
3301845
4881157
1407838
3661556
156725
4615641
762056
1423406
4747165
1895279
376008
1064661
3130910
3584732
1528163
956680
2856368
3357199
104742
3412008
4792658
231594
55170
3755456
4788741
576025
1967185
3207192
1102249
572442
4510224
2604760
3351513
824304
4184771
3593757
625715
607383
1006016
2083196
1670899
3300104
1467175
2887057
2291186
3561324
3801666
1386730
1292115
3203314
3348345
4843355
2415035
3520622
2029931
3305203
4172718
47576
1291784
4629785
3509217
62304
4702279
3265398
166820
4486327
4426224
1707703
3942287
4941145
1369294
2535721
3124497
3916242
3423861
4863875
4582887
4926015
4360897
4245948
3672850
855136
2315205
3055732
4263799
