0.08333333333333333
0.09090909090909091
0.14285714285714285
0.058823529411764705
0.06666666666666667
0.04
0.08333333333333333
0.07142857142857142
0.07692307692307693
0.05
0.041666666666666664
0.1
0.037037037037037035
0.07692307692307693
0.034482758620689655
0.09090909090909091
0.1111111111111111
0.05555555555555555
0.0625
0.06666666666666667
0.07142857142857142
0.047619047619047616
0.043478260869565216
0.043478260869565216
0.058823529411764705
0.0625
0.045454545454545456
0.07142857142857142
0.1111111111111111
0.05263157894736842
0.043478260869565216
0.0625
0.07142857142857142
0.14285714285714285
0.14285714285714285
0.05263157894736842
0.07142857142857142
0.04
0.05555555555555555
0.06666666666666667
0.043478260869565216
0.09090909090909091
0.06666666666666667
0.038461538461538464
0.09090909090909091
0.05555555555555555
0.06666666666666667
0.07142857142857142
0.07142857142857142
0.058823529411764705
0.08333333333333333
0.07142857142857142
0.07142857142857142
0.05263157894736842
0.0625
0.07142857142857142
0.0625
0.05
0.06666666666666667
0.058823529411764705
0.05
0.0625
0.045454545454545456
0.0625
0.045454545454545456
0.1
0.14285714285714285
0.043478260869565216
0.058823529411764705
0.07142857142857142
0.09090909090909091
0.05555555555555555
0.05263157894736842
0.05263157894736842
0.07692307692307693
0.047619047619047616
0.06666666666666667
0.05
0.09090909090909091
0.0625
0.06666666666666667
0.058823529411764705
0.1
0.07692307692307693
0.07692307692307693
0.1111111111111111
0.0625
0.05
0.047619047619047616
0.041666666666666664
0.05263157894736842
0.1111111111111111
0.05263157894736842
0.06666666666666667
0.07142857142857142
0.09090909090909091
0.0625
0.07692307692307693
0.07142857142857142
0.06666666666666667
0.05263157894736842
0.05555555555555555
0.07142857142857142
0.1111111111111111
0.06666666666666667
0.1
0.07692307692307693
0.1111111111111111
0.0625
0.07692307692307693
0.0625
0.125
0.1111111111111111
0.041666666666666664
0.07142857142857142
0.05263157894736842
0.058823529411764705
0.058823529411764705
0.16666666666666666
0.07692307692307693
0.07692307692307693
0.06666666666666667
0.043478260869565216
0.047619047619047616
0.038461538461538464
0.05555555555555555
0.041666666666666664
0.043478260869565216
0.0625
0.07142857142857142
0.047619047619047616
0.07692307692307693
0.0625
0.0625
0.058823529411764705
0.125
0.043478260869565216
0.2
0.07692307692307693
0.09090909090909091
0.05263157894736842
0.04
0.05
0.05263157894736842
0.043478260869565216
0.1
0.05
0.07142857142857142
0.1
0.1
0.0625
0.07692307692307693
0.047619047619047616
0.07692307692307693
0.05
0.09090909090909091
0.034482758620689655
0.05555555555555555
0.05263157894736842
0.1111111111111111
0.045454545454545456
0.05
0.06666666666666667
0.07142857142857142
0.05555555555555555
0.05263157894736842
0.09090909090909091
0.1111111111111111
0.058823529411764705
0.0625
0.0625
0.14285714285714285
0.05
0.06666666666666667
0.05
0.07142857142857142
0.058823529411764705
0.06666666666666667
0.2
0.058823529411764705
0.08333333333333333
0.07692307692307693
0.07692307692307693
0.06666666666666667
0.05555555555555555
0.06666666666666667
0.041666666666666664
0.04
0.047619047619047616
0.06666666666666667
0.05
0.07142857142857142
0.05
0.06666666666666667
0.058823529411764705
0.09090909090909091
0.08333333333333333
0.07142857142857142
0.07142857142857142
0.045454545454545456
0.0625
0.058823529411764705
0.05
0.047619047619047616
0.037037037037037035
0.05263157894736842
0.07692307692307693
0.058823529411764705
0.14285714285714285
0.05555555555555555
0.06666666666666667
0.07692307692307693
0.1111111111111111
0.1
0.1
0.07692307692307693
0.05263157894736842
0.0625
0.1
0.045454545454545456
0.1111111111111111
0.05
0.058823529411764705
0.09090909090909091
0.07142857142857142
0.05263157894736842
0.14285714285714285
0.045454545454545456
0.047619047619047616
0.07142857142857142
0.05
0.1
0.07692307692307693
0.14285714285714285
0.07142857142857142
0.1
0.06666666666666667
0.034482758620689655
0.047619047619047616
0.05263157894736842
0.09090909090909091
0.05555555555555555
0.1111111111111111
0.07692307692307693
0.058823529411764705
0.08333333333333333
0.09090909090909091
0.041666666666666664
0.047619047619047616
0.08333333333333333
0.07692307692307693
0.1
0.0625
0.041666666666666664
0.047619047619047616
0.2
0.07142857142857142
0.045454545454545456
0.07692307692307693
0.1111111111111111
0.08333333333333333
0.0625
0.07142857142857142
0.04
0.08333333333333333
0.0625
0.16666666666666666
0.05
0.07692307692307693
0.1
0.047619047619047616
0.1111111111111111
0.06666666666666667
0.06666666666666667
0.06666666666666667
0.07692307692307693
0.05
0.0625
0.0625
0.043478260869565216
0.038461538461538464
0.07142857142857142
0.16666666666666666
0.08333333333333333
0.05
0.0625
0.08333333333333333
0.05
0.05555555555555555
0.05555555555555555
0.045454545454545456
0.058823529411764705
0.08333333333333333
0.05555555555555555
0.1111111111111111
0.05
0.043478260869565216
0.0625
0.07142857142857142
0.05263157894736842
0.041666666666666664
0.07692307692307693
0.05
0.06666666666666667
0.1
0.08333333333333333
0.07692307692307693
0.08333333333333333
0.058823529411764705
0.125
0.05555555555555555
0.058823529411764705
0.058823529411764705
0.08333333333333333
0.09090909090909091
0.07142857142857142
0.07142857142857142
0.1
0.1
0.07142857142857142
0.07142857142857142
0.058823529411764705
0.06896551724137931
0.4375
0.2608695652173913
1.3125
2.2758620689655173
14.375
21.22222222222222
33.5
46.3
67.28571428571429
98.0
121.07692307692308
63.53846153846154
61.583333333333336
35.55
19.90909090909091
10.047619047619047
5.466666666666667
3.3125
0.9583333333333334
0.14285714285714285
0.07142857142857142
0.0625
0.07692307692307693
0.05
0.058823529411764705
0.045454545454545456
0.14285714285714285
0.058823529411764705
0.06666666666666667
0.07142857142857142
0.08333333333333333
0.07692307692307693
0.05555555555555555
0.05263157894736842
0.08333333333333333
0.058823529411764705
0.05555555555555555
0.058823529411764705
0.08333333333333333
0.08333333333333333
0.07692307692307693
0.041666666666666664
0.05555555555555555
0.058823529411764705
0.058823529411764705
0.07692307692307693
0.0625
0.05555555555555555
0.05555555555555555
0.058823529411764705
0.0625
0.09090909090909091
0.08333333333333333
0.0625
0.05555555555555555
0.058823529411764705
0.05
0.125
0.07692307692307693
0.08333333333333333
0.08333333333333333
0.1
0.1111111111111111
0.08333333333333333
0.16666666666666666
0.07692307692307693
0.058823529411764705
0.07692307692307693
0.07692307692307693
0.045454545454545456
0.05555555555555555
0.14285714285714285
0.06666666666666667
0.05
0.05555555555555555
0.058823529411764705
0.07692307692307693
0.06666666666666667
0.05263157894736842
0.06666666666666667
0.09090909090909091
0.1
0.03571428571428571
0.07142857142857142
0.05555555555555555
0.09090909090909091
0.045454545454545456
0.08333333333333333
0.0625
0.04
0.045454545454545456
0.058823529411764705
0.045454545454545456
0.1111111111111111
0.05555555555555555
0.0625
0.045454545454545456
0.06666666666666667
0.041666666666666664
0.07692307692307693
0.07142857142857142
0.09090909090909091
0.04
0.08333333333333333
0.038461538461538464
0.07692307692307693
0.06666666666666667
0.14285714285714285
0.058823529411764705
0.05263157894736842
0.09090909090909091
0.047619047619047616
0.038461538461538464
0.05
0.05
0.043478260869565216
0.038461538461538464
0.034482758620689655
0.07142857142857142
0.1111111111111111
0.041666666666666664
0.0625
0.0625
0.047619047619047616
0.0625
0.05
0.03571428571428571
0.07692307692307693
0.08333333333333333
0.05
0.09090909090909091
0.07692307692307693
0.125
0.045454545454545456
0.041666666666666664
0.1111111111111111
0.09090909090909091
0.05
0.07692307692307693
0.1
0.07142857142857142
0.07692307692307693
0.1111111111111111
0.0625
0.1
0.07692307692307693
0.0625
0.04
0.09090909090909091
0.04
0.05555555555555555
0.03571428571428571
0.07692307692307693
0.1111111111111111
0.0625
0.06666666666666667
0.14285714285714285
0.0625
0.043478260869565216
0.07692307692307693
0.05263157894736842
0.0625
0.0625
0.06666666666666667
0.06666666666666667
0.06666666666666667
0.06666666666666667
0.1
0.08333333333333333
0.06666666666666667
0.07142857142857142
0.06666666666666667
0.045454545454545456
0.06666666666666667
0.08333333333333333
0.05263157894736842
0.05
0.07142857142857142
0.05263157894736842
0.08333333333333333
0.1111111111111111
0.07142857142857142
0.09090909090909091
0.07142857142857142
0.05555555555555555
0.1111111111111111
0.0625
0.08333333333333333
0.0625
0.03125
0.058823529411764705
0.1
0.07692307692307693
0.047619047619047616
0.045454545454545456
0.04
0.04
0.047619047619047616
0.043478260869565216
0.045454545454545456
0.1
0.058823529411764705
0.058823529411764705
0.0625
0.05
0.05555555555555555
0.058823529411764705
0.1111111111111111
0.1
0.04
0.1111111111111111
0.041666666666666664
0.06666666666666667
0.08333333333333333
0.0625
0.1111111111111111
0.07142857142857142
0.05263157894736842
0.07142857142857142
0.05263157894736842
0.07142857142857142
0.125
0.06666666666666667
0.047619047619047616
0.05263157894736842
0.058823529411764705
0.058823529411764705
0.06666666666666667
0.07692307692307693
0.03225806451612903
0.25
0.0625
0.05555555555555555
0.05
0.06666666666666667
0.1111111111111111
0.043478260869565216
0.07142857142857142
0.05263157894736842
0.06666666666666667
0.16666666666666666
0.06666666666666667
0.047619047619047616
0.06666666666666667
0.0625
0.2
0.05
0.07142857142857142
0.058823529411764705
0.09090909090909091
0.06666666666666667
0.1111111111111111
0.07692307692307693
0.045454545454545456
0.0625
0.06666666666666667
0.045454545454545456
0.05
0.05555555555555555
0.09090909090909091
0.05
0.05555555555555555
0.1111111111111111
0.08333333333333333
0.06666666666666667
0.05
0.058823529411764705
0.058823529411764705
0.1
0.05263157894736842
0.06666666666666667
0.07692307692307693
0.07142857142857142
0.058823529411764705
0.07142857142857142
0.07142857142857142
0.05
0.1
0.0625
0.058823529411764705
0.05263157894736842
0.05555555555555555
0.058823529411764705
0.05263157894736842
0.09090909090909091
0.058823529411764705
0.05263157894736842
0.05
0.047619047619047616
0.05263157894736842
0.0625
0.047619047619047616
0.08333333333333333
0.0625
0.125
0.047619047619047616
0.07692307692307693
0.05
0.1
0.07142857142857142
0.058823529411764705
0.05555555555555555
0.045454545454545456
0.045454545454545456
0.05555555555555555
0.05555555555555555
0.058823529411764705
0.09090909090909091
0.0625
0.07142857142857142
0.06666666666666667
0.08333333333333333
0.07692307692307693
0.04
0.09090909090909091
0.14285714285714285
0.0625
0.05263157894736842
0.09090909090909091
0.07142857142857142
0.05263157894736842
0.1111111111111111
0.05555555555555555
0.0625
0.05263157894736842
0.058823529411764705
0.07692307692307693
0.1111111111111111
0.06666666666666667
0.06666666666666667
0.047619047619047616
0.07692307692307693
0.04
0.1111111111111111
0.1
0.058823529411764705
0.05
0.041666666666666664
0.07692307692307693
0.058823529411764705
0.07692307692307693
0.0625
0.14285714285714285
0.047619047619047616
0.058823529411764705
0.05
0.2
