60354
79904
370865
410424
561780
659516
712350
1014040
1099234
1116957
1178262
1462510
1659976
1659996
1660000
1660007
1660018
1660024
1660118
1660119
1660122
1660127
1660157
1660163
1660169
1660171
1660173
1660184
1660186
1716577
1722495
1728056
1732257
1732362
1732461
1732480
1732647
1732706
1732984
1732992
1740359
1740736
1740885
1740901
1740926
1755652
1829319
1832760
1842690
1944325
1954456
1978094
1988662
2068995
2203688
2362567
2699730
2706712
2722525
2834370
2953734
2961776
2979745
3013188
3023268
3026125
3027810
3054305
3096584
3160201
3183923
3197040
3226374
3230289
3230298
3235283
3235394
3264073
3328194
3349667
3353918
3467243
3545655
3570669
3610078
3610087
3635550
3689398
3733354
3733362
3742729
3747628
3806940
3807138
3807142
3807143
3807149
3834954
3840708
3840712
3873056
3931603
3947307
3950685
3950813
3950840
3950978
3951101
3951235
3951242
3951297
3951391
3951439
3951479
3951553
3951601
3951639
3951717
3951728
3951774
3951817
3951995
3952102
3952110
3952224
3952669
3952671
3952840
3953202
3953240
3953318
3953952
3953984
3954065
3954307
3954691
3954804
3954893
3955010
3955064
3955274
3955695
3955926
3955943
3965870
3966377
3966515
3966612
3966790
3967163
3967289
3967617
3968032
3968277
3969274
3969281
3969358
3970417
3972177
3972228
3972485
3972821
3972984
3973266
3974254
3974430
3974513
3974869
3974936
3975933
3976035
3976130
3976292
3976379
3976439
3976562
3976659
3976910
3977790
3977899
3978079
3978776
3978803
3978951
3979241
3981095
3983079
3983764
3984591
3984711
3985338
3985422
3985460
3985608
3985659
3985813
3985916
3986252
3986415
3986697
3987470
3994542
3994738
3998378
3998880
3999299
3999394
3999556
3999623
3999643
3999703
3999826
3999923
4000094
4000168
4000451
4000567
4000647
4001118
4002184
4003654
4003767
4003844
4005627
4005722
4005766
4006036
4006049
4006166
4006681
4007234
4007396
4008452
4009081
4009413
4009532
4009705
4009722
4009861
4010158
4010949
4010979
4011096
4011320
4011374
4011578
4043802
4098792
4146332
4341311
4386446
4430819
4473372
4604206
4610298
4678386
4693723
4701579
4963268
4981202
5055459
5218199
5354610
5462991
5498104
5506772
5574222
5640794
5756818
6002085
6025041
6166352
6179739
6285196
6365935
6669072
6861644
6861657
6861665
6861666
6861771
6861775
6880163
6880308
6912007
7063850
7100190
7361159
7361186
7375163
7375202
7526557
7664837
8036782
8126091
8413310
8577470
8579403
8579430
8585144
8638672
8639875
8641668
8643599
8643600
8648432
8662474
8699123
8741509
8741903
8749979
8768571
8774839
8774847
8774870
8803369
8966567
8966568
8976537
8976538
8980228
8980235
8980252
8980255
8985996
8985998
8986081
8986082
8986083
8986395
8987511
8987512
8993105
9032473
9032478
9032479
9037268
9037270
9040941
9040942
9042853
9044635
9046796
9051311
9051988
9051989
9052524
9052525
9052526
9052527
9053609
9054196
9054197
9054560
9054566
9108396
9108405
9108419
9108423
9108431
9111742
9113206
9130021
9131116
9136942
9139901
9139902
9147345
9147355
9147367
9163879
9182860
9182870
9182871
9182879
9182886
9182887
9182898
9182904
9182942
9182944
9182946
9184464
9187830
9187833
9189935
9189937
9192346
9226789
9226791
9227373
9227408
9227533
9227534
9227535
9227536
9232525
9234779
9245588
9245590
9245592
9245593
9245595
9245598
9247915
9247916
9254719
9254728
9255546
9259177
9259178
9259179
9259187
9313807
9316117
9320497
9332168
9332169
9333813
9333814
9346563
9346564
9431871
9437409
9437474
9437475
9437476
9437615
9438355
9438464
9438789
9438792
9440475
9440647
9443348
9444704
9444706
9444712
9444714
9444716
9444718
9444784
9444786
9444793
9444795
9444799
9444801
9444804
9444811
9509128
9512800
9572328
9661411
9664895
9720648
9888944
9888945
9911027
9912833
9912835
9912903
9913077
9913326
9914031
9914036
9991520
9991521
10020677
10020694
10025578
10025582
10025633
10025634
10025654
10033984
10034013
10034015
10034016
10041851
10041853
10044454
10169024
10400586
10529630
10540792
10550733
10669042
10902775
10912563
10951982
10951983
10960624
10960631
10960736
10960739
10960740
10960744
10960758
10960805
10960808
10967183
10967185
10967969
10967970
10969985
10969987
10969988
10971876
11093088
11114551
11384015
11454781
11458326
11838038
12087267
12087272
12087278
12087281
12087294
12199219
12493262
13326310
13352393
13352394
13369938
14259164
14361934
14827204
15610131
15870988
15870989
15906633
16280059
16287335
16287337
16428223
17217247
17240491
17245052
17276566
17276567
17276568
17317393
17351200
17351201
17351202
17361281
17361415
17370694
17371721
17371723
17398129
18218620
18584998
