48877
168550
196969
672961
687919
688054
688069
688973
713957
735453
742482
756482
756523
781607
782101
789569
797941
797948
799551
945462
946990
1009492
1062618
1062619
1074170
1075595
1075596
1090170
1113464
1113470
1113901
1114143
1339980
2181898
2202250
5358743
5358747
5396278
5404434
5418811
5422100
5422101
5422727
5423706
5430534
5547897
5547944
5568744
5568869
5651451
5651452
5655151
5675493
5718912
5719789
5719836
5719843
5771703
5813488
5813500
5813555
5854805
6012077
6218659
6220209
6345196
6447221
6447230
6729801
6837090
6866756
6866768
6866770
6866800
6934726
6983699
6983733
6984029
6994173
6996964
6996968
6996979
6997068
6997107
7036097
7036103
7202458
7278409
7278415
7278416
7371079
7414706
7414714
7421345
7423041
7423495
7580191
7607162
7641474
7641546
7784396
7784399
7801212
7906485
8005390
8006798
8006888
8006970
8009001
8009018
8009045
8009049
8028212
8028219
8036146
8036157
8037051
8037057
8047196
8459680
8461464
8461465
8461466
8517111
8591333
8621087
8621182
8621371
8621377
8736216
8860104
9163535
9172941
9182063
9182087
9259177
9259178
9259179
9461342
9488897
9489833
9489835
9503219
9503264
9503266
9503271
9503277
9503281
9507500
9514106
9514588
9514758
9514767
9515003
9550152
9563639
9604022
9606019
9775088
10185616
10185652
10191484
10211163
10223586
10226216
10226218
10226305
10226316
10226320
10398184
10406208
10406220
10442992
10443046
10443052
10471155
10574661
10574727
10577168
10577180
10600713
10600717
10603128
10608681
10608882
10619040
10660821
10702202
10732033
10735261
10735459
10735487
10736079
10748663
10801285
10805050
10832764
10847358
10871828
10911355
10911358
10934609
10966639
10983356
10998422
11019798
11116262
11203437
11232163
11306133
11365181
11419692
11429668
11429669
11429673
11432267
11439981
11560275
11560292
11562226
11617017
11689953
11696236
11696241
11699741
11699748
11708001
11710760
11734905
11765992
11766002
11773083
11773085
11773087
11791041
11791065
11839825
11909522
11919949
11948434
11977658
11978187
11978188
12047835
12120259
12122774
12124233
12127286
12128316
12128318
12128825
12128883
12133372
12133478
12133499
12140459
12142083
12159776
12292607
12295871
12312335
12314527
12452906
12475856
12529057
12864267
12902076
12902079
12946020
12984826
13086894
13174900
13246392
13878192
13880819
13882403
13882406
13882658
13882692
13883301
13885921
13950149
13951948
13966710
13992124
13992129
13995479
14749593
14749881
14750240
14887546
14887554
14889180
14916593
14957461
14957944
15009455
15155021
15155036
15262172
15284582
15358952
16050560
16066156
16238567
16239696
16242978
16242989
16242990
16242996
16243554
16245518
16258254
16259303
16271168
16286985
16286987
16344654
16357613
16377359
16378321
16383215
16383217
16393608
16393827
16394145
16404405
16505332
16557416
16559037
16559292
16559297
16586629
16587428
16687705
16688072
16695623
16695632
16700437
16851811
16910704
16910706
16912019
16912550
17040635
17059736
17094845
17101832
17105848
17108423
17192757
17230740
17285662
17286884
17306338
17306341
17595906
17595907
17607007
17608165
17608169
17613571
17631889
17882277
18062465
18084167
18084168
18183171
18183546
18190609
18457201
18457677
18484186
18497284
18527765
18528183
18542469
18542482
