2721303
5278058
5278081
5278102
5278194
5278218
5278367
5279462
5279625
5279710
5279719
5279782
5279849
5280284
5280948
5281087
5282362
5282490
5282504
5282731
5283129
5283425
5285110
5285154
5286402
5286463
5286693
10925535
11354302
11419028
11420912
11420917
12202365
12202388
12202395
12203514
12203547
12203561
12204267
12204337
12209733
12210106
12223124
12244240
12244750
12246111
12247795
12247852
12248756
12250513
12250552
12251537
12251635
12252580
12252590
12252621
12253140
12334054
12711744
12854902
12892974
12893335
12893348
12893369
12893584
12893741
12893925
12893931
12893974
12893979
12987241
12987244
12988975
13148756
13148776
13148785
13189820
13190826
13190835
13191361
13191441
13191482
13191781
13191808
13191833
13191855
13191913
13191914
13191925
13191934
13191973
13191989
13191994
13192011
13192380
13192958
13253268
13253276
13254647
13254649
13254655
13254671
13254675
13254681
13254916
13254950
13254954
13254991
13255960
13280224
13280227
13280236
13280239
13280245
13280272
13280279
13315204
13315211
13315255
13421587
13523719
13548632
13548655
13555161
13563315
13563319
13587017
13587066
13587070
13587091
13587094
13587116
13587136
13587138
13587156
13587157
13587252
13587258
13587260
13587296
13587299
13587307
13587334
13587373
13587387
13587401
13587405
13587416
13587457
13587462
13587486
13587585
13587596
13587654
13587728
13588919
13589004
13589030
13589087
13589121
13589260
13589261
13589446
13589594
13589603
13589701
13589702
13589717
13589730
13589731
13589734
13589831
13589890
13589912
13589968
13590076
13590165
13590184
13590264
13590312
13590458
13590560
13590848
13590858
13590898
13590900
13591094
13591272
13591456
13591657
13591717
13591825
13591849
13591965
13591966
13592043
13592088
13592152
13592320
13592518
13592848
13592925
13593043
13593064
13593096
13593104
13593107
13593216
13593221
13593224
13593253
13593292
13593304
13593321
13593334
13593804
13593817
13593962
13593973
13594005
13594099
13594154
13594430
13594436
13594783
13594861
13594867
13594906
13595184
13595315
13595327
13595344
13595357
13595845
13595873
13595886
13595904
13596354
13596355
13596363
13596381
13596411
13596415
13596513
13596559
13596783
13596808
13596886
13596901
13596996
13597116
13597122
13597478
13597670
13597710
13597794
13597804
13597865
13597870
13597871
13597882
13597906
13598073
13598127
13598138
13598221
13598247
13598256
13598625
13598721
13598738
13598929
13599033
13599082
13599087
13599548
13600053
13600489
13600514
13600520
13600545
13600553
13600564
13601654
13629128
13633176
13641017
13641069
13641247
13641486
13641497
13641545
13641930
13641999
13655303
13655306
13655679
13656694
13656897
13656900
13657184
13657326
13661876
13669935
13670793
13670800
13673695
13673701
13674130
13674131
13674187
13681822
13681875
13681952
13681957
13681974
13682014
13682023
13682033
13682295
13682384
13682539
13682872
13683257
13683265
13684024
13684054
13684136
13684418
13684419
13684478
13684492
13685786
13686075
13686298
13686309
13686325
13686365
13686755
13688187
13690324
13690371
13690390
13690391
13690396
13690548
13691959
13693191
13693206
13693246
13697031
13697229
13697234
13697390
13697832
13698069
13698183
13698469
13698520
13698530
13698554
13698711
13698726
13699032
13699059
13699061
13699067
13699073
13699080
13699082
13699579
13699603
13699612
13699744
13699807
13699986
13699993
13700000
13700005
13700201
13700202
13700204
13700392
13700407
13700442
13700527
13700538
13700664
13700733
13703152
13703182
13703183
13703188
13703428
13703454
13703713
13703890
13703934
13703937
13703955
13703959
13704228
13704488
13704498
13704553
13705024
13705065
13705068
13705345
13705380
13705423
13705424
13705454
13705717
13705718
13705732
13705813
13705955
13706298
13706309
13706389
13706489
13706490
13706637
13706750
13706792
13707022
13707097
13707293
13707414
13707490
13707505
13707508
13707802
13709617
13709775
13709833
13709858
13709924
13710024
13710025
13710041
13710172
13710252
13710260
13710281
13710347
13710509
13710537
13710827
13710837
13710857
13712049
13712206
13712214
13712256
13712293
13712414
13712441
13713391
13713432
13713585
13713915
13714478
13714502
13714517
13714613
13714617
13714661
13714814
13714817
13714835
13714839
13714858
13716550
13716628
13716873
13716897
13720065
13720131
13720143
13721120
13721124
13721179
13721616
13721625
13722520
13722539
13723414
13723418
13723437
13723485
13723644
13723653
13725081
13725088
13725102
13725135
13725559
13728396
13728403
13728408
13728830
13730386
13730412
13730453
13730457
13732901
13732945
13732949
13733897
13733959
13735505
13736598
13736636
13736644
13737029
13737069
13737103
13737486
13737572
13737606
13738026
13738079
13745677
13745685
13745693
13745701
13745707
13745743
13745758
13746318
13746325
13746329
13746361
13746833
13746837
13747430
13747435
13747441
13747549
13747598
13747615
13750083
13750208
13750223
13750226
13750491
13750520
13750590
13750712
13750814
13750817
13750839
13750841
13750966
13751020
13751050
13751056
13751129
13751172
13751173
13751203
13751466
13751467
13751481
13751562
13751704
13752143
13752144
13752200
13752531
13752585
13752624
13752682
13752713
13752729
13753004
13753050
13753051
13753139
13753159
13753171
13753202
13753210
13753874
13753948
13753953
13754200
13754208
13754497
13754960
13754974
13755033
13755034
13755035
13755131
13756676
13758005
13758008
13758036
13758050
13759128
13759440
13759480
13759485
13760924
13762604
13764574
13765881
13765887
13768496
13768499
13768554
13770762
13770767
13771133
13771149
13771202
13771223
13771469
13771470
13771489
13771553
13771558
13771559
13771722
13771738
13771808
13772097
13773038
13773093
13773111
13773205
13773215
13773243
13773488
13773521
13773534
13773968
13773986
13774749
13774766
13774767
13775184
13775479
13776300
13776408
13777208
13777215
13777240
13777616
13777625
13777700
13777990
13778033
13778044
13778553
13778564
13778565
13778666
13778675
13778715
13779056
13779116
13779253
13779275
13779316
13779327
13779348
13779403
13779844
13779907
13780375
13780380
13780390
13780804
13782321
13782604
13782629
13782650
13783610
13783644
13784188
13784189
13784221
13784227
13784335
13784621
13784655
13784672
13784682
13784706
13784905
13785066
13785508
13787885
13787942
13787943
13788863
13788885
13788931
13788933
13789206
13790132
13790515
13790536
13790561
13790571
13790588
13790613
13790730
13793165
13793172
13793194
13793233
13793247
13793497
13793513
13793526
13793529
13793552
13794284
13794332
13794468
13794505
13794970
13795283
13795294
13795296
13795301
13795341
13795352
13795359
13795650
13795680
13795695
13795700
13796408
13796414
13796740
13796760
13796772
13796810
13796811
13797532
13797544
13797560
13797801
13797809
13800493
13800513
13800521
13800814
13800834
13801019
13808056
13809421
13809526
13809531
13809538
13809542
13809646
13809787
13809851
13809996
13810403
13810431
13810462
13810506
13810551
13810650
13810736
13810740
13810750
13810758
13810762
13811093
13811095
13811110
13811129
13811269
13812129
13812204
13812242
13812271
13812275
13812299
13812310
13812353
13812798
13813105
13813107
13813137
13813282
13813286
13813321
13813343
13813346
13814079
13814089
13814092
13814106
13814113
13814115
13814278
13814330
13814331
13814754
13814759
13814775
13814802
13814827
13814855
13814881
13814910
13814944
13815243
13815259
13815260
13815265
13815286
13815383
13815430
13815585
13815781
13815825
13815826
13815901
13816299
13816317
13816365
13821335
13821338
13824220
13832314
13832731
13834938
13834978
13834996
13835187
13835285
13835316
13835504
13835516
13835521
13835527
13835566
13835661
13835678
13835737
13836360
13836649
13836666
13836908
13836943
13836966
13836988
13837000
13837008
13837033
13837054
13837121
13837134
13837136
13837182
13837754
13837769
13837773
13837985
13838010
13838019
13838031
13838048
13838087
13838183
13838471
13838681
13838732
13838786
13838792
13838827
13838832
13838841
13838865
13838927
13838956
13838988
13839014
13839039
13839487
13839499
13839517
13839521
13839734
13839735
13839772
13839777
13839791
13839797
13839805
13839807
13839812
13840023
13840267
13840531
13840566
13840570
13840581
13840719
13840768
13840807
13843517
13843585
13843945
13844181
13844195
13844223
13845187
13845419
13845579
13845587
13845644
13845785
13845815
13845832
13845861
13845872
13845873
13846051
13846193
13846196
13846222
13847463
13847485
13848151
13850366
13850376
13850442
13850627
13850631
13850990
13851011
13851029
13851034
13851044
13852753
13852972
13852973
13852974
13852979
13853755
13853795
13853800
13853879
13853893
13853976
13854073
13854746
13855008
13859370
13859387
13861181
13861208
13861292
13861606
13861947
13861977
13862017
13862059
13862101
13862109
13862115
13862235
13863007
13863073
13863209
13863505
13863523
13863539
13863540
13863545
13863563
13863585
13863605
13863843
13863886
13864072
13864280
13864360
13864615
13864623
13864749
13864751
13864797
13865368
13865383
13865387
13865848
13866084
13866322
13866750
13866788
13866844
13866951
13868468
13868478
13869634
13869645
13869651
13869659
13869661
13869673
13869674
13869716
13869888
13869939
13870269
13870295
13870348
13912407
13927703
13927704
13938557
14030368
14030383
14048487
14048494
14079117
14130173
14157227
14158633
14158653
14158694
14158695
14158701
14172384
14172409
14172508
14172582
14172591
14172617
14172801
14172905
14172953
14173065
14173219
14173318
14173355
14173412
14173424
14173459
14173862
14173971
14174141
14174142
14174176
14174351
14174384
14174406
14174437
14174545
14174759
14174831
14174895
14175113
14175127
14175134
14175180
14175340
14175359
14175428
14175445
14175504
14175516
14175576
14175640
14175687
14175837
14175886
14175897
14175929
14175954
14176040
14176085
14176090
14176246
14176840
14176923
14176931
14177216
14177742
14177767
14178205
14178221
14178461
14178465
14178578
14178590
14178611
14178613
14178952
14178954
14178977
14178992
14178997
14179022
14179068
14179069
14179160
14179220
14179279
14179697
14179710
14179880
14179905
14179942
14180222
14180253
14180303
14180497
14180545
14180582
14180609
14180792
14181002
14181026
14181027
14181062
14181096
14181225
14181230
14181231
14181241
14181252
14181364
14181395
14181402
14181408
14181445
14181452
14181575
14181622
14181668
14182417
14182421
14182546
14182932
14182961
14182973
14182979
14183172
14183176
14183272
14183280
14183283
14183666
14184066
14184099
14186292
14186347
14186382
14186417
14186423
14186557
14186932
14186953
14187059
14187066
14187196
14187204
14187238
14187338
14187347
14187362
14187372
14187726
14187731
14187741
14187781
14187935
14187955
14188453
14188478
14188510
14188521
14188661
14188674
14188720
14188890
14188940
14189090
14189101
14189111
14189192
14189227
14189248
14189835
14190546
14190572
14190588
14190605
14190610
14190625
14190649
14190652
14190689
14190717
14190737
14190833
14190862
14190959
14191095
14191121
14191125
14191129
14191710
14191725
14191854
14192268
14192350
14192440
14192565
14193272
14193321
14193389
14193438
14193449
14193520
14193531
14193613
14193720
14193745
14193972
14194005
14194175
14194364
14194375
14194390
14194933
14195015
14195105
14195230
14195675
14195685
14195933
14196383
14196455
14197251
14197405
14203603
14203681
14203730
14203798
14203847
14203858
14203929
14203940
14204022
14204129
14204154
14204222
14204223
14204381
14204493
14204584
14204772
14204783
14204798
14204861
14204862
14204863
14204927
14205513
14205716
14205763
14205784
14205827
14205887
14205899
14205958
14206044
14206063
14206748
14206755
14206763
14206827
14206962
14207027
14207252
14207259
14207299
14207331
14207466
14207579
14207599
14207659
14207661
14207703
14207761
14208082
14208090
14208138
14208151
14208269
14208323
14208355
14208380
14208440
14208461
14208477
14208509
14208569
14208570
14208588
14210018
14210072
14210077
14210098
14210181
14210189
14210191
14210202
14210458
14210460
14210473
14210485
14210628
14210633
14210723
14210724
14210821
14210847
14210968
14210992
14211232
14211324
14211367
14211414
14211441
14211448
14211521
14211573
14211587
14211590
14211594
14211624
14211643
14212101
14212117
14212169
14212173
14212175
14212182
14212183
14212207
14212221
14212232
14212237
14212304
14212377
14212389
14212464
14212601
14212708
14212719
14212729
14212740
14212780
14212794
14212804
14212856
14212883
14212914
14212937
14213113
14213143
14213159
14213163
14213205
14213497
14213512
14213673
14213704
14213955
14213976
14213980
14213998
14214003
14214010
14214011
14214077
14214124
14214132
14214247
14214270
14214287
14214378
14214405
14214419
14214436
14214583
14214635
14214665
14214675
14214681
14214685
14214727
14214742
14214753
14214768
14214798
14214825
14214854
14214924
14215031
14215050
14215177
14215205
14215225
14215342
14215372
14215384
14215421
14215447
14215459
14215480
14215498
14215513
14215524
14215612
14215652
14215678
14215700
14215701
14215708
14215902
14215928
14215932
14215933
14215952
14216080
14216098
14216110
14216120
14216123
14216186
14216204
14216254
14216291
14216294
14216449
14216518
14216534
14216539
14216562
14216586
14216859
14216902
14216918
14216935
14217230
14217327
14217425
14217444
14217623
14217658
14217727
14217763
14217888
14217903
14218266
14218354
14218433
14218444
14218465
14218472
14218509
14218522
14218541
14218547
14218550
14218573
14218585
14218598
14218599
14218789
14218835
14218873
14218882
14219070
14219833
14219863
14219924
14219946
14219982
14219986
14219993
14220011
14220012
14220036
14220037
14220364
14220658
14221667
14221674
14221722
14221727
14221818
14221834
14221856
14221886
14221915
14221931
14221938
14221969
14222186
14222371
14222543
14222645
14222884
14222892
14222925
14223058
14223111
14223139
14223186
14223193
14223242
14223272
14223312
14223323
14223518
14223522
14223523
14223524
14223671
14223702
14223725
14223773
14223803
14223811
14223813
14223818
14223824
14223846
14223878
14223935
14223962
14223989
14224000
14224116
14224134
14224161
14224174
14224214
14224283
14224414
14224536
14224550
14224554
14224560
14224603
14224943
14224963
14225087
14225099
14225143
14225171
14225193
14225208
14312998
14313767
14313913
14313914
14314077
14314084
14314110
14314629
14314641
14314664
14314666
14314669
14314679
14314725
14314747
14314775
14314784
14314851
14314912
14314988
14315000
14315037
14315116
14315137
14339002
14354019
14354024
14354063
14354865
14392067
14392078
14392080
14392113
14392114
14414437
14414453
14434340
14439718
14439722
14439735
14457092
14461736
14461740
14474744
14474746
14474786
14474799
14474854
14474867
14475550
14475573
14475792
14475799
14475800
14475873
14475939
14475959
14475994
14476007
14476522
14476557
14476573
14564301
14564306
14573258
14586714
14587126
14587135
14587143
14587191
14587197
14587412
14587429
14587435
14587451
14587464
14587626
14612656
14612671
14612675
14612709
14612712
14612727
14612733
14612750
14612773
14612775
14802998
14814086
14814560
14814584
14814593
14814598
14814634
14826324
14978879
14978880
14980357
14980373
14980406
14980442
15040132
15136317
15140297
15140300
15140355
15140388
15140395
15140923
15140986
15141144
15141151
15141159
15141163
15141179
15142043
15142565
15142577
15142578
15142592
15142609
15143192
15143226
15143255
15143260
15143285
15143290
15143680
15144533
15218433
15218445
15218447
15218450
15255541
15257624
15257625
15257629
15257648
15258015
15258026
15258185
15258196
15258203
15258236
15258294
15258347
15300800
15300806
15300816
15300829
15300851
15300923
15300926
15301156
15301684
15301755
15301769
15301780
15304588
15305365
15305389
15305431
15305434
15413788
15413810
15413815
15413824
15413825
15413831
15414774
15414806
15414851
15414893
15414904
15414913
15414919
15414929
15415232
15415581
15415590
15415653
15415656
15415671
15415928
15415941
15415962
15415963
15415967
15415980
15415985
15429368
15468866
15629388
15629418
15629420
15629424
15629426
15629435
15629436
15630059
15630080
15649491
15649634
15649658
15715481
15716070
15716561
15716686
15716758
15716890
15717090
15717464
15717846
15718192
15719045
15719178
15719271
15719274
15719357
15719536
15720810
16995272
17227132
17227165
17738263
18652255
18652258
20259670
