149035.0
149035.0
149035.0
149035.0
149035.0
745175
745175
745175
745175
745175
745175
745175
745175
745175
745175
1341315
1341315
1341315
1341315
1341315
1341315
1341315
1341315
1341315
1341315
1490350
1490350
1490350
1490350
1490350
1490350
1490350
1490350
1490350
1490350
1788420
1788420
1788420
1788420
1788420
1788420
1788420
1788420
1788420
1788420
2086490
2086490
2086490
2086490
2086490
2086490
2086490
2086490
2086490
2086490
2235525
2235525
2235525
2235525
2235525
2235525
2235525
2235525
2235525
2235525
2533595
2533595
2533595
2533595
2533595
2533595
2533595
2533595
2533595
2533595
2682630
2682630
2682630
2682630
2682630
2682630
2682630
2682630
2682630
2682630
2831665
2831665
2831665
2831665
2831665
2831665
2831665
2831665
2831665
2831665
3129735
3129735
3129735
3129735
3129735
3129735
3129735
3129735
3129735
3129735
3278770
3278770
3278770
3278770
3278770
3278770
3278770
3278770
3278770
3278770
3427805
3427805
3427805
3427805
3427805
3427805
3427805
3427805
3427805
3427805
3576840
3576840
3576840
3576840
3576840
3576840
3576840
3576840
3576840
3576840
3874910
3874910
3874910
3874910
3874910
3874910
3874910
3874910
3874910
3874910
4172980
4172980
4172980
4172980
4172980
4172980
4172980
4172980
4172980
4172980
4620085
4620085
4620085
4620085
4620085
4620085
4620085
4620085
4620085
4620085
4769120
4769120
4769120
4769120
4769120
4769120
4769120
4769120
4769120
4769120
5067190
5067190
5067190
5067190
5067190
5067190
5067190
5067190
5067190
5067190
5365260
5365260
5365260
5365260
5365260
5365260
5365260
5365260
5365260
5365260
5514295
5514295
5514295
5514295
5514295
5663330
5663330
5663330
5663330
5663330
5663330
5663330
5663330
5663330
5663330
5961400
5961400
5961400
5961400
5961400
5961400
5961400
5961400
5961400
5961400
6110435
6110435
6110435
6110435
6110435
6110435
6110435
6110435
6110435
6110435
6855610
6855610
6855610
6855610
6855610
6855610
6855610
6855610
6855610
6855610
7451750
7451750
7451750
7451750
7451750
7451750
7451750
7451750
7451750
7451750
7749820
7749820
7749820
7749820
7749820
7749820
7749820
7749820
7749820
7749820
8047890
8047890
8047890
8047890
8047890
8047890
8047890
8047890
8047890
8047890
8345960
8345960
8345960
8345960
8345960
8345960
8345960
8345960
8345960
8345960
8494995
8494995
8494995
8494995
8494995
8494995
8494995
8494995
8494995
8494995
8793065
8793065
8793065
8793065
8793065
8793065
8793065
8793065
8793065
8793065
8942100
8942100
8942100
8942100
8942100
8942100
8942100
8942100
8942100
8942100
9091135
9091135
9091135
9091135
9091135
9091135
9091135
9091135
9091135
9091135
10283415
10283415
10283415
10283415
10283415
10283415
10283415
10283415
10283415
10283415
10432450
10432450
10432450
10432450
10432450
10432450
10432450
10432450
10432450
10432450
10581485
10581485
10581485
10581485
10581485
10581485
10581485
10581485
10581485
10581485
11177625
11177625
11326660
11326660
11326660
11326660
11326660
11326660
11326660
11326660
11326660
11326660
11475695
11475695
11475695
11475695
11475695
11475695
11475695
11475695
11475695
11475695
11624730
11624730
11624730
11624730
11624730
11624730
11624730
11624730
11624730
11624730
11773765
11773765
11773765
11773765
11773765
11773765
11773765
11773765
11773765
11773765
11922800
11922800
11922800
11922800
11922800
11922800
11922800
11922800
11922800
11922800
12071835
12071835
12071835
12071835
12071835
12071835
12071835
12071835
12071835
12071835
13413150
13413150
13711220
13711220
13711220
13711220
13711220
13711220
13711220
13711220
13711220
13711220
14009290
14009290
14009290
14009290
14009290
15499640
15499640
15499640
15499640
15499640
15499640
15499640
15499640
15499640
15499640
16244815
16244815
16542885
16542885
16542885
16542885
16542885
16542885
16542885
16542885
16542885
16542885
17139025
17139025
17139025
17139025
17139025
17139025
17139025
17139025
17139025
17139025
17288060
17288060
17288060
17288060
17288060
17884200
17884200
17884200
17884200
17884200
17884200
17884200
17884200
17884200
17884200
18033235
18033235
18033235
18033235
18033235
18033235
18033235
18033235
18033235
18033235
18033235
18033235
18033235
18033235
18033235
18033235
18033235
18033235
18033235
18778410
18778410
19672620
19672620
19672620
19672620
19672620
19672620
19672620
19672620
19672620
19672620
20268760
20268760
20268760
20268760
20268760
20268760
20268760
20268760
20268760
20268760
20417795
20417795
20417795
20417795
20417795
20417795
20417795
20417795
20417795
20417795
21162970
21162970
21162970
22355250
22355250
22355250
22355250
22355250
22355250
22355250
22355250
22355250
22355250
22504285
22504285
22504285
22504285
22504285
22504285
22504285
22504285
22504285
22504285
22653320
22653320
22653320
22653320
22653320
22653320
22653320
22653320
22653320
22653320
22951390
22951390
22951390
22951390
22951390
22951390
22951390
22951390
22951390
22951390
23249460
23249460
23249460
23249460
23249460
25484985
25484985
25484985
25484985
25484985
25484985
25484985
25484985
25484985
25484985
26379195
26379195
26379195
26379195
26379195
26379195
26379195
26379195
26379195
26379195
26379195
26379195
26379195
26379195
26379195
26379195
26379195
26379195
26379195
26379195
26379195
26379195
26379195
26379195
26379195
26379195
26379195
26379195
26379195
26379195
26379195
26379195
26379195
26379195
26379195
26379195
26379195
26379195
26379195
26379195
26379195
26379195
26379195
26379195
26379195
26379195
26379195
26379195
26379195
26379195
26379195
26379195
26379195
26379195
26379195
26379195
26379195
26379195
26379195
26379195
26379195
26379195
26379195
26379195
26379195
26379195
26379195
26379195
26379195
26379195
26379195
26379195
26379195
26379195
26379195
26379195
26379195
26379195
26379195
26379195
26379195
26379195
26379195
26379195
26379195
26379195
26379195
26379195
26379195
26379195
26379195
26379195
26379195
26379195
26379195
26379195
26379195
26379195
26379195
26379195
26379195
26379195
26379195
26379195
26379195
26379195
26379195
26379195
26379195
26379195
26379195
26379195
26379195
26379195
26379195
26379195
26379195
26379195
26379195
26379195
26379195
26379195
26379195
26379195
26379195
26379195
26379195
26379195
26379195
26379195
26379195
26379195
26379195
26379195
26379195
26379195
26379195
26379195
26379195
26379195
26379195
26379195
26379195
26379195
26379195
26379195
26379195
26379195
26379195
26379195
26379195
26379195
26379195
26379195
26379195
26379195
26379195
26379195
26379195
26379195
26379195
26379195
26379195
26379195
26379195
26379195
26379195
26379195
26379195
26379195
26379195
26379195
26379195
26379195
26379195
26379195
26379195
26379195
26379195
26379195
26379195
26379195
26379195
26379195
26379195
26379195
26379195
26379195
26379195
26379195
26379195
26379195
26379195
26379195
26379195
26379195
26379195
26379195
26379195
26379195
26379195
26379195
26379195
26379195
26379195
26379195
26379195
26379195
26379195
26379195
26379195
26379195
26379195
26379195
26379195
26379195
26379195
26379195
26379195
26379195
26379195
26379195
26379195
26379195
26379195
26379195
26379195
26379195
26379195
26379195
26379195
26379195
26379195
26379195
26379195
26379195
26379195
26379195
26379195
26379195
26379195
26379195
26379195
26379195
26379195
26379195
26379195
26379195
26379195
26379195
26379195
26379195
26379195
26379195
26379195
26379195
26379195
26379195
26379195
26379195
26379195
26379195
26379195
26379195
26379195
26379195
26379195
26379195
26379195
26379195
26379195
26379195
26379195
26379195
26379195
26379195
26379195
26379195
26379195
26379195
26379195
26379195
26379195
26379195
26379195
26379195
26379195
26379195
26379195
26379195
26379195
26379195
26379195
26379195
26379195
26379195
26379195
26379195
26379195
26379195
26379195
26379195
26379195
26379195
26379195
26379195
26379195
26379195
26379195
26379195
26528230
26528230
26528230
26528230
26528230
26677265
26677265
26677265
26677265
26677265
26677265
26677265
26677265
26677265
26677265
26826300
26826300
26826300
26826300
26826300
26826300
26826300
26826300
26826300
26826300
26975335
26975335
26975335
26975335
26975335
26975335
26975335
26975335
26975335
26975335
