1659976
1659996
1660000
1660007
1660018
1660024
1660118
1660119
1660122
1660127
1660157
1660163
1660169
1660171
1660173
1660184
1660186
1944325
1954456
1978094
1988662
3226374
3230289
3230298
3235283
3235394
3349667
3353918
3610078
3610087
3806940
3807138
3807142
3807143
3807149
4693723
4701579
6861644
6861657
6861665
6861666
6861771
6861775
6880163
6880308
7361159
7361186
7375163
7375202
8577470
8579403
8579430
8585144
8638672
8639875
8641668
8643599
8643600
8648432
8741509
8741903
8749979
8768571
8774839
8774847
8774870
8976537
8976538
8980228
8980235
8980252
8980255
8985996
8985998
8986081
8986082
8986083
8986395
8987511
8987512
8993105
9032473
9032478
9032479
9037268
9037270
9040941
9040942
9042853
9044635
9046796
9051311
9051988
9051989
9052524
9052525
9052526
9052527
9053609
9054196
9054197
9054560
9054566
9108396
9108405
9108419
9108423
9108431
9111742
9113206
9130021
9131116
9136942
9139901
9139902
9147345
9147355
9147367
9226789
9226791
9227373
9227408
9227533
9227534
9227535
9227536
9232525
9234779
9245588
9245590
9245592
9245593
9245595
9245598
9247915
9247916
9254719
9254728
9255546
9259177
9259178
9259179
9259187
9313807
9316117
9320497
9332168
9332169
9333813
9333814
9346563
9346564
9431871
9437409
9437474
9437475
9437476
9437615
9438355
9438464
9438789
9438792
9440475
9440647
9443348
9444704
9444706
9444712
9444714
9444716
9444718
9444784
9444786
9444793
9444795
9444799
9444801
9444804
9444811
9509128
9512800
9911027
9912833
9912835
9912903
9913077
9913326
9914031
9914036
9991520
9991521
10020677
10020694
10025578
10025582
10025633
10025634
10025654
10033984
10034013
10034015
10034016
10041851
10041853
10044454
10951982
10951983
10960624
10960631
10960736
10960739
10960740
10960744
10960758
10960805
10960808
10967183
10967185
10967969
10967970
10969985
10969987
10969988
10971876
11454781
11458326
12087267
12087272
12087278
12087281
12087294
13352393
13352394
15870988
15870989
16280059
16287335
16287337
17240491
17245052
17276566
17276567
17276568
17351200
17351201
17351202
17370694
17371721
17371723
