4891566
4897129
4903412
4912682
4918982
4928473
4931678
4941794
4956336
4958205
4963731
4971397
4976084
4981022
4988760
4993477
5004761
5008808
5016664
5022249
5027748
5037070
5041924
5047900
5058229
5065803
5068458
5078078
5079338
5089415
5099339
5101603
5114411
5120449
5125765
5133110
5139085
5150525
5160052
5162868
5168471
5174566
5185732
5193199
5201380
5207036
5210169
5222677
5229318
5233300
5245266
5255696
5261953
5269231
5279679
5285570
5295214
5298225
5308011
5310135
5318078
5325374
5335046
5339959
5342988
5352001
5355645
5369750
5373417
5382326
5393007
5398806
5404925
5416368
5417543
5428505
5436923
5439012
5447710
5461064
5463408
5471678
5477387
5485364
5491580
5500892
5507859
5515141
5525929
5530401
5537484
5538799
5550032
5558996
5562990
5576706
5581815
5584725
5592581
5602990
5606751
5612802
5621848
5636222
5643906
5647398
5649845
5660327
5663136
5667849
5676355
5680128
5689940
5698287
5707729
5708457
5714908
5723568
5735447
5744646
5752626
5760174
5763723
5772981
5781195
5787957
5796906
5801417
5811663
5819794
5826813
5834077
5837085
5842278
5856460
5868634
5871907
5883032
5892668
5898530
5903986
5914445
5922490
5930867
5932661
5942208
5956568
5958403
5970767
5977617
5979701
5990887
5995587
5999007
6002401
6006714
6012844
6013707
6015489
6020822
6024504
6029957
6035129
6035159
6046823
6047241
6053552
6053569
6062398
6068432
6077541
6078672
6087848
6087917
6093785
6095533
6098999
6103828
6107927
6107947
6115563
6115690
6123753
6128676
6130294
6130296
6142750
6144380
6145866
6147204
6153487
6153553
6160896
6162352
6170204
6170473
6177761
6180873
6186392
6186585
6188593
6189166
6198977
6199127
6204402
6207356
6214087
6216419
6223106
6223139
6228763
6232660
6237838
6237881
6246969
6249402
6254805
6254972
6258516
6258569
6267570
6269525
6272106
6276388
6280562
6281696
6285932
6287691
6297307
6297339
6299314
6299542
6310737
6310759
6318513
6318539
6324364
6330626
6332009
6332015
6344130
6344137
6347533
6350125
6356097
6358394
6367568
6370585
6380787
6381514
6384662
6386501
6396554
6398804
6405450
6406117
6408145
6411054
6418118
6419640
6425529
6426337
6435596
6436299
6438521
6439904
6440263
6446812
6446832
6449247
6455076
6456417
6459126
6462948
6462963
6466558
6472338
6472675
6474188
6474217
6475075
6485186
6485193
6488775
6489462
6492164
6497928
6498115
6499208
6503038
6503598
6504703
6506605
6507068
6516903
6517032
6520947
6520962
6522634
6528283
6532520
6533051
6535883
6540255
6548546
6550581
6554199
6554567
6555981
6565886
6565917
6567120
6569606
6579557
6580841
6587599
6587623
6587891
6595630
6595631
6601433
6601473
6605581
6605602
6607737
6609290
6615689
6624344
6625587
6625593
6627504
6628491
6632554
6636849
6638602
6643940
6644683
6646268
6648025
6654792
6654813
6655344
6656297
6656346
6666359
6666363
6666755
6668369
6669841
6680593
6681404
6681408
6688937
6688940
6693484
6693606
6696794
6703739
6703854
6703866
6705293
6706023
6713736
6715427
6727941
6728403
6732087
6737785
6741644
6741784
6742405
6745999
6747322
6753928
6753933
6763132
6766100
6766967
6768809
6769138
6769157
6776898
6778330
6785118
6786604
6788266
6794877
6797708
6801728
6802069
6805014
6807117
6807138
6807190
6816137
6816183
6820256
6822019
6826467
6835169
6835370
6835376
6837951
6841108
6841722
6843303
6845704
6850041
6856609
6857317
6857961
6860991
6861039
6867572
6867577
6867792
6872615
6872986
6880085
6881675
6888085
6888093
6888302
6891925
6891958
6891963
6896877
6898021
6901336
6905038
6905737
6905745
6910321
6910720
6923694
6926248
6928966
6931305
6931310
6938962
6941489
6941773
6948218
6948238
6951416
6951810
6951815
6953862
6957276
6960536
6960566
6961118
6967026
6970949
6972349
6980307
6980308
6980309
6980946
6983362
6986846
6986855
6986859
6989499
6989780
6991204
6996231
6996898
6998300
7000846
7003641
7004113
7009255
7010246
7015058
7017869
7022243
7022851
7024703
7027182
7031575
7031594
7033357
7033908
7034551
7040828
7042328
7046900
7050192
7054949
7057562
7058375
7062089
7062319
7062325
7069728
7071448
7071450
7072067
7078729
7078970
7079439
7082172
7084954
7090590
7090915
7091806
7095683
7095704
7096826
7096839
7098979
7099284
7106428
7110218
7111170
7111221
7119378
7119549
7122711
7122749
7131492
7132726
7132734
7132954
7135165
7136254
7136373
7136461
7140639
7142324
7144705
7146606
7148204
7151748
7151756
7151760
7157247
7157586
7158867
7160160
7161855
7164961
7170374
7170865
7170892
7175319
7176747
7176957
7179411
7181089
7185782
7185948
7186278
7186301
7186317
7200882
7201500
7202459
7206314
7207252
7210186
7210903
7211324
7211605
7211614
7216855
7217352
7222680
7223229
7223319
7229461
7231220
7232082
7233189
7233824
7233904
7235126
7237108
7239154
7240394
7244002
7245243
7245309
7252771
7252943
7256403
7256428
7258052
7263160
7268358
7268500
7268657
7269295
7270357
7270914
7270921
7278673
7279506
7279530
7280256
7284273
7286344
7287088
7290457
7290469
7291499
7292427
7293967
7295523
7295753
7296225
7299608
7301424
7302970
7302990
7303586
7309468
7309590
7312778
7316055
7316164
7318269
7320836
7321052
7324007
7329703
7330380
7331802
7331830
7331842
7331867
7332783
7343630
7343777
7344438
7344729
7345123
7347617
7350083
7350401
7351807
7357796
7358670
7358815
7363196
7363204
7363392
7368688
7370148
7370157
7371231
7371257
7375229
7375797
7376231
7383037
7384355
7384370
7384379
7384401
7388866
7389563
7389606
7389611
7399349
7403809
7403932
7405658
7406338
7407571
7407586
7410975
7412851
7417471
7419485
7420321
7421388
7424174
7424175
7424194
7434574
7434586
7436258
7438063
7438955
7445244
7448240
7448241
7453190
7453489
7453555
7456419
7462085
7462515
7463399
7463908
7465549
7465573
7465986
7466749
7466754
7467590
7476273
7476274
7477651
7477861
7484585
7484595
7484604
7484613
7484644
7485980
7486602
7488262
7488269
7488292
7493593
7495165
7496323
7497050
7498183
7504897
7504900
7504903
7504912
7512097
7513908
7514101
7514108
7514155
7514247
7520095
7521455
7521726
7521728
7522163
7523758
7523784
7523974
7528554
7534464
7534465
7534601
7534843
7539963
7543042
7543090
7543094
7543106
7546439
7546745
7549006
7549053
7549054
7550662
7556561
7557926
7557965
7558440
7561040
7562945
7562967
7562968
7563157
7563161
7563164
7567589
7567621
7570351
7570357
7570423
7575514
7576126
7579971
7581682
7582901
7583105
7584044
7585284
7587118
7587186
7587630
7589586
7592665
7592791
7593142
7597549
7599108
7599131
7599139
7602658
7604704
7606409
7606957
7609742
7612773
7612810
7613411
7613659
7613842
7615600
7615601
7616118
7616140
7616149
7623572
7625570
7625582
7625585
7627444
7630807
7631025
7631039
7632029
7641693
7644046
7645310
7645312
7649397
7653242
7653293
7654435
7657117
7662021
7662025
7662055
7662878
7664133
7664156
7666617
7666621
7668108
7668222
7668224
7672041
7673871
7673942
7674009
7674210
7674396
7675511
7675513
7682684
7683663
7685290
7685633
7685723
7685752
7688075
7689059
7690669
7690689
7690774
7691725
7692607
7694211
7694213
7695231
7703248
7706991
7707009
7707030
7707048
7710290
7710458
7712429
7712763
7712773
7714781
7715688
7715877
7721242
7721395
7721425
7724090
7724237
7726572
7726574
7728856
7728858
7731981
7735589
7735591
7737002
7741110
7741354
7741887
7742832
7744830
7750587
7750601
7750870
7751426
7754335
7755516
7757324
7758912
7759186
7763037
7763103
7763108
7763112
7764259
7765550
7770836
7770856
7771197
7771209
7771210
7773952
7773976
7773994
7774406
7776315
7777633
7780953
7782315
7783746
7787055
7787365
7789441
7789938
7792122
7792407
7799603
7799609
7801916
7802105
7802108
7802111
7808492
7810089
7810633
7810838
7811549
7814770
7815734
7818743
7818745
7818913
7818917
7821571
7822144
7822191
7827058
7831598
7832394
7832533
7832536
7832549
7832553
7838998
7842282
7842484
7845657
7845676
7846498
7846668
7847141
7847248
7847258
7847307
7852558
7854835
7857874
7859734
7860572
7860699
7860716
7860836
7860839
7861406
7863729
7863730
7864065
7864095
7867131
7867133
7875422
7878058
7878096
7878432
7878988
7884897
7887141
7887848
7887882
7887886
7887917
7890882
7891299
7891305
7891522
7891527
7893844
7894978
7895005
7895287
7895962
7896339
7896364
7898980
7899001
7899571
7899577
7899583
7899585
7900504
7901079
7906991
7907528
7908718
7913112
7914976
7915013
7916369
7917499
7917501
7918730
7918886
7925667
7928954
7930847
7931032
7931036
7931292
7931673
7931684
7936373
7936376
7937097
7937109
7939269
7940112
7940568
7942025
7942197
7944845
7945945
7946859
7950478
7951543
7951699
7951700
7951809
7951817
7951820
7957263
7962100
7962106
7962617
7963043
7963874
7966749
7971448
7971486
7971491
7971684
7972394
7973511
7977217
7978300
7980590
7982306
7983218
7983427
7983654
7983734
7986324
7987752
7987753
7990190
7990198
7990212
7990234
7990235
7990966
7994439
7994688
7996549
7998437
7998438
7998441
7998445
7998455
8001010
8001068
8006398
8006442
8009273
8010067
8010081
8012279
8013005
8014697
8014701
8014718
8016218
8023192
8023228
8025328
8026574
8026594
8029600
8029619
8029828
8030246
8032566
8035203
8036720
8037358
8042898
8043419
8044650
8044659
8047405
8049690
8049964
8050254
8050331
8050657
8051496
8051517
8053444
8057889
8058360
8058791
8060054
8065089
8068313
8071556
8072251
8073236
8073276
8073504
8074340
8074398
8076126
8076255
8077384
8083656
8083662
8084092
8085651
8085936
8092190
8096378
8097703
8098621
8098649
8099351
8100201
8101551
8101560
8101567
8104784
8106262
8106527
8108215
8109792
8109794
8111885
8111893
8112311
8117073
8117119
8117211
8119589
8120950
8121743
8121747
8121856
8122435
8122464
8123337
8123667
8124186
8124193
8124725
8125026
8125027
8128300
8129592
8133648
8137460
8137549
8137556
8137571
8138202
8140091
8140255
8140924
8143488
8144035
8146041
8146044
8149047
8149136
8149858
8149862
8149869
8149876
8152073
8153694
8153910
8153926
8155751
8155795
8156137
8156986
8157126
8158528
8158535
8158570
8158594
8159435
8161180
8161186
8161192
8161203
8162317
8162981
8164151
8169002
8169022
8169499
8173169
8173474
8173938
8174824
8176500
8176599
8178690
8178701
8181939
8182309
8182837
8183891
8184146
8184439
8184448
8186305
8186537
8189780
8189786
8189939
8189945
8191653
8193489
8194210
8194222
8194689
8195246
8200405
8200415
8200419
8200428
8200430
8202740
8204973
8206668
8206951
8209772
8209929
8210257
8211143
8213623
8214830
8216617
8217345
8217346
8219863
8221450
8221452
8221465
8221472
8221493
8223777
8223792
8225640
8228860
8231382
8232628
8232851
8232975
8232989
8233898
8235430
8235437
8235642
8239347
8239532
8239571
8239928
8240333
8241557
8241704
8241824
8244342
8245142
8245144
8245145
8246143
8249154
8254726
8258316
8259108
8259118
8260292
8260950
8262883
8262901
8263428
8263500
8266157
8267812
8267888
8269687
8269691
8270690
8271913
8271942
8271943
8273398
8273416
8273425
8273429
8273433
8273438
8280246
8280249
8280250
8280257
8280273
8280554
8282779
8287917
8288231
8288239
8288560
8288887
8291411
8291739
8293875
8294323
8294982
8297615
8298018
8298233
8298390
8298894
8298906
8298918
8299438
8299480
8299483
8301007
8302500
8302728
8303811
8304331
8304332
8304362
8304751
8306008
8307977
8310442
8314182
8314373
8314394
8314401
8315500
8315596
8315602
8316263
8319040
8319328
8319340
8320902
8322337
8322360
8322376
8323159
8323182
8325326
8326208
8327088
8327917
8328778
8330082
8331156
8331912
8332189
8332232
8332236
8333393
8337716
8339347
8339592
8340672
8342473
8342484
8343051
8343392
8343399
8344299
8344832
8345408
8346341
8346572
8346577
8348949
8349198
8349202
8350489
8351334
8356861
8357156
8357197
8357334
8357779
8358456
8359005
8363561
8363586
8363703
8363755
8364265
8364274
8364287
8364320
8366314
8373442
8373922
8373950
8374444
8374455
8374940
8375183
8375899
8377805
8377806
8378531
8381055
8383045
8383047
8384190
8389507
8389599
8389603
8389707
8389831
8390126
8391919
8395508
8396268
8398064
8398703
8399021
8399032
8399034
8399051
8399531
8400375
8402026
8402031
8402035
8402039
8402044
8406056
8406093
8410301
8414171
8415352
8415361
8415437
8415575
8415579
8415589
8415609
8416019
8417472
8417473
8417475
8418529
8419700
8422230
8422247
8423301
8423307
8423310
8423316
8424659
8426819
8426825
8430978
8432303
8432304
8432308
8432330
8433921
8435161
8435430
8437388
8437535
8437583
8438613
8438676
8439643
8439692
8442784
8442796
8448542
8448551
8448588
8448597
8448598
8449417
8449423
8449429
8450355
8450753
8454087
8454343
8455798
8455804
8455808
8455822
8458941
8461306
8461307
8461329
8461958
8462457
8462460
8462481
8462483
8462488
8462490
8463002
8464357
8464495
8464584
8464585
8465302
8465978
8466283
8466360
8468730
8468738
8468998
8469229
8471898
8471934
8471943
8471956
8472387
8472399
8472406
8472408
8472422
8477138
8477917
8478351
8478364
8478365
8478763
8478776
8478819
8480916
8484431
8484681
8487769
8489867
8490440
8492491
8492525
8492529
8492532
8492537
8492890
8496013
8496992
8497052
8497152
8497508
8497523
8497548
8498850
8498893
8504124
8504306
8504479
8505826
8505842
8506041
8506438
8506505
8507820
8508023
8513668
8513680
8514387
8514726
8514956
8515188
8515451
8516116
8516130
8516681
8516693
8516699
8516807
8518573
8519168
8519174
8519181
8519187
8519195
8519203
8525495
8525496
8525498
8525501
8526394
8527020
8528566
8528572
8528575
8528912
8529087
8529101
8530283
8531068
8531201
8531476
8532848
8532865
8536483
8536713
8537790
8537793
8537803
8538217
8539078
8539201
8542770
8542771
8542776
8542783
8544335
8546208
8547644
8548466
8548474
8548478
8548873
8549147
8549191
8549283
8550456
8550466
8550611
8550621
8550634
8550655
8550743
8552567
8555511
8556277
8556713
8557008
8557017
8557589
8557642
8558797
8558843
8558851
8558860
8559850
8559860
8559980
8560719
8560720
8560972
8561559
8564201
8567506
8568654
8568715
8569193
8570679
8573146
8573171
8573174
8573745
8573750
8574426
8575413
8576921
8577091
8577101
8577104
8578301
8578542
8578922
8578937
8578945
8578949
8585130
8586059
8586252
8587031
8587032
8587048
8587052
8587952
8590809
8591160
8591377
8591398
8591411
8591584
8591586
8592289
8594258
8594325
8594571
8598415
8600616
8601862
8601885
8602869
8603020
8603025
8603570
8604285
8604295
8604301
8604324
8604426
8605465
8605883
8607865
8608246
8608256
8611352
8613455
8613509
8614529
8614624
8614717
8614720
8614992
8615000
8615007
8615563
8616573
8616946
8617074
8617079
8618214
8618249
8618669
8619422
8619883
8619894
8620479
8620498
8620521
8622070
8624299
8626093
8626537
8626540
8626748
8626788
8626908
8627760
8628022
8628031
8631118
8631133
8631928
8633117
8633266
8633658
8633671
8633678
8634029
8634059
8634102
8634985
8635328
8636111
8636206
8638801
8640430
8640460
8640467
8640869
8642858
8642859
8643090
8643098
8643102
8643114
8643122
8643133
8643135
8643145
8644929
8644981
8645070
8648256
8648889
8650590
8650593
8650814
8651063
8651637
8652410
8653381
8653482
8654244
8654246
8654634
8654881
8655000
8656349
8656569
8657914
8657932
8657945
8660079
8660686
8661702
8661721
8661759
8663665
8664797
8664803
8665489
8665947
8668202
8668236
8668250
8668283
8668315
8668325
8669062
8669191
8672154
8673432
8674130
8674137
8674156
8674169
8675148
8675228
8675264
8676000
8676424
8676772
8677386
8679489
8679646
8679846
8681067
8681069
8681870
8682699
8683511
8683548
8683559
8683826
8685762
8685977
8687550
8687798
8688271
8688288
8688301
8688321
8688345
8689646
8689672
8690485
8692316
8692414
8693135
8694389
8695525
8697359
8697830
8698228
8699262
8699270
8699295
8699298
8700607
8700805
8702461
8702702
8702712
8702893
8702895
8704075
8704101
8704556
8704595
8704602
8704610
8704636
8704638
8705170
8705200
8709477
8709593
8709616
8709622
8710359
8710394
8710397
8712953
8712975
8713727
8713759
8713770
8713773
8714956
8715209
8715918
8715935
8718680
8719540
8719549
8719583
8720676
8721266
8721271
8721307
8721339
8721452
8723105
8723477
8723487
8723502
8723791
8723794
8723869
8724149
8724201
8724951
8725058
8725221
8728202
8728212
8728728
8728732
8729599
8729700
8729705
8729729
8729780
8732176
8732180
8732406
8732936
8732967
8736035
8736047
8736171
8736176
8736201
8737240
8738038
8739103
8739104
8739244
8739663
8739665
8739839
8739842
8740525
8741319
8741328
8742279
8742282
8742418
8743337
8744524
8744528
8745720
8745728
8745739
8745765
8746209
8746606
8746622
8746764
8747786
8747792
8747870
8747963
8749554
8750132
8750164
8750176
8750514
8750762
8750902
8750910
8754646
8754671
8754673
8755766
8755793
8756908
8756954
8757136
8757141
8757152
8757157
8757777
8757799
8757862
8757867
8758452
8758461
8758464
8758484
8758517
8758533
8759854
8759863
8760648
8761118
8761163
8761684
8761855
8761901
8763167
8763182
8763419
8764586
8764587
8764703
8764748
8765067
8765069
8766501
8766513
8766517
8766524
8766545
8767436
8767460
8767529
8769108
8769204
8769630
8769634
8769825
8769966
8769972
8770219
8770894
8771122
8771150
8772940
8773063
8773105
8773111
8773117
8773204
8773336
8775502
8775560
8779296
8780015
8780028
8780266
8780275
8781133
8781135
8781399
8781433
8783209
8783232
8783259
8783261
8783353
8783377
8783379
8783734
8785682
8785685
8785704
8785927
8786896
8787220
8787266
8787267
8787274
8787548
8788168
8788177
8788186
8788345
8788723
8792009
8794930
8795434
8795601
8795881
8795901
8795907
8796261
8797511
8798257
8798325
8799123
8799484
8799488
8799542
8799549
8799555
8801113
8801120
8801139
8801296
8801297
8801310
8801313
8802785
8802786
8802840
8803205
8803503
8803663
8803948
8804350
8804353
8804355
8804363
8804381
8804406
8806238
8806261
8806730
8809780
8810798
8811243
8811272
8811277
8811580
8811587
8811597
8811705
8811712
8811729
8811730
8811740
8812529
8812540
8812545
8812581
8813751
8816072
8816206
8816215
8816850
8818088
8818090
8818099
8818561
8818926
8819192
8819240
8820451
8825294
8825297
8825321
8825488
8825989
8828125
8829778
8830094
8830137
8830256
8830257
8830280
8830372
8830387
8830869
8830927
8835779
8835795
8837808
8838258
8838682
8838685
8839286
8840672
8840713
8841074
8841582
8842412
8847246
8847348
8847636
8847659
8847666
8847686
8849007
8849242
8849247
8851543
8851546
8851933
8852029
8852574
8852601
8852922
8853192
8853194
8853201
8853544
8853551
8853580
8855384
8856933
8856994
8858442
8858450
8858476
8862270
8862284
8862293
8863876
8863915
8865164
8865167
8865988
8866447
8866458
8866483
8866523
8867433
8868246
8868448
8868504
8868948
8869669
8870283
8870291
8870734
8871636
8872946
8872947
8872957
8873480
8874174
8874175
8874176
8874268
8876131
8876135
8878350
8879043
8879047
8879049
8879052
8879660
8879971
8881891
8882132
8882153
8882969
8883369
8883376
8883712
8883721
8883722
8883733
8884346
8884888
8884896
8884898
8887127
8888895
8889676
8889708
8889721
8895827
8895927
8895931
8895938
8896623
8897300
8897303
8898626
8899395
8899398
8899570
8900161
8900166
8900355
8901070
8901183
8901531
8901532
8901555
8901796
8901986
8902261
8903291
8903361
8903980
8903989
8905015
8905096
8905302
8905862
8908510
8910218
8911293
8911300
8911805
8913422
8913477
8913486
8914115
8914130
8916089
8916956
8916977
8916978
8917042
8918454
8918460
8918786
8920154
8922670
8923012
8926263
8928815
8928927
8929087
8929091
8931627
8932144
8932147
8932165
8932187
8932189
8936318
8936342
8937091
8937991
8938126
8938225
8938635
8940448
8940884
8943558
8943567
8944226
8944441
8944474
8945174
8945355
8946159
8946832
8947100
8947124
8947214
8947343
8947344
8948125
8950937
8952886
8953807
8955994
8956104
8956830
8956852
8956857
8957068
8957189
8957432
8957949
8960880
8962655
8962685
8962696
8962703
8965335
8965769
8966098
8966117
8969146
8969726
8970027
8970207
8971330
8971347
8971348
8972334
8973586
8973663
8973708
8973712
8974137
8979078
8979236
8979269
8981915
8981921
8981922
8981924
8983009
8983617
8984935
8985175
8985181
8985677
8987605
8987608
8987973
8987974
8988163
8988167
8990297
8992292
8992340
8992450
8993645
8993677
8993685
8993709
8994697
8994751
8994977
8994983
8995174
8995265
8995295
8997427
8998658
8998754
8998759
8999468
9000931
9001017
9001060
9001067
9002700
9004077
9004393
9005661
9005986
9006627
9006638
9012727
9012962
9013205
9013212
9013214
9013217
9013226
9013241
9014536
9014539
9014543
9018576
9018718
9018782
9020502
9022188
9023016
9023032
9023067
9023073
9023650
9023652
9025370
9025382
9028164
9028223
9029903
9030010
9031288
9031297
9031904
9032643
9033677
9033678
9034375
9034641
9034760
9037466
9037556
9040901
9044452
9044462
9045551
9046660
9047965
9048239
9048681
9050563
9051215
9052146
9052227
9053009
9053698
9053719
9053725
9053740
9053807
9054428
9054432
9054832
9057017
9057018
9057019
9058677
9059286
9059304
9061564
9061917
9061918
9061941
9061953
9066550
9066563
9067116
9068021
9068041
9068128
9068131
9068138
9068687
9068717
9068721
9070062
9070422
9072327
9073161
9073170
9073179
9073191
9074034
9075654
9075655
9075709
9076188
9076205
9078690
9078954
9080408
9080438
9080744
9080757
9081726
9081925
9084582
9086024
9086052
9088543
9088565
9088567
9088578
9090259
9090283
9090316
9091653
9092804
9101369
9101384
9101385
9101389
9102114
9102422
9102423
9102443
9102690
9107147
9107148
9108491
9108494
9108503
9108600
9108603
9110632
9110640
9112999
9118359
9118365
9119284
9119286
9119341
9119366
9119411
9119432
9124624
9124676
9126116
9127726
9127738
9128021
9128250
9132812
9132814
9135649
9135660
9136321
9136448
9136449
9137940
9138100
9139305
9142280
9142984
9142993
9143040
9148341
9148608
9148636
9151319
9151320
9151322
9151432
9151710
9155654
9156615
9157086
9157486
9159296
9159308
9160750
9160802
9161665
9161683
9165866
9165877
9166029
9166899
9166919
9167079
9168182
9173457
9173924
9174549
9176383
9176386
9176614
9178577
9178963
9178965
9182887
9182889
9182903
9182905
9183072
9183076
9183097
9183273
9187749
9188221
9188610
9190593
9190608
9191474
9191480
9193363
9194178
9194446
9194619
9196110
9196945
9200056
9200351
9200516
9201283
9201288
9204899
9206054
9206165
9206169
9206175
9207141
9207157
9207164
9209116
9214959
9215119
9215313
9215491
9215492
9215521
9215972
9215974
9216054
9218131
9218153
9220632
9220633
9220802
9221181
9221189
9221198
9222627
9222630
9223149
9223156
9224436
9224795
9224840
9228007
9228509
9231210
9231715
9231731
9231822
9233507
9234579
9234609
9234807
9235230
9235233
9236410
9243964
9243974
9243978
9244060
9244068
9244100
9244902
9244910
9244914
9244948
9245032
9246708
9248930
9251905
9252054
9252270
9252873
9252884
9253002
9254171
9254184
9254505
9257043
9259091
9261699
9262375
9262383
9264033
9264043
9274678
9274933
9275304
9275381
9275385
9275403
9275436
9276793
9278132
9278156
9278662
9278668
9279369
9280998
9281003
9281019
9282287
9282359
9282589
9283079
9285458
9285485
9288688
9288692
9289056
9289761
9290035
9291391
9292229
9295957
9295958
9296542
9296729
9296750
9297375
9303630
9303634
9304864
9304871
9304874
9304876
9304902
9304995
9307489
9307944
9308042
9308890
9308914
9310715
9310823
9312130
9314726
9314745
9316708
9316721
9316729
9316730
9317958
9318043
9318083
9319894
9321469
9321824
9325431
9325462
9325499
9326470
9328763
9328774
9329044
9329212
9331338
9331340
9331385
9331392
9331394
9331402
9334584
9334820
9337914
9337915
9339347
9341854
9343996
9345829
9345873
9347987
9348605
9348629
9348695
9349039
9349044
9349227
9353494
9353501
9353542
9357707
9357723
9358705
9360920
9360994
9365847
9365864
9365873
9366113
9366146
9366738
9367023
9367352
9369516
9371702
9373760
9373821
9373857
9374552
9378686
9378688
9379279
9381140
9381162
9381166
9383139
9384699
9384728
9385456
9385955
9386760
9387384
9387722
9388731
9388734
9389756
9391665
9391994
9392372
9392391
9392454
9392482
9392516
9400362
9400372
9400686
9401501
9401517
9403075
9403119
9405219
9406322
9406325
9408184
9409460
9409848
9410536
9414111
9417953
9417960
9419261
9419279
9420473
9420831
9421576
9422950
9422968
9423121
9424580
9426903
9431842
9432388
9432389
9432486
9432537
9438679
9438916
9439199
9439247
9439248
9440201
9441270
9445466
9446900
9446913
9448267
9448281
9448308
9448475
9448521
9448677
9454257
9458521
9458770
9459624
9460428
9462384
9464878
9467565
9467579
9469599
9469602
9469851
9472004
9472008
9475096
9475319
9476731
9476756
9478456
9484612
9485561
9485563
9485658
9485664
9486845
9488923
9489615
9490106
9492252
9492260
9495259
9495261
9498753
9500685
9500729
9502714
9505266
9505340
9505342
9505347
9508912
9509577
9511272
9513112
9513125
9513126
9513481
9513486
9513589
9513645
9513649
9517680
9518852
9521279
9521291
9522254
9523154
9525247
9526466
9528542
9528563
9528729
9528762
9528786
9529793
9531548
9532940
9536696
9536704
9537351
9537368
9537369
9542875
9546928
9547481
9547511
9547517
9547952
9547976
9548723
9548825
9548849
9548850
9549105
9553402
9553687
9557005
9557139
9558542
9559544
9560416
9562312
9564748
9564753
9564913
9566822
9567622
9572276
9573538
9574003
9575618
9575671
9575749
9576160
9578420
9578433
9579245
9581979
9584157
9584166
9584913
9585835
9589608
9589662
9590580
9590595
9590608
9591725
9591735
9591750
9593318
9594734
9594942
9595246
9595356
9595362
9595363
9599590
9601491
9601665
9601683
9603194
9603224
9603242
9607759
9607775
9609264
9609805
9610875
9613255
9614091
9614158
9617005
9617011
9617054
9617082
9617095
9619313
9619830
9627281
9627283
9627953
9627963
9633477
9633478
9633481
9633532
9634412
9635617
9635618
9635621
9638925
9638988
9641884
9643850
9645731
9647437
9647576
9647578
9648190
9658129
9658130
9658466
9658472
9658482
9661287
9662944
9662962
9665188
9665189
9666587
9668861
9668862
9669083
9674714
9674745
9675663
9677092
9677098
9677100
9678009
9678919
9679966
9680006
9683834
9683835
9687559
9687853
9692931
9692956
9694250
9694715
9696393
9696406
9700956
9701143
9701148
9701162
9702577
9706752
9707780
9710036
9710055
9710627
9715751
9717764
9717811
9718474
9718813
9718815
9720103
9730259
9730468
9730493
9731052
9734047
9734224
9735230
9736065
9736350
9744467
9744752
9745012
9745082
9745111
9747227
9749709
9749755
9749878
9749973
9751505
9752670
9753895
9759942
9760248
9764805
9764824
9764847
9765094
9766506
9766510
9766537
9766543
9770290
9771117
9771442
9771459
9771527
9771541
9771542
9781640
9781987
9782811
9782823
9783975
9788233
9789212
9789444
9789445
9789634
9793037
9795953
9796010
9796061
9796062
9796558
9803299
9803300
9803306
9803319
9803328
9805645
9806938
9806979
9806980
9806983
9807984
9807985
9814213
9815151
9816322
9818747
9822038
9822064
9822070
9822073
9822078
9822310
9823710
9826130
9827262
9829454
9829458
9831080
9831084
9834167
9834405
9836647
9836687
9837418
9838617
9838788
9842782
9842783
9846449
9848162
9849660
9849669
9849672
9849675
9850919
9858405
9860509
9860678
9861221
9861245
9870864
9871757
9871767
9871788
9874424
9878505
9879646
9880717
9882629
9882665
9884589
9886735
9888235
9891362
9891524
9894112
9894689
9896902
9896924
9900598
9900728
9900735
9902534
9902816
9902818
9906139
9906621
9908215
9908217
9909625
9910401
9916194
9916774
9920486
9920487
9920493
9925435
9925453
9925488
9926576
9928896
9931749
9932735
9932737
9937087
9941235
9941787
9941815
9942971
9942993
9947455
9952449
9954725
9955057
9955065
9955447
9955474
9959332
9959333
9961126
9961396
9961624
9965206
9966211
9966386
9966413
9971869
9973757
9973966
9973976
9973988
9974003
9977888
9980130
9980153
9980164
9980168
9981539
9985738
9986238
9986254
9987464
9987612
9987771
9990385
9993344
9994632
9996058
9996180
9996190
9999608
10002648
10012122
10012130
10012141
10012146
10015139
10015153
10016592
10017137
10021111
10023541
10023617
10026040
10026074
10028311
10030533
10031176
10032935
10032937
10035865
10037364
10041282
10041351
10041354
10042208
10042220
10043355
10047241
10049047
10052309
10052328
10052340
10054046
10056519
10058691
10058701
10063772
10063950
10063953
10063954
10064302
10064627
10065613
10067455
10073848
10074718
10074739
10075247
10085014
10085029
10085035
10085037
10085885
10087138
10087195
10087319
10087603
10093011
10093692
10094618
10099477
10099668
10100014
10100130
10100143
10101999
10106932
10110704
10110742
10110746
10119790
10120358
10120574
10129975
10130475
10130479
10130487
10132911
10135008
10135061
10138895
10138901
10139427
10139900
10141194
10141715
10145692
10149409
10149704
10151268
10153756
10156162
10156748
10160457
10162268
10162545
10162958
10170045
10174003
10177078
10180820
10181839
10182151
10182174
10182180
10185262
10185770
10186089
10189114
10189936
10191111
10191128
10191145
10196601
10199577
10201490
10203697
10203726
10205091
10209551
10210195
10211195
10212436
10212620
10212622
10218993
10225494
10225691
10226447
10229343
10234541
10235234
10236330
10236345
10238187
10238378
10241554
10248957
10249148
10249850
10250759
10252681
10257948
10257990
10258094
10260213
10260254
10260256
10263740
10263742
10265894
10265929
10270427
10272640
10274324
10274341
10276953
10277664
10281341
10281354
10285228
10285989
10287662
10289038
10289912
10290522
10292342
10294064
10298005
10299948
10304603
10304614
10311471
10311984
10311993
10312020
10314074
10314530
10315304
10315616
10325853
10325882
10325885
10325886
10327807
10329930
10335505
10339236
10341274
10341280
10341310
10349181
10349191
10349206
10349362
10355646
10355853
10356693
10359948
10360205
10361204
10361212
10365380
10369295
10370449
10370456
10379634
10381759
10381769
10389084
10389090
10389626
10391204
10391267
10391273
10396207
10405464
10405650
10405864
10407194
10408290
10410295
10410647
10412548
10423832
10423862
10424063
10424374
10429287
10429324
10429726
10435180
10435298
10436165
10436836
10438821
10441330
10441535
10441556
10446065
10447434
10447454
10459589
10459592
10459601
10463835
10463948
10464711
10465019
10467575
10467578
10467592
10476003
10476181
10477599
10483327
10484943
10484961
10486758
10489881
10489909
10489946
10497945
10499337
10499381
10500183
10511685
10511690
10511695
10515329
10515660
10517197
10524955
10525006
10525136
10526268
10528016
10529192
10530261
10530428
10537845
10537856
10540994
10542872
10543313
10545961
10546292
10547094
10552071
10552189
10557254
10557271
10557297
10563415
10566718
10570568
10571381
10573384
10575549
10588423
10590095
10593961
10595707
10599918
10600189
10603028
10609018
10612719
10617592
10620932
10622707
10627605
10632793
10632805
10634176
10638838
10643876
10645806
10646570
10646576
10650729
10653938
10654013
10656998
10660070
10663836
10670733
10672780
10677760
10678336
10684077
10685616
10690835
10693534
10694936
10695705
10700291
10706569
10709347
10709935
10710601
10712193
10717332
10718075
10722011
10731816
10733039
10733590
10736700
10741394
10743112
10743117
10748970
10753493
10758598
10758613
10758623
10766659
10768937
10769203
10772573
10774694
10780755
10780757
10785199
10785922
10786351
10791481
10791888
10800921
10803023
10808483
10809994
10811561
10820145
10822020
10823638
10825243
10828019
10830922
10830924
10831636
10843243
10843268
10843289
10853920
10854193
10855777
10856651
10859613
10868147
10868168
10876752
10878253
10886934
10887749
10888263
10890648
10893315
10896857
10899370
10905706
10911283
10916009
10920913
10921496
10926912
10927808
10937055
10937061
10940690
10943507
10943510
10947979
10948917
10949034
10952997
10955598
10960722
10961358
10965136
10966945
10966949
10966960
10976120
10977079
10983857
10986344
10989666
10990473
10995184
10996654
11002037
11009639
11010605
11016825
11016827
11019372
11023977
11024395
11024446
11027875
11032308
11032314
11036108
11037678
11042391
11047200
11047231
11052978
11055795
11056470
11056602
11057954
11066808
11066851
11070127
11074594
11075675
11080553
11087816
11088449
11089783
11093044
11100397
11101873
11107582
11109108
11117252
11118397
11122992
11123518
11128309
11130559
11133468
11135273
11143435
11147048
11152345
11152620
11154489
11161288
11168282
11168819
11175594
11175915
11182305
11182613
11193178
11193369
11198053
11200206
11202169
11205070
11214483
11216409
11220665
11221635
11227691
11229140
11234932
11236731
11238509
11245391
11246820
11251043
11257678
11261814
11263020
11264209
11275079
11276675
11277571
11279758
11282952
11289540
11292983
11294427
11302576
11303411
11309656
11310775
11320447
11322747
11324641
11324968
11332684
11332973
11345583
11345867
11350811
11352444
11360482
11361672
11367731
11370357
11371514
11371540
11381305
11381346
11389200
11391105
11398414
11398477
11403850
11404775
11411545
11412991
11419303
11422281
11424629
11429256
11429786
11434059
11441051
11441621
11445096
11449291
11453207
11455557
11457679
11457970
11465731
11468679
11473860
11484851
11489662
11493663
11501419
11517994
11522320
11527112
11533041
11539723
11543437
11552422
11561635
11565007
11574304
11580769
11589409
11599035
11601342
11608234
11618960
11627794
11633958
11642190
11645022
11656181
11665441
11671552
11679871
11681619
11690573
11702177
11709256
11712606
11721265
11726777
11735250
11740307
11751663
11757010
11758333
11771480
11776668
11785866
11788208
11800682
11804824
11811568
11820657
11822828
11832812
11838821
11855020
11861172
11873386
11877090
11884174
11888788
11900471
11909933
11914631
11922902
11930394
11936290
11940258
11952480
11960517
11962655
11974792
11982698
11989751
12000124
12004033
12013328
12016274
12026123
12032437
12039762
12045700
12053438
12066047
12075630
12078809
12088831
12097281
12108573
12119282
12124408
12131926
12133599
12144014
12149557
12151055
12161734
12175572
12177710
12191160
12194137
12201501
12207396
12216354
12222132
12236089
12244025
12248407
12257851
12259479
12270482
12280637
12282681
12286768
12296746
12305458
12310600
12317839
12329103
12337422
12343885
12347393
12358722
12366287
12374695
12382792
12390878
12396625
12405257
12414332
12419888
12432719
12435039
12442783
12451875
12463223
12469060
12474114
12483550
12487123
12498712
12504532
12509120
12521596
12522875
12536688
12541906
12543490
12552808
12554686
12567862
12574894
12580091
12587381
12594063
