149035.0
149035.0
149035.0
149035.0
149035.0
149035.0
149035.0
149035.0
149035.0
149035.0
298070
298070
298070
298070
298070
298070
298070
298070
298070
298070
447105
447105
447105
447105
447105
447105
447105
447105
447105
447105
596140
596140
596140
596140
596140
596140
596140
596140
596140
596140
745175
745175
745175
745175
745175
745175
745175
745175
745175
745175
894210
894210
894210
894210
894210
894210
894210
894210
894210
894210
1043245
1043245
1043245
1043245
1043245
1043245
1043245
1043245
1043245
1043245
1192280
1192280
1192280
1192280
1192280
1192280
1192280
1192280
1192280
1192280
1341315
1341315
1341315
1341315
1341315
1341315
1341315
1341315
1341315
1341315
1490350
1490350
1490350
1490350
1490350
1490350
1490350
1490350
1490350
1490350
1639385
1639385
1639385
1639385
1639385
1639385
1639385
1639385
1639385
1639385
1788420
1788420
1788420
1788420
1788420
1788420
1788420
1788420
1788420
1788420
1937455
1937455
1937455
1937455
1937455
1937455
1937455
1937455
1937455
1937455
2086490
2086490
2086490
2086490
2086490
2086490
2086490
2086490
2086490
2086490
2235525
2235525
2235525
2235525
2235525
2235525
2235525
2235525
2235525
2235525
2384560
2384560
2384560
2384560
2384560
2384560
2384560
2384560
2384560
2384560
2533595
2533595
2533595
2533595
2533595
2533595
2533595
2533595
2533595
2533595
2682630
2682630
2682630
2682630
2682630
2682630
2682630
2682630
2682630
2682630
2831665
2831665
2831665
2831665
2831665
2831665
2831665
2831665
2831665
2831665
2980700
2980700
2980700
2980700
2980700
2980700
2980700
2980700
2980700
2980700
3129735
3129735
3129735
3129735
3129735
3129735
3129735
3129735
3129735
3129735
3278770
3278770
3278770
3278770
3278770
3278770
3278770
3278770
3278770
3278770
3427805
3427805
3427805
3427805
3427805
3427805
3427805
3427805
3427805
3427805
3576840
3576840
3576840
3576840
3576840
3576840
3576840
3576840
3576840
3576840
3725875
3725875
3725875
3725875
3725875
3725875
3725875
3725875
3725875
3725875
3874910
3874910
3874910
3874910
3874910
3874910
3874910
3874910
3874910
3874910
4023945
4023945
4023945
4023945
4023945
4023945
4023945
4023945
4023945
4023945
4172980
4172980
4172980
4172980
4172980
4172980
4172980
4172980
4172980
4172980
4322015
4322015
4322015
4322015
4322015
4322015
4322015
4322015
4322015
4322015
4322015
4322015
4322015
4322015
4322015
4471050
4471050
4471050
4471050
4471050
4471050
4471050
4471050
4471050
4471050
4620085
4620085
4620085
4620085
4620085
4620085
4620085
4620085
4620085
4620085
4769120
4769120
4769120
4769120
4769120
4769120
4769120
4769120
4769120
4769120
4918155
4918155
4918155
4918155
4918155
4918155
4918155
4918155
4918155
4918155
5067190
5067190
5067190
5067190
5067190
5067190
5067190
5067190
5067190
5067190
5216225
5216225
5216225
5216225
5216225
5216225
5216225
5216225
5216225
5216225
5365260
5365260
5365260
5365260
5365260
5365260
5365260
5365260
5365260
5365260
5514295
5514295
5514295
5514295
5514295
5514295
5514295
5514295
5514295
5514295
5663330
5663330
5663330
5663330
5663330
5663330
5663330
5663330
5663330
5663330
5812365
5812365
5812365
5812365
5812365
5812365
5812365
5812365
5812365
5812365
5961400
5961400
5961400
5961400
5961400
5961400
5961400
5961400
5961400
5961400
6110435
6110435
6110435
6110435
6110435
6110435
6110435
6110435
6110435
6110435
6259470
6259470
6259470
6259470
6259470
6259470
6259470
6259470
6259470
6259470
6408505
6408505
6408505
6408505
6408505
6408505
6408505
6408505
6408505
6408505
6557540
6557540
6557540
6557540
6557540
6557540
6557540
6557540
6557540
6557540
6706575
6706575
6706575
6706575
6706575
6706575
6706575
6706575
6706575
6706575
6855610
6855610
6855610
6855610
6855610
6855610
6855610
6855610
6855610
6855610
7004645
7004645
7004645
7004645
7004645
7004645
7004645
7004645
7004645
7004645
7153680
7153680
7153680
7153680
7153680
7153680
7153680
7153680
7153680
7153680
7302715
7302715
7302715
7302715
7302715
7302715
7302715
7302715
7302715
7302715
7451750
7451750
7451750
7451750
7451750
7451750
7451750
7451750
7451750
7451750
7600785
7600785
7600785
7600785
7600785
7600785
7600785
7600785
7600785
7600785
7749820
7749820
7749820
7749820
7749820
7749820
7749820
7749820
7749820
7749820
7898855
7898855
7898855
7898855
7898855
7898855
7898855
7898855
7898855
7898855
8047890
8047890
8047890
8047890
8047890
8047890
8047890
8047890
8047890
8047890
8196925
8196925
8196925
8196925
8196925
8196925
8196925
8196925
8196925
8196925
8345960
8345960
8345960
8345960
8345960
8345960
8345960
8345960
8345960
8345960
8494995
8494995
8494995
8494995
8494995
8494995
8494995
8494995
8494995
8494995
