15093.0
15093.0
15093.0
30186
30186
30186
45279
45279
45279
60372
60372
75465
75465
90558
90558
90558
105651
105651
105651
105651
105651
120744
120744
120744
135837
135837
150930
150930
150930
166023
166023
181116
181116
181116
196209
196209
196209
211302
211302
211302
211302
211302
226395
226395
226395
226395
226395
226395
226395
226395
226395
226395
241488
241488
256581
256581
256581
271674
271674
271674
286767
286767
301860
301860
316953
316953
316953
316953
316953
332046
332046
332046
332046
332046
347139
347139
347139
362232
362232
362232
377325
377325
377325
392418
392418
392418
392418
392418
407511
407511
407511
422604
422604
422604
437697
437697
452790
452790
467883
467883
467883
482976
482976
498069
498069
498069
513162
513162
528255
528255
528255
528255
528255
543348
543348
543348
558441
558441
573534
573534
573534
588627
588627
588627
603720
603720
603720
603720
603720
618813
618813
633906
633906
648999
648999
648999
648999
648999
648999
648999
648999
648999
648999
664092
664092
679185
679185
679185
694278
694278
709371
709371
724464
724464
724464
724464
724464
739557
739557
754650
754650
754650
754650
754650
769743
769743
769743
769743
769743
784836
784836
784836
784836
784836
799929
799929
815022
815022
815022
830115
830115
830115
830115
830115
845208
845208
860301
860301
860301
875394
875394
890487
890487
890487
890487
890487
890487
890487
890487
890487
890487
905580
905580
905580
905580
905580
920673
920673
935766
935766
935766
950859
950859
950859
965952
965952
981045
981045
996138
996138
996138
1011231
1011231
1026324
1026324
1026324
1041417
1041417
1041417
1056510
1056510
1071603
1071603
1086696
1086696
1101789
1101789
1101789
1116882
1116882
1116882
1116882
1116882
1131975
1131975
1147068
1147068
1162161
1162161
1177254
1177254
1192347
1192347
1192347
1192347
1192347
1207440
1207440
1222533
1222533
1222533
1222533
1222533
1237626
1237626
1252719
1252719
1252719
1267812
1267812
1267812
1282905
1282905
1297998
1297998
1313091
1313091
1328184
1328184
1328184
1343277
1343277
1343277
1358370
1358370
1358370
1358370
1358370
1373463
1373463
1373463
1388556
1388556
1403649
1403649
1403649
1418742
1418742
1433835
1433835
1448928
1448928
1448928
1448928
1448928
1464021
1464021
1464021
1464021
1464021
1464021
1464021
1464021
1464021
1464021
1479114
1479114
1479114
1494207
1494207
1494207
1509300
1509300
1509300
1524393
1524393
1539486
1539486
1539486
1554579
1554579
1569672
1569672
1584765
1584765
1599858
1599858
1599858
1614951
1614951
1614951
1614951
1614951
1630044
1630044
1645137
1645137
1645137
1645137
1645137
1660230
1660230
1660230
1675323
1675323
1675323
1690416
1690416
1705509
1705509
1705509
1720602
1720602
1720602
1720602
1720602
1735695
1735695
1735695
1735695
1735695
1750788
1750788
1765881
1765881
1780974
1780974
1796067
1796067
1796067
1811160
1811160
1811160
1826253
1826253
1841346
1841346
1841346
1856439
1856439
1856439
1856439
1856439
1871532
1871532
1886625
1886625
1901718
1901718
1901718
1916811
1916811
1931904
1931904
1946997
1946997
1962090
1962090
1977183
1977183
1977183
1992276
1992276
1992276
2007369
2007369
2022462
2022462
2022462
2037555
2037555
2037555
2037555
2037555
2037555
2037555
2037555
2037555
2037555
2052648
2052648
2067741
2067741
2082834
2082834
2097927
2097927
2097927
2097927
2097927
2113020
2113020
2113020
2128113
2128113
2143206
2143206
2143206
2143206
2143206
2158299
2158299
2173392
2173392
2173392
2188485
2188485
2188485
2188485
2188485
2203578
2203578
2203578
2218671
2218671
2218671
2233764
2233764
2233764
2233764
2233764
2233764
2233764
2233764
2233764
2233764
2248857
2248857
2248857
2248857
2248857
2263950
2263950
2263950
2263950
2263950
2263950
2263950
2263950
2263950
2263950
2279043
2279043
2279043
2294136
2294136
2309229
2309229
2309229
2309229
2309229
2324322
2324322
2339415
2339415
2339415
2339415
2339415
2354508
2354508
2354508
2354508
2354508
2369601
2369601
2369601
2384694
2384694
2384694
2384694
2384694
2399787
2399787
2414880
2414880
2429973
2429973
2429973
2445066
2445066
2445066
2460159
2460159
2460159
2475252
2475252
2475252
2475252
2475252
2490345
2490345
2505438
2505438
2505438
2520531
2520531
2535624
2535624
2550717
2550717
2565810
2565810
2565810
2580903
2580903
2595996
2595996
2595996
2595996
2595996
2611089
2611089
2626182
2626182
2626182
2641275
2641275
2641275
2656368
2656368
2656368
2671461
2671461
2671461
2686554
2686554
2701647
2701647
2716740
2716740
2731833
2731833
2746926
2746926
2762019
2762019
2777112
2777112
2792205
2792205
2792205
2807298
2807298
2807298
2822391
2822391
2837484
2837484
2852577
2852577
2852577
2867670
2867670
2882763
2882763
2882763
2897856
2897856
2897856
2912949
2912949
2912949
2912949
2912949
2928042
2928042
2943135
2943135
2943135
2943135
2943135
2958228
2958228
2973321
2973321
2973321
2973321
2973321
2988414
2988414
2988414
2988414
2988414
3003507
3003507
3003507
3018600
3018600
3033693
3033693
3033693
3048786
3048786
3063879
3063879
3063879
3078972
3078972
3094065
3094065
3094065
3109158
3109158
3109158
3109158
3109158
3124251
3124251
3139344
3139344
3154437
3154437
3154437
3169530
3169530
3169530
3184623
3184623
3199716
3199716
3214809
3214809
3229902
3229902
3244995
3244995
3260088
3260088
3260088
3275181
3275181
3275181
3290274
3290274
3290274
3290274
3290274
3305367
3305367
3305367
3320460
3320460
3335553
3335553
3350646
3350646
3350646
3365739
3365739
3380832
3380832
3380832
3395925
3395925
3411018
3411018
3411018
3426111
3426111
3441204
3441204
3456297
3456297
3456297
3471390
3471390
3486483
3486483
3486483
3501576
3501576
3516669
3516669
3531762
3531762
3531762
3546855
3546855
3561948
3561948
3577041
3577041
3592134
3592134
3607227
3607227
3607227
3622320
3622320
3622320
3637413
3637413
3637413
3652506
3652506
3652506
3667599
3667599
3667599
3667599
3667599
3667599
3667599
3667599
3667599
3667599
3682692
3682692
3682692
3697785
3697785
3712878
3712878
3712878
3712878
3712878
3712878
3712878
3712878
3712878
3712878
3727971
3727971
3727971
3743064
3743064
3743064
3743064
3743064
3743064
3743064
3743064
3743064
3743064
3758157
3758157
3773250
3773250
3788343
3788343
3788343
3803436
3803436
3803436
3818529
3818529
3818529
3818529
3818529
3833622
3833622
3833622
3848715
3848715
3863808
3863808
3878901
3878901
3893994
3893994
3909087
3909087
3924180
3924180
3939273
3939273
3939273
3954366
3954366
3969459
3969459
3984552
3984552
3999645
3999645
3999645
4014738
4014738
4014738
4014738
4014738
4029831
4029831
4044924
4044924
4044924
4060017
4060017
4075110
4075110
4075110
4090203
4090203
4105296
4105296
4120389
4120389
4135482
4135482
4150575
4150575
4165668
4165668
4180761
4180761
4180761
4195854
4195854
4195854
4195854
4195854
4195854
4195854
4195854
4195854
4195854
4210947
4210947
4226040
4226040
4241133
4241133
4256226
4256226
4256226
4271319
4271319
4286412
4286412
4286412
4301505
4301505
4316598
4316598
4316598
4331691
4331691
4346784
4346784
4346784
4346784
4346784
4361877
4361877
4376970
4376970
4376970
4392063
4392063
4407156
4407156
4422249
4422249
4437342
4437342
4452435
4452435
4467528
4467528
4467528
4482621
4482621
4497714
4497714
4512807
4512807
4527900
4527900
4542993
4542993
4558086
4558086
4558086
4558086
4558086
4573179
4573179
4573179
4573179
4573179
4573179
4573179
4573179
4573179
4573179
4588272
4588272
4603365
4603365
4618458
4618458
4633551
4633551
4648644
4648644
4663737
4663737
4663737
4678830
4678830
4678830
4678830
4678830
4693923
4693923
4709016
4709016
4709016
4709016
4709016
4724109
4724109
4739202
4739202
4739202
4739202
4739202
4754295
4754295
4769388
4769388
4769388
4784481
4784481
4784481
4784481
4784481
4784481
4784481
4784481
4784481
4784481
4799574
4799574
4799574
4814667
4814667
4829760
4829760
4844853
4844853
4859946
4859946
4859946
4859946
4859946
4875039
4875039
4875039
4890132
4890132
4890132
4905225
4905225
4920318
4920318
4935411
4935411
4935411
4950504
4950504
4965597
4965597
4980690
4980690
4995783
4995783
5010876
5010876
5025969
5025969
5041062
5041062
5056155
5056155
5071248
5071248
5071248
5086341
5086341
5086341
5086341
5101434
5101434
5101434
5116527
5116527
5116527
5116527
5116527
5131620
5131620
5146713
5146713
5146713
5146713
5146713
5161806
5161806
5161806
5176899
5176899
5176899
5191992
5191992
5207085
5207085
5222178
5222178
5237271
5237271
5237271
5237271
5237271
5237271
5237271
5237271
5252364
5252364
5267457
5267457
5267457
5282550
5282550
5297643
5297643
5312736
5312736
5312736
5327829
5327829
5327829
5342922
5342922
5342922
5342922
5342922
5358015
5358015
5373108
5373108
5373108
5388201
5388201
5388201
5388201
5388201
5403294
5403294
5418387
5418387
5433480
5433480
5448573
5448573
5448573
5448573
5448573
5448573
5448573
5448573
5448573
5448573
5463666
5463666
5478759
5478759
5478759
5478759
5478759
5493852
5493852
5493852
5508945
5508945
5508945
5508945
5524038
5524038
5539131
5539131
5539131
5539131
5539131
5554224
5554224
5554224
5554224
5554224
5554224
5569317
5569317
5569317
5569317
5569317
5569317
5569317
5569317
5569317
5569317
5584410
5584410
5584410
5584410
5599503
5599503
5599503
5599503
5599503
5599503
5599503
5599503
5599503
5599503
5599503
5599503
5599503
5599503
5599503
5599503
5599503
5599503
5599503
5599503
5614596
5614596
5614596
5614596
5614596
5614596
5629689
5629689
5629689
5629689
5644782
5644782
5644782
5644782
5659875
5659875
5674968
5674968
5674968
5674968
5674968
5690061
5690061
5690061
5705154
5705154
5705154
5705154
5705154
5720247
5720247
5720247
5720247
5720247
5720247
5735340
5735340
5735340
5735340
5735340
5750433
5750433
5750433
5765526
5765526
5765526
5765526
5765526
5765526
5780619
5780619
5795712
5795712
5795712
5795712
5795712
5795712
5795712
5795712
5795712
5795712
5795712
5795712
5795712
5795712
5795712
5795712
5795712
5795712
5795712
5795712
5795712
5795712
5795712
5795712
5795712
5795712
5795712
5795712
5795712
5795712
5810805
5810805
5810805
5810805
5810805
5810805
5810805
5810805
5810805
5810805
5825898
5825898
5825898
5825898
5825898
5825898
5825898
5825898
5840991
5840991
5840991
5840991
5840991
5840991
5840991
5856084
5856084
5856084
5856084
5856084
5856084
5856084
5871177
5871177
5871177
5871177
5886270
5886270
5886270
5886270
5886270
5886270
5886270
5886270
5886270
5886270
5901363
5901363
5901363
5916456
5916456
5916456
5916456
5916456
5931549
5931549
5931549
5931549
5931549
5931549
5931549
5931549
5931549
5931549
5946642
5946642
5946642
5946642
5946642
5946642
5946642
5946642
5946642
5961735
5961735
5961735
5961735
5961735
5961735
5961735
5961735
5961735
5961735
5961735
5961735
5961735
5961735
5961735
5976828
5976828
5976828
5976828
5976828
5991921
5991921
5991921
5991921
5991921
5991921
5991921
5991921
5991921
5991921
5991921
5991921
5991921
5991921
5991921
5991921
5991921
5991921
5991921
5991921
5991921
5991921
5991921
5991921
5991921
6007014
6007014
6007014
6007014
6007014
6007014
6007014
6007014
6007014
6007014
6007014
6022107
6022107
6022107
6022107
6022107
6022107
6022107
6022107
6022107
6022107
6022107
6022107
6022107
6022107
6022107
6022107
6022107
6022107
6022107
6022107
6022107
6022107
6037200
6037200
6037200
6037200
6037200
6037200
6037200
6037200
6037200
6037200
6037200
6037200
6052293
6052293
6052293
6052293
6052293
6052293
6052293
6052293
6067386
6067386
6067386
6067386
6067386
6067386
6067386
6067386
6067386
6067386
6067386
6067386
6067386
6067386
6067386
6067386
6082479
6082479
6082479
6082479
6082479
6082479
6097572
6097572
6097572
6097572
6097572
6097572
6097572
6097572
6097572
6097572
6112665
6112665
6112665
6112665
6112665
6112665
6112665
6112665
6127758
6127758
6127758
6142851
6142851
6142851
6142851
6142851
6142851
6142851
6142851
6142851
6142851
6142851
6142851
6142851
6142851
6142851
6142851
6142851
6142851
6142851
6142851
6142851
6142851
6142851
6142851
6142851
6142851
6142851
6142851
6142851
6142851
6142851
6142851
6142851
6142851
6142851
6142851
6142851
6142851
6142851
6142851
6142851
6142851
6142851
6142851
6142851
6142851
6142851
6142851
6142851
6142851
6142851
6142851
6142851
6142851
6142851
6142851
6142851
6142851
6142851
6142851
6157944
6157944
6157944
6157944
6157944
6157944
6157944
6157944
6173037
6173037
6173037
6173037
6173037
6173037
6173037
6173037
6173037
6173037
6188130
6188130
6188130
6188130
6188130
6188130
6188130
6188130
6188130
6188130
6188130
6188130
6188130
6203223
6203223
6203223
6203223
6203223
6203223
6203223
6203223
6203223
6203223
6203223
6203223
6218316
6218316
6218316
6218316
6218316
6218316
6218316
6218316
6218316
6233409
6233409
6233409
6233409
6233409
6233409
6233409
6233409
6233409
6233409
6233409
6233409
6233409
6233409
6233409
6233409
6233409
6233409
6233409
6233409
6248502
6248502
6248502
6248502
6248502
6248502
6248502
6248502
6248502
6248502
6263595
6263595
6263595
6263595
6263595
6263595
6263595
6263595
6263595
6263595
6278688
6278688
6278688
6278688
6278688
6278688
6278688
6278688
6278688
6278688
6278688
6278688
6278688
6278688
6278688
6278688
6278688
6278688
6278688
6278688
6278688
6278688
6278688
6278688
6278688
6278688
6278688
6293781
6293781
6293781
6293781
6293781
6293781
6293781
6293781
6293781
6293781
6293781
6293781
6293781
6293781
6293781
6293781
6293781
6293781
6293781
6293781
6308874
6308874
6308874
6308874
6308874
6308874
6308874
6308874
6323967
6323967
6323967
6323967
6323967
6323967
6323967
6323967
6323967
6323967
6323967
6323967
6323967
6323967
6323967
6323967
6323967
6323967
6323967
6323967
6323967
6323967
6323967
6323967
6323967
6323967
6323967
6323967
6339060
6339060
6339060
6339060
6339060
6339060
6339060
6339060
6339060
6339060
6339060
6339060
6339060
6339060
6339060
6339060
6339060
6339060
6339060
6339060
6339060
6339060
6339060
6339060
6339060
6339060
6339060
6339060
6339060
6339060
6339060
6339060
6354153
6354153
6354153
6354153
6354153
6354153
6354153
6354153
6354153
6354153
6354153
6354153
6354153
6354153
6354153
6354153
6369246
6369246
6369246
6369246
6369246
6369246
6369246
6369246
6369246
6369246
6369246
6369246
6369246
6369246
6369246
6384339
6384339
6384339
6384339
6384339
6384339
6384339
6384339
6384339
6384339
6399432
6399432
6399432
6399432
6399432
6399432
6399432
6399432
6399432
6399432
6414525
6414525
6414525
6414525
6414525
6414525
6414525
6414525
6414525
6414525
6414525
6414525
6429618
6429618
6429618
6429618
6429618
6429618
6429618
6429618
6429618
6429618
6429618
6429618
6429618
6429618
6429618
6429618
6429618
6429618
6429618
6429618
6429618
6429618
6429618
6429618
6429618
6429618
6429618
6429618
6429618
6429618
6429618
6429618
6429618
6429618
6429618
6429618
6429618
6429618
6429618
6429618
6429618
6429618
6429618
6429618
6429618
6429618
6429618
6429618
6429618
6429618
6429618
6429618
6429618
6429618
6429618
6444711
6444711
6444711
6444711
6444711
6444711
6444711
6444711
6444711
6444711
6444711
6444711
6444711
6444711
6444711
6444711
6444711
6444711
6444711
6444711
6444711
6444711
6444711
6444711
6444711
6444711
6444711
6444711
6444711
6444711
6459804
6459804
6459804
6459804
6459804
6459804
6459804
6459804
6459804
6459804
6459804
6459804
6459804
6459804
6459804
6459804
6459804
6474897
6474897
6474897
6474897
6474897
6474897
6474897
6474897
6474897
6474897
6474897
6474897
6474897
6474897
6474897
6474897
6474897
6474897
6474897
6474897
6474897
6474897
6474897
6474897
6474897
6474897
6474897
6474897
6474897
6474897
6474897
6489990
6489990
6489990
6489990
6489990
6489990
6489990
6489990
6489990
6489990
6505083
6505083
6505083
6505083
6505083
6505083
6505083
6505083
6505083
6505083
6505083
6505083
6505083
6505083
6505083
6505083
6505083
6520176
6520176
6520176
6520176
6520176
6520176
6520176
6520176
6520176
6520176
6520176
6520176
6520176
6520176
6520176
6520176
6535269
6535269
6535269
6535269
6535269
6535269
6535269
6535269
6535269
6535269
6535269
6535269
6535269
6535269
6535269
6535269
6535269
6535269
6535269
6535269
6535269
6535269
6535269
6535269
6535269
6535269
6535269
6535269
6535269
6535269
6535269
6535269
6535269
6535269
6535269
6535269
6535269
6535269
6535269
6535269
6535269
6535269
6535269
6535269
6535269
6535269
6535269
6535269
6535269
6535269
6535269
6535269
6535269
6535269
6535269
6535269
6535269
6535269
6535269
6535269
6550362
6550362
6550362
6550362
6550362
6550362
6550362
6550362
6550362
6550362
6550362
6550362
6550362
6550362
6550362
6550362
6550362
6550362
6550362
6550362
6550362
6550362
6550362
6550362
6550362
6550362
6550362
6550362
6550362
6550362
6550362
6550362
6550362
6565455
6565455
6565455
6565455
6565455
6565455
6565455
6565455
6565455
6565455
6580548
6580548
6580548
6580548
6580548
6580548
6580548
6580548
6580548
6580548
6580548
6580548
6580548
6580548
6580548
6580548
6580548
6580548
6580548
6580548
6580548
6580548
6580548
6580548
6580548
6580548
6580548
6580548
6580548
6580548
6580548
6580548
6580548
6595641
6595641
6595641
6595641
6595641
6595641
6595641
6595641
6595641
6595641
6595641
6595641
6595641
6595641
6610734
6610734
6610734
6610734
6610734
6610734
6610734
6610734
6610734
6610734
6610734
6610734
6610734
6610734
6610734
6610734
6610734
6610734
6610734
6610734
6610734
6610734
6610734
6610734
6610734
6610734
6625827
6625827
6625827
6625827
6625827
6625827
6625827
6625827
6625827
6625827
6625827
6625827
6625827
6625827
6625827
6625827
6625827
6625827
6625827
6625827
6625827
6625827
6625827
6625827
6625827
6625827
6625827
6625827
6625827
6625827
6640920
6640920
6640920
6640920
6640920
6640920
6640920
6640920
6640920
6640920
6640920
6640920
6640920
6640920
6640920
6640920
6640920
6640920
6640920
6640920
6640920
6640920
6640920
6640920
6640920
6640920
6640920
6640920
6640920
6640920
6640920
6640920
6656013
6656013
6656013
6656013
6656013
6656013
6656013
6656013
6656013
6656013
6656013
6656013
6656013
6656013
6656013
6656013
6656013
6656013
6656013
6656013
6656013
6656013
6671106
6671106
6671106
6671106
6671106
6671106
6686199
6686199
6686199
6686199
6686199
6686199
6686199
6686199
6686199
6686199
6686199
6686199
6701292
6701292
6701292
6701292
6701292
6701292
6701292
6701292
6701292
6701292
6701292
6701292
6701292
6701292
6701292
6701292
6701292
6701292
6701292
6701292
6701292
6701292
6701292
6701292
6701292
6701292
6701292
6701292
6701292
6701292
6701292
6701292
6701292
6701292
6701292
6701292
6701292
6701292
6701292
6701292
6701292
6701292
6701292
6701292
6701292
6701292
6701292
6701292
6701292
6701292
6701292
6701292
6701292
6701292
6701292
6701292
6701292
6701292
6701292
6701292
6716385
6716385
6716385
6716385
6716385
6716385
6716385
6716385
6716385
6716385
6716385
6716385
6716385
6716385
6716385
6716385
6716385
6716385
6716385
6716385
6716385
6716385
6731478
6731478
6731478
6731478
6731478
6731478
6731478
6731478
6731478
6731478
6731478
6731478
6731478
6731478
6731478
6731478
6731478
6731478
6731478
6731478
6731478
6731478
6731478
6731478
6731478
6731478
6731478
6731478
6746571
6746571
6746571
6746571
6746571
6746571
6746571
6746571
6746571
6746571
6746571
6746571
6746571
6746571
6746571
6746571
6746571
6746571
6746571
6746571
6746571
6746571
6746571
6746571
6746571
6746571
6746571
6746571
6746571
6746571
6746571
6746571
6746571
6761664
6761664
6761664
6761664
6761664
6761664
6761664
6761664
6761664
6761664
6761664
6761664
6761664
6761664
6761664
6761664
6761664
6761664
6761664
6761664
6761664
6761664
6761664
6761664
6761664
6761664
6761664
6761664
6761664
6761664
6761664
6761664
6761664
6761664
6761664
6761664
6761664
6761664
6776757
6776757
6776757
6776757
6776757
6776757
6776757
6776757
6776757
6776757
6776757
6776757
6776757
6776757
6776757
6776757
6776757
6776757
6776757
6776757
6776757
6776757
6776757
6776757
6776757
6776757
6776757
6776757
6776757
6776757
6776757
6776757
6776757
6776757
6776757
6776757
6776757
6776757
6776757
6776757
6776757
6776757
6776757
6776757
6776757
6776757
6776757
6776757
6776757
6776757
6776757
6776757
6776757
6776757
6776757
6776757
6776757
6776757
6776757
6776757
6776757
6776757
6776757
6776757
6776757
6776757
6776757
6776757
6776757
6776757
6776757
6776757
6776757
6776757
6776757
6776757
6776757
6776757
6776757
6776757
6776757
6776757
6776757
6776757
6776757
6776757
6776757
6776757
6776757
6776757
6776757
6776757
6776757
6776757
6776757
6776757
6776757
6776757
6776757
6776757
6776757
6776757
6776757
6776757
6776757
6776757
6776757
6776757
6776757
6776757
6776757
6776757
6776757
6776757
6776757
6776757
6776757
6776757
6776757
6776757
6776757
6776757
6776757
6776757
6776757
6776757
6776757
6776757
6776757
6776757
6776757
6776757
6776757
6776757
6776757
6776757
6776757
6776757
6776757
6776757
6776757
6776757
6776757
6776757
6776757
6776757
6776757
6776757
6776757
6776757
6776757
6776757
6776757
6776757
6776757
6776757
6776757
6776757
6776757
6776757
6776757
6776757
6776757
6776757
6776757
6776757
6776757
6776757
6776757
6776757
6776757
6776757
6776757
6776757
6776757
6776757
6776757
6776757
6776757
6776757
6776757
6776757
6776757
6776757
6776757
6776757
6776757
6776757
6776757
6776757
6776757
6776757
6776757
6776757
6776757
6776757
6776757
6776757
6776757
6776757
6791850
6791850
6791850
6791850
6791850
6791850
6791850
6791850
6791850
6791850
6791850
6791850
6791850
6791850
6791850
6791850
6791850
6791850
6791850
6791850
6806943
6806943
6806943
6806943
6806943
6806943
6806943
6806943
6806943
6806943
6806943
6806943
6806943
6806943
6806943
6806943
6806943
6806943
6806943
6806943
6806943
6806943
6806943
6822036
6822036
6822036
6822036
6822036
6822036
6822036
6822036
6822036
6822036
6822036
6822036
6822036
6822036
6822036
6822036
6822036
6822036
6822036
6822036
6822036
6822036
6822036
6822036
6822036
6822036
6822036
6822036
6822036
6822036
6822036
6822036
6837129
6837129
6837129
6837129
6837129
6837129
6837129
6837129
6837129
6837129
6837129
6837129
6837129
6837129
6837129
6852222
6852222
6852222
6852222
6852222
6852222
6852222
6852222
6852222
6852222
6852222
6852222
6852222
6852222
6852222
6852222
6852222
6852222
6852222
6852222
6852222
6852222
6852222
6852222
6852222
6852222
6852222
6852222
6852222
6852222
6852222
6852222
6852222
6852222
6852222
6852222
6852222
6852222
6867315
6867315
6867315
6867315
6867315
6867315
6867315
6867315
6867315
6867315
6867315
6867315
6867315
6867315
6867315
6882408
6882408
6882408
6882408
6882408
6882408
6882408
6882408
6882408
6882408
6882408
6882408
6882408
6882408
6882408
6882408
6882408
6882408
6882408
6882408
6882408
6882408
6882408
6882408
6882408
6882408
6882408
6882408
6882408
6882408
6882408
6882408
6882408
6882408
6882408
6882408
6882408
6882408
6882408
6882408
6897501
6897501
6897501
6897501
6897501
6897501
6897501
6897501
6897501
6897501
6897501
6897501
6897501
6897501
6897501
6897501
6897501
6897501
6912594
6912594
6912594
6912594
6912594
6912594
6912594
6912594
6912594
6912594
6912594
6912594
6912594
6912594
6912594
6912594
6912594
6912594
6912594
6912594
6912594
6912594
6912594
6912594
6912594
6912594
6912594
6912594
6912594
6912594
6912594
6912594
6912594
6927687
6927687
6927687
6927687
6927687
6927687
6927687
6927687
6927687
6927687
6927687
6927687
6927687
6927687
6927687
6927687
6927687
6927687
6927687
6927687
6927687
6927687
6927687
6927687
6927687
6927687
6927687
6942780
6942780
6942780
6942780
6942780
6942780
6942780
6942780
6942780
6942780
6942780
6942780
6942780
6942780
6942780
6942780
6942780
6942780
6957873
6957873
6957873
6957873
6957873
6957873
6957873
6957873
6957873
6957873
6957873
6957873
6957873
6957873
6957873
6957873
6957873
6957873
6957873
6957873
6957873
6957873
6957873
6957873
6957873
6957873
6957873
6957873
6957873
6957873
6957873
6957873
6957873
6957873
6957873
6957873
6957873
6957873
6957873
6957873
6957873
6957873
6972966
6972966
6972966
6972966
6972966
6972966
6972966
6972966
6972966
6972966
6972966
6972966
6972966
6972966
6972966
6972966
6972966
6972966
6972966
6972966
6972966
6972966
6972966
6972966
6972966
6972966
6972966
6972966
6972966
6972966
6972966
6972966
6972966
6972966
6972966
6972966
6972966
6972966
6972966
6972966
6972966
6972966
6972966
6972966
6972966
6972966
6972966
6972966
6972966
6972966
6972966
6972966
6972966
6972966
6972966
6972966
6972966
6972966
6972966
6972966
6972966
6972966
6972966
6972966
6972966
6972966
6972966
6972966
6972966
6972966
6972966
6972966
6972966
6972966
6972966
6972966
6972966
6972966
6972966
6972966
6972966
6972966
6972966
6972966
6972966
6972966
6972966
6972966
6972966
6972966
6972966
6972966
6972966
6972966
6972966
6972966
6972966
6972966
6972966
6972966
6972966
6972966
6972966
6972966
6972966
6988059
6988059
6988059
6988059
6988059
6988059
6988059
6988059
6988059
6988059
6988059
6988059
6988059
6988059
7003152
7003152
7003152
7003152
7003152
7003152
7003152
7003152
7003152
7003152
7003152
7003152
7003152
7003152
7003152
7003152
7003152
7003152
7003152
7003152
7003152
7003152
7003152
7003152
7003152
7003152
7003152
7003152
7003152
7003152
7003152
7018245
7018245
7018245
7018245
7018245
7018245
7018245
7018245
7018245
7018245
7018245
7018245
7018245
7018245
7018245
7018245
7018245
7018245
7018245
7018245
7018245
7018245
7018245
7018245
7018245
7018245
7018245
7018245
7018245
7018245
7018245
7018245
7018245
7018245
7018245
7018245
7018245
7018245
7018245
7018245
7018245
7018245
7018245
7018245
7018245
7018245
7018245
7018245
7018245
7018245
7018245
7018245
7018245
7018245
7018245
7018245
7018245
7018245
7018245
7018245
7018245
7018245
7018245
7018245
7018245
7033338
7033338
7033338
7033338
7033338
7033338
7033338
7033338
7033338
7033338
7033338
7033338
7033338
7033338
7033338
7033338
7033338
7033338
7033338
7033338
7033338
7033338
7033338
7033338
7033338
7033338
7033338
7033338
7033338
7033338
7033338
7033338
7033338
7033338
7033338
7048431
7048431
7048431
7048431
7048431
7048431
7048431
7048431
7048431
7048431
7048431
7048431
7048431
7048431
7048431
7048431
7048431
7048431
7048431
7048431
7048431
7048431
7048431
7048431
7048431
7063524
7063524
7063524
7063524
7063524
7063524
7063524
7063524
7063524
7063524
7063524
7063524
7063524
7063524
7063524
7063524
7063524
7063524
7063524
7063524
7063524
7063524
7063524
7063524
7063524
7063524
7063524
7063524
7063524
7063524
7063524
7063524
7063524
7063524
7063524
7063524
7063524
7063524
7063524
7063524
7063524
7063524
7078617
7078617
7078617
7078617
7078617
7078617
7078617
7078617
7078617
7078617
7078617
7078617
7078617
7078617
7078617
7078617
7078617
7078617
7078617
7078617
7078617
7078617
7078617
7078617
7078617
7078617
7078617
7078617
7078617
7078617
7078617
7078617
7078617
7078617
7078617
7078617
7078617
7078617
7078617
7078617
7078617
7078617
7078617
7078617
7078617
7093710
7093710
7093710
7093710
7093710
7093710
7093710
7093710
7093710
7093710
7093710
7093710
7093710
7093710
7093710
7093710
7093710
7093710
7093710
7093710
7093710
7093710
7093710
7093710
7093710
7093710
7093710
7093710
7093710
7093710
7093710
7093710
7093710
7093710
7093710
7093710
7093710
7093710
7108803
7108803
7108803
7108803
7108803
7108803
7108803
7108803
7108803
7108803
7108803
7108803
7108803
7108803
7108803
7108803
7108803
7108803
7108803
7108803
7108803
7108803
7108803
7108803
7108803
7108803
7108803
7108803
7108803
7108803
7108803
7108803
7108803
7108803
7108803
7108803
7108803
7108803
7108803
7108803
7108803
7108803
7108803
7108803
7108803
7123896
7123896
7123896
7123896
7123896
7123896
7123896
7123896
7123896
7123896
7123896
7123896
7123896
7123896
7123896
7123896
7123896
7123896
7123896
7123896
7123896
7123896
7123896
7123896
7123896
7123896
7123896
7123896
7123896
7123896
7123896
7123896
7123896
7123896
7123896
7123896
7123896
7123896
7123896
7123896
7123896
7123896
7123896
7123896
7123896
7123896
7123896
7123896
7123896
7123896
7123896
7123896
7123896
7123896
7123896
7123896
7123896
7123896
7123896
7123896
7123896
7123896
7123896
7123896
7123896
7123896
7123896
7123896
7123896
7123896
7123896
7123896
7123896
7123896
7123896
7138989
7138989
7138989
7138989
7138989
7138989
7138989
7138989
7138989
7138989
7138989
7138989
7138989
7138989
7138989
7138989
7138989
7138989
7138989
7138989
7154082
7154082
7154082
7154082
7154082
7154082
7154082
7154082
7154082
7154082
7154082
7154082
7154082
7154082
7154082
7154082
7154082
7154082
7154082
7154082
7169175
7169175
7169175
7169175
7169175
7169175
7169175
7169175
7169175
7169175
7169175
7169175
7169175
7169175
7169175
7169175
7169175
7169175
7169175
7169175
7169175
7169175
7169175
7169175
7169175
7169175
7169175
7169175
7169175
7169175
7169175
7169175
7169175
7169175
7169175
7169175
7169175
7169175
7169175
7169175
7169175
7169175
7169175
7169175
7169175
7169175
7169175
7169175
7169175
7169175
7169175
7169175
7169175
7169175
7169175
7169175
7169175
7184268
7184268
7184268
7184268
7184268
7184268
7184268
7184268
7184268
7184268
7184268
7184268
7184268
7184268
7184268
7184268
7184268
7184268
7184268
7184268
7184268
7184268
7184268
7184268
7184268
7184268
7184268
7199361
7199361
7199361
7199361
7199361
7199361
7199361
7199361
7199361
7199361
7199361
7199361
7199361
7199361
7199361
7199361
7199361
7199361
7199361
7199361
7199361
7199361
7199361
7199361
7199361
7199361
7199361
7199361
7199361
7199361
7199361
7199361
7199361
7199361
7199361
7199361
7199361
7199361
7199361
7199361
7199361
7199361
7199361
7199361
7199361
7199361
7199361
7199361
7199361
7199361
7199361
7199361
7199361
7199361
7199361
7199361
7199361
7199361
7199361
7199361
7214454
7214454
7214454
7214454
7214454
7214454
7214454
7214454
7214454
7214454
7214454
7214454
7214454
7214454
7214454
7214454
7214454
7214454
7214454
7214454
7214454
7214454
7214454
7214454
7214454
7214454
7214454
7214454
7214454
7214454
7214454
7214454
7214454
7214454
7214454
7214454
7214454
7214454
7214454
7214454
7214454
7214454
7214454
7214454
7214454
7214454
7214454
7214454
7214454
7214454
7229547
7229547
7229547
7229547
7229547
7229547
7229547
7229547
7229547
7229547
7229547
7229547
7229547
7229547
7229547
7229547
7229547
7229547
7229547
7229547
7229547
7229547
7229547
7229547
7229547
7229547
7229547
7229547
7229547
7229547
7229547
7229547
7229547
7229547
7229547
7229547
7229547
7229547
7229547
7229547
7229547
7229547
7229547
7229547
7229547
7229547
7229547
7229547
7229547
7229547
7229547
7229547
7229547
7229547
7229547
7229547
7229547
7229547
7229547
7229547
7229547
7229547
7229547
7229547
7229547
7229547
7229547
7229547
7229547
7229547
7229547
7229547
7229547
7229547
7229547
7229547
7229547
7229547
7229547
7229547
7229547
7229547
7229547
7229547
7229547
7244640
7244640
7244640
7244640
7244640
7244640
7244640
7244640
7244640
7244640
7244640
7244640
7244640
7244640
7244640
7244640
7244640
7244640
7244640
7244640
7244640
7244640
7244640
7244640
7244640
7244640
7244640
7244640
7244640
7244640
7244640
7244640
7244640
7244640
7244640
7244640
7244640
7244640
7244640
7244640
7244640
7244640
7244640
7244640
7244640
7259733
7259733
7259733
7259733
7259733
7259733
7259733
7259733
7259733
7259733
7259733
7259733
7259733
7259733
7259733
7259733
7259733
7259733
7259733
7259733
7259733
7259733
7259733
7259733
7259733
7259733
7259733
7259733
7259733
7259733
7259733
7259733
7259733
7259733
7259733
7259733
7259733
7259733
7259733
7259733
7259733
7259733
7259733
7259733
7259733
7259733
7274826
7274826
7274826
7274826
7274826
7274826
7274826
7274826
7274826
7274826
7274826
7274826
7274826
7274826
7274826
7274826
7274826
7274826
7274826
7274826
7274826
7274826
7274826
7274826
7274826
7274826
7274826
7274826
7274826
7274826
7274826
7274826
7274826
7274826
7274826
7274826
7274826
7274826
7274826
7274826
7274826
7274826
7274826
7274826
7274826
7274826
7274826
7274826
7274826
7274826
7274826
7274826
7274826
7274826
7274826
7274826
7274826
7274826
7274826
7274826
7274826
7274826
7274826
7274826
7289919
7289919
7289919
7289919
7289919
7289919
7289919
7289919
7289919
7289919
7289919
7289919
7289919
7289919
7289919
7289919
7289919
7289919
7289919
7289919
7289919
7289919
7289919
7289919
7289919
7289919
7289919
7289919
7289919
7289919
7289919
7289919
7289919
7289919
7289919
7289919
7289919
7289919
7289919
7289919
7289919
7289919
7289919
7289919
7289919
7289919
7289919
7305012
7305012
7305012
7305012
7305012
7305012
7305012
7305012
7305012
7305012
7305012
7305012
7305012
7305012
7305012
7305012
7305012
7305012
7305012
7305012
7305012
7305012
7305012
7305012
7305012
7305012
7305012
7305012
7305012
7305012
7305012
7305012
7305012
7305012
7305012
7305012
7305012
7305012
7320105
7320105
7320105
7320105
7320105
7320105
7320105
7320105
7320105
7320105
7320105
7320105
7320105
7320105
7320105
7320105
7320105
7320105
7320105
7320105
7320105
7320105
7320105
7320105
7320105
7320105
7320105
7320105
7320105
7320105
7320105
7320105
7320105
7320105
7320105
7320105
7320105
7320105
7320105
7320105
7320105
7320105
7320105
7320105
7320105
7320105
7320105
7320105
7320105
7320105
7335198
7335198
7335198
7335198
7335198
7335198
7335198
7335198
7335198
7335198
7335198
7335198
7335198
7335198
7335198
7335198
7335198
7335198
7335198
7335198
7335198
7335198
7335198
7335198
7335198
7335198
7335198
7335198
7335198
7335198
7335198
7335198
7335198
7335198
7335198
7335198
7335198
7335198
7335198
7335198
7335198
7335198
7350291
7350291
7350291
7350291
7350291
7350291
7350291
7350291
7350291
7350291
7350291
7350291
7350291
7350291
7350291
7350291
7350291
7350291
7350291
7350291
7350291
7350291
7350291
7350291
7350291
7350291
7350291
7350291
7350291
7350291
7350291
7350291
7350291
7350291
7350291
7350291
7350291
7350291
7350291
7350291
7350291
7350291
7350291
7350291
7350291
7350291
7350291
7350291
7350291
7350291
7350291
7350291
7350291
7350291
7350291
7350291
7350291
7350291
7350291
7350291
7350291
7350291
7350291
7350291
7350291
7350291
7350291
7350291
7350291
7350291
7350291
7365384
7365384
7365384
7365384
7365384
7365384
7365384
7365384
7365384
7365384
7365384
7365384
7365384
7365384
7365384
7365384
7365384
7365384
7365384
7365384
7365384
7365384
7365384
7365384
7365384
7365384
7365384
7365384
7365384
7365384
7365384
7365384
7365384
7365384
7365384
7365384
7365384
7365384
7365384
7365384
7365384
7365384
7365384
7365384
7365384
7365384
7365384
7365384
7365384
7365384
7365384
7365384
7365384
7365384
7365384
7365384
7365384
7365384
7365384
7365384
7365384
7365384
7365384
7365384
7365384
7365384
7365384
7365384
7365384
7365384
7365384
7365384
7365384
7365384
7365384
7365384
7365384
7365384
7365384
7365384
7365384
7365384
7365384
7365384
7365384
7365384
7365384
7365384
7365384
7365384
7365384
7365384
7365384
7365384
7365384
7365384
7365384
7365384
7365384
7365384
7365384
7365384
7365384
7365384
7365384
7365384
7365384
7365384
7365384
7365384
7365384
7365384
7365384
7365384
7365384
7365384
7365384
7365384
7365384
7365384
7380477
7380477
7380477
7380477
7380477
7380477
7380477
7380477
7380477
7380477
7380477
7380477
7380477
7380477
7380477
7380477
7380477
7380477
7380477
7380477
7380477
7380477
7380477
7380477
7380477
7380477
7380477
7380477
7380477
7380477
7380477
7380477
7380477
7380477
7380477
7380477
7380477
7380477
7380477
7380477
7380477
7380477
7380477
7380477
7380477
7380477
7380477
7380477
7380477
7380477
7380477
7380477
7380477
7380477
7380477
7380477
7380477
7380477
7380477
7380477
7380477
7380477
7380477
7380477
7395570
7395570
7395570
7395570
7395570
7395570
7395570
7395570
7395570
7395570
7395570
7395570
7395570
7395570
7395570
7395570
7395570
7395570
7395570
7395570
7395570
7395570
7395570
7395570
7395570
7410663
7410663
7410663
7410663
7410663
7410663
7410663
7410663
7410663
7410663
7410663
7410663
7410663
7410663
7410663
7410663
7410663
7410663
7410663
7410663
7410663
7410663
7410663
7410663
7410663
7410663
7410663
7410663
7410663
7410663
7410663
7410663
7410663
7410663
7410663
7410663
7410663
7410663
7410663
7410663
7410663
7410663
7410663
7410663
7410663
7410663
7410663
7410663
7410663
7410663
7410663
7410663
7425756
7425756
7425756
7425756
7425756
7425756
7425756
7425756
7425756
7425756
7425756
7425756
7425756
7425756
7425756
7425756
7425756
7425756
7425756
7425756
7425756
7425756
7425756
7425756
7425756
7425756
7425756
7425756
7425756
7425756
7425756
7425756
7425756
7425756
7425756
7425756
7425756
7425756
7425756
7425756
7425756
7425756
7425756
7425756
7425756
7425756
7425756
7425756
7440849
7440849
7440849
7440849
7440849
7440849
7440849
7440849
7440849
7440849
7440849
7440849
7440849
7440849
7440849
7440849
7440849
7440849
7440849
7440849
7440849
7440849
7440849
7440849
7440849
7440849
7440849
7440849
7440849
7440849
7440849
7440849
7440849
7440849
7440849
7440849
7440849
7440849
7440849
7440849
7440849
7440849
7440849
7440849
7440849
7440849
7440849
7440849
7455942
7455942
7455942
7455942
7455942
7455942
7455942
7455942
7455942
7455942
7455942
7455942
7455942
7455942
7455942
7455942
7455942
7455942
7455942
7455942
7455942
7455942
7455942
7455942
7455942
7455942
7455942
7455942
7455942
7455942
7455942
7455942
7455942
7455942
7455942
7455942
7455942
7455942
7455942
7455942
7455942
7455942
7455942
7455942
7455942
7455942
7455942
7455942
7455942
7455942
7455942
7455942
7455942
7455942
7455942
7455942
7455942
7455942
7471035
7471035
7471035
7471035
7471035
7471035
7471035
7471035
7471035
7471035
7471035
7471035
7471035
7471035
7471035
7471035
7471035
7471035
7471035
7471035
7471035
7471035
7471035
7471035
7471035
7471035
7471035
7471035
7471035
7471035
7471035
7471035
7471035
7471035
7471035
7471035
7471035
7471035
7471035
7471035
7471035
7471035
7471035
7471035
7471035
7471035
7471035
7471035
7471035
7471035
7471035
7471035
7486128
7486128
7486128
7486128
7486128
7486128
7486128
7486128
7486128
7486128
7486128
7486128
7486128
7486128
7486128
7486128
7486128
7486128
7486128
7486128
7486128
7486128
7486128
7486128
7486128
7486128
7486128
7486128
7486128
7486128
7486128
7486128
7486128
7486128
7486128
7486128
7486128
7486128
7486128
7486128
7486128
7486128
7486128
7486128
7486128
7486128
7486128
7486128
7486128
7486128
7501221
7501221
7501221
7501221
7501221
7501221
7501221
7501221
7501221
7501221
7501221
7501221
7501221
7501221
7501221
7501221
7501221
7501221
7501221
7501221
7501221
7501221
7501221
7501221
7501221
7501221
7501221
7501221
7501221
7501221
7501221
7501221
7501221
7501221
7501221
7501221
7501221
7501221
7501221
7501221
7501221
7501221
7501221
7501221
7501221
7501221
7501221
7501221
7501221
7501221
7501221
7501221
7501221
7501221
7501221
7501221
7501221
7501221
7501221
7501221
7501221
7501221
7501221
7501221
7501221
7501221
7501221
7501221
7516314
7516314
7516314
7516314
7516314
7516314
7516314
7516314
7516314
7516314
7516314
7516314
7516314
7516314
7516314
7516314
7516314
7516314
7516314
7516314
7516314
7516314
7516314
7516314
7516314
7516314
7516314
7516314
7516314
7516314
7516314
7516314
7516314
7516314
7516314
7516314
7516314
7516314
7516314
7516314
7516314
7516314
7516314
7516314
7516314
7516314
7516314
7516314
7516314
7516314
7516314
7516314
7516314
7516314
7516314
7516314
7516314
7516314
7516314
7516314
7516314
7516314
7516314
7516314
7516314
7516314
7516314
7516314
7516314
7516314
7516314
7516314
7516314
7516314
7516314
7516314
7516314
7516314
7516314
7516314
7516314
7516314
7516314
7516314
7516314
7516314
7531407
7531407
7531407
7531407
7531407
7531407
7531407
7531407
7531407
7531407
7531407
7531407
7531407
7531407
7531407
7531407
7531407
7531407
7531407
7531407
7531407
7531407
7531407
7531407
7531407
7531407
7531407
7531407
7531407
7531407
7531407
7531407
7531407
7531407
7531407
7531407
7531407
7531407
7531407
7531407
7531407
7531407
7531407
7531407
7531407
7531407
7531407
7531407
7531407
7531407
7531407
7531407
7531407
7546500
7546500
7546500
7546500
7546500
7546500
7546500
7546500
7546500
7546500
7546500
7546500
7546500
7546500
7546500
7546500
7546500
7546500
7546500
7546500
7546500
7546500
7546500
7546500
7546500
7546500
7546500
7546500
7546500
7546500
7546500
7546500
7546500
7546500
7546500
7546500
7546500
7546500
7546500
7546500
7546500
7546500
7546500
7546500
7546500
7546500
7546500
7546500
7546500
7546500
7546500
7546500
7546500
7546500
7546500
7546500
7546500
7546500
7546500
7546500
7546500
7546500
7546500
7546500
7546500
7546500
7561593
7561593
7561593
7561593
7561593
7561593
7561593
7561593
7561593
7561593
7561593
7561593
7561593
7561593
7561593
7561593
7561593
7561593
7561593
7561593
7561593
7561593
7561593
7561593
7561593
7561593
7561593
7561593
7561593
7561593
7561593
7561593
7561593
7561593
7561593
7561593
7561593
7561593
7561593
7561593
7561593
7561593
7561593
7561593
7561593
7561593
7561593
7561593
7561593
7561593
7576686
7576686
7576686
7576686
7576686
7576686
7576686
7576686
7576686
7576686
7576686
7576686
7576686
7576686
7576686
7576686
7576686
7576686
7576686
7576686
7576686
7576686
7576686
7576686
7576686
7576686
7576686
7576686
7576686
7576686
7576686
7576686
7576686
7576686
7576686
7576686
7576686
7576686
7576686
7576686
7591779
7591779
7591779
7591779
7591779
7591779
7591779
7591779
7591779
7591779
7591779
7591779
7591779
7591779
7591779
7591779
7591779
7591779
7591779
7591779
7591779
7591779
7591779
7591779
7591779
7591779
7591779
7591779
7591779
7591779
7591779
7591779
7591779
7591779
7591779
7591779
7591779
7591779
7591779
7591779
7591779
7591779
7591779
7591779
7591779
7591779
7591779
7591779
7591779
7591779
7591779
7591779
7591779
7591779
7591779
7591779
7591779
7591779
7591779
7591779
7591779
7591779
7591779
7591779
7591779
7591779
7591779
7591779
7591779
7591779
7591779
7591779
7591779
7591779
7591779
7591779
7591779
7591779
7591779
7591779
7591779
7591779
7591779
7591779
7591779
7591779
7591779
7591779
7591779
7591779
7591779
7591779
7591779
7591779
7591779
7591779
7591779
7591779
7591779
7591779
7591779
7591779
7591779
7591779
7591779
7591779
7591779
7606872
7606872
7606872
7606872
7606872
7606872
7606872
7606872
7606872
7606872
7606872
7606872
7606872
7606872
7606872
7606872
7606872
7606872
7606872
7606872
7606872
7606872
7606872
7606872
7606872
7606872
7606872
7606872
7606872
7606872
7606872
7606872
7606872
7606872
7606872
7606872
7606872
7606872
7606872
7606872
7606872
7606872
7606872
7606872
7606872
7606872
7606872
7606872
7606872
7606872
7606872
7606872
7606872
7606872
7606872
7606872
7606872
7606872
7606872
7606872
7621965
7621965
7621965
7621965
7621965
7621965
7621965
7621965
7621965
7621965
7621965
7621965
7621965
7621965
7621965
7621965
7621965
7621965
7621965
7621965
7621965
7621965
7621965
7621965
7621965
7621965
7621965
7621965
7621965
7621965
7621965
7621965
7621965
7621965
7621965
7621965
7621965
7621965
7621965
7621965
7621965
7621965
7621965
7621965
7621965
7621965
7621965
7621965
7621965
7621965
7621965
7621965
7621965
7621965
7621965
7621965
7621965
7621965
7621965
7621965
7621965
7621965
7621965
7621965
7621965
7621965
7637058
7637058
7637058
7637058
7637058
7637058
7637058
7637058
7637058
7637058
7637058
7637058
7637058
7637058
7637058
7637058
7637058
7637058
7637058
7637058
7637058
7637058
7637058
7637058
7637058
7637058
7637058
7637058
7637058
7637058
7637058
7637058
7637058
7637058
7637058
7637058
7637058
7637058
7637058
7637058
7637058
7637058
7637058
7637058
7637058
7637058
7637058
7637058
7637058
7637058
7637058
7637058
7637058
7637058
7637058
7637058
7637058
7637058
7637058
7637058
7637058
7637058
7637058
7637058
7637058
7637058
7637058
7637058
7637058
7637058
7637058
7637058
7637058
7637058
7637058
7637058
7637058
7637058
7637058
7637058
7637058
7637058
7637058
7637058
7637058
7637058
7637058
7637058
7637058
7637058
7637058
7637058
7637058
7637058
7637058
7637058
7637058
7637058
7637058
7637058
7637058
7637058
7637058
7637058
7637058
7637058
7652151
7652151
7652151
7652151
7652151
7652151
7652151
7652151
7652151
7652151
7652151
7652151
7652151
7652151
7652151
7652151
7652151
7652151
7652151
7652151
7652151
7652151
7652151
7652151
7652151
7652151
7652151
7652151
7652151
7652151
7652151
7652151
7652151
7652151
7652151
7652151
7652151
7652151
7652151
7652151
7652151
7652151
7652151
7652151
7652151
7652151
7652151
7652151
7652151
7652151
7652151
7652151
7652151
7652151
7652151
7652151
7652151
7652151
7652151
7652151
7652151
7652151
7652151
7652151
7652151
7652151
7652151
7652151
7652151
7652151
7652151
7652151
7652151
7652151
7652151
7652151
7652151
7652151
7652151
7652151
7652151
7652151
7652151
7652151
7652151
7652151
7652151
7652151
7652151
7652151
7652151
7652151
7652151
7652151
7652151
7652151
7652151
7652151
7652151
7652151
7652151
7652151
7652151
7652151
7652151
7652151
7652151
7652151
7652151
7652151
7652151
7652151
7652151
7652151
7652151
7652151
7652151
7652151
7652151
7652151
7652151
7652151
7652151
7652151
7652151
7652151
7652151
7652151
7652151
7652151
7652151
7652151
7652151
7652151
7652151
7652151
7652151
7652151
7652151
7652151
7652151
7652151
7652151
7652151
7652151
7652151
7652151
7652151
7652151
7652151
7652151
7652151
7652151
7667244
7667244
7667244
7667244
7667244
7667244
7667244
7667244
7667244
7667244
7667244
7667244
7667244
7667244
7667244
7667244
7667244
7667244
7667244
7667244
7667244
7667244
7667244
7667244
7667244
7667244
7667244
7667244
7667244
7667244
7667244
7667244
7667244
7667244
7667244
7667244
7667244
7667244
7667244
7667244
7667244
7667244
7667244
7667244
7667244
7667244
7667244
7667244
7667244
7667244
7667244
7667244
7667244
7667244
7667244
7667244
7667244
7667244
7667244
7667244
7667244
7667244
7667244
7667244
7667244
7667244
7667244
7667244
7667244
7667244
7667244
7667244
7667244
7667244
7667244
7667244
7682337
7682337
7682337
7682337
7682337
7682337
7682337
7682337
7682337
7682337
7682337
7682337
7682337
7682337
7682337
7682337
7682337
7682337
7682337
7682337
7682337
7682337
7682337
7682337
7682337
7682337
7682337
7682337
7682337
7682337
7682337
7682337
7682337
7682337
7682337
7682337
7682337
7682337
7682337
7682337
7682337
7682337
7682337
7682337
7682337
7682337
7682337
7682337
7682337
7682337
7682337
7682337
7682337
7682337
7682337
7682337
7682337
7682337
7682337
7682337
7682337
7682337
7682337
7682337
7682337
7682337
7682337
7682337
7682337
7682337
7682337
7682337
7682337
7682337
7682337
7682337
7682337
7682337
7682337
7682337
7682337
7682337
7682337
7682337
7682337
7682337
7682337
7682337
7682337
7682337
7682337
7682337
7682337
7682337
7682337
7682337
7682337
7682337
7682337
7682337
7697430
7697430
7697430
7697430
7697430
7697430
7697430
7697430
7697430
7697430
7697430
7697430
7697430
7697430
7697430
7697430
7697430
7697430
7697430
7697430
7697430
7697430
7697430
7697430
7697430
7697430
7697430
7697430
7697430
7697430
7697430
7697430
7697430
7697430
7697430
7697430
7697430
7697430
7697430
7697430
7697430
7697430
7697430
7697430
7697430
7697430
7712523
7712523
7712523
7712523
7712523
7712523
7712523
7712523
7712523
7712523
7712523
7712523
7712523
7712523
7712523
7712523
7712523
7712523
7712523
7712523
7712523
7712523
7712523
7712523
7712523
7712523
7712523
7712523
7712523
7712523
7712523
7712523
7712523
7712523
7712523
7712523
7712523
7712523
7712523
7712523
7712523
7712523
7712523
7712523
7712523
7712523
7712523
7712523
7712523
7712523
7712523
7712523
7712523
7712523
7712523
7712523
7712523
7712523
7712523
7712523
7712523
7712523
7712523
7712523
7712523
7712523
7712523
7712523
7712523
7712523
7712523
7712523
7712523
7712523
7712523
7712523
7712523
7712523
7712523
7712523
7712523
7712523
7712523
7712523
7712523
7712523
7712523
7712523
7712523
7712523
7712523
7712523
7712523
7712523
7712523
7712523
7712523
7712523
7712523
7712523
7712523
7712523
7712523
7712523
7712523
7712523
7712523
7712523
7712523
7712523
7712523
7712523
7712523
7712523
7712523
7712523
7712523
7712523
7712523
7712523
7712523
7712523
7712523
7712523
7712523
7712523
7712523
7712523
7712523
7712523
7712523
7712523
7712523
7712523
7712523
7712523
7712523
7712523
7712523
7712523
7712523
7712523
7712523
7712523
7712523
7727616
7727616
7727616
7727616
7727616
7727616
7727616
7727616
7727616
7727616
7727616
7727616
7727616
7727616
7727616
7727616
7727616
7727616
7727616
7727616
7727616
7727616
7727616
7727616
7727616
7727616
7727616
7727616
7727616
7727616
7727616
7727616
7727616
7727616
7727616
7727616
7727616
7727616
7727616
7727616
7727616
7727616
7727616
7727616
7727616
7727616
7727616
7727616
7727616
7727616
7727616
7727616
7727616
7727616
7727616
7727616
7727616
7727616
7742709
7742709
7742709
7742709
7742709
7742709
7742709
7742709
7742709
7742709
7742709
7742709
7742709
7742709
7742709
7742709
7742709
7742709
7742709
7742709
7742709
7742709
7742709
7742709
7742709
7742709
7742709
7742709
7742709
7742709
7742709
7742709
7742709
7742709
7742709
7742709
7742709
7742709
7742709
7742709
7742709
7742709
7742709
7742709
7742709
7742709
7742709
7742709
7742709
7742709
7757802
7757802
7757802
7757802
7757802
7757802
7757802
7757802
7757802
7757802
7757802
7757802
7757802
7757802
7757802
7757802
7757802
7757802
7757802
7757802
7757802
7757802
7757802
7757802
7757802
7757802
7757802
7757802
7772895
7772895
7772895
7772895
7772895
7772895
7772895
7772895
7772895
7772895
7772895
7772895
7772895
7772895
7772895
7772895
7772895
7772895
7772895
7772895
7772895
7772895
7772895
7772895
7772895
7772895
7772895
7772895
7772895
7772895
7772895
7772895
7772895
7772895
7772895
7772895
7772895
7772895
7772895
7772895
7772895
7772895
7772895
7772895
7772895
7772895
7772895
7772895
7772895
7772895
7772895
7772895
7772895
7772895
7772895
7772895
7772895
7772895
7772895
7772895
7772895
7772895
7772895
7772895
7772895
7772895
7772895
7772895
7772895
7772895
7772895
7772895
7772895
7772895
7772895
7772895
7772895
7772895
7772895
7772895
7772895
7772895
7772895
7772895
7772895
7772895
7772895
7772895
7772895
7772895
7772895
7772895
7772895
7772895
7772895
7772895
7772895
7772895
7772895
7772895
7772895
7772895
7772895
7772895
7772895
7772895
7772895
7772895
7772895
7772895
7787988
7787988
7787988
7787988
7787988
7787988
7787988
7787988
7787988
7787988
7787988
7787988
7787988
7787988
7787988
7787988
7787988
7787988
7787988
7787988
7787988
7787988
7787988
7787988
7787988
7787988
7787988
7787988
7787988
7787988
7787988
7787988
7787988
7787988
7787988
7787988
7787988
7787988
7787988
7787988
7787988
7787988
7787988
7787988
7787988
7787988
7787988
7787988
7787988
7787988
7787988
7787988
7787988
7787988
7787988
7787988
7787988
7787988
7787988
7787988
7787988
7787988
7787988
7787988
7787988
7787988
7787988
7787988
7787988
7787988
7787988
7787988
7787988
7787988
7787988
7787988
7787988
7787988
7787988
7787988
7787988
7787988
7787988
7787988
7787988
7787988
7787988
7787988
7787988
7787988
7787988
7787988
7787988
7787988
7787988
7787988
7787988
7787988
7787988
7787988
7787988
7787988
7787988
7787988
7787988
7787988
7787988
7787988
7787988
7787988
7803081
7803081
7803081
7803081
7803081
7803081
7803081
7803081
7803081
7803081
7803081
7803081
7803081
7803081
7803081
7803081
7803081
7803081
7803081
7803081
7803081
7803081
7803081
7803081
7803081
7803081
7803081
7803081
7803081
7803081
7803081
7803081
7803081
7803081
7803081
7803081
7803081
7803081
7818174
7818174
7818174
7818174
7818174
7818174
7818174
7818174
7818174
7818174
7818174
7818174
7818174
7818174
7818174
7818174
7818174
7818174
7818174
7818174
7818174
7818174
7818174
7818174
7818174
7818174
7818174
7818174
7818174
7818174
7818174
7818174
7818174
7818174
7818174
7818174
7818174
7818174
7818174
7818174
7818174
7818174
7818174
7818174
7818174
7818174
7833267
7833267
7833267
7833267
7833267
7833267
7833267
7833267
7833267
7833267
7833267
7833267
7833267
7833267
7833267
7833267
7833267
7833267
7833267
7833267
7833267
7833267
7833267
7833267
7833267
7833267
7833267
7833267
7833267
7833267
7833267
7833267
7833267
7833267
7833267
7833267
7833267
7833267
7848360
7848360
7848360
7848360
7848360
7848360
7848360
7848360
7848360
7848360
7848360
7848360
7848360
7848360
7848360
7848360
7848360
7848360
7848360
7848360
7848360
7848360
7848360
7848360
7848360
7848360
7848360
7848360
7848360
7848360
7848360
7848360
7848360
7848360
7848360
7848360
7848360
7848360
7848360
7848360
7848360
7848360
7848360
7848360
7848360
7848360
7848360
7848360
7848360
7848360
7848360
7848360
7848360
7863453
7863453
7863453
7863453
7863453
7863453
7863453
7863453
7863453
7863453
7863453
7863453
7863453
7863453
7863453
7863453
7863453
7863453
7863453
7863453
7863453
7863453
7863453
7863453
7863453
7863453
7863453
7863453
7863453
7863453
7863453
7863453
7863453
7863453
7863453
7863453
7863453
7863453
7863453
7863453
7863453
7863453
7863453
7863453
7863453
7863453
7863453
7863453
7863453
7863453
7863453
7863453
7863453
7863453
7863453
7863453
7863453
7863453
7863453
7863453
7863453
7863453
7863453
7863453
7863453
7863453
7863453
7863453
7863453
7863453
7863453
7863453
7863453
7863453
7863453
7863453
7863453
7863453
7863453
7863453
7863453
7863453
7863453
7863453
7863453
7863453
7863453
7863453
7863453
7863453
7863453
7863453
7863453
7863453
7863453
7863453
7863453
7878546
7878546
7878546
7878546
7878546
7878546
7878546
7878546
7878546
7878546
7878546
7878546
7878546
7878546
7878546
7878546
7878546
7878546
7878546
7878546
7878546
7878546
7878546
7878546
7878546
7878546
7878546
7878546
7878546
7878546
7878546
7878546
7878546
7878546
7878546
7878546
7878546
7878546
7878546
7878546
7878546
7878546
7878546
7878546
7878546
7878546
7878546
7878546
7878546
7878546
7878546
7878546
7878546
7878546
7878546
7878546
7878546
7878546
7878546
7878546
7878546
7878546
7878546
7878546
7878546
7878546
7878546
7878546
7878546
7878546
7878546
7878546
7878546
7878546
7878546
7878546
7878546
7878546
7878546
7878546
7878546
7878546
7878546
7878546
7878546
7878546
7878546
7878546
7878546
7878546
7878546
7878546
7878546
7893639
7893639
7893639
7893639
7893639
7893639
7893639
7893639
7893639
7893639
7893639
7893639
7893639
7893639
7893639
7893639
7893639
7893639
7893639
7893639
7893639
7893639
7893639
7893639
7893639
7893639
7893639
7893639
7893639
7893639
7893639
7893639
7893639
7893639
7893639
7893639
7893639
7893639
7893639
7893639
7893639
7893639
7893639
7893639
7893639
7893639
7893639
7893639
7893639
7893639
7893639
7908732
7908732
7908732
7908732
7908732
7908732
7908732
7908732
7908732
7908732
7908732
7908732
7908732
7908732
7908732
7908732
7908732
7908732
7908732
7908732
7908732
7908732
7908732
7908732
7908732
7908732
7908732
7908732
7908732
7908732
7908732
7908732
7908732
7908732
7908732
7908732
7908732
7908732
7908732
7908732
7908732
7908732
7908732
7908732
7908732
7908732
7908732
7908732
7908732
7908732
7908732
7908732
7908732
7908732
7908732
7908732
7908732
7908732
7908732
7908732
7908732
7908732
7908732
7908732
7908732
7908732
7908732
7908732
7908732
7908732
7908732
7908732
7908732
7908732
7908732
7908732
7908732
7908732
7908732
7908732
7908732
7908732
7908732
7908732
7908732
7908732
7908732
7908732
7908732
7908732
7908732
7908732
7908732
7908732
7908732
7908732
7908732
7908732
7908732
7908732
7908732
7908732
7908732
7908732
7908732
7908732
7908732
7908732
7908732
7908732
7908732
7908732
7908732
7908732
7908732
7908732
7908732
7908732
7908732
7908732
7908732
7908732
7908732
7908732
7908732
7908732
7908732
7908732
7908732
7908732
7908732
7908732
7908732
7908732
7908732
7908732
7908732
7908732
7908732
7908732
7908732
7908732
7908732
7908732
7908732
7908732
7908732
7908732
7908732
7908732
7908732
7908732
7908732
7908732
7908732
7908732
7908732
7908732
7908732
7908732
7908732
7908732
7908732
7908732
7908732
7908732
7908732
7908732
7908732
7908732
7923825
7923825
7923825
7923825
7923825
7923825
7923825
7923825
7923825
7923825
7923825
7923825
7923825
7923825
7923825
7923825
7923825
7923825
7923825
7923825
7923825
7923825
7923825
7923825
7923825
7923825
7923825
7923825
7923825
7923825
7923825
7923825
7923825
7923825
7923825
7923825
7923825
7923825
7923825
7923825
7923825
7923825
7923825
7938918
7938918
7938918
7938918
7938918
7938918
7938918
7938918
7938918
7938918
7938918
7938918
7938918
7938918
7938918
7938918
7938918
7938918
7938918
7938918
7938918
7938918
7938918
7938918
7938918
7938918
7938918
7938918
7938918
7938918
7938918
7938918
7938918
7938918
7938918
7938918
7938918
7938918
7938918
7938918
7938918
7938918
7938918
7938918
7938918
7938918
7938918
7938918
7938918
7938918
7938918
7938918
7938918
7938918
7938918
7938918
7938918
7938918
7954011
7954011
7954011
7954011
7954011
7954011
7954011
7954011
7954011
7954011
7954011
7954011
7954011
7954011
7954011
7954011
7954011
7954011
7954011
7954011
7954011
7954011
7954011
7954011
7954011
7954011
7954011
7954011
7954011
7954011
7954011
7954011
7954011
7954011
7954011
7954011
7954011
7954011
7954011
7954011
7954011
7954011
7954011
7954011
7954011
7954011
7954011
7969104
7969104
7969104
7969104
7969104
7969104
7969104
7969104
7969104
7969104
7969104
7969104
7969104
7969104
7969104
7969104
7969104
7969104
7969104
7969104
7969104
7969104
7969104
7969104
7969104
7969104
7969104
7969104
7969104
7969104
7969104
7969104
7969104
7969104
7969104
7969104
7969104
7969104
7969104
7969104
7969104
7969104
7969104
7969104
7969104
7969104
7969104
7969104
7969104
7969104
7969104
7984197
7984197
7984197
7984197
7984197
7984197
7984197
7984197
7984197
7984197
7984197
7984197
7984197
7984197
7984197
7984197
7984197
7984197
7984197
7984197
7984197
7984197
7984197
7984197
7984197
7984197
7984197
7984197
7984197
7984197
7984197
7984197
7984197
7984197
7984197
7984197
7984197
7984197
7984197
7984197
7984197
7984197
7984197
7984197
7984197
7984197
7984197
7984197
7984197
7984197
7984197
7984197
7984197
7984197
7984197
7984197
7984197
7984197
7984197
7984197
7984197
7984197
7984197
7984197
7984197
7984197
7984197
7984197
7984197
7984197
7984197
7984197
7984197
7984197
7984197
7984197
7984197
7984197
7984197
7984197
7984197
7984197
7984197
7984197
7984197
7984197
7984197
7984197
7984197
7984197
7984197
7984197
7984197
7984197
7984197
7984197
7984197
7984197
7984197
7984197
7984197
7984197
7984197
7984197
7984197
7984197
7984197
7984197
7984197
7984197
7984197
7984197
7984197
7984197
7984197
7984197
7984197
7984197
7984197
7984197
7984197
7984197
7984197
7984197
7984197
7984197
7984197
7984197
7984197
7984197
7984197
7984197
7984197
7984197
7984197
7984197
7984197
7984197
7984197
7984197
7984197
7984197
7984197
7984197
7984197
7984197
7984197
7984197
7984197
7984197
7999290
7999290
7999290
7999290
7999290
7999290
7999290
7999290
7999290
7999290
7999290
7999290
7999290
7999290
7999290
7999290
7999290
7999290
7999290
7999290
7999290
7999290
7999290
8014383
8014383
8014383
8014383
8014383
8014383
8014383
8014383
8014383
8014383
8014383
8014383
8014383
8014383
8014383
8014383
8014383
8014383
8014383
8014383
8014383
8014383
8014383
8014383
8014383
8014383
8014383
8014383
8014383
8014383
8014383
8014383
8014383
8014383
8014383
8014383
8014383
8029476
8029476
8029476
8029476
8029476
8029476
8029476
8029476
8029476
8029476
8029476
8029476
8029476
8029476
8029476
8029476
8029476
8029476
8029476
8029476
8029476
8029476
8029476
8029476
8029476
8029476
8029476
8029476
8029476
8029476
8029476
8029476
8029476
8029476
8029476
8029476
8029476
8029476
8044569
8044569
8044569
8044569
8044569
8044569
8044569
8044569
8044569
8044569
8044569
8044569
8044569
8044569
8044569
8044569
8044569
8044569
8044569
8044569
8044569
8044569
8044569
8044569
8044569
8044569
8044569
8044569
8044569
8044569
8044569
8059662
8059662
8059662
8059662
8059662
8059662
8059662
8059662
8059662
8059662
8059662
8059662
8059662
8059662
8059662
8059662
8059662
8059662
8059662
8059662
8059662
8059662
8059662
8059662
8059662
8059662
8059662
8059662
8059662
8059662
8059662
8059662
8059662
8059662
8059662
8059662
8059662
8059662
8059662
8059662
8059662
8059662
8059662
8059662
8059662
8059662
8059662
8059662
8059662
8059662
8059662
8059662
8059662
8059662
8059662
8059662
8059662
8059662
8059662
8059662
8059662
8059662
8059662
8059662
8059662
8059662
8059662
8059662
8059662
8059662
8059662
8059662
8059662
8059662
8059662
8059662
8059662
8059662
8059662
8059662
8059662
8059662
8059662
8059662
8059662
8059662
8059662
8059662
8059662
8059662
8059662
8059662
8059662
8059662
8059662
8059662
8059662
8059662
8059662
8059662
8059662
8059662
8059662
8059662
8059662
8059662
8059662
8074755
8074755
8074755
8074755
8074755
8074755
8074755
8074755
8074755
8074755
8074755
8074755
8074755
8074755
8074755
8074755
8074755
8074755
8074755
8074755
8074755
8074755
8074755
8074755
8074755
8074755
8074755
8074755
8074755
8074755
8074755
8074755
8074755
8074755
8074755
8074755
8074755
8074755
8074755
8074755
8074755
8074755
8074755
8074755
8074755
8074755
8074755
8074755
8089848
8089848
8089848
8089848
8089848
8089848
8089848
8089848
8089848
8089848
8089848
8089848
8089848
8089848
8089848
8089848
8089848
8089848
8089848
8089848
8089848
8089848
8089848
8089848
8089848
8089848
8089848
8089848
8089848
8089848
8089848
8089848
8089848
8089848
8089848
8089848
8089848
8089848
8089848
8089848
8089848
8089848
8089848
8089848
8089848
8089848
8104941
8104941
8104941
8104941
8104941
8104941
8104941
8104941
8104941
8104941
8104941
8104941
8104941
8104941
8104941
8104941
8104941
8104941
8104941
8104941
8104941
8104941
8104941
8104941
8104941
8104941
8104941
8104941
8104941
8104941
8104941
8104941
8104941
8104941
8104941
8104941
8104941
8104941
8104941
8104941
8104941
8104941
8104941
8104941
8104941
8104941
8104941
8104941
8104941
8104941
8104941
8104941
8104941
8104941
8104941
8104941
8104941
8120034
8120034
8120034
8120034
8120034
8120034
8120034
8120034
8120034
8120034
8120034
8120034
8120034
8120034
8120034
8120034
8120034
8120034
8120034
8120034
8120034
8120034
8120034
8120034
8120034
8120034
8135127
8135127
8135127
8135127
8135127
8135127
8135127
8135127
8135127
8135127
8135127
8135127
8135127
8135127
8135127
8135127
8135127
8135127
8135127
8135127
8135127
8135127
8135127
8135127
8135127
8135127
8135127
8135127
8135127
8135127
8135127
8135127
8135127
8135127
8135127
8135127
8135127
8135127
8135127
8135127
8135127
8135127
8135127
8135127
8135127
8135127
8135127
8135127
8135127
8135127
8135127
8135127
8135127
8135127
8135127
8135127
8135127
8135127
8135127
8135127
8135127
8135127
8135127
8135127
8135127
8135127
8135127
8135127
8135127
8135127
8150220
8150220
8150220
8150220
8150220
8150220
8150220
8150220
8150220
8150220
8150220
8150220
8150220
8150220
8150220
8150220
8150220
8150220
8150220
8150220
8150220
8150220
8150220
8150220
8150220
8150220
8150220
8150220
8150220
8150220
8150220
8150220
8150220
8150220
8150220
8150220
8150220
8150220
8150220
8150220
8150220
8150220
8150220
8150220
8150220
8150220
8150220
8150220
8150220
8150220
8165313
8165313
8165313
8165313
8165313
8165313
8165313
8165313
8165313
8165313
8165313
8165313
8165313
8165313
8165313
8165313
8165313
8165313
8165313
8165313
8165313
8165313
8165313
8165313
8165313
8165313
8165313
8165313
8165313
8165313
8165313
8165313
8165313
8165313
8165313
8165313
8165313
8165313
8165313
8165313
8165313
8165313
8165313
8165313
8165313
8165313
8165313
8165313
8165313
8165313
8165313
8165313
8165313
8165313
8165313
8165313
8165313
8165313
8165313
8165313
8180406
8180406
8180406
8180406
8180406
8180406
8180406
8180406
8180406
8180406
8180406
8180406
8180406
8180406
8180406
8180406
8180406
8180406
8180406
8180406
8180406
8180406
8180406
8180406
8180406
8180406
8180406
8180406
8180406
8180406
8180406
8180406
8180406
8180406
8180406
8180406
8180406
8180406
8180406
8180406
8180406
8180406
8180406
8180406
8180406
8180406
8180406
8180406
8180406
8180406
8180406
8180406
8180406
8180406
8180406
8180406
8180406
8180406
8180406
8180406
8180406
8180406
8180406
8180406
8180406
8180406
8180406
8180406
8195499
8195499
8195499
8195499
8195499
8195499
8195499
8195499
8195499
8195499
8195499
8195499
8195499
8195499
8195499
8195499
8195499
8195499
8195499
8195499
8195499
8195499
8195499
8195499
8195499
8195499
8195499
8195499
8195499
8195499
8195499
8195499
8195499
8195499
8195499
8195499
8195499
8195499
8195499
8195499
8195499
8210592
8210592
8210592
8210592
8210592
8210592
8210592
8210592
8210592
8210592
8210592
8210592
8210592
8210592
8210592
8210592
8210592
8210592
8210592
8210592
8210592
8210592
8210592
8210592
8210592
8210592
8210592
8210592
8210592
8210592
8210592
8210592
8210592
8210592
8210592
8210592
8210592
8210592
8210592
8210592
8210592
8210592
8210592
8225685
8225685
8225685
8225685
8225685
8225685
8225685
8225685
8225685
8225685
8225685
8225685
8225685
8225685
8225685
8225685
8225685
8225685
8225685
8225685
8225685
8225685
8225685
8225685
8225685
8225685
8225685
8225685
8225685
8225685
8225685
8225685
8225685
8225685
8225685
8225685
8225685
8225685
8225685
8225685
8225685
8225685
8225685
8225685
8225685
8225685
8240778
8240778
8240778
8240778
8240778
8240778
8240778
8240778
8240778
8240778
8240778
8240778
8240778
8240778
8240778
8240778
8240778
8240778
8240778
8240778
8240778
8240778
8240778
8240778
8240778
8240778
8240778
8240778
8240778
8240778
8240778
8240778
8240778
8240778
8240778
8240778
8240778
8240778
8240778
8240778
8240778
8240778
8240778
8240778
8240778
8255871
8255871
8255871
8255871
8255871
8255871
8255871
8255871
8255871
8255871
8255871
8255871
8255871
8255871
8255871
8255871
8255871
8255871
8255871
8255871
8255871
8255871
8255871
8255871
8255871
8255871
8255871
8255871
8255871
8255871
8255871
8255871
8255871
8255871
8255871
8255871
8255871
8255871
8255871
8255871
8255871
8255871
8255871
8255871
8255871
8255871
8255871
8255871
8255871
8255871
8255871
8255871
8255871
8270964
8270964
8270964
8270964
8270964
8270964
8270964
8270964
8270964
8270964
8270964
8270964
8270964
8270964
8270964
8270964
8270964
8270964
8270964
8270964
8270964
8270964
8270964
8270964
8270964
8270964
8270964
8270964
8270964
8270964
8270964
8286057
8286057
8286057
8286057
8286057
8286057
8286057
8286057
8286057
8286057
8286057
8286057
8286057
8286057
8286057
8286057
8286057
8286057
8286057
8286057
8286057
8286057
8286057
8286057
8286057
8286057
8286057
8286057
8286057
8286057
8286057
8286057
8286057
8286057
8286057
8286057
8286057
8286057
8286057
8286057
8286057
8286057
8286057
8286057
8286057
8286057
8286057
8286057
8286057
8286057
8286057
8286057
8286057
8286057
8286057
8286057
8286057
8286057
8286057
8286057
8286057
8286057
8286057
8286057
8286057
8286057
8286057
8286057
8286057
8286057
8301150
8301150
8301150
8301150
8301150
8301150
8301150
8301150
8301150
8301150
8301150
8301150
8301150
8301150
8301150
8301150
8301150
8301150
8301150
8301150
8301150
8301150
8301150
8301150
8301150
8301150
8301150
8301150
8301150
8301150
8301150
8316243
8316243
8316243
8316243
8316243
8316243
8316243
8316243
8316243
8316243
8316243
8316243
8316243
8316243
8316243
8316243
8316243
8316243
8316243
8316243
8316243
8316243
8316243
8316243
8316243
8316243
8316243
8331336
8331336
8331336
8331336
8331336
8331336
8331336
8331336
8331336
8331336
8331336
8331336
8331336
8331336
8331336
8331336
8331336
8331336
8331336
8331336
8331336
8331336
8331336
8331336
8331336
8331336
8331336
8331336
8331336
8331336
8331336
8331336
8331336
8331336
8331336
8331336
8331336
8346429
8346429
8346429
8346429
8346429
8346429
8346429
8346429
8346429
8346429
8346429
8346429
8346429
8346429
8346429
8346429
8346429
8346429
8346429
8346429
8346429
8346429
8346429
8346429
8346429
8346429
8346429
8346429
8346429
8346429
8346429
8346429
8346429
8346429
8346429
8346429
8346429
8346429
8361522
8361522
8361522
8361522
8361522
8361522
8361522
8361522
8361522
8361522
8361522
8361522
8361522
8361522
8361522
8361522
8361522
8361522
8361522
8361522
8361522
8361522
8361522
8361522
8361522
8361522
8361522
8361522
8361522
8361522
8361522
8361522
8361522
8361522
8361522
8361522
8361522
8361522
8361522
8361522
8361522
8361522
8361522
8361522
8361522
8361522
8361522
8361522
8361522
8361522
8361522
8376615
8376615
8376615
8376615
8376615
8376615
8376615
8376615
8376615
8376615
8376615
8376615
8376615
8376615
8376615
8376615
8376615
8376615
8376615
8376615
8376615
8376615
8376615
8376615
8376615
8376615
8376615
8376615
8376615
8376615
8391708
8391708
8391708
8391708
8391708
8391708
8391708
8391708
8391708
8391708
8391708
8391708
8391708
8391708
8391708
8391708
8391708
8391708
8391708
8391708
8391708
8391708
8391708
8391708
8391708
8391708
8391708
8391708
8391708
8391708
8391708
8391708
8391708
8391708
8391708
8391708
8391708
8391708
8391708
8391708
8391708
8406801
8406801
8406801
8406801
8406801
8406801
8406801
8406801
8406801
8406801
8406801
8406801
8406801
8406801
8406801
8406801
8406801
8406801
8406801
8406801
8406801
8406801
8406801
8406801
8406801
8406801
8406801
8406801
8406801
8406801
8406801
8406801
8406801
8406801
8406801
8406801
8406801
8406801
8406801
8406801
8406801
8406801
8406801
8406801
8406801
8406801
8406801
8406801
8406801
8406801
8406801
8406801
8406801
8406801
8406801
8406801
8406801
8421894
8421894
8421894
8421894
8421894
8421894
8421894
8421894
8421894
8421894
8421894
8421894
8421894
8421894
8421894
8421894
8421894
8421894
8421894
8421894
8421894
8421894
8421894
8421894
8421894
8421894
8421894
8421894
8421894
8421894
8421894
8421894
8421894
8421894
8421894
8421894
8421894
8421894
8421894
8421894
8421894
8421894
8421894
8421894
8421894
8421894
8421894
8436987
8436987
8436987
8436987
8436987
8436987
8436987
8436987
8436987
8436987
8436987
8436987
8436987
8436987
8436987
8436987
8436987
8436987
8436987
8436987
8436987
8436987
8436987
8436987
8436987
8436987
8436987
8436987
8436987
8436987
8436987
8436987
8436987
8436987
8436987
8436987
8436987
8436987
8452080
8452080
8452080
8452080
8452080
8452080
8452080
8452080
8452080
8452080
8452080
8452080
8452080
8452080
8452080
8452080
8452080
8452080
8452080
8452080
8452080
8452080
8452080
8452080
8452080
8452080
8452080
8452080
8452080
8452080
8452080
8452080
8452080
8452080
8452080
8452080
8452080
8452080
8452080
8452080
8452080
8452080
8452080
8452080
8452080
8452080
8467173
8467173
8467173
8467173
8467173
8467173
8467173
8467173
8467173
8467173
8467173
8467173
8467173
8467173
8467173
8467173
8467173
8467173
8467173
8467173
8467173
8467173
8467173
8467173
8467173
8467173
8467173
8467173
8467173
8467173
8467173
8467173
8467173
8467173
8467173
8467173
8467173
8482266
8482266
8482266
8482266
8482266
8482266
8482266
8482266
8482266
8482266
8482266
8482266
8482266
8482266
8482266
8482266
8482266
8482266
8482266
8482266
8482266
8482266
8482266
8482266
8482266
8482266
8482266
8482266
8482266
8482266
8482266
8482266
8482266
8482266
8482266
8482266
8482266
8497359
8497359
8497359
8497359
8497359
8497359
8497359
8497359
8497359
8497359
8497359
8497359
8497359
8497359
8497359
8497359
8497359
8497359
8497359
8497359
8497359
8497359
8497359
8497359
8497359
8497359
8497359
8497359
8497359
8497359
8497359
8497359
8497359
8497359
8497359
8497359
8497359
8497359
8497359
8497359
8497359
8497359
8497359
8497359
8497359
8497359
8497359
8497359
8497359
8497359
8497359
8497359
8497359
8497359
8497359
8497359
8497359
8497359
8497359
8497359
8497359
8497359
8497359
8497359
8497359
8497359
8497359
8497359
8497359
8497359
8497359
8497359
8497359
8497359
8497359
8497359
8497359
8497359
8497359
8497359
8497359
8497359
8497359
8497359
8497359
8497359
8497359
8497359
8497359
8497359
8497359
8497359
8497359
8497359
8497359
8497359
8497359
8497359
8497359
8497359
8497359
8497359
8497359
8497359
8497359
8497359
8512452
8512452
8512452
8512452
8512452
8512452
8512452
8512452
8512452
8512452
8512452
8512452
8512452
8512452
8512452
8512452
8512452
8512452
8512452
8512452
8512452
8512452
8512452
8512452
8512452
8512452
8512452
8512452
8512452
8512452
8512452
8512452
8512452
8512452
8512452
8512452
8512452
8512452
8512452
8512452
8512452
8512452
8512452
8512452
8512452
8512452
8512452
8512452
8512452
8512452
8512452
8512452
8512452
8512452
8512452
8512452
8527545
8527545
8527545
8527545
8527545
8527545
8527545
8527545
8527545
8527545
8527545
8527545
8527545
8527545
8527545
8527545
8527545
8527545
8527545
8527545
8527545
8527545
8527545
8527545
8527545
8527545
8527545
8527545
8527545
8527545
8527545
8527545
8527545
8527545
8527545
8527545
8527545
8527545
8527545
8527545
8527545
8527545
8527545
8527545
8527545
8542638
8542638
8542638
8542638
8542638
8542638
8542638
8542638
8542638
8542638
8542638
8542638
8542638
8542638
8542638
8542638
8542638
8542638
8542638
8542638
8542638
8542638
8542638
8542638
8542638
8542638
8542638
8542638
8542638
8542638
8557731
8557731
8557731
8557731
8557731
8557731
8557731
8557731
8557731
8557731
8557731
8557731
8557731
8557731
8557731
8557731
8557731
8557731
8557731
8557731
8557731
8557731
8557731
8557731
8572824
8572824
8572824
8572824
8572824
8572824
8572824
8572824
8572824
8572824
8572824
8572824
8572824
8572824
8572824
8572824
8572824
8572824
8572824
8572824
8572824
8572824
8572824
8572824
8572824
8572824
8572824
8572824
8572824
8572824
8572824
8572824
8572824
8572824
8572824
8572824
8572824
8572824
8572824
8572824
8572824
8572824
8572824
8572824
8572824
8572824
8572824
8572824
8587917
8587917
8587917
8587917
8587917
8587917
8587917
8587917
8587917
8587917
8587917
8587917
8587917
8587917
8587917
8587917
8587917
8587917
8587917
8587917
8587917
8587917
8587917
8587917
8587917
8587917
8587917
8587917
8603010
8603010
8603010
8603010
8603010
8603010
8603010
8603010
8603010
8603010
8603010
8603010
8603010
8603010
8603010
8603010
8603010
8603010
8603010
8603010
8603010
8603010
8603010
8603010
8603010
8603010
8603010
8603010
8603010
8603010
8603010
8603010
8618103
8618103
8618103
8618103
8618103
8618103
8618103
8618103
8618103
8618103
8618103
8618103
8618103
8618103
8618103
8618103
8618103
8618103
8618103
8618103
8618103
8618103
8618103
8618103
8618103
8618103
8618103
8618103
8618103
8618103
8618103
8618103
8633196
8633196
8633196
8633196
8633196
8633196
8633196
8633196
8633196
8633196
8633196
8633196
8633196
8633196
8633196
8633196
8633196
8633196
8633196
8633196
8633196
8633196
8633196
8633196
8633196
8633196
8633196
8633196
8633196
8633196
8633196
8633196
8648289
8648289
8648289
8648289
8648289
8648289
8648289
8648289
8648289
8648289
8648289
8648289
8648289
8648289
8648289
8648289
8648289
8648289
8648289
8648289
8648289
8648289
8648289
8648289
8648289
8648289
8648289
8648289
8648289
8648289
8648289
8648289
8648289
8648289
8648289
8648289
8648289
8648289
8648289
8648289
8648289
8648289
8648289
8648289
8648289
8648289
8648289
8648289
8648289
8648289
8648289
8648289
8648289
8648289
8648289
8648289
8648289
8648289
8648289
8648289
8648289
8648289
8648289
8648289
8648289
8648289
8663382
8663382
8663382
8663382
8663382
8663382
8663382
8663382
8663382
8663382
8663382
8663382
8663382
8663382
8663382
8663382
8663382
8663382
8663382
8663382
8663382
8663382
8663382
8663382
8663382
8678475
8678475
8678475
8678475
8678475
8678475
8678475
8678475
8678475
8678475
8678475
8678475
8678475
8678475
8678475
8678475
8678475
8678475
8678475
8678475
8693568
8693568
8693568
8693568
8693568
8693568
8693568
8693568
8693568
8693568
8693568
8693568
8693568
8693568
8693568
8693568
8693568
8693568
8693568
8693568
8693568
8693568
8693568
8693568
8693568
8693568
8693568
8693568
8693568
8693568
8693568
8693568
8693568
8693568
8693568
8693568
8708661
8708661
8708661
8708661
8708661
8708661
8708661
8708661
8708661
8708661
8708661
8708661
8708661
8708661
8708661
8708661
8708661
8708661
8708661
8708661
8708661
8708661
8708661
8708661
8708661
8708661
8708661
8708661
8708661
8708661
8708661
8708661
8708661
8708661
8708661
8708661
8708661
8708661
8708661
8708661
8708661
8708661
8708661
8708661
8708661
8708661
8708661
8708661
8708661
8708661
8708661
8708661
8708661
8708661
8708661
8708661
8708661
8708661
8708661
8708661
8708661
8708661
8708661
8708661
8708661
8708661
8708661
8708661
8708661
8708661
8708661
8708661
8708661
8708661
8708661
8708661
8723754
8723754
8723754
8723754
8723754
8723754
8723754
8723754
8723754
8723754
8723754
8723754
8723754
8723754
8723754
8723754
8723754
8723754
8723754
8723754
8723754
8723754
8723754
8723754
8723754
8723754
8723754
8723754
8723754
8723754
8723754
8723754
8723754
8723754
8723754
8723754
8738847
8738847
8738847
8738847
8738847
8738847
8738847
8738847
8738847
8738847
8738847
8738847
8738847
8738847
8738847
8738847
8738847
8738847
8738847
8738847
8738847
8738847
8738847
8738847
8738847
8753940
8753940
8753940
8753940
8753940
8753940
8753940
8753940
8753940
8753940
8753940
8753940
8753940
8753940
8753940
8753940
8753940
8753940
8753940
8753940
8753940
8753940
8753940
8753940
8753940
8753940
8753940
8753940
8753940
8753940
8769033
8769033
8769033
8769033
8769033
8769033
8769033
8769033
8769033
8769033
8769033
8769033
8769033
8769033
8769033
8769033
8769033
8769033
8769033
8769033
8769033
8769033
8769033
8769033
8769033
8769033
8769033
8769033
8769033
8769033
8769033
8769033
8769033
8769033
8769033
8784126
8784126
8784126
8784126
8784126
8784126
8784126
8784126
8784126
8784126
8784126
8784126
8784126
8784126
8784126
8784126
8784126
8784126
8784126
8784126
8784126
8784126
8784126
8784126
8784126
8784126
8784126
8784126
8784126
8784126
8784126
8784126
8784126
8784126
8784126
8784126
8784126
8784126
8784126
8784126
8784126
8784126
8784126
8784126
8784126
8784126
8799219
8799219
8799219
8799219
8799219
8799219
8799219
8799219
8799219
8799219
8799219
8799219
8799219
8799219
8799219
8799219
8799219
8799219
8799219
8799219
8799219
8799219
8799219
8799219
8799219
8799219
8799219
8799219
8799219
8799219
8799219
8799219
8799219
8799219
8799219
8799219
8814312
8814312
8814312
8814312
8814312
8814312
8814312
8814312
8814312
8814312
8814312
8814312
8814312
8814312
8814312
8814312
8814312
8814312
8814312
8814312
8814312
8814312
8814312
8814312
8814312
8814312
8814312
8814312
8814312
8814312
8814312
8814312
8814312
8814312
8814312
8814312
8814312
8814312
8814312
8814312
8814312
8814312
8814312
8814312
8829405
8829405
8829405
8829405
8829405
8829405
8829405
8829405
8829405
8829405
8829405
8829405
8829405
8829405
8829405
8829405
8829405
8829405
8829405
8829405
8829405
8829405
8829405
8829405
8829405
8829405
8829405
8829405
8829405
8829405
8829405
8829405
8829405
8829405
8829405
8829405
8829405
8829405
8829405
8829405
8829405
8829405
8829405
8829405
8829405
8829405
8829405
8829405
8829405
8829405
8829405
8829405
8829405
8829405
8829405
8829405
8829405
8829405
8829405
8829405
8829405
8829405
8829405
8829405
8829405
8829405
8829405
8829405
8829405
8829405
8829405
8829405
8829405
8829405
8829405
8829405
8829405
8829405
8829405
8829405
8829405
8829405
8829405
8829405
8829405
8829405
8829405
8829405
8829405
8829405
8829405
8829405
8829405
8829405
8829405
8829405
8829405
8829405
8829405
8829405
8829405
8829405
8829405
8829405
8829405
8829405
8829405
8829405
8829405
8829405
8829405
8829405
8829405
8829405
8829405
8829405
8829405
8829405
8829405
8829405
8829405
8829405
8829405
8829405
8829405
8829405
8829405
8829405
8829405
8829405
8829405
8829405
8829405
8829405
8829405
8829405
8829405
8829405
8829405
8829405
8829405
8829405
8829405
8829405
8829405
8829405
8829405
8829405
8829405
8829405
8829405
8829405
8829405
8829405
8829405
8844498
8844498
8844498
8844498
8844498
8844498
8844498
8844498
8844498
8844498
8844498
8844498
8844498
8844498
8844498
8844498
8844498
8844498
8844498
8844498
8844498
8844498
8844498
8844498
8844498
8859591
8859591
8859591
8859591
8859591
8859591
8859591
8859591
8859591
8859591
8859591
8859591
8859591
8859591
8859591
8859591
8859591
8859591
8859591
8859591
8859591
8859591
8859591
8859591
8859591
8859591
8859591
8859591
8859591
8859591
8859591
8859591
8859591
8859591
8859591
8859591
8859591
8859591
8859591
8859591
8859591
8859591
8859591
8859591
8859591
8859591
8859591
8859591
8859591
8859591
8859591
8859591
8859591
8859591
8859591
8859591
8859591
8859591
8859591
8859591
8859591
8859591
8859591
8859591
8859591
8859591
8874684
8874684
8874684
8874684
8874684
8874684
8874684
8874684
8874684
8874684
8874684
8874684
8874684
8874684
8874684
8874684
8874684
8874684
8874684
8874684
8874684
8874684
8889777
8889777
8889777
8889777
8889777
8889777
8889777
8889777
8889777
8889777
8889777
8889777
8889777
8889777
8889777
8889777
8889777
8889777
8889777
8889777
8889777
8889777
8889777
8889777
8889777
8889777
8889777
8889777
8889777
8889777
8889777
8889777
8889777
8889777
8889777
8889777
8889777
8889777
8889777
8889777
8889777
8889777
8889777
8889777
8889777
8889777
8889777
8889777
8889777
8889777
8889777
8889777
8889777
8889777
8889777
8889777
8889777
8889777
8889777
8889777
8889777
8889777
8889777
8889777
8889777
8889777
8889777
8889777
8889777
8889777
8889777
8889777
8889777
8889777
8889777
8889777
8889777
8889777
8889777
8889777
8889777
8889777
8889777
8904870
8904870
8904870
8904870
8904870
8904870
8904870
8904870
8904870
8904870
8904870
8904870
8904870
8904870
8904870
8904870
8904870
8904870
8904870
8904870
8904870
8904870
8904870
8904870
8904870
8904870
8904870
8904870
8904870
8904870
8904870
8904870
8904870
8904870
8904870
8904870
8904870
8904870
8904870
8904870
8904870
8904870
8904870
8904870
8904870
8919963
8919963
8919963
8919963
8919963
8919963
8919963
8919963
8919963
8919963
8919963
8919963
8919963
8919963
8919963
8919963
8919963
8919963
8919963
8919963
8919963
8919963
8919963
8919963
8919963
8919963
8919963
8919963
8919963
8919963
8919963
8919963
8919963
8919963
8919963
8919963
8919963
8919963
8919963
8919963
8919963
8919963
8919963
8919963
8919963
8919963
8919963
8919963
8919963
8919963
8919963
8919963
8919963
8919963
8919963
8919963
8919963
8935056
8935056
8935056
8935056
8935056
8935056
8935056
8935056
8935056
8935056
8935056
8935056
8935056
8935056
8935056
8935056
8935056
8935056
8935056
8935056
8935056
8935056
8935056
8950149
8950149
8950149
8950149
8950149
8950149
8950149
8950149
8950149
8950149
8950149
8950149
8950149
8950149
8950149
8950149
8950149
8950149
8950149
8950149
8950149
8950149
8950149
8950149
8950149
8950149
8950149
8950149
8950149
8950149
8950149
8950149
8950149
8950149
8965242
8965242
8965242
8965242
8965242
8965242
8965242
8965242
8965242
8965242
8965242
8965242
8965242
8965242
8965242
8965242
8965242
8965242
8965242
8965242
8965242
8965242
8965242
8965242
8965242
8965242
8965242
8965242
8965242
8965242
8965242
8965242
8965242
8965242
8965242
8965242
8965242
8965242
8965242
8965242
8965242
8965242
8965242
8965242
8980335
8980335
8980335
8980335
8980335
8980335
8980335
8980335
8980335
8980335
8980335
8980335
8980335
8980335
8980335
8980335
8980335
8980335
8980335
8980335
8980335
8980335
8980335
8980335
8980335
8980335
8980335
8980335
8980335
8980335
8980335
8980335
8980335
8980335
8995428
8995428
8995428
8995428
8995428
8995428
8995428
8995428
8995428
8995428
8995428
8995428
8995428
8995428
8995428
8995428
8995428
8995428
8995428
8995428
8995428
8995428
8995428
8995428
8995428
8995428
8995428
8995428
8995428
8995428
8995428
8995428
8995428
8995428
8995428
8995428
8995428
9010521
9010521
9010521
9010521
9010521
9010521
9010521
9010521
9010521
9010521
9010521
9010521
9010521
9010521
9010521
9010521
9010521
9010521
9010521
9010521
9010521
9010521
9010521
9010521
9010521
9010521
9010521
9010521
9010521
9010521
9010521
9010521
9010521
9010521
9010521
9010521
9010521
9010521
9010521
9010521
9010521
9010521
9010521
9010521
9010521
9025614
9025614
9025614
9025614
9025614
9025614
9025614
9025614
9025614
9025614
9025614
9025614
9025614
9025614
9025614
9025614
9025614
9025614
9025614
9025614
9025614
9025614
9025614
9040707
9040707
9040707
9040707
9040707
9040707
9040707
9040707
9040707
9040707
9040707
9040707
9040707
9040707
9040707
9040707
9040707
9040707
9040707
9040707
9040707
9040707
9040707
9040707
9040707
9040707
9040707
9040707
9040707
9040707
9040707
9040707
9040707
9040707
9040707
9040707
9040707
9040707
9040707
9040707
9040707
9040707
9040707
9040707
9040707
9040707
9040707
9040707
9040707
9040707
9055800
9055800
9055800
9055800
9055800
9055800
9055800
9055800
9055800
9055800
9055800
9055800
9055800
9055800
9055800
9055800
9055800
9055800
9055800
9055800
9055800
9055800
9055800
9055800
9055800
9055800
9055800
9055800
9055800
9055800
9055800
9055800
9055800
9055800
9055800
9055800
9055800
9070893
9070893
9070893
9070893
9070893
9070893
9070893
9070893
9070893
9070893
9070893
9070893
9070893
9070893
9070893
9070893
9070893
9070893
9070893
9070893
9070893
9070893
9070893
9070893
9070893
9085986
9085986
9085986
9085986
9085986
9085986
9085986
9085986
9085986
9085986
9085986
9085986
9085986
9085986
9085986
9085986
9085986
9085986
9085986
9085986
9085986
9085986
9085986
9085986
9085986
9085986
9085986
9085986
9085986
9085986
9101079
9101079
9101079
9101079
9101079
9101079
9101079
9101079
9101079
9101079
9101079
9101079
9101079
9101079
9101079
9101079
9101079
9101079
9101079
9101079
9101079
9101079
9101079
9101079
9101079
9101079
9101079
9101079
9101079
9101079
9101079
9101079
9101079
9101079
9101079
9101079
9101079
9101079
9101079
9101079
9101079
9101079
9101079
9101079
9101079
9101079
9101079
9101079
9101079
9101079
9101079
9101079
9101079
9101079
9101079
9101079
9101079
9101079
9101079
9101079
9116172
9116172
9116172
9116172
9116172
9116172
9116172
9116172
9116172
9116172
9116172
9116172
9116172
9116172
9116172
9116172
9116172
9116172
9116172
9116172
9116172
9116172
9116172
9131265
9131265
9131265
9131265
9131265
9131265
9131265
9131265
9131265
9131265
9131265
9131265
9131265
9131265
9131265
9131265
9146358
9146358
9146358
9146358
9146358
9146358
9146358
9146358
9146358
9146358
9146358
9146358
9146358
9146358
9146358
9146358
9146358
9146358
9146358
9146358
9146358
9146358
9146358
9146358
9146358
9146358
9161451
9161451
9161451
9161451
9161451
9161451
9161451
9161451
9161451
9161451
9161451
9161451
9161451
9161451
9161451
9161451
9161451
9161451
9161451
9161451
9161451
9161451
9161451
9176544
9176544
9176544
9176544
9176544
9176544
9176544
9176544
9176544
9176544
9176544
9176544
9176544
9176544
9176544
9176544
9176544
9176544
9176544
9176544
9176544
9176544
9176544
9176544
9176544
9176544
9176544
9176544
9176544
9176544
9176544
9176544
9176544
9176544
9176544
9176544
9176544
9176544
9176544
9176544
9191637
9191637
9191637
9191637
9191637
9191637
9191637
9191637
9191637
9191637
9191637
9191637
9191637
9191637
9191637
9191637
9191637
9191637
9191637
9191637
9191637
9191637
9191637
9191637
9191637
9191637
9191637
9191637
9191637
9191637
9191637
9191637
9191637
9191637
9191637
9191637
9191637
9191637
9191637
9191637
9191637
9191637
9191637
9191637
9191637
9191637
9191637
9191637
9191637
9191637
9191637
9191637
9206730
9206730
9206730
9206730
9206730
9206730
9206730
9206730
9206730
9206730
9206730
9206730
9206730
9206730
9206730
9206730
9206730
9206730
9221823
9221823
9221823
9221823
9221823
9221823
9221823
9221823
9221823
9221823
9221823
9221823
9221823
9221823
9221823
9221823
9221823
9221823
9221823
9221823
9221823
9236916
9236916
9236916
9236916
9236916
9236916
9236916
9236916
9236916
9236916
9252009
9252009
9252009
9252009
9252009
9252009
9252009
9252009
9252009
9252009
9252009
9252009
9252009
9252009
9252009
9252009
9252009
9252009
9252009
9252009
9252009
9252009
9252009
9252009
9252009
9252009
9252009
9252009
9252009
9252009
9252009
9252009
9252009
9252009
9252009
9252009
9252009
9252009
9252009
9252009
9252009
9252009
9252009
9252009
9252009
9267102
9267102
9267102
9267102
9267102
9267102
9267102
9267102
9267102
9267102
9267102
9267102
9267102
9267102
9267102
9267102
9282195
9282195
9282195
9282195
9282195
9282195
9282195
9282195
9282195
9282195
9282195
9282195
9282195
9282195
9282195
9282195
9282195
9282195
9282195
9282195
9297288
9297288
9297288
9297288
9297288
9297288
9297288
9297288
9297288
9297288
9297288
9297288
9312381
9312381
9312381
9312381
9312381
9312381
9312381
9312381
9327474
9327474
9327474
9327474
9327474
9327474
9327474
9327474
9327474
9327474
9327474
9327474
9327474
9327474
9327474
9327474
9327474
9327474
9327474
9327474
9327474
9327474
9327474
9327474
9327474
9327474
9327474
9327474
9342567
9342567
9342567
9342567
9342567
9342567
9342567
9342567
9342567
9342567
9342567
9342567
9357660
9357660
9357660
9357660
9357660
9357660
9357660
9357660
9357660
9357660
9357660
9357660
9357660
9357660
9357660
9372753
9372753
9372753
9372753
9372753
9372753
9372753
9372753
9372753
9372753
9372753
9372753
9372753
9372753
9372753
9372753
9372753
9372753
9372753
9372753
9372753
9372753
9372753
9372753
9372753
9372753
9372753
9372753
9372753
9372753
9387846
9387846
9387846
9387846
9387846
9387846
9387846
9387846
9387846
9387846
9402939
9402939
9402939
9402939
9402939
9402939
9402939
9402939
9402939
9402939
9402939
9402939
9402939
9418032
9418032
9418032
9418032
9418032
9418032
9418032
9418032
9418032
9418032
9418032
9418032
9418032
9418032
9418032
9433125
9433125
9433125
9433125
9433125
9433125
9433125
9433125
9433125
9433125
9433125
9433125
9433125
9433125
9433125
9433125
9433125
9433125
9433125
9433125
9433125
9433125
9433125
9433125
9433125
9433125
9433125
9448218
9448218
9448218
9448218
9448218
9448218
9448218
9448218
9448218
9448218
9448218
9448218
9448218
9448218
9448218
9448218
9448218
9448218
9448218
9448218
9448218
9448218
9448218
9448218
9448218
9448218
9448218
9448218
9448218
9448218
9448218
9448218
9448218
9448218
9448218
9448218
9448218
9448218
9448218
9448218
9448218
9448218
9448218
9448218
9448218
9448218
9448218
9448218
9448218
9448218
9448218
9448218
9448218
9448218
9448218
9448218
9448218
9448218
9448218
9448218
9448218
9448218
9448218
9448218
9448218
9448218
9448218
9448218
9448218
9448218
9463311
9463311
9463311
9463311
9463311
9463311
9463311
9463311
9463311
9463311
9463311
9463311
9463311
9463311
9463311
9463311
9463311
9463311
9463311
9463311
9463311
9478404
9478404
9478404
9478404
9478404
9478404
9478404
9478404
9493497
9493497
9493497
9493497
9493497
9493497
9508590
9508590
9508590
9508590
9508590
9508590
9508590
9508590
9508590
9508590
9508590
9508590
9508590
9508590
9508590
9508590
9508590
9508590
9508590
9508590
9508590
9508590
9508590
9508590
9508590
9508590
9508590
9508590
9508590
9508590
9508590
9508590
9523683
9523683
9523683
9523683
9523683
9523683
9523683
9523683
9523683
9523683
9523683
9523683
9523683
9523683
9523683
9523683
9523683
9523683
9523683
9523683
9523683
9523683
9523683
9523683
9523683
9523683
9523683
9523683
9523683
9523683
9538776
9538776
9538776
9538776
9538776
9538776
9538776
9553869
9553869
9553869
9553869
9553869
9553869
9553869
9553869
9553869
9553869
9553869
9553869
9553869
9553869
9553869
9553869
9568962
9568962
9568962
9568962
9568962
9584055
9584055
9584055
9584055
9584055
9584055
9584055
9584055
9584055
9584055
9599148
9599148
9599148
9599148
9599148
9599148
9599148
9599148
9599148
9599148
9599148
9599148
9599148
9599148
9599148
9599148
9599148
9599148
9599148
9599148
9614241
9614241
9614241
9614241
9614241
9614241
9614241
9614241
9614241
9614241
9614241
9614241
9614241
9614241
9614241
9614241
9629334
9629334
9644427
9644427
9644427
9644427
9644427
9659520
9659520
9659520
9659520
9659520
9659520
9659520
9659520
9659520
9659520
9659520
9659520
9659520
9659520
9659520
9659520
9659520
9659520
9659520
9659520
9674613
9674613
9674613
9674613
9674613
9674613
9674613
9674613
9674613
9674613
9674613
9674613
9674613
9674613
9674613
9674613
9689706
9689706
9689706
9689706
9689706
9689706
9689706
9689706
9689706
9689706
9689706
9689706
9704799
9704799
9704799
9704799
9704799
9704799
9704799
9704799
9704799
9704799
9704799
9704799
9719892
9719892
9719892
9719892
9719892
9719892
9719892
9734985
9734985
9734985
9734985
9734985
9750078
9750078
9750078
9750078
9750078
9750078
9750078
9750078
9750078
9750078
9750078
9750078
9750078
9750078
9750078
9750078
9750078
9750078
9750078
9750078
9765171
9765171
9765171
9765171
9765171
9765171
9780264
9780264
9780264
9780264
9780264
9780264
9795357
9795357
9795357
9795357
9795357
9795357
9795357
9810450
9810450
9810450
9810450
9810450
9825543
9825543
9825543
9825543
9825543
9840636
9840636
9840636
9840636
9840636
9840636
9840636
9840636
9840636
9840636
9840636
9840636
9840636
9855729
9855729
9855729
9855729
9855729
9870822
9870822
9870822
9870822
9870822
9870822
9870822
9870822
9870822
9870822
9885915
9885915
9885915
9901008
9901008
9901008
9901008
9916101
9916101
9916101
9931194
9931194
9931194
9931194
9931194
9931194
9946287
9946287
9946287
9946287
9946287
9946287
9961380
9961380
9961380
9961380
9976473
9976473
9976473
9976473
9976473
9976473
9976473
9991566
9991566
9991566
9991566
9991566
9991566
10006659
10006659
10006659
10006659
10006659
10006659
10021752
10021752
10021752
10036845
10036845
10036845
10036845
10051938
10051938
10051938
10051938
10067031
10067031
10067031
10067031
10067031
10067031
10082124
10082124
10082124
10082124
10082124
10082124
10082124
10082124
10082124
10082124
10097217
10097217
10097217
10097217
10097217
10097217
10097217
10097217
10097217
10097217
10097217
10097217
10097217
10097217
10097217
10112310
10112310
10112310
10112310
10112310
10112310
10112310
10112310
10127403
10127403
10127403
10127403
10127403
10127403
10127403
10142496
10142496
10142496
10142496
10142496
10142496
10142496
10142496
10142496
10142496
10142496
10142496
10142496
10157589
10157589
10157589
10157589
10157589
10157589
10157589
10157589
10157589
10157589
10172682
10172682
10172682
10172682
10172682
10172682
10172682
10187775
10187775
10202868
10202868
10202868
10202868
10202868
10202868
10202868
10202868
10202868
10202868
10202868
10202868
10217961
10217961
10217961
10217961
10217961
10217961
10217961
10217961
10217961
10217961
10217961
10217961
10217961
10217961
10217961
10233054
10233054
10233054
10233054
10248147
10248147
10248147
10248147
10248147
10248147
10248147
10248147
10263240
10263240
10263240
10263240
10263240
10263240
10263240
10263240
10263240
10263240
10278333
10278333
10278333
10278333
10278333
10278333
10278333
10293426
10293426
10308519
10308519
10323612
10323612
10338705
10338705
10338705
10338705
10338705
10353798
10353798
10353798
10353798
10353798
10353798
10353798
10353798
10368891
10368891
10368891
10368891
10383984
10383984
10399077
10399077
10399077
10399077
10399077
10414170
10414170
10414170
10414170
10414170
10429263
10429263
10429263
10444356
10444356
10444356
10444356
10459449
10459449
10459449
10459449
10474542
10474542
10489635
10489635
10489635
10489635
10489635
10489635
10504728
10504728
10519821
10519821
10519821
10519821
10519821
10534914
10534914
10534914
10534914
10534914
10550007
10550007
10550007
10550007
10550007
10550007
10550007
10550007
10565100
10565100
10580193
10580193
10595286
10595286
10595286
10595286
10610379
10610379
10625472
10625472
10625472
10625472
10625472
10640565
10640565
10655658
10655658
10670751
10670751
10685844
10685844
10700937
10700937
10700937
10700937
10716030
10716030
10731123
10731123
10731123
10731123
10746216
10746216
10746216
10746216
10761309
10761309
10761309
10776402
10776402
10791495
10791495
10791495
10806588
10806588
10806588
10806588
10806588
10806588
10806588
10806588
10806588
10806588
10821681
10821681
10821681
10821681
10821681
10836774
10836774
10836774
10851867
10851867
10866960
10866960
10866960
10882053
10882053
10882053
10897146
10897146
10897146
10912239
10912239
10912239
10912239
10912239
10927332
10927332
10927332
10942425
10942425
10942425
10942425
10942425
10957518
10957518
10957518
10972611
10972611
10972611
10987704
10987704
10987704
10987704
10987704
11002797
11002797
11002797
11002797
11002797
11002797
11002797
11002797
11002797
11002797
11017890
11017890
11017890
11017890
11017890
11032983
11032983
11048076
11048076
11063169
11063169
11078262
11078262
11093355
11093355
11108448
11108448
11123541
11123541
11123541
11123541
11123541
11138634
11138634
11138634
11138634
11138634
11153727
11153727
11168820
11168820
11168820
11183913
11183913
11183913
11183913
11183913
11199006
11199006
11214099
11214099
11229192
11229192
11229192
11244285
11244285
11259378
11259378
11274471
11274471
11274471
11289564
11289564
11304657
11304657
11319750
11319750
11334843
11334843
11349936
11349936
11365029
11365029
11365029
11380122
11380122
11395215
11395215
11395215
11410308
11410308
11410308
11410308
11410308
11410308
11410308
11410308
11410308
11410308
11425401
11425401
11425401
11425401
11425401
11425401
11425401
11425401
11425401
11425401
11440494
11440494
11455587
11455587
11470680
11470680
11485773
11485773
11500866
11500866
11515959
11515959
11531052
11531052
11546145
11546145
11546145
11546145
11546145
11561238
11561238
11561238
11561238
11561238
11561238
11561238
11561238
11561238
11561238
11576331
11576331
11576331
11591424
11591424
11606517
11606517
11606517
11621610
11621610
11621610
11636703
11636703
11651796
11651796
11666889
11666889
11666889
11666889
11666889
11681982
11681982
11681982
11697075
11697075
11697075
11712168
11712168
11712168
11712168
11712168
11727261
11727261
11742354
11742354
11742354
11742354
11742354
11757447
11757447
11757447
11772540
11772540
11772540
11787633
11787633
11802726
11802726
11802726
11817819
11817819
11817819
11832912
11832912
11848005
11848005
11863098
11863098
11863098
11878191
11878191
11878191
11893284
11893284
11893284
11908377
11908377
11908377
11923470
11923470
11923470
11938563
11938563
11938563
11953656
11953656
11968749
11968749
11983842
11983842
11998935
11998935
11998935
11998935
11998935
12014028
12014028
12014028
12029121
12029121
12029121
12029121
12029121
12044214
12044214
12059307
12059307
12074400
12074400
12074400
12074400
12074400
12089493
12089493
12104586
12104586
12104586
12119679
12119679
12134772
12134772
12149865
12149865
12164958
12164958
12180051
12180051
12180051
12195144
12195144
12195144
12210237
12210237
12210237
12225330
12225330
12225330
12240423
12240423
12255516
12255516
12270609
12270609
12270609
12270609
12270609
12270609
12270609
12270609
12270609
12270609
12285702
12285702
12285702
12300795
12300795
12300795
12300795
12300795
12315888
12315888
12315888
12330981
12330981
12346074
12346074
12346074
12361167
12361167
12361167
12376260
12376260
12391353
12391353
12391353
12406446
12406446
12421539
12421539
12421539
12436632
12436632
12451725
12451725
12451725
12466818
12466818
12466818
12481911
12481911
12481911
12497004
12497004
12497004
12497004
12497004
12497004
12497004
12497004
12497004
12497004
12512097
12512097
12527190
12527190
12527190
12527190
12527190
12542283
12542283
12557376
12557376
12572469
12572469
12572469
12587562
12587562
12587562
12587562
12587562
12602655
12602655
12602655
12617748
12617748
12632841
12632841
12647934
12647934
12663027
12663027
12663027
12663027
12663027
12678120
12678120
12693213
12693213
12693213
12708306
12708306
12723399
12723399
12738492
12738492
12738492
12753585
12753585
12768678
12768678
12768678
12783771
12783771
12783771
12783771
12783771
12798864
12798864
12798864
12798864
12798864
