2885
8417
9639
10304
11956
14629
15806
18244
20261
21579
27706
27714
30346
40641
42195
43038
43649
43832
48412
49704
50694
52256
52383
55320
56598
58058
59327
61090
62550
65196
65816
66228
70681
70885
72634
73618
73968
75650
76486
76966
77950
80715
82114
82552
84608
87987
88339
95790
99199
99425
99650
99848
103947
105763
106402
115026
122838
123476
123719
133499
134066
139434
149723
150529
160397
161723
166440
168482
169509
170688
171438
175270
176418
177593
179783
180057
181313
181763
185634
186104
186785
188553
191002
194428
197002
197429
197622
198035
199207
200638
201974
203460
204003
207298
207633
207907
212439
212524
214256
215230
218204
219578
227848
229608
230718
235724
236457
240455
240658
240808
242992
245371
246017
247310
248725
250425
253823
256166
260108
265443
268277
274385
274941
275893
279708
280523
282553
283825
288367
290157
290921
291671
297338
307536
309274
309579
324125
326041
326812
329502
335200
335247
336305
345306
348295
349712
351506
355084
362145
365044
365519
367871
372778
377576
378000
382429
383356
384273
387524
389617
390551
392623
392808
392940
393665
398308
400877
407458
408747
408922
409160
409575
410175
411374
412152
419113
424849
427694
433445
435258
438077
439391
442759
443168
446236
446426
449777
450418
453827
456023
456320
456709
461928
466343
470929
476556
476785
480988
481332
483613
485809
487596
488917
494135
497221
498857
506118
511359
512597
514765
515091
515755
518225
518619
520410
529066
533508
536711
538665
539232
544654
545994
546322
549124
552612
555838
561017
561689
562855
565943
566447
570138
570283
570456
575265
582604
588148
590017
590160
593196
598111
600083
600525
602345
606091
606539
612778
613283
614480
616136
626930
627444
628236
631252
631449
643061
643225
645130
645226
645818
656902
657075
659130
660704
662406
664956
665677
666094
667712
668212
672852
677085
682004
683578
689296
690023
690699
695523
699002
702780
709945
711474
716032
720948
725165
731205
736907
740604
741645
747378
750903
757304
758233
763176
767981
770536
774322
774947
775140
777119
778534
780049
783234
788403
792059
793278
799432
801941
801993
803106
803949
806199
808213
814567
814889
816029
817060
819979
834662
837872
840969
845235
845406
847501
853092
857901
858207
859884
862303
863317
866255
871937
873119
878613
879256
881414
882193
883239
887117
889559
890895
892367
898329
899741
899973
900144
903481
906899
907236
909860
910374
912105
915458
916967
917042
920413
920543
922872
926493
927107
929981
930936
933218
939986
946516
947189
955365
955439
957342
960818
968563
969911
979335
979983
981667
983141
987902
988022
988444
998787
1000425
1004564
1007159
1007395
1010102
1014973
1016319
1016629
1021362
1021965
1023078
1024660
1028468
1032368
1032840
1032980
1037059
1037176
1039372
1044718
1049929
1051591
1055744
1058507
1063393
1065226
1065699
1065725
1067271
1070205
1071349
1073187
1077564
1080428
1083741
1085875
1088903
1093791
1096681
1098637
1103311
1107073
1110038
1111089
1112256
1113961
1122061
1123016
1135300
1136048
1139947
1142572
1150573
1152001
1155209
1158947
1162365
1167027
1168807
1172549
1178434
1179368
1183563
1185283
1187685
1189293
1195210
1195617
1201411
1205483
1209433
1210977
1211262
1214769
1215091
1215867
1216085
1216483
1216662
1219477
1226564
1227902
1229669
1229936
1230159
1231148
1233213
1235640
1236488
1237467
1242596
1249032
1252214
1254033
1258767
1260083
1272405
1277159
1282007
1282527
1283868
1284984
1286559
1286946
1287431
1288298
1289365
1289962
1291809
1292235
1292450
1295308
1300099
1302341
1308968
1313008
1319968
1321622
1323054
1323152
1327686
1328678
1330001
1342247
1346000
1350231
1350681
1353112
1359001
1363453
1363773
1363941
1365474
1367609
1367772
1370000
1373607
1373791
1375536
1376609
1378940
1381850
1382122
1382620
1387248
1389275
1389297
1394790
1397560
1398465
1399276
1399482
1403420
1410772
1419098
1420977
1421563
1425097
1427379
1429098
1429115
1429658
1429940
1434854
1449158
1457114
1461212
1465464
1465598
1466612
1471077
1473222
1476715
1480492
1493273
1493558
1496897
1513609
1514461
1514510
1514890
1522707
1525986
1527156
1539105
1539872
1542267
1552926
1565228
1566254
1566657
1568312
1571194
1575429
1579098
1581608
1586741
1586966
1590912
1596107
1598353
1600814
1602893
1606446
1613646
1613728
1618677
1627706
1628670
1642984
1643352
1643840
1652594
1655474
1656444
1665611
1669190
1670646
1671987
1674724
1681290
1683339
1683383
1686199
1686620
1692870
1696001
1696284
1700094
1710865
1711077
1723652
1729770
1732058
1742008
1742515
1743385
1747203
1748069
1754295
1757426
1757616
1760766
1762959
1765535
1774248
1775091
1779497
1781795
1786675
1787871
1790667
1795187
1796659
1799512
1806076
1808535
1810729
1812526
1815858
1816467
1818926
1819471
1824974
1831804
1839262
1839502
1842013
1848660
1848670
1850083
1854589
1855869
1857340
1859580
1860752
1861753
1861983
1867247
1867580
1869887
1871660
1875942
1886172
1893796
1894393
1897597
1899889
1902471
1910225
1910500
1912241
1912566
1917317
1924139
1925083
1926500
1926799
1933537
1941053
1947813
1953411
1958530
1965032
1974726
1977519
1979623
1984396
1985724
1986008
1986976
1992581
1993252
1994027
1994340
1997763
1999193
2006548
2007444
2007917
2016307
2019305
2021680
2024256
2025977
2031792
2032478
2033213
2039224
2040605
2041253
2041437
2045679
2052301
2055355
2055429
2063144
2075338
2075718
2077612
2082297
2087691
2095921
2096570
2104010
2104443
2104549
2106819
2110252
2111762
2113620
2114154
2114931
2116424
2119437
2120251
2128367
2130179
2135606
2147993
2150880
2151521
2154192
2155837
2160277
2164949
2170892
2170924
2171764
2177900
2180176
2182592
2182790
2183588
2185898
2186890
2188205
2188622
2189042
2196281
2197377
2204285
2204352
2205345
2209308
2219149
2220642
2245915
2246775
2250280
2252120
2254534
2255732
2263428
2271443
2275884
2276946
2280367
2283572
2292288
2296130
2297276
2297316
2298835
2299780
2301514
2308809
2312219
2313083
2315704
2322744
2323981
2327419
2329571
2333729
2336698
2336903
2338993
2349880
2352866
2355564
2358722
2359492
2360380
2367073
2367873
2370525
2384195
2395346
2396409
2397599
2397939
2398476
2398529
2398932
2401492
2414170
2416437
2419390
2419395
2419661
2422159
2423827
2425067
2425549
2426605
2428693
2429162
2429373
2435909
2438386
2444280
2445638
2449814
2451908
2453915
2455313
2459327
2460463
2461563
2462345
2462759
2463748
2464066
2464710
2467424
2468393
2468428
2471277
2472889
2474701
2476650
2477423
2479758
2481982
2492406
2497276
2505243
2507138
2511096
2517882
2527961
2535313
2535810
2539288
2539337
2540489
2541454
2546137
2547331
2552778
2555007
2557266
2558348
2562316
2565254
2566273
2572690
2575161
2575422
2582273
2583364
2588785
2590012
2591458
2592117
2596252
2603639
2605429
2605441
2606488
2606815
2607568
2608950
2609336
2609521
2611854
2613234
2614555
2615604
2619755
2628893
2629569
2636459
2639928
2639957
2641097
2642064
2642367
2643830
2647787
2650384
2655727
2661779
2662394
2669161
2671680
2675519
2676922
2676926
2678701
2681651
2685787
2689226
2692263
2699074
2701286
2703607
2717625
2718595
2723836
2726162
2729893
2736057
2738541
2742300
2744409
2748767
2750432
2751608
2755443
2761300
2763790
2765834
2766145
2768996
2774977
2776411
2780739
2780871
2782200
2788004
2788919
2792119
2797073
2799630
2800793
2801138
2802547
2802557
2803664
2819184
2820335
2822960
2825419
2830408
2844609
2845293
2845461
2846404
2851025
2853228
2854543
2860748
2862448
2865380
2869764
2873286
2873655
2879172
2879629
2879911
2884180
2886661
2888749
2889390
2899388
2903944
2915407
2915913
2916715
2916751
2918878
2932139
2938430
2943457
2948359
2949512
2954388
2958950
2959286
2963076
2973178
2980875
2994113
3002302
3005483
3007940
3009780
3010287
3018388
3019340
3023689
3025497
3029103
3030051
3032426
3032431
3033048
3036682
3036828
3037235
3038306
3051887
3054127
3055906
3056148
3057927
3072325
3080764
3081288
3083893
3084625
3087965
3087979
3089334
3099917
3110803
3111709
3114848
3119438
3119998
3122619
3127459
3127694
3130405
3135499
3135971
3138616
3139166
3139454
3140314
3141866
3142505
3143295
3143768
3144689
3148125
3148616
3150514
3152090
3153332
3158681
3159180
3160058
3162742
3163571
3164915
3166767
3173408
3178538
3179111
3182130
3182854
3189365
3190980
3191388
3192324
3194309
3205646
3207712
3210669
3219341
3224933
3227621
3228283
3230013
3231893
3232527
3233078
3235302
3235711
3236063
3237320
3240437
3248413
3248656
3249437
3254839
3255860
3257746
3258018
3258243
3269064
3275696
3280735
3282521
3287955
3301870
3303112
3311589
3327765
3328386
3333257
3335718
3338573
3342017
3348367
3348502
3349408
3350304
3357026
3362819
3363873
3364296
3365940
3369715
3370091
3370486
3372052
3372254
3375061
3375863
3379332
3382273
3385407
3388775
3392194
3393816
3397246
3397892
3399534
3404018
3406132
3416269
3416331
3423375
3424277
3427293
3427621
3429749
3431430
3439638
3441606
3442649
3443209
3447984
3454917
3455666
3459155
3469090
3473766
3474981
3477778
3482812
3485585
3488624
3491135
3494997
3497466
3502341
3502668
3506076
3507255
3508158
3518165
3518733
3521352
3530442
3531498
3531854
3535452
3536073
3536278
3539338
3543291
3543529
3544238
3546990
3548580
3549728
3550031
3553783
3555318
3555956
3557225
3559750
3563940
3565913
3568207
3569811
3572523
3573236
3575360
3575387
3576613
3577635
3577710
3579777
3581581
3582637
3586288
3587291
3588825
3588916
3589061
3589461
3592906
3597930
3600072
3606271
3610027
3627887
3629057
3630224
3634609
3637039
3638295
3638370
3640799
3640856
3642403
3648798
3649249
3654925
3658488
3665013
3668211
3671743
3676557
3678093
3678361
3690099
3690455
3692532
3695041
3702497
3704605
3707189
3715311
3720079
3720999
3729680
3729849
3732552
3733476
3735959
3736073
3737623
3737702
3738997
3739054
3747265
3747714
3750664
3754082
3755114
3755751
3755981
3778736
3782232
3785361
3791678
3793899
3796987
3803272
3806775
3808435
3813537
3813878
3817810
3818792
3819710
3819846
3823072
3823833
3824395
3826677
3828254
3828883
3832298
3837457
3838927
3839429
3841948
3842884
3843909
3846435
3847466
3850198
3851363
3852563
3852782
3861851
3863938
3867700
3872482
3873098
3874215
3875330
3876690
3876897
3892540
3893308
3899367
3901613
3909693
3911335
3911463
3912374
3915058
3915177
3919307
3919879
3921393
3925457
3926334
3929706
3931352
3933710
3934026
3935850
3937977
3938068
3940132
3944464
3945244
3945648
3949878
3950044
3951365
3952871
3953394
3955459
3955961
3957959
3959833
3961839
3973146
3975273
3977910
3981406
3989644
3995665
3999284
4001225
4002026
4004726
4006363
4008960
4009035
4010268
4010530
4010584
4011885
4012172
4015297
4019501
4021418
4021831
4025891
4027044
4034274
4037654
4037821
4043674
4044500
4052916
4052968
4056423
4061201
4062752
4066564
4070013
4078665
4078981
4080190
4082120
4088397
4089270
4092712
4099101
4109507
4109857
4110559
4113639
4117285
4118947
4120320
4122737
4128191
4132293
4135426
4136738
4137495
4140767
4141549
4142037
4144255
4154338
4158299
4160776
4161412
4163151
4163908
4166844
4174213
4179316
4181830
4186590
4186622
4189865
4191048
4191187
4195197
4195593
4200429
4200494
4202774
4202864
4207729
4207946
4229166
4231958
4236206
4236489
4256390
4261312
4263756
4267277
4268232
4271937
4277142
4277997
4278339
4283615
4286635
4295257
4298316
4305903
4311391
4312360
4314517
4321143
4322309
4322417
4332867
4339020
4342257
4346199
4371002
4378746
4381070
4381589
4382814
4392371
4397502
4405305
4409253
4409922
4415320
4415500
4417447
4423611
4427417
4431370
4435542
4437443
4439459
4439540
4441764
4448085
4450655
4452678
4453044
4457403
4460828
4461536
4467019
4467230
4468038
4468957
4473503
4481155
4482843
4485506
4489603
4496670
4498208
4499170
4499880
4501020
4506737
4513849
4517790
4523560
4524422
4526366
4526793
4527531
4530992
4533687
4537782
4538077
4549861
4550860
4557496
4560195
4565174
4578139
4578549
4587059
4588296
4589184
4593778
4595407
4597531
4603167
4606476
4606681
4610258
4613625
4613733
4627808
4627996
4628260
4630681
4631772
4632216
4632672
4638349
4641112
4641999
4642081
4653403
4654273
4664604
4670039
4676210
4676749
4678489
4681315
4685708
4688320
4689802
4697292
4698358
4700166
4701772
4706390
4707659
4714953
4716202
4716616
4716976
4718969
4719494
4720372
4721603
4728666
4733874
4737823
4744546
4749078
4751051
4752826
4765195
4766274
4769055
4770779
4772447
4774434
4774610
4775534
4776654
4777968
4780000
4783275
4788829
4789039
4791527
4797410
4804780
4805410
4805712
4807635
4811208
4816123
4816739
4818244
4819657
4821183
4825358
4826730
4830341
4833233
4835394
4840572
4852376
4854643
4855551
4856311
4858623
4865070
4869303
4875006
4875411
4878754
4880971
4885589
4888849
4889148
4890074
4894491
4897604
4902490
4902685
4905198
4906226
4909487
4910453
4914618
4918466
4918683
4919989
4922502
4929877
4934148
4939167
4941492
4952259
4957256
4961755
4968538
4971931
4973169
4977633
4978469
4979937
4996441
5000964
5001201
5002604
5009082
5009666
5012350
5013501
5013790
5014689
5022081
5022530
5022567
5024041
5024825
5027866
5030480
5037867
5042005
5042213
5044016
5044158
5045842
5045933
5048675
5050925
5050947
5057332
5065607
5066618
5069520
5070201
5072762
5078776
5079299
5082321
5087561
5087592
5091277
5099628
5101554
5103129
5111557
5114562
5117235
5117908
5119564
5122222
5124837
5124852
5126541
5129214
5133654
5134683
5136745
5137003
5137633
5146989
5149914
5150254
5150513
5156692
5157971
5160872
5165084
5165717
5168219
5168373
5172446
5174594
5175875
5179602
5180040
5182927
5184759
5185394
5193592
5196109
5196542
5198191
5198337
5201707
5206257
5208906
5209063
5213649
5214245
5215843
5216936
5219485
5223605
5230915
5236282
5242412
5247440
5249300
5252115
5256773
5257613
5257710
5266324
5272376
5274231
5274868
5276538
5280947
5286783
5287541
5290680
5294830
5300904
5307100
5312468
5318168
5323297
5331114
5333458
5335078
5337514
5337819
5344303
5345240
5352540
5353263
5354193
5354739
5356747
5362847
5365090
5365172
5369273
5370420
5370917
5371520
5371586
5372780
5373223
5379434
5379915
5380782
5383342
5384510
5386546
5390269
5394090
5394263
5395780
5397748
5404696
5406752
5409421
5414965
5417146
5420594
5424244
5429636
5430373
5431929
5433269
5435241
5441365
5442707
5445793
5446177
5450227
5452667
5466390
5466857
5469957
5473043
5477421
5479168
5487202
5491692
5492356
5500403
5500981
5504832
5506845
5508024
5525910
5525977
5532090
5533684
5534383
5542445
5543352
5544616
5547515
5551675
5553449
5554930
5557248
5558098
5571944
5574620
5578507
5580719
5581205
5581899
5588272
5588955
5594810
5600401
5600617
5606445
5609369
5617807
5618491
5624009
5626888
5631417
5635966
5636192
5638803
5644308
5646349
5649612
5651454
5660205
5665168
5668991
5676209
5679903
5680026
5683617
5684427
5685735
5685740
5687463
5688457
5688466
5689547
5699242
5705918
5706748
5707226
5707720
5715968
5716626
5718499
5721240
5723170
5723183
5725433
5725993
5736094
5737511
5738226
5743652
5745793
5746339
5746839
5752563
5753187
5758747
5760971
5761385
5766427
5767302
5771870
5772873
5773084
5773665
5784268
5786394
5790334
5792687
5793759
5795977
5796775
5797955
5799407
5800101
5800462
5801998
5802511
5811063
5814427
5820813
5821959
5829930
5830412
5831175
5832325
5835673
5836287
5838479
5847803
5869740
5870012
5871441
5878288
5881422
5883096
5885564
5886522
5888033
5891765
5893251
5896216
5902889
5908329
5908882
5909801
5911491
5917567
5918616
5919860
5922381
5923838
5932667
5933230
5934059
5941056
5943543
5946114
5949829
5950865
5956151
5959695
5961186
5961783
5964643
5967907
5968056
5969729
5971788
5972773
5973027
5974234
5974900
5976939
5978235
5981537
5982358
5983542
5985532
5992246
5996866
5997931
5999117
6000306
6006651
6007234
6011782
6021876
6026972
6028784
6031313
6031344
6031677
6032729
6039572
6041385
6042513
6043042
6043442
6044427
6044863
6047917
6048747
6051946
6052037
6054869
6055088
6057126
6057321
6057866
6058611
6061169
6065364
6071299
6076844
6077053
6084164
6086008
6087117
6089713
6095929
6106626
6107159
6108187
6109254
6109830
6112768
6117483
6127276
6129611
6137990
6139195
6151173
6157774
6158285
6161048
6161772
6162419
6163819
6164759
6168348
6170589
6180639
6183756
6190119
6191960
6195321
6196580
6198451
6200961
6201303
6206888
6208999
6209232
6209301
6214248
6217387
6220709
6222723
6227467
6228318
6232087
6248787
6254442
6257105
6260186
6263076
6267990
6268816
6269592
6277509
6278206
6279506
6284629
6286699
6288921
6289342
6292587
6296661
6299487
6301669
6304902
6305428
6306070
6311006
6316516
6319684
6321980
6328646
6341397
6345745
6346089
6347231
6349889
6353516
6355092
6355119
6355128
6362331
6366734
6370659
6372607
6373659
6375704
6375713
6376035
6376103
6377020
6377629
6378858
6380391
6384646
6386913
6392777
6393849
6399216
6409031
6411352
6413738
6415926
6419573
6422963
6423790
6424046
6424068
6426830
6429375
6432075
6435644
6440057
6444702
6445640
6446963
6452706
6454098
6455229
6460294
6460347
6461742
6469814
6483724
6485857
6486540
6486961
6489718
6492957
6493423
6498408
6498587
6499074
6501024
6502031
6503135
6504005
6507116
6508353
6509169
6509446
6511408
6518610
6522147
6532332
6534062
6536788
6541398
6541417
6544284
6546378
6547620
6550806
6556080
6557117
6557813
6558232
6559402
6560209
6566553
6568721
6569253
6571704
6577689
6578940
6581769
6582145
6583212
6587876
6587969
6589125
6589828
6589922
6590078
6592625
6593713
6594566
6597781
6600221
6611739
6613427
6622216
6623114
6627136
6629154
6630043
6631679
6634062
6634987
6640807
6641592
6653161
6653882
6656161
6657577
6661810
6664756
6673040
6675618
6679865
6680441
6680570
6682125
6688626
6689285
6691072
6691812
6694499
6695671
6697370
6700413
6700912
6703586
6706408
6709911
6712691
6713186
6713803
6714357
6715351
6720392
6725687
6726359
6727064
6729129
6731925
6741885
6742165
6752344
6755880
6759531
6764255
6767096
6771561
6773836
6778807
6780846
6782361
6787599
6790703
6792870
6796720
6798278
6798328
6798544
6799249
6799479
6807759
6814745
6821281
6821342
6823897
6824181
6828350
6828709
6829860
6831231
6834376
6834956
6842454
6846118
6846607
6850321
6851610
6855906
6858049
6862704
6863961
6864998
6868534
6868931
6876241
6889321
6893744
6897591
6898005
6901937
6906625
6907248
6907388
6908580
6910978
6918476
6922583
6927889
6929539
6941753
6943657
6945176
6951480
6952398
6954329
6954452
6960314
6961287
6961828
6966364
6968231
6968241
6970203
6971118
6972258
6982626
6987193
6988648
6993057
6993634
6995605
7000491
7004768
7006372
7018653
7020871
7021484
7022373
7030837
7031173
7040912
7045518
7045573
7050234
7050599
7051833
7052775
7053543
7057681
7061795
7063365
7064111
7068487
7068494
7069168
7072110
7080141
7085639
7095546
7099388
7100555
7102702
7104881
7111118
7113816
7114024
7117496
7118148
7127639
7131507
7134242
7137853
7149189
7149459
7150595
7152930
7153273
7154041
7160949
7161551
7169549
7171867
7174852
7176639
7182883
7184498
7185276
7186847
7189026
7190263
7191195
7192439
7192994
7195214
7195500
7197117
7198079
7199864
7219317
7221915
7222766
7224957
7226697
7227545
7228030
7235390
7239820
7240102
7240807
7241608
7243137
7245223
7249954
7251143
7251531
7259259
7268986
7271108
7277563
7283961
7284598
7288727
7289659
7290404
7290899
7296938
7300072
7300351
7301132
7306499
7313391
7315536
7319590
7319884
7323683
7324978
7328325
7329079
7330036
7332103
7340774
7342198
7343622
7348085
7349821
7351160
7353263
7356026
7359009
7361438
7362077
7364045
7367239
7369277
7372593
7375953
7377937
7378477
7381885
7387630
7388975
7390682
7390923
7396501
7398183
7400847
7401860
7402070
7402613
7409365
7409727
7409945
7411267
7413939
7417134
7419012
7422442
7422988
7423097
7424460
7429768
7432756
7433482
7439061
7443318
7446566
7446738
7448969
7457990
7458391
7460370
7462642
7468563
7469744
7471481
7473108
7477960
7483190
7484223
7491603
7491764
7495539
7497932
7500995
7503534
7504023
7505207
7510159
7512315
7512456
7515124
7516431
7517981
7519670
7520007
7520192
7522410
7524196
7538021
7542244
7550682
7552538
7553616
7562658
7563299
7566774
7567598
7569053
7573981
7575455
7583992
7589964
7595272
7597981
7598054
7598533
7598942
7603052
7604059
7605855
7610412
7621864
7625556
7625657
7625848
7631508
7633440
7637712
7646256
7647835
7648369
7648660
7650482
7651542
7655408
7656020
7659644
7659657
7660615
7664035
7665602
7666027
7670803
7671022
7676910
7677342
7681362
7685187
7685749
7693393
7694151
7698610
7705832
7708800
7713924
7716501
7719343
7719536
7727376
7737136
7739007
7739223
7742567
7749529
7750882
7753127
7754678
7757365
7757626
7758468
7759116
7760912
7761958
7773437
7774004
7774240
7776820
7778993
7785920
7786178
7791604
7792004
7796250
7796955
7798115
7798381
7798770
7799100
7799400
7802705
7804205
7807676
7812277
7814870
7817356
7842485
7847600
7848028
7849311
7851427
7852090
7861525
7862194
7866785
7867544
7877329
7878355
7883418
7888267
7897537
7901161
7901969
7909992
7915189
7915221
7917412
7924102
7927437
7928206
7928874
7929421
7951810
7961810
7966783
7968305
7968396
7969942
7975913
7977708
7981916
7983641
7985426
7991249
7992429
7995636
7997351
7997370
7997586
8002989
8004496
8005896
8007473
8010860
8011309
8011496
8011690
8015756
8017647
8022089
8023207
8023352
8024094
8031286
8041664
8042517
8045679
8046019
8049969
8059775
8062517
8063104
8065863
8070199
8071642
8074538
8075010
8078204
8078227
8089157
8094186
8094295
8095855
8103894
8104569
8105347
8108979
8113831
8113993
8117788
8119264
8120522
8121894
8144305
8148512
8151231
8155534
8155958
8164091
8164890
8173632
8174765
8175824
8177269
8189519
8195009
8195246
8196887
8198237
8199661
8201500
8202106
8208644
8212465
8214522
8215464
8223352
8232223
8244117
8245292
8247460
8253134
8253812
8256191
8259015
8261386
8262703
8264080
8264945
8266546
8269481
8273025
8273199
8276555
8276950
8279921
8279940
8280216
8282190
8285803
8288418
8294192
8294517
8296755
8297281
8299286
8300888
8306366
8317103
8318986
8325772
8328387
8328706
8337757
8337788
8338495
8341214
8342464
8344965
8350982
8351583
8357316
8357528
8360093
8360890
8364503
8368126
8368684
8370731
8378014
8379063
8379567
8381556
8382901
8385962
8390757
8392453
8392771
8394176
8396262
8398417
8398471
8398581
8401517
8402881
8402958
8403949
8405106
8409978
8410110
8410841
8412518
8414323
8420322
8421027
8422406
8424048
8429634
8429699
8431713
8437708
8440369
8441120
8441126
8443314
8449902
8454256
8455432
8460867
8468596
8469337
8470148
8470645
8473169
8478052
8478291
8481928
8483113
8485135
8485912
8487170
8491770
8496922
8502189
8504000
8504745
8507386
8511952
8517317
8518761
8522719
8523379
8525395
8528153
8528549
8530402
8542341
8546691
8553005
8556585
8559368
8561148
8564380
8564655
8565060
8566457
8570145
8575479
8577998
8578641
8582394
8582524
8583425
8585330
8585357
8585950
8587603
8609842
8611118
8612012
8613784
8620053
8620524
8620934
8621493
8622773
8628325
8631522
8633048
8634220
8643021
8650782
8653621
8663002
8665988
8668660
8669264
8672127
8672345
8676034
8680951
8683425
8684595
8684793
8689270
8689819
8698044
8698781
8705016
8710388
8713247
8714175
8718707
8720586
8724108
8727314
8727662
8730636
8741424
8748420
8750091
8754552
8756860
8757275
8762488
8767764
8768665
8774725
8780581
8781986
8782159
8784106
8793730
8794691
8796794
8798986
8801641
8802122
8811213
8815146
8818357
8824799
8830446
8832365
8838232
8844753
8850250
8850552
8850821
8852794
8854636
8857500
8863985
8867289
8867450
8869169
8873012
8874640
8875266
8875765
8877623
8878117
8879472
8882552
8885695
8889250
8890417
8892017
8894783
8896140
8901947
8903923
8907623
8911769
8914362
8914723
8917964
8918780
8919299
8921823
8928066
8931320
8933146
8937424
8937572
8937827
8944807
8947603
8950767
8951019
8954003
8959570
8966725
8974768
8986685
8997757
9003218
9004189
9005620
9008438
9010589
9011015
9013562
9026790
9032084
9041241
9041269
9042380
9044101
9047748
9047781
9049377
9059128
9061346
9061912
9061958
9069286
9074373
9076108
9081561
9086023
9088712
9089494
9096354
9100886
9103425
9106673
9109442
9109519
9110983
9111079
9111460
9116122
9118577
9121316
9124563
9129723
9135485
9138309
9140746
9141865
9142212
9143496
9143653
9147510
9158949
9164667
9165247
9166743
9167846
9167977
9171188
9174402
9175916
9178333
9178935
9180098
9180935
9191697
9193833
9194620
9195100
9204192
9204220
9206629
9208505
9209389
9209830
9219737
9221258
9228960
9231977
9234176
9235848
9236956
9240407
9242894
9245510
9248389
9251528
9254555
9259462
9265498
9267304
9267864
9268095
9269199
9269879
9278527
9279202
9279449
9282879
9286879
9288571
9290511
9294481
9297824
9298848
9299009
9299850
9302118
9310821
9310970
9312800
9315391
9321186
9324668
9332358
9334509
9335302
9335689
9336952
9337095
9338314
9340028
9341627
9341887
9342325
9353650
9354217
9356064
9356083
9361684
9366667
9373438
9373770
9384720
9399283
9405514
9411468
9416339
9416515
9416631
9424047
9424539
9426095
9426696
9433300
9436693
9437085
9438023
9438064
9439768
9442953
9449178
9463697
9466199
9466476
9469085
9472706
9473007
9479174
9479245
9480272
9483029
9488864
9491911
9497961
9498128
9500384
9500855
9502079
9505440
9506274
9508721
9509136
9512511
9514629
9515269
9516660
9526121
9526888
9536216
9539515
9543526
9544265
9548115
9551395
9554628
9557055
9568312
9571578
9572528
9573672
9575224
9578826
9579507
9583096
9590615
9592876
9595779
9601077
9611865
9613930
9623134
9625212
9625557
9630722
9642413
9649508
9652310
9660012
9664513
9666867
9668911
9674379
9674976
9675246
9678369
9680571
9686351
9687404
9699880
9701664
9704362
9704520
9707197
9712559
9714504
9715910
9716916
9717165
9718207
9723325
9724862
9724946
9726309
9726372
9731911
9732331
9735174
9736875
9737616
9740093
9740262
9746151
9748678
9751045
9753082
9753104
9754091
9763143
9766582
9770567
9771351
9771368
9772109
9775135
9776567
9786050
9789460
9789975
9798552
9800073
9801471
9808374
9809780
9810981
9811830
9817456
9821248
9821330
9821964
9824533
9826662
9833585
9834546
9834942
9837228
9840116
9843736
9844277
9845753
9847937
9852778
9856276
9859128
9863692
9864396
9865560
9866685
9867286
9869115
9869163
9873639
9879519
9880359
9881088
9883569
9888930
9889901
9891200
9905244
9907430
9908859
9923877
9928160
9931781
9936149
9943824
9947684
9953688
9954756
9956087
9958888
9960683
9961688
9962154
9967267
9972095
9976919
9983107
9984744
9991150
9997900
9997987
9998192
9998550
9998632
9999303
10005293
10008713
10010966
10019758
10020069
10024894
10028012
10030167
10032240
10036359
10037835
10039008
10039905
10040863
10043730
10044064
10044328
10048877
10050303
10053090
10054897
10060950
10068342
10068374
10071435
10072101
10086954
10087451
10091882
10093129
10093935
10105202
10107459
10109160
10112033
10113805
10125284
10129470
10132114
10132497
10135686
10136418
10138434
10139998
10144952
10145158
10147202
10151469
10152095
10154223
10156942
10158102
10159529
10161876
10169037
10169836
10174907
10182086
10183876
10189329
10198023
10201369
10202687
10207352
10209899
10210587
10210805
10212414
10219914
10225771
10230946
10235947
10237022
10238915
10239878
10244125
10245218
10259748
10264823
10274692
10274868
10275175
10276842
10277806
10278437
10278814
10280598
10283320
10284138
10284950
10286611
10293850
10294745
10297595
10300525
10300773
10306183
10308896
10316298
10316322
10319967
10330151
10335556
10336632
10338739
10339393
10341306
10346392
10348472
10354105
10357239
10358194
10359152
10361862
10363049
10366837
10367281
10373093
10375984
10376762
10381416
10381429
10392240
10393426
10396505
10396842
10396944
10397021
10397104
10409392
10409475
10409583
10410171
10411751
10412229
10412522
10414234
10418557
10419031
10421406
10431288
10436482
10438087
10438438
10438548
10440036
10441225
10447101
10447878
10457581
10464279
10466627
10472959
10473535
10481051
10494009
10497417
10498746
10503967
10512066
10517916
10518695
10520784
10523316
10525372
10526307
10531297
10531580
10531636
10531920
10532760
10540572
10549371
10555111
10557780
10569198
10570937
10576060
10579368
10580688
10586192
10587643
10589266
10589402
10591542
10592278
10594370
10595611
10596176
10607141
10611157
10612742
10618146
10619245
10621786
10622440
10625029
10630216
10636746
10636764
10641025
10646680
10649298
10649432
10652460
10654094
10654983
10655288
10655546
10657763
10658870
10668592
10670030
10673278
10674623
10674966
10675855
10678861
10681267
10681550
10682056
10683518
10684719
10687635
10692315
10693299
10698649
10699638
10704684
10713351
10717532
10719822
10723365
10729506
10736606
10739522
10741413
10749922
10752480
10754199
10754778
10754892
10758850
10760436
10762169
10764069
10767869
10768491
10775518
10775627
10781647
10781799
10782897
10787861
10795587
10796103
10796782
10797340
10800730
10801923
10804454
10804477
10804879
10805641
10808000
10808950
10810209
10810492
10815468
10816193
10819824
10820971
10821049
10822961
10825382
10826285
10827643
10832187
10836905
10838020
10847937
10848882
10851105
10851486
10852080
10852935
10853556
10859193
10860408
10866788
10868610
10871183
10875825
10882392
10886643
10887290
10889000
10889626
10889973
10893135
10895201
10899521
10900760
10904144
10909194
10911827
10913858
10914044
10915456
10916894
10920077
10922837
10925377
10926053
10929187
10931254
10932522
10934598
10934773
10935010
10935066
10944117
10944370
10953599
10956819
10960985
10964332
10964859
10973090
10979186
10979814
10980645
10983554
10987115
10990094
10993643
10998012
10999088
10999628
10999740
11010923
11015042
11015098
11017120
11017439
11018907
11020540
11024369
11039629
11041642
11042163
11044259
11048284
11049307
11062976
11068121
11069887
11070671
11071407
11071667
11073228
11076862
11081679
11084869
11085935
11094994
11101344
11101578
11101766
11108222
11111980
11113178
11115421
11115632
11128071
11128674
11128786
11129166
11131264
11131430
11139311
11139935
11142936
11148861
11150178
11150643
11151589
11152893
11156350
11162019
11162459
11164298
11168756
11170222
11170681
11181092
11186364
11189085
11190039
11191213
11194155
11194547
11201564
11204217
11207949
11210071
11213275
11214829
11215211
11223215
11224152
11229289
11231773
11233203
11237324
11238944
11245680
11254633
11255392
11263339
11265846
11269719
11273406
11278156
11280007
11282893
11293116
11299119
11301399
11309067
11311358
11313584
11322186
11322377
11329179
11331380
11337677
11342676
11343136
11344389
11344893
11345798
11348710
11355994
11359148
11365394
11367122
11369355
11374525
11374527
11376770
11383239
11388464
11389698
11396195
11402240
11402770
11406333
11409794
11412852
11414392
11421712
11429076
11430747
11436658
11438335
11441466
11442479
11445638
11451569
11454338
11455455
11456634
11462080
11463483
11465572
11468970
11471454
11478260
11483814
11494646
11503145
11503876
11514300
11515379
11518922
11524005
11530133
11534397
11538822
11539011
11539645
11548639
11549220
11559951
11562398
11565477
11566641
11568924
11569542
11570899
11571383
11571684
11575593
11576554
11577202
11582991
11583608
11585920
11592276
11598475
11598930
11600165
11602387
11604025
11605677
11607100
11614646
11618097
11623927
11629262
11630180
11639690
11646326
11647243
11651740
11661162
11664035
11665319
11669540
11671809
11674852
11675947
11681569
11683469
11685020
11692582
11695542
11696093
11696301
11697312
11702686
11703287
11705700
11707300
11707465
11707903
11714234
11716337
11719591
11723472
11726538
11728858
11732077
11735369
11735529
11736017
11737312
11738295
11738691
11742384
11743437
11743833
11745613
11748718
11752362
11754538
11760390
11765131
11774043
11785825
11786063
11786064
11787658
11796037
11796366
11802401
11806188
11807263
11808051
11808478
11808987
11810189
11813194
11824963
11828092
11828268
11828384
11830664
11831177
11835357
11836501
11841284
11841498
11842365
11843766
11844974
11849016
11850185
11851988
11852890
11852946
11854438
11855446
11855968
11858055
11861845
11866388
11867383
11868410
11871727
11875472
11877089
11878319
11878465
11878812
11879627
11882314
11887676
11888245
11891154
11894637
11898097
11898499
11902583
11904245
11906132
11906486
11909858
11910284
11914934
11916323
11918827
11924336
11936656
11941092
11941233
11950604
11951731
11953575
11954930
11960417
11969500
11973084
11974343
11976208
11976980
11977788
11980764
11981177
11983288
11984337
11989582
11994100
11994545
11994696
11996781
11996860
11999914
12004292
12005721
12008387
12009902
12010076
12014577
12015846
12016018
12019635
12019871
12032465
12035093
12039971
12041819
12047816
12049980
12055868
12057123
12057463
12058839
12060178
12066997
12067534
12067744
12067930
12068066
12068860
12072349
12072689
12073018
12074960
12077802
12078371
12079133
12085211
12085625
12085667
12086224
12090751
12094082
12095548
12098714
12104254
12105354
12107634
12108647
12114603
12116306
12122042
12122983
12126556
12128372
12128902
12130023
12130793
12131389
12139166
12146614
12147356
12148869
12151946
12152716
12156744
12157321
12160500
12161124
12165919
12166726
12168445
12168661
12170217
12171336
12171696
12171790
12173729
12180764
12182994
12184978
12187201
12194797
12200977
12203217
12203302
12218296
12220136
12225435
12226001
12226006
12229394
12229587
12230669
12233302
12234654
12235166
12237651
12240667
12245708
12247267
12247682
12255310
12255409
12263835
12264626
12269494
12270242
12273491
12275071
12277953
12281042
12283896
12286675
12295548
12300615
12311002
12314511
12318934
12321116
12324411
12328487
12330049
12330829
12332227
12335356
12336019
12342318
12342325
12349920
12352516
12358951
12360669
12361347
12366688
12374765
12376507
12377696
12378585
12382793
12384794
12388827
12393975
12397846
12399103
12402879
12403187
12403723
12404299
12404556
12408423
12409418
12414009
12416554
12419012
12419984
12420109
12422025
12422238
12424039
12428507
12429887
12430442
12433576
12435628
12438255
12443908
12450694
12451017
12453910
12459432
12465945
12469325
12470240
12471361
12474443
12474874
12476636
12477516
12481575
12481589
12483316
12487792
12493890
12496537
12498541
12499042
12499316
12500302
12501154
12503485
12510040
12512694
12514550
12519534
12520969
12523859
12527084
12527331
12529003
12531699
12533615
12536634
12538710
12541143
12542563
12543853
12545108
12545197
12546731
12547070
12554549
12557511
12557542
12566260
12567242
12568417
12571208
12571814
12572482
12582154
12582591
12582998
12584211
12585377
12586348
12588093
12588779
12589514
12591275
12594385
12594465
12596915
12598377
12607733
12609926
12619450
12619622
12620132
12620632
12621176
12621624
12621808
12622777
12622962
12624475
12632752
12633324
12639337
12645799
12645828
12648664
12649931
12649997
12655257
12656163
12659855
12665263
12672781
12681531
12684449
12688160
12701888
12702763
12709588
12711762
12714627
12719668
12721358
12728051
12729505
12731749
12732117
12733900
12738742
12738888
12743864
12749018
12756545
12759416
12761056
12761068
12763866
12764329
12766003
12767499
12768495
12768902
12769423
12771823
12773061
12774466
12774698
12788287
12790109
12791087
12803086
12804335
12804627
12805999
12806950
12810310
12815382
12819664
12823913
12832687
12833860
12838725
12839541
12840602
12847587
12851060
12852192
12855990
12876488
12877392
12877942
12881828
12883581
12884206
12889215
12891850
12893307
12895716
12897550
12901865
12901986
12902781
12904680
12905091
12905721
12906612
12917921
12928204
12928629
12929122
12929796
12933507
12933951
12935109
12939383
12940722
12948215
12951247
12953373
12954449
12959761
12969025
12971240
12971759
12971962
12976345
12977560
12977728
12977872
12981925
12991623
12994454
12995575
12995684
12995881
13000375
13001076
13002628
13004340
13007950
13010078
13013441
13022535
13025034
13027153
13027942
13033462
13034830
13035234
13035312
13035404
13038385
13041727
13044650
13047663
13047916
13047969
13053954
13054153
13055656
13062295
13065619
13068569
13077889
13079285
13081218
13083045
13086773
13087084
13087281
13090984
13091631
13096513
13101361
13111271
13124117
13127321
13128916
13129429
13137958
13139212
13141570
13142970
13145031
13145783
13148362
13150511
13151603
13152344
13153171
13153985
13157978
13161745
13163208
13171257
13173638
13177189
13189596
13189679
13190265
13203849
13206189
13206688
13218073
13221598
13222095
13236266
13238670
13247278
13248020
13251672
13253660
13261729
13264113
13281308
13289324
13295024
13309851
13313016
13315159
13317066
13317167
13321026
13321260
13327848
13330436
13331290
13337026
13340767
13346653
13351142
13354738
13365158
13365481
13366059
13367179
13372176
13372875
13373634
13373833
13381204
13381401
13382530
13388095
13390444
13393360
13401138
13404879
13407392
13409781
13411529
13412241
13415599
13416346
13429376
13429419
13435034
13435091
13436676
13442651
13443848
13444776
13445428
13451134
13457727
13462166
13463096
13469653
13469771
13475488
13478977
13481106
13487322
13488585
13494609
13496489
13497031
13497149
13497749
13497984
13498100
13502456
13504643
13507586
13510965
13512398
13512570
13516047
13516301
13525261
13525886
13528146
13538530
13544572
13546844
13564536
13564920
13575565
13581387
13590063
13606164
13609502
13619898
13624019
13624124
13626704
13630053
13633670
13640453
13640816
13641134
13644701
13645024
13658645
13660130
13681634
13682323
13683043
13683724
13688166
13693208
13694218
13696176
13698315
13699358
13711428
13713620
13713810
13714828
13723932
13727960
13729100
13730984
13733553
13739880
13740269
13742955
13745791
13746013
13746502
13750784
13752446
13757622
13757884
13761076
13762079
13767310
13768388
13771475
13774525
13777320
13781138
13783213
13783322
13783669
13787327
13788445
13791501
13794889
13795416
13795705
13795804
13802409
13802864
13810850
13813880
13813894
13814933
13815102
13815453
13821994
13822167
13826627
13828805
13830045
13832001
13834570
13835164
13840254
13840892
13842148
13845154
13846497
13850635
13850839
13856555
13860578
13863884
13868353
13868851
13872756
13873173
13874825
13876126
13878724
13879022
13885220
13885493
13890826
13893882
13902684
13904263
13905732
13911535
13912430
13917853
13918710
13920346
13923183
13925620
13925757
13926458
13934054
13934125
13935266
13935842
13938148
13944294
13944552
13954984
13958242
13959468
13966172
13967189
13980463
13980689
13987524
13988752
13990421
13994269
14001596
14003934
14004001
14004013
14005647
14006636
14006912
14010237
14012196
14015906
14015965
14020026
14020256
14021002
14022015
14022906
14023420
14024754
14025346
14028284
14031517
14036272
14036673
14045177
14046647
14049317
14049942
14056869
14061777
14066182
14072169
14074214
14074944
14077854
14078307
14078836
14081720
14084534
14089657
14091015
14092227
14097222
14105116
14106186
14106517
14106823
14106852
14107493
14110025
14113643
14125310
14126631
14130552
14130819
14135937
14139484
14145349
14145490
14149714
14152255
14162729
14164636
14165082
14165287
14168746
14170117
14173497
14181647
14183583
14184321
14184698
14186386
14190970
14195029
14198962
14199940
14202832
14203923
14204959
14208340
14209462
14213319
14213707
14214498
14220040
14222310
14222835
14225168
14226297
14229663
14241660
14244067
14246852
14248782
14250040
14251296
14253025
14255163
14269865
14271835
14273500
14273887
14276188
14282824
14283993
14286141
14287547
14292432
14292688
14296349
14297439
14297822
14301336
14302016
14302312
14304984
14306503
14310463
14319249
14323854
14324283
14326474
14331263
14331891
14332194
14333748
14336492
14343452
14346153
14347867
14353613
14356546
14356951
14357449
14357511
14359991
14363756
14364522
14365269
14365272
14366106
14370743
14371268
14374795
14383662
14383890
14387858
14391258
14393426
14395878
14397250
14403141
14406747
14409095
14413242
14417267
14422051
14423128
14424102
14425174
14425884
14427921
14431950
14444031
14447579
14447844
14451510
14452239
14453954
14454029
14461804
14462831
14463862
14468882
14470214
14470668
14474671
14475310
14475957
14477451
14485452
14492939
14501815
14503192
14505988
14507371
14507744
14510640
14514741
14517875
14518891
14523996
14525755
14528344
14529442
14531158
14535827
14536105
14536113
14536362
14539221
14542191
14545415
14547064
14548641
14550732
14551138
14556937
14557507
14558738
14563397
14567013
14567349
14570283
14570947
14571929
14572046
14573017
14575518
14576657
14582162
14583912
14584158
14599376
14599487
14606196
14606672
14612912
14615544
14625310
14627882
14635963
14637688
14642597
14644378
14645632
14647799
14650949
14651839
14657344
14657832
14660889
14662534
14669335
14672027
14674038
14674204
14676597
14677264
14678794
14681956
14685670
14685887
14689004
14689627
14690397
14694455
14696083
14702591
14704027
14706013
14706518
14707022
14716058
14717347
14717674
14720772
14720949
14722100
14723172
14726993
14730849
14733805
14735454
14735923
14738141
14746104
14749966
14751228
14751714
14757428
14760251
14763850
14764513
14765668
14766178
14770088
14774333
14777017
14778197
14783636
14784498
14786375
14791852
14792737
14795481
14798177
14800169
14808620
14809511
14813767
14813997
14815174
14815699
14817996
14822894
14824029
14831733
14837344
14840156
14840391
14843454
14846718
14846928
14847935
14849251
14856073
14860489
14861192
14862121
14863249
14863837
14864786
14865831
14866728
14878740
14883535
14886969
14891033
14892563
14901710
14913219
14913954
14916654
14918026
14918594
14927970
14929055
14929170
14929648
14929726
14930015
14930613
14930640
14935938
14942405
14944012
14945724
14946000
14949894
14950419
14950695
14953716
14954197
14956883
14957322
14957850
14965690
14966062
14966126
14966136
14967623
14968570
14969303
14976965
14977034
14979159
14992535
14999588
15002360
15006900
15013420
15013865
15015878
15017745
15026499
15026886
15027051
15031041
15036797
15039088
15044400
15045039
15047669
15048204
15051934
15055730
15056758
15060074
15077794
15080133
15081770
15081921
15082822
15090252
15092158
15092512
15099974
15100967
15103151
15110017
15116183
15116928
15117220
15118469
15119142
15122012
15123559
15125853
15133184
15134854
15135339
15140325
15142363
15142681
15145314
15148142
15148338
15150934
15152506
15159703
15160659
15161494
15162600
15164275
15165245
15167271
15168998
15169439
15169860
15170013
15170118
15170738
15173176
15174900
15183597
15189755
15192970
15193436
15193906
15194398
15195183
15197418
15198631
15203847
15205265
15205943
15206103
15210080
15211667
15211900
15212004
15214873
15215254
15220189
15229305
15233070
15234115
15239776
15247210
15259459
15266712
15271542
15274627
15277938
15280092
15283638
15284769
15286564
15287074
15289412
15290720
15292068
15297246
15298882
15307242
15308045
15308463
15308496
15313715
15314092
15319879
15320169
15320629
15321860
15322574
15324547
15330110
15334998
15337982
15341535
15341934
15344054
15344378
15346987
15349348
15349787
15352033
15354868
15356343
15361750
15364038
15365841
15369559
15372044
15378310
15378835
15383153
15392226
15404398
15408518
15409583
15411301
15414064
15419092
15427960
15428143
15428180
15434193
15435659
15437742
15458625
15459587
15462137
15463258
15463263
15464079
15471874
15474525
15475446
15480016
15481016
15482284
15488926
15491484
15497435
15498735
15499868
15503215
15513614
15521296
15521298
15521553
15523153
15525667
15527698
15528731
15529321
15530584
15542062
15546190
15550577
15552538
15553919
15556973
15559313
15561051
15563669
15568492
15568931
15569663
15569757
15570931
15574214
15576114
15582926
15583697
15584789
15588518
15591540
15593669
15597269
15599006
15604088
15606997
15622766
15623226
15626136
15626320
15627353
15636515
15638151
15642608
15649976
15653335
15654971
15655647
15658746
15661240
15663733
15669431
15675991
15676863
15683465
15685690
15695125
15697988
15699965
15700078
15700981
15706413
15706484
15706685
15706816
15708167
15708416
15712383
15715255
15725848
15726236
15731909
15733732
15733971
15736139
15744252
15746750
15748013
15748166
15748873
15748888
15750472
15755947
15756257
15761117
15762969
15763355
15763836
15764119
15765357
15769409
15770084
15771620
15774446
15775020
15781218
15782049
15782093
15783255
15786563
15786905
15788560
15794415
15796420
15798187
15798667
15799630
15800705
15802803
15803055
15803232
15804233
15808513
15820679
15828813
15834539
15835828
15835856
15836950
15847939
15849218
15849423
15862380
15873391
15878715
15883227
15887536
15893089
15894505
15895472
15896289
15897325
15897762
15900713
15906971
15909839
15910282
15923490
15937902
15938359
15938889
15950012
15950120
15952555
15954994
15964113
15966037
15969149
15969219
15980077
15981080
15983827
15985567
15986155
15993515
15995070
15997633
16000820
16005251
16008865
16011140
16014161
16014280
16022199
16022216
16022672
16026823
16026932
16030740
16030778
16036758
16037337
16041653
16045343
16048419
16052069
16052296
16060971
16062592
16063469
16063713
16075152
16076731
16078583
16082764
16084753
16085001
16093984
16095334
16096063
16098686
16098714
16101310
16104389
16111044
16114978
16118724
16124697
16126408
16127266
16132410
16133541
16142086
16142288
16142378
16148598
16156529
16157452
16158001
16158226
16163058
16168244
16169446
16169476
16176719
16182368
16184341
16189156
16189612
16189793
16190540
16194881
16200322
16206638
16214299
16221110
16223632
16224463
16227135
16230106
16237167
16238509
16238538
16242219
16244070
16247613
16249728
16251358
16251647
16253803
16254492
16261811
16277363
16286542
16290406
16292665
16296382
16300497
16302974
16304844
16309167
16309184
16310820
16311508
16311667
16317439
16319599
16319607
16321676
16321819
16322491
16323817
16327137
16334377
16341127
16343652
16346250
16348346
16354460
16361213
16362922
16363366
16366587
16369161
16373060
16374663
16378984
16381376
16384819
16385554
16387726
16389240
16390686
16394252
16399105
16402129
16406260
16406875
16411299
16411491
16412011
16413462
16414342
16416190
16417221
16417466
16419126
16419347
16421563
16424043
16425036
16426497
16426674
16429171
16430378
16430615
16430970
16432830
16435820
16449344
16451621
16455397
16461469
16465387
16466036
16466207
16466235
16467656
16469701
16470950
16471994
16477206
16488431
16498984
16513382
16514018
16517874
16520530
16522150
16525191
16526282
16528738
16539563
16547477
16549788
16556120
16556139
16557647
16558164
16561056
16561210
16566460
16566756
16569177
16575669
16577395
16577759
16580862
16581182
16584785
16591654
16593382
16596434
16597000
16598113
16601358
16602672
16603051
16604665
16604713
16607081
16625976
16631644
16631811
16635413
16635992
16636631
16643309
16651660
16652743
16653074
16653917
16655168
16666626
16668429
16668722
16670956
16671972
16673192
16677858
16678871
16683391
16686470
16688664
16699333
16699849
16700352
16708924
16710271
16715622
16716974
16723738
16725607
16725885
16726036
16731511
16731773
16737430
16742617
16742802
16743598
16746784
16754781
16755152
16768754
16771663
16775833
16776075
16777721
16779413
16780117
16789601
16790404
16795916
16796480
16801557
16802109
16803996
16807769
16813419
16813451
16817011
16817617
16820469
16824107
16825606
16826566
16829093
16835148
16835391
16839085
16841048
16853725
16856174
16857065
16860108
16864558
16872098
16872606
16876196
16878986
16880010
16881927
16884461
16886342
16886461
16887147
16888560
16888602
16890493
16893538
16894686
16897056
16897737
16898753
16907144
16907658
16909447
16909532
16909899
16910478
16914579
16915830
16921458
16921657
16924848
16928252
16932460
16937286
16938006
16938965
16942464
16945178
16953594
16955016
16956933
16962026
16968819
16972098
16978353
16981730
16984180
16984384
16984459
16994103
16997329
16999504
17000111
17000784
17001036
17001955
17009660
17010436
17011312
17014187
17025514
17031407
17032148
17032573
17033532
17037870
17041642
17042765
17045921
17046051
17049700
17054229
17055479
17056737
17057704
17060524
17063717
17065747
17068657
17071604
17072367
17072794
17073112
17074569
17075563
17076063
17078516
17079841
17080802
17084702
17085424
17089505
17091755
17092872
17096708
17097131
17097594
17099512
17099587
17103516
17108663
17115919
17116663
17121513
17123830
17124380
17128497
17130735
17132428
17135605
17137004
17138176
17139628
17141416
17146546
17149580
17150537
17151926
17153078
17154509
17155367
17160054
17163517
17167282
17179492
17181144
17187461
17189793
17191687
17193806
17194360
17203112
17203742
17206097
17207197
17207969
17209708
17212725
17212860
17213738
17227126
17227706
17241375
17246851
17246987
17247597
17250713
17254458
17261814
17266811
17267926
17268372
17268442
17273551
17273818
17292494
17293863
17294202
17294299
17300509
17302412
17307801
17309008
17310405
17310587
17312042
17312075
17314176
17314615
17323178
17324230
17324447
17329129
17331778
17332532
17332948
17335793
17340220
17340852
17344095
17344885
17345080
17351344
17355920
17356947
17357284
17357382
17358961
17364821
17365132
17365632
17366867
17367370
17368720
17370842
17370890
17375275
17378637
17379705
17381313
17384609
17397933
17399022
17400714
17408123
17408638
17419028
17421310
17421333
17422462
17423659
17426130
17426319
17432291
17433906
17434217
17435597
17443629
17444120
17446309
17446506
17456575
17463749
17465847
17470769
17473395
17475235
17476174
17477152
17479160
17479433
17481187
17481975
17486058
17489081
17489243
17490355
17491137
17492906
17493352
17498985
17500461
17503769
17514923
17520745
17520843
17522705
17523953
17532054
17533467
17545227
17549428
17553067
17553531
17558206
17558504
17572177
17572262
17574173
17575944
17576245
17580431
17581184
17582750
17585614
17592391
17592619
17601621
17604484
17612189
17615619
17621857
17622359
17622915
17624648
17629015
17633902
17640099
17646820
17649237
17649380
17649701
17650316
17655955
17659150
17661711
17661871
17667879
17678600
17679286
17681260
17687106
17689023
17689903
17692541
17694170
17696351
17696574
17700378
17704546
17706180
17706222
17706611
17712374
17713510
17717544
17723382
17724876
17725041
17727391
17727467
17729018
17730996
17733529
17741096
17741446
17743430
17743747
17748207
17751405
17752628
17754152
17756365
17761444
17761521
17762997
17763294
17764030
17764955
17772564
17776046
17780669
17781863
17782438
17784806
17792073
17793468
17796876
17805428
17813036
17815034
17832837
17839674
17841438
17842074
17849596
17852573
17853068
17853108
17855485
17860698
17865523
17869245
17871137
17871446
17871484
17872539
17872810
17872825
17875278
17881403
17882256
17885741
17889282
17891490
17892587
17901819
17905075
17905861
17910877
17913393
17922246
17931851
17935209
17958661
17962121
17964915
17973637
17974374
17975760
17976570
17978220
17982126
17989558
17992649
17995357
17995941
17999797
18000636
18004096
18006454
18008759
18014141
18014151
18014284
18021795
18022059
18022541
18024580
18027226
18031166
18032319
18036888
18036983
18040909
18045949
18050057
18050579
18052046
18052166
18054858
18055004
18055981
18058364
18058389
18066133
18066575
18070183
18070252
18076375
18076507
18077862
18080391
18084397
18084466
18086966
18088510
18089149
18095363
18096867
18097837
18098517
18098924
18101998
18108250
18108444
18108599
18112638
18114134
18125040
18125353
18126745
18129399
18141549
18146557
18147467
18148939
18149022
18149112
18150966
18159689
18161352
18163343
18165662
18166092
18166702
18175681
18176883
18183347
18183449
18184345
18185361
18186205
18188844
18190946
18197896
18201269
18202823
18206805
18211221
18214336
18215933
18216385
18220245
18224977
18225204
18226046
18230472
18231540
18233899
18236935
18238562
18240153
18240460
18240734
18244632
18245771
18245862
18246232
18247332
18247404
18248087
18251797
18254139
18255127
18271224
18273016
18274016
18277094
18278769
18279818
18280273
18284614
18288546
18293109
18295997
18301691
18304315
18309181
18311853
18313371
18314216
18318628
18325624
18330304
18335244
18338629
18340495
18340955
18341138
18343657
18344249
18344252
18346208
18347201
18349362
18351304
18351800
18353394
18354526
18356387
18359723
18365841
18369849
18374469
18378992
18380939
18382202
18384731
18384824
18385188
18394802
18394892
18396679
18396952
18397196
18398963
18400357
18401963
18402416
18404633
18406224
18414616
18416643
18417787
18419041
18425260
18431996
18436501
18437432
18445417
18446939
18446992
18455904
18457916
18459300
18462427
18463873
18464349
18464947
18466372
18466415
18466704
18469144
18469287
18470453
18470707
18471481
18477510
18479593
18482444
18482588
18483496
18492430
18510593
18511097
18514606
18527193
18527936
18530888
18532634
18535297
18536242
18538518
18540960
18541114
18544632
18550276
18553345
18554668
18556586
18559963
18561568
18565429
18575274
18579582
18579763
18581262
18583592
18586332
18589396
18589999
18594779
18597526
18602530
18603887
18609240
18611215
18611883
18617824
18621682
18621819
18623847
18624498
18625344
18625635
18633334
18636086
18638172
18640604
18644708
18649640
18651174
18653865
18654142
18660667
18660732
18662269
18663186
18665159
18667021
18668941
18670612
18674100
18675834
18683086
18683896
18687190
18688198
18690970
18692468
18692815
18700290
18701899
18702125
18702557
18703751
18704118
18704497
18715058
18716062
18718238
18719343
18720869
18720874
18723207
18728471
18733954
18734876
18738228
18738558
18741362
18742750
18743655
18743842
18753830
18761277
18761978
18762310
18762497
18766604
18770926
18777371
18777491
18780300
18782075
18784276
18784428
18785877
18794453
18796289
18797674
18809675
18810287
18811877
18814025
18815445
18820333
18821839
18822371
18822957
18823890
18824470
18824855
18827066
18827879
18828087
18829219
18836679
18837886
18846544
18848840
18856155
18857668
18857932
18860236
18866614
18871379
18878079
18878485
18879901
18884175
18886931
18893188
18893313
18893732
18897421
18898575
18902383
18907251
18907914
18914384
18917569
18917865
18926876
18930138
18931507
18932335
18932791
18938076
18945279
18950861
18952017
18953424
18955769
18964287
18968575
18970010
18970803
18971658
18972744
18974299
18979976
18983500
18984649
18990820
18990821
18997120
19005420
19007287
19009565
19015068
19015667
19016406
19028805
19033280
19038108
19038487
19043146
19045211
19045752
19046139
19050608
19057195
19057411
19059183
19063773
19065119
19065362
19077672
19083652
19088557
19089775
19093488
19099344
19101168
19104658
19113696
19117469
19119646
19121041
19121420
19122920
19126339
19132149
19140988
19149971
19159599
19166219
19167025
19168707
19169356
19172314
19173564
19177024
19177565
19178033
19178090
19179523
19181441
19182335
19183803
19185583
19186277
19187408
19189087
19190158
19191257
19193393
19195761
19196034
19201093
19205627
19205667
19208191
19210070
19210381
19219555
19221646
19226383
19228062
19230095
19230900
19234393
19235967
19237702
19239254
19244601
19247651
19249773
19251394
19254989
19257833
19260438
19262035
19262506
19263089
19263674
19264543
19269928
19272187
19276004
19276487
19276765
19281836
19282933
19283085
19288946
19289782
19289850
19289917
19291388
19298244
19315952
19318403
19319224
19327183
19330589
19332255
19339418
19339437
19341282
19342139
19349809
19354375
19356320
19365375
19366768
19368662
19369360
19370421
19373122
19373239
19373316
19376494
19377410
19380780
19381211
19382491
19389443
19394117
19400516
19402203
19402345
19403004
19411269
19421049
19433345
19434357
19434967
19436116
19437182
19441873
19443908
19450414
19455245
19455436
19462165
19462613
19463047
19472381
19473459
19474222
19477467
19477922
19480040
19480530
19483554
19485476
19486339
19489330
19489637
19492251
19494155
19494792
19495228
19498111
19501900
19507919
19508352
19508385
19511025
19514745
19515300
19517560
19519472
19528465
19528930
19529869
19532166
19532840
19533320
19534906
19535769
19537226
19540087
19542595
19543997
19556925
19557935
19566607
19569802
19571350
19575326
19578790
19587099
19591387
19592843
19594253
19596484
19597983
19598537
19601458
19604725
19608058
19609531
19609895
19610411
19613280
19614380
19614781
19614968
19615546
19624037
19626226
19630709
19635769
19649103
19652753
19653369
19654195
19654448
19657419
19665681
19665797
19667192
19668240
19670405
19673440
19678695
19682448
19691318
19696300
19704045
19706953
19710762
19713015
19715145
19716156
19721700
19724786
19732460
19732827
19738211
19755336
19758261
19759615
19762801
19771129
19772485
19772878
19773492
19777957
19780999
19785966
19787066
19791585
19792521
19800102
19801224
19804097
19805159
19808037
19808632
19809021
19809782
19812055
19817928
19818709
19829744
19837043
19838649
19838790
19847307
19848197
19849209
19850695
19851348
19855439
19857446
19861289
19866548
19873640
19874637
19876439
19877479
19889261
19890324
19894630
19899201
19902921
19903762
19905750
19926385
19927602
19934696
19941504
19945008
19945514
19950797
19951064
19955768
19955855
19956584
19957932
19958626
19960773
19962967
19971276
19972228
19974616
19986749
19987341
19988812
19989547
19990029
19994282
19996206
19997436
20000895
20001966
20011105
20011219
20015981
20021429
20025011
20028194
20034372
20037012
20037481
20041220
20047895
20047980
20053410
20053757
20057958
20062535
20062589
20066626
20070056
20077643
20082190
20086503
20086570
20089281
20094627
20099207
20101452
20106002
20106455
20106748
20107157
20121791
20123787
20124303
20124599
20129153
20132534
20136529
20142385
20143465
20146787
20148020
20148115
20148280
20151376
20151705
20152737
20154309
20154573
20154893
20155846
20157677
20158722
20162892
20163221
20163382
20163567
20164160
20164438
20165610
20166902
20167942
20178618
20181295
20181995
20187797
20190275
20191155
20195149
20196026
20196733
20197937
20199320
20199477
20200198
20207865
20211041
20211137
20213050
20217097
20224628
20225722
20227605
20234583
20241294
20241604
20246479
20253934
20258192
20270002
20271086
20272819
20272988
20275657
20282913
20283608
20287150
20287952
20289427
20301174
20305082
20310362
20311285
20314830
20319349
20322153
20328437
20329138
20329336
20329915
20333912
20335390
20338464
20339693
20340406
20345396
20362188
20365284
20366276
20370493
20370587
20371460
20372644
20377868
20382805
20392743
20395211
20395716
20396357
20398477
20403373
20409035
20413587
20414469
20415955
20423842
20426200
20426283
20428786
20430525
20434131
20445082
20447003
20449083
20456591
20456974
20459160
20460473
20461354
20464950
20470112
20475032
20485061
20485282
20486929
20497501
20499985
20501478
20502539
20509945
20511901
20512053
20512415
20515469
20519977
20521796
20525915
20526763
20529034
20530745
20532647
20535803
20542655
20547557
20548257
20551280
20555380
20555387
20559783
20562663
20564522
20566834
20568706
20569602
20575834
20577941
20579828
20580385
20585045
20588651
20595269
20599707
20599720
20604281
20604909
20609916
20615226
20617391
20618133
20619111
20622668
20626050
20637789
20644100
20650865
20655758
20656822
20658849
20661419
20661716
20661796
20662602
20675880
20685726
20695712
20695722
20697048
20699238
20703719
20704332
20704356
20705461
20707359
20709873
20715574
20717009
20725880
20726317
20731886
20735084
20743003
20745801
20747146
20751820
20752944
20753132
20755224
20756372
20762519
20767186
20767283
20768549
20771854
20779245
20779717
20782935
20784067
20785930
20787600
20787741
20787879
20789168
20793144
20794509
20798809
20804071
20805734
20805963
20807524
20807588
20813508
20815683
20817236
20818504
20819607
20824218
20824864
20825585
20828213
20835088
20840076
20843455
20843911
20848503
20852671
20855394
20858250
20860263
20860987
20861325
20864390
20865130
20865678
20868519
20873900
20874437
20875427
20875695
20882857
20886718
20886923
20891624
20892070
20893970
20895077
20921166
20923612
20924908
20926524
20929156
20929892
20932197
20936510
20936555
20936853
20940515
20950113
20953392
20961745
20965742
20967507
20969267
20971243
20974553
20980495
20984751
20989138
20993907
20998117
20998882
20999192
20999952
21002728
21003576
21003913
21011495
21012166
21012583
21014148
21019146
21033923
21034346
21035904
21036812
21038181
21042565
21043598
21044165
21044267
21046088
21046946
21047540
21052677
21064184
21068945
21072832
21073408
21074721
21080364
21093413
21097734
21101411
21102338
21104235
21106114
21107625
21108662
21109322
21115303
21116041
21116777
21119190
21119866
21120148
21123572
21124521
21125234
21126668
21130415
21130422
21132625
21137261
21137926
21142354
21145309
21148467
21152339
21154669
21155409
21158532
21161271
21162021
21162130
21163679
21164141
21165162
21172867
21174721
21177516
21178832
21181223
21182211
21184930
21188109
21189774
21195849
21199177
21205085
21207199
21213873
21218959
21221102
21227854
21230619
21233289
21238850
21238854
21239372
21239665
21246816
21250940
21255104
21255877
21266899
21268188
21270704
21272551
21277251
21277501
21278225
21278503
21290343
21294462
21298880
21300587
21302326
21302490
21305701
21318364
21321889
21322408
21324098
21324931
21325650
21327134
21328485
21331489
21345333
21352250
21353952
21361169
21364707
21366122
21366421
21368304
21373622
21374697
21377099
21379248
21381088
21394202
21403758
21404166
21405406
21409111
21415285
21419766
21422345
21424688
21428447
21433600
21435239
21436291
21437903
21440044
21441552
21443133
21444852
21447619
21453959
21454439
21454588
21460005
21461731
21465781
21468197
21473188
21478282
21483399
21483821
21495504
21498027
21504003
21509690
21511501
21515280
21515691
21517660
21519630
21526000
21532691
21543854
21544210
21544630
21565642
21567862
21567869
21570953
21573007
21574955
21580436
21581589
21582680
21585807
21587391
21587931
21588116
21591047
21592555
21598427
21598853
21604233
21607138
21609375
21610898
21611232
21613691
21617068
21619635
21620395
21620705
21630738
21631912
21633962
21634470
21634591
21636154
21636292
21636979
21637211
21637936
21644319
21644516
21646492
21648939
21658108
21663483
21663891
21676006
21678295
21679227
21684497
21687821
21688528
21690570
21693770
21694532
21694993
21697543
21711270
21713415
21718909
21720381
21733039
21736612
21737496
21739432
21744701
21750519
21757729
21760008
21762244
21762828
21772137
21774039
21774838
21775824
21778701
21781220
21784410
21786643
21793181
21799456
21809315
21815429
21819368
21822812
21825853
21827756
21836990
21838655
21839075
21839954
21841094
21846802
21849546
21850724
21852168
21855145
21863559
21865022
21867373
21868628
21871280
21873632
21878231
21880831
21882243
21882808
21884801
21887957
21889463
21891926
21892391
21894797
21903255
21905805
21905858
21906084
21908966
21914924
21918750
21919165
21919727
21921226
21922107
21922379
21922980
21925270
21926508
21929083
21929875
21934897
21935857
21938885
21940758
21946226
21950239
21952431
21953537
21955821
21964303
21965672
21966349
21970353
21972261
21982263
21988559
21989297
21994154
21999355
22001824
22004518
22009452
22015188
22017094
22018211
22020128
22022514
22023712
22029272
22035915
22036595
22043402
22046749
22058759
22066987
22068736
22071969
22075614
22076602
22078213
22081055
22085275
22087165
22089244
22095312
22098026
22100942
22102231
22102528
22102677
22102824
22115017
22117698
22122489
22125411
22127879
22129765
22130874
22134381
22134538
22137135
22139024
22150039
22150566
22151518
22158661
22159811
22164764
22165114
22168703
22173758
22179913
22179966
22182814
22183050
22187083
22191311
22191701
22195178
22196525
22203564
22207709
22207804
22209335
22210932
22212762
22214805
22223250
22223799
22225109
22227470
22228441
22236707
22248311
22249214
22249404
22250947
22252608
22261950
22262245
22263993
22267663
22269922
22278413
22279880
22282115
22287654
22288167
22294276
22295616
22298288
22298345
22299306
22302132
22304627
22309701
22310001
22310090
22313189
22316734
22319117
22319713
22331773
22335295
22337541
22342357
22342943
22344501
22347977
22352952
22353329
22362374
22364452
22365732
22366171
22369591
22370468
22371007
22372172
22373448
22375619
22379705
22385443
22389775
22390252
22390398
22394871
22395593
22396892
22400003
22400061
22400913
22405257
22405270
22406014
22409052
22422255
22427919
22440936
22441822
22449140
22450372
22451008
22453588
22453702
22457477
22458119
22458759
22458799
22462244
22471085
22471411
22471539
22473279
22473891
22475994
22478445
22479001
22479388
22490781
22491692
22491758
22493033
22497306
22509433
22511178
22511373
22511630
22512034
22513597
22514598
22514708
22515860
22520576
22529205
22532663
22541970
22542430
22544618
22545581
22547382
22547742
22548625
22551986
22553990
22554887
22557583
22558660
22575915
22576295
22577723
22578381
22581111
22591545
22595415
22595532
22601290
22608796
22612952
22615600
22620239
22623418
22624371
22627531
22627629
22634770
22634883
22644680
22648830
22649590
22650395
22652149
22653210
22654409
22654490
22658720
22660633
22664391
22669198
22682235
22682869
22683175
22685233
22686932
22697972
22705088
22706777
22709337
22716579
22719916
22720139
22724974
22729539
22731200
22732467
22738009
22744025
22744032
22748350
22757991
22758797
22759882
22766501
22768612
22769945
22770764
22779192
22781167
22784217
22788245
22791462
22793990
22796311
22797140
22799601
22800614
22801828
22807940
22809775
22815319
22815773
22816836
22816918
22822370
22830055
22831282
22831297
22839350
22839964
22852129
22852880
22857657
22868975
22872450
22876622
22889797
22894089
22895615
22895705
22896038
22899565
22903923
22907701
22916363
22916893
22922898
22926570
22932327
22933256
22936869
22943292
22947127
22950476
22954758
22956819
22962916
22964096
22965127
22966357
22967370
22969797
22969842
22971889
22973439
22976968
22979302
22982864
22987622
22992607
22993838
22995070
23001981
23002721
23004182
23004598
23012799
23028010
23037432
23041501
23046821
23050053
23054172
23055188
23057491
23059935
23060095
23064179
23071656
23073722
23076323
23099865
23100082
23107894
23111900
23112395
23114335
23114986
23116837
23120247
23121693
23123230
23124743
23124957
23125653
23127156
23130764
23136312
23137226
23137446
23138780
23139340
23139696
23145017
23145039
23145110
23145436
23152936
23155442
23155652
23160286
23169403
23169844
23170223
23170671
23171273
23176682
23188099
23188771
23189195
23191755
23193292
23200428
23206643
23206661
23209597
23213936
23216190
23224419
23225264
23228267
23232780
23243158
23244390
23248767
23251813
23251961
23257170
23257696
23259232
23264929
23275130
23286843
23295678
23300782
23302575
23304768
23306936
23313731
23319800
23321392
23329170
23330970
23331933
23335125
23335805
23344298
23349500
23353041
23361883
23363484
23364250
23366748
23382622
23383813
23386108
23390938
23393264
23394105
23394594
23397338
23399051
23400733
23403344
23409297
23410393
23410873
23410956
23411995
23415248
23415963
23420603
23428664
23431716
23432645
23437060
23437227
23437381
23437923
23438908
23441651
23441975
23442022
23452482
23453210
23453902
23455801
23460854
23462214
23462395
23471967
23475071
23475127
23484646
23490320
23493365
23498077
23500270
23509444
23511995
23518983
23524654
23526243
23527589
23529062
23533539
23537727
23541742
23548802
23548914
23550682
23551352
23557044
23558347
23565286
23565683
23572023
23574865
23578438
23579918
23585696
23587018
23594348
23597084
23602637
23607431
23612377
23619218
23621669
23627492
23628897
23629702
23630165
23633055
23637859
23638917
23643682
23646373
23646871
23648667
23656359
23659394
23660400
23661056
23664925
23666869
23667981
23668574
23671143
23672873
23674001
23674275
23676208
23679047
23680925
23682381
23682387
23692809
23696425
23701450
23704240
23706037
23706566
23707549
23708407
23709365
23716607
23717812
23718788
23719555
23721141
23723078
23726855
23728262
23732400
23738108
23744921
23753745
23753999
23755311
23755878
23758977
23761179
23761525
23764845
23770040
23773185
23777138
23784113
23787253
23789472
23792481
23792949
23793904
23794291
23797228
23802791
23808206
23815795
23822156
23830531
23832691
23834375
23839604
23842829
23844517
23846730
23851454
23857629
23861210
23863465
23865278
23867332
23869626
23875523
23879831
23896185
23897460
23899150
23899711
23900247
23900758
23902946
23905712
23905763
23910574
23913578
23914882
23916429
23917726
23929110
23929334
23929689
23933292
23937598
23937923
23939096
23939508
23941058
23942828
23948815
23952294
23953860
23959490
23960180
23962276
23967160
23967687
23968700
23980113
23983046
23985324
23985755
23994426
23996582
23996809
24009587
24011087
24011802
24015238
24016417
24023960
24026254
24027018
24044576
24047218
24052895
24054965
24056402
24064334
24067134
24069375
24076952
24078119
24081941
24089408
24096185
24097030
24100557
24105633
24107998
24109389
24110020
24110098
24115831
24117863
24120540
24123944
24141329
24144643
24146847
24147026
24147599
24148021
24154271
24155122
24155680
24156422
24157290
24164081
24172827
24175644
24186411
24198052
24201287
24202158
24203790
24209640
24218629
24220206
24220803
24223462
24223840
24225449
24229233
24235667
24236930
24244197
24245200
24253849
24254398
24262578
24263519
24267662
24267815
24267845
24268392
24268520
24274126
24279414
24288658
24288865
24295893
24299308
24299441
24307114
24308556
24311876
24312963
24317161
24322040
24327699
24328207
24329877
24338788
24339327
24340139
24344163
24348033
24352061
24352437
24354614
24356005
24356600
24356907
24357172
24357922
24366339
24367303
24371598
24379972
24389006
24391461
24396479
24396918
24398205
24400202
24400816
24406576
24410948
24414962
24416902
24418259
24420666
24423643
24427710
24430381
24434189
24438329
24441366
24447082
24450644
24454577
24459846
24460103
24465113
24469605
24482395
24492361
24494457
24498570
24500272
24504361
24507229
24513617
24513978
24514890
24517221
24519498
24528290
24530149
24532565
24537427
24543866
24552267
24552506
24558950
24559260
24573105
24575110
24577007
24577016
24577749
24582419
24584796
24585767
24586680
24600540
24604600
24606916
24608189
24608825
24610877
24611100
24611531
24615599
24616495
24617713
24624372
24625309
24627560
24627820
24628694
24635555
24636518
24640094
24640890
24647414
24651788
24651839
24664938
24671620
24672544
24674487
24681957
24683134
24684842
24686643
24688641
24688978
24689566
24691537
24694539
24701812
24702628
24703056
24706228
24709637
24710609
24714191
24715663
24720017
24725941
24728308
24730851
24731826
24732162
24735539
24736078
24742574
24748986
24753160
24754028
24765879
24767128
24769524
24774794
24779016
24782752
24783753
24788835
24788959
24791049
24801159
24802104
24805467
24806099
24808723
24809259
24813318
24817447
24818725
24819221
24822164
24825998
24831606
24835321
24837289
24839353
24843340
24847857
24848058
24848385
24848827
24852217
24855237
24859439
24859698
24860019
24861335
24861617
24867834
24868164
24873356
24873426
24874868
24875104
24880975
24882527
24888310
24890536
24893256
24901042
24903901
24906340
24908092
24912466
24914266
24921014
24922128
24933261
24937250
24943882
24944352
24946686
24947789
24948469
24951922
24957978
24963034
24965650
24967034
24974495
24978204
24981596
24981743
24986024
24987325
24987393
24991429
24995302
24995842
24999732
25000746
25003845
25006396
25007001
25007941
25008239
25009045
25009336
25009481
25010496
25011597
25012794
25013704
25017197
25020826
25020898
25028451
25028638
25029307
25029846
25032239
25034641
25034739
25035813
25037922
25038074
25039179
25039275
25039308
25040311
25042508
25045431
25045597
25051469
25053574
25053675
25054268
25059751
25066576
25070917
25080162
25083460
25083634
25093094
25094496
25099747
25107651
25113186
25119682
25121492
25123955
25129508
25129949
25134642
25136102
25136543
25138220
25142182
25148628
25151544
25152146
25154962
25155682
25156224
25158984
25159728
25162363
25166414
25174222
25176428
25182953
25184677
25187081
25189038
25189799
25193224
25195281
25200209
25204347
25204537
25209869
25210768
25223904
25225871
25227682
25227987
25229653
25230822
25234189
25248001
25248277
25250205
25255511
25257305
25262579
25264643
25264705
25266256
25268235
25268618
25271439
25276271
25276641
25278079
25279110
25282391
25282990
25284397
25287621
25290441
25290944
25302579
25302972
25308539
25308961
25315836
25316653
25317467
25318173
25324913
25327334
25328472
25331478
25332131
25333147
25333847
25342228
25357851
25360437
25361353
25363338
25366294
25366985
25367134
25371197
25383641
25384517
25389519
25393231
25393945
25395544
25397268
25398255
25398481
25403669
25403739
25405761
25407907
25410481
25411796
25412370
25414296
25416408
25417978
25418366
25418747
25420634
25422792
25426916
25437038
25454968
25455044
25463570
25471759
25472596
25476659
25477884
25480209
25481517
25485788
25486291
25488376
25494391
25497010
25497170
25503666
25506670
25510031
25512267
25512702
25516971
25522585
25523583
25529502
25536663
25541489
25546675
25546901
25549070
25550068
25553428
25554098
25554114
25554446
25560858
25561950
25562443
25566392
25567528
25570885
25571079
25571323
25571898
25572566
25574607
25576196
25580733
25582356
25583121
25583627
25586065
25589028
25606648
25612559
25614840
25619998
25621764
25623697
25624130
25624222
25627588
25628268
25629252
25631774
25633739
25634811
25643431
25643886
25647892
25650833
25652070
25652561
25658497
25658796
25659698
25661215
25664581
25666745
25667985
25668526
25669028
25674730
25682509
25685583
25687226
25688392
25688772
25688858
25689299
25689511
25693813
25694194
25696510
25699071
25710862
25711320
25712705
25712973
25714220
25716367
25718828
25725410
25729315
25738586
25740812
25741698
25747040
25747617
25751381
25757998
25759947
25760843
25763472
25766843
25769234
25770436
25773151
25778796
25787453
25788856
25789822
25790159
25794064
25797222
25798963
25800978
25801886
25803984
25804752
25804956
25811243
25812240
25812498
25812710
25815583
25823434
25825158
25829084
25829160
25832926
25843990
25846440
25846954
25846991
25848738
25849815
25853422
25857568
25859401
25862003
25865913
25865995
25872574
25872582
25881271
25881644
25882602
25886457
25897660
25899662
25905690
25906103
25906502
25907379
25908885
25913982
25915291
25916517
25922255
25922590
25929972
25930591
25934232
25938852
25939510
25941350
25941787
25944874
25951279
25952326
25958386
25960303
25964958
25965067
25969020
25970876
25974336
25974680
25975757
25976440
25976638
25979463
25979815
25982404
25982632
25983353
25983629
25984306
25988427
25994414
25997559
26006048
26011795
26013714
26029028
26029574
26033815
26038411
26038572
26045494
26047374
26050740
26054212
26065379
26069594
26070195
26071980
26072002
26075280
26075845
26077466
26079620
26081830
26084881
26085504
26087452
26089116
26089850
26090629
26092040
26093440
26093935
26096461
26096798
26105567
26108856
26110089
26113542
26115281
26116463
26119695
26120062
26121027
26126206
26127651
26132018
26132945
26133541
26134855
26134972
26137363
26137562
26137996
26138804
26144020
26147509
26154461
26158010
26159478
26160227
26165832
26166754
26169075
26173593
26176499
26181994
26185043
26185867
26186275
26194521
26195519
26197446
26199175
26199533
26206272
26208093
26212762
26215682
26216200
26216404
26217289
26217553
26219054
26220050
26220600
26221781
26225891
26227831
26229710
26233627
26237897
26237968
26238583
26243351
26245353
26246252
26248565
26249218
26250281
26250842
26252373
26260566
26267493
26273670
26279020
26284319
26287366
26293057
26298525
26302315
26306525
26314027
26317316
26318315
26324298
26334058
26334086
26335252
26338137
26342496
26342862
26344940
26345743
26346434
26353086
26353487
26357034
26359256
26363217
26363753
26366480
26366600
26374360
26376839
26378218
26382259
26385982
26393046
26394127
26395508
26398507
26404736
26410449
26410518
26411321
26411479
26412475
26412790
26415963
26420833
26430419
26434406
26435202
26438825
26439244
26441241
26445227
26448274
26449303
26449893
26452748
26455780
26457434
26458213
26461115
26467614
26470210
26470389
26470782
26471254
26472020
26474401
26474770
26478300
26481506
26487304
26490757
26495849
26496611
26499640
26501607
26503597
26507140
26509406
26510088
26510689
26511370
26515478
26517511
26518905
26522460
26523164
26533356
26533616
26536827
26539067
26540382
26543622
26552945
26553874
26556066
26556558
26557075
26559451
26561417
26564284
26565218
26570041
26571601
26571784
26580203
26584261
26585390
26598562
26599092
26601736
26605157
26609120
26611043
26614036
26614429
26616550
26618123
26620036
26629219
26630377
26630528
26632417
26633357
26636152
26639641
26640310
26640952
26642572
26643082
26647863
26659087
26659904
26659990
26663949
26665524
26665892
26666229
26669946
26670992
26671530
26677342
26678505
26678733
26680035
26680440
26681335
26681385
26684717
26685748
26686383
26693796
26701054
26701066
26701407
26705913
26707346
26708765
26708972
26709918
26710076
26716817
26720336
26720998
26721089
26721859
26722011
26732796
26736616
26736950
26737306
26739113
26740771
26743155
26746653
26746960
26750650
26754569
26756334
26763468
26763839
26764159
26772094
26773305
26775471
26775900
26778476
26789331
26790410
26790698
26791195
26791234
26793889
26799317
26801507
26807131
26809120
26812353
26813702
26816296
26816852
26826604
26833488
26834228
26836183
26840998
26842990
26843926
26847493
26847537
26848524
26857854
26861132
26862775
26865937
26866181
26870030
26871281
26874928
26881992
26882060
26882997
26886524
26891796
26894277
26897347
26898310
26903924
26907697
26910122
26915926
26920039
26920268
26922335
26922418
26927142
26939858
26946887
26950919
26957358
26959559
26960131
26962851
26964184
26966078
26967002
26967588
26968291
26972745
26977811
26979024
26979950
26980510
26981883
26983289
26984709
26990633
26993226
26998261
26999049
27007656
27020058
27021661
27021792
27024679
27030171
27037911
27039737
27040804
27046632
27049717
27052228
27064569
27068998
27076851
27083086
27085469
27085905
27086445
27090052
27099621
27100286
27104248
27104548
27108228
27110577
27122604
27123526
27123534
27126835
27130359
27133363
27133432
27133895
27137698
27139548
27141961
27143946
27148086
27156434
27159833
27165658
27171446
27174251
27175179
27180019
27182275
27185013
27185441
27194496
27198279
27200003
27201725
27202083
27204300
27205877
27207862
27211911
27216447
27217019
27221300
27221667
27232978
27237694
27237775
27237930
27251745
27255219
27256735
27267150
27272250
27279611
27281871
27295049
27299813
27305275
27307662
27311374
27313860
27315150
27325411
27327641
27329557
27332830
27338462
27342776
27343297
27346960
27347003
27348480
27356031
27362572
27368182
27372789
27376175
27382780
27394025
27403451
27404996
27411814
27413612
27416055
27418985
27425034
27427213
27427363
27433492
27434855
27440545
27450773
27452618
27457732
27457997
27461223
27462477
27466888
27469496
27474003
27474815
27477767
27478625
27480508
27482080
27487636
27491185
27493147
27496943
27498750
27499555
27506106
27510444
27513614
27513718
27513983
27514373
27514872
27516302
27518850
27520879
27524080
27530705
27532412
27538209
27542874
27544168
27545248
27547923
27547937
27554375
27564305
27565320
27568117
27571959
27572166
27573543
27573559
27577616
27579572
27579753
27581358
27582769
27584426
27588165
27594183
27595314
27595726
27597869
27598480
27622927
27623648
27638523
27639047
27640907
27641974
27650236
27659920
27665972
27666182
27668311
27668406
27674726
27675463
27677184
27680381
27684579
27684809
27691471
27693270
27695284
27696001
27696267
27699054
27699923
27701353
27708923
27711543
27717048
27725763
27727500
27730074
27730467
27731362
27732025
27733164
27737374
27742212
27742337
27742987
27743492
27745459
27749318
27749636
27750165
27757884
27764374
27765855
27767246
27770268
27771947
27782989
27784005
27786595
27786624
27789417
27792516
27793513
27793543
27802344
27803645
27804632
27810811
27813454
27815330
27822951
27825273
27828102
27832806
27836138
27837565
27842315
27843670
27847569
27862987
27865263
27868630
27869252
27869652
27877544
27887600
27889266
27890794
27893150
27894985
27898980
27901436
27908904
27912137
27916353
27917812
27921090
27926234
27930838
27936858
27938973
27940287
27941658
27942399
27945747
27945798
27948533
27951815
27955860
27958259
27959017
27965158
27965369
27965760
27966947
27969406
27969819
27969836
27975594
27979415
27979987
27990009
27992026
28003949
28007038
28008786
28009176
28011365
28011645
28012469
28016489
28023269
28023465
28025307
28032329
28033708
28038739
28040330
28041805
28056759
28059320
28061996
28062890
28063911
28065597
28070313
28070371
28071103
28073228
28077469
28078615
28078800
28080226
28086185
28091437
28095220
28099122
28102720
28104678
28107213
28108120
28111770
28112332
28113649
28116425
28122292
28123728
28131499
28138396
28144202
28147270
28148024
28149171
28158135
28162506
28164580
28167224
28167953
28172991
28173107
28173454
28175785
28178847
28181387
28182550
28184584
28190883
28203771
28207325
28208931
28214261
28216413
28217536
28218758
28219817
28222778
28222862
28225921
28234433
28236377
28243145
28244821
28246296
28248099
28249149
28249316
28252312
28261447
28262719
28264370
28266363
28267533
28274780
28281619
28286277
28289460
28291902
28298520
28306097
28307273
28308981
28308989
28312327
28315799
28321016
28326315
28326346
28330919
28343553
28347111
28347408
28350076
28351686
28354955
28356933
28359193
28361506
28367505
28368530
28369552
28372792
28379080
28379708
28381635
28381704
28381838
28382582
28384011
28387898
28388278
28392395
28393493
28395468
28398393
28407283
28407812
28408002
28409297
28412392
28413617
28416312
28419006
28423977
28431834
28433494
28434301
28435517
28437872
28440359
28441990
28452927
28453108
28461570
28465844
28466250
28468412
28469777
28471954
28475062
28479332
28483533
28494708
28495137
28502378
28510263
28517730
28520883
28522583
28524247
28525109
28527187
28529116
28529578
28538706
28541006
28542518
28545976
28551306
28553706
28553815
28555099
28556175
28564383
28565075
28569480
28570786
28577072
28582445
28585843
28586408
28587240
28590996
28593417
28596094
28597726
28602474
28604865
28616202
28620151
28621003
28622448
28630163
28636735
28640322
28645986
28650077
28654891
28657003
28661291
28663807
28670552
28672235
28698214
28702903
28705433
28705753
28707327
28707445
28709744
28717272
28722996
28725549
28726170
28727754
28729037
28731113
28738777
28740171
28740396
28741471
28744168
28746526
28747073
28750534
28758359
28758386
28765463
28765708
28772918
28777417
28779272
28780880
28784487
28792886
28793356
28794012
28794114
28796494
28797943
28799568
28802726
28803264
28803912
28805208
28809276
28813028
28814442
28820274
28820512
28823970
28826056
28829524
28830080
28831298
28834004
28834770
28845718
28847004
28862860
28863949
28864041
28871679
28871990
28873450
28881073
28883554
28884211
28887780
28888948
28893976
28894206
28896007
28899343
28904397
28904682
28910450
28910566
28911022
28916516
28923055
28926422
28926749
28929450
28935408
28935914
28938091
28942854
28943301
28944234
28944734
28945672
28955143
28956892
28963812
28971323
28976161
28979109
28980665
28980750
28989617
28990480
28997221
28997425
28998269
29001836
29009877
29010742
29012360
29012576
29013439
29013919
29015253
29021557
29023009
29023477
29023598
29026573
29028160
29028271
29030022
29035289
29049122
29054093
29055571
29055638
29061226
29070162
29073853
29076524
29080687
29081028
29082121
29083279
29083295
29084081
29093914
29095049
29095277
29102358
29103259
29107738
29116610
29120018
29126698
29132642
29133922
29134438
29134945
29136219
29138149
29138498
29138517
29139974
29140928
29141529
29141893
29142283
29150764
29150950
29154628
29155248
29156284
29156467
29166344
29166486
29168309
29169022
29170938
29171823
29172877
29179258
29186681
29190770
29199616
29200123
29204967
29205355
29207449
29210498
29214789
29215520
29216081
29216238
29217644
29220453
29226194
29232650
29238006
29238654
29241095
29241990
29243199
29243309
29249551
29249994
29255091
29255198
29255908
29258389
29261376
29271017
29271667
29272849
29275728
29277218
29279086
29279479
29286987
29288156
29296994
29297044
29303262
29304304
29304877
29305118
29313479
29313745
29316123
29319651
29322114
29331141
29331959
29334260
29338172
29339795
29342694
29345372
29349001
29350653
29353799
29357946
29360682
29362177
29368143
29372290
29374465
29379303
29379448
29381097
29381597
29381635
29382533
29385481
29388667
29389274
29393139
29397401
29398707
29398893
29400344
29408878
29415342
29416872
29420451
29431087
29431939
29432794
29432952
29433512
29433754
29435680
29436363
29436509
29442517
29445851
29448542
29451352
29451686
29451963
29452247
29453541
29454855
29457777
29468810
29469058
29470915
29472424
29472529
29473548
29473814
29482990
29486673
29487562
29490528
29491081
29492324
29494974
29496094
29506364
29515961
29518404
29520819
29532201
29533326
29536864
29539410
29543273
29544849
29548464
29550058
29552549
29558813
29562726
29566948
29571209
29572512
29576136
29577731
29578647
29581420
29584364
29584538
29588573
29591461
29591911
29593922
29598189
29598827
29598969
29603837
29605202
29605678
29617000
29618216
29619142
29622835
29623429
29627049
29627084
29628019
29628159
29651015
29654905
29657034
29657882
29661299
29669454
29673365
29673549
29678711
29682000
29684453
29693203
29694942
29696278
29698696
29699060
29701887
29709709
29713743
29722416
29724170
29724461
29727833
29738954
29765453
29766018
29766155
29782398
29783623
29787725
29788791
29788975
29809559
29809608
29810375
29811509
29813441
29814651
29815743
29819162
29826060
29826593
29829115
29831344
29831935
29841443
29846197
29847718
29849913
29850916
29855022
29857229
29862571
29865563
29870761
29880168
29884887
29886598
29887314
29892029
29893294
29898293
29906187
29908967
29915028
29915981
29929352
29929482
29932656
29933044
29941503
29943386
29943505
29944259
29949419
29957632
29961150
29961588
29964139
29968074
29972424
29982677
29984921
29988729
29990571
29990660
29992290
29994016
29994788
29994820
29994842
29995105
29998233
30004136
30004749
30010770
30011072
30011719
30014463
30014914
30015299
30016024
30018804
30022636
30023468
30027380
30029370
30030811
30040026
30041065
30042720
30043450
30045580
30052673
30054059
30056880
30058374
30058400
30060263
30062719
30064806
30073516
30076163
30076178
30078212
30079127
30079311
30084456
30087411
30090527
30091488
30093844
30095927
30096902
30101546
30106803
30119101
30120741
30133517
30135667
30139059
30143502
30143730
30145163
30146392
30147246
30154327
30158383
30161474
30162615
30170296
30176074
30177874
30178083
30179722
30182493
30183611
30187265
30195354
30205252
30207225
30214156
30215727
30215856
30220702
30220758
30221549
30225807
30226227
30229496
30241155
30242469
30242904
30243881
30244854
30247488
30247559
30253122
30256291
30258459
30258958
30259011
30261228
30268593
30273633
30281995
30284463
30317078
30328218
30340693
30342232
30352120
30354689
30358293
30359266
30364333
30368304
30368948
30374260
30377154
30377451
30378126
30378956
30390273
