144206.0
144206.0
144206.0
144206.0
144206.0
144206.0
144206.0
144206.0
144206.0
144206.0
288412
288412
288412
432618
432618
576824
576824
576824
576824
576824
721030
721030
721030
721030
721030
721030
721030
721030
721030
721030
865236
865236
865236
1009442
1009442
1009442
1153648
1153648
1153648
1153648
1153648
1153648
1153648
1153648
1153648
1153648
1297854
1297854
1297854
1297854
1297854
1442060
1442060
1442060
1442060
1442060
1442060
1442060
1442060
1442060
1442060
1586266
1586266
1586266
1730472
1730472
1730472
1730472
1730472
1874678
1874678
1874678
2018884
2018884
2018884
2018884
2018884
2018884
2018884
2018884
2018884
2018884
2163090
2163090
2163090
2307296
2307296
2307296
2307296
2307296
2451502
2451502
2451502
2451502
2451502
2451502
2451502
2451502
2451502
2451502
2595708
2595708
2595708
2595708
2595708
2595708
2595708
2595708
2595708
2595708
2739914
2739914
2739914
2739914
2739914
2884120
3028326
3028326
3028326
3028326
3028326
3028326
3028326
3028326
3028326
3028326
3172532
3172532
3172532
3172532
3172532
3316738
3316738
3316738
3316738
3316738
3316738
3316738
3316738
3316738
3316738
3460944
3460944
3605150
3749356
3893562
3893562
3893562
3893562
3893562
3893562
3893562
3893562
3893562
3893562
4037768
4037768
4037768
4037768
4037768
4181974
4181974
4326180
4326180
4326180
4326180
4326180
4326180
4326180
4326180
4326180
4326180
4470386
4470386
4470386
4470386
4470386
4470386
4470386
4470386
4470386
4470386
4614592
4614592
4614592
4614592
4614592
4614592
4614592
4614592
4614592
4614592
4758798
4903004
4903004
4903004
5047210
5047210
5047210
5047210
5047210
5047210
5047210
5047210
5047210
5047210
5191416
5191416
5191416
5335622
5335622
5335622
5335622
5335622
5335622
5335622
5335622
5335622
5335622
5479828
5479828
5479828
5479828
5479828
5479828
5479828
5479828
5479828
5479828
5624034
5624034
5624034
5624034
5624034
5624034
5624034
5624034
5624034
5624034
5768240
5768240
5768240
5768240
5768240
5768240
5768240
5768240
5768240
5768240
5912446
5912446
5912446
6056652
6056652
6056652
6056652
6056652
6056652
6056652
6056652
6056652
6056652
6200858
6200858
6200858
6200858
6200858
6345064
6345064
6345064
6345064
6345064
6489270
6489270
6489270
6489270
6489270
6489270
6489270
6489270
6489270
6489270
6633476
6633476
6633476
6633476
6633476
6777682
6777682
6777682
6777682
6777682
6777682
6777682
6777682
6777682
6777682
6921888
6921888
6921888
6921888
6921888
6921888
6921888
6921888
6921888
6921888
7066094
7066094
7066094
7210300
7210300
7210300
7210300
7210300
7210300
7210300
7210300
7210300
7210300
7354506
7354506
7498712
7498712
7498712
7498712
7498712
7498712
7498712
7498712
7498712
7498712
7642918
7642918
7787124
7787124
7787124
7931330
7931330
7931330
7931330
7931330
8075536
8075536
8075536
8075536
8075536
8075536
8075536
8075536
8075536
8075536
8219742
8219742
8219742
8219742
8219742
8219742
8219742
8219742
8219742
8219742
8363948
8363948
8363948
8363948
8363948
8508154
8652360
8652360
8652360
8796566
8796566
8796566
8796566
8796566
8940772
8940772
8940772
8940772
8940772
8940772
8940772
8940772
8940772
8940772
9229184
9229184
9229184
9373390
9373390
9373390
9373390
9373390
9517596
9517596
9517596
9517596
9517596
9661802
9661802
9661802
9661802
9661802
9806008
9806008
9806008
9806008
9806008
9806008
9806008
9806008
9806008
9806008
9950214
9950214
10094420
10094420
10094420
10238626
10238626
10238626
10238626
10238626
10238626
10238626
10238626
10238626
10238626
10382832
10382832
10527038
10527038
10527038
10671244
10815450
10815450
10815450
10815450
10815450
10815450
10815450
10815450
10815450
10815450
10959656
10959656
11103862
11103862
11248068
11248068
11248068
11248068
11248068
11248068
11248068
11248068
11248068
11248068
11248068
11248068
11248068
11248068
11248068
11248068
11248068
11248068
11248068
11248068
11392274
11392274
11392274
11392274
11392274
11392274
11392274
11392274
11392274
11392274
11536480
11536480
11536480
11536480
11536480
11536480
11536480
11536480
11536480
11536480
11680686
11680686
11680686
11680686
11680686
11680686
11680686
11680686
11680686
11680686
11824892
11824892
11824892
11824892
11824892
11969098
11969098
11969098
11969098
11969098
11969098
11969098
11969098
11969098
11969098
11969098
11969098
11969098
11969098
11969098
11969098
11969098
11969098
11969098
11969098
12113304
12113304
12113304
12113304
12113304
12113304
12257510
12257510
12257510
12257510
12257510
12257510
12257510
12257510
12257510
12257510
12257510
12257510
12257510
12257510
12257510
12257510
12257510
12257510
12257510
12257510
12401716
12401716
12401716
12401716
12401716
12401716
12401716
12401716
12401716
12401716
12401716
12401716
12401716
12401716
12401716
12401716
12401716
12401716
12401716
12401716
12545922
12545922
12545922
12545922
12545922
12545922
12545922
12545922
12545922
12545922
12545922
12545922
12545922
12545922
12545922
12545922
12545922
12545922
12545922
12545922
12690128
12690128
12690128
12690128
12690128
12690128
12690128
12690128
12690128
12690128
12690128
12690128
12690128
12690128
12690128
12690128
12690128
12690128
12690128
12690128
12834334
12834334
12834334
12834334
12834334
12834334
12834334
12834334
12834334
12834334
12834334
12834334
12834334
12834334
12834334
12834334
12834334
12834334
12834334
12834334
12978540
12978540
12978540
12978540
13122746
13122746
13122746
13122746
13122746
13122746
13122746
13122746
13122746
13122746
13266952
13266952
13266952
13266952
13266952
13266952
13266952
13266952
13266952
13266952
13266952
13266952
13266952
13266952
13266952
13266952
13266952
13266952
13266952
13266952
13411158
13411158
13411158
13411158
13411158
13411158
13411158
13411158
13411158
13411158
13411158
13411158
13411158
13411158
13411158
13411158
13411158
13411158
13411158
13411158
13555364
13555364
13555364
13555364
13555364
13555364
13699570
13987982
13987982
13987982
13987982
13987982
13987982
13987982
13987982
13987982
13987982
13987982
13987982
13987982
13987982
13987982
13987982
13987982
13987982
13987982
13987982
13987982
13987982
13987982
13987982
13987982
13987982
13987982
13987982
13987982
13987982
14132188
14132188
14132188
14132188
14132188
14132188
14132188
14132188
14132188
14132188
14132188
14132188
14132188
14132188
14132188
14276394
14276394
14276394
14276394
14276394
14276394
14276394
14276394
14276394
14276394
14276394
14276394
14276394
14276394
14276394
14276394
14276394
14276394
14276394
14276394
14276394
14276394
14276394
14276394
14276394
14276394
14276394
14276394
14276394
14276394
14420600
14420600
14420600
14420600
14420600
14420600
14420600
14420600
14420600
14420600
14420600
14420600
14420600
14420600
14420600
14420600
14420600
14420600
14420600
14420600
14564806
14564806
14564806
14564806
14564806
14564806
14564806
14564806
14564806
14564806
14564806
14564806
14564806
14564806
14564806
14564806
14564806
14564806
14564806
14564806
14564806
14564806
14564806
14564806
14564806
14564806
14564806
14564806
14564806
14564806
14564806
14564806
14564806
14564806
14564806
14564806
14564806
14564806
14564806
14564806
14709012
14709012
14709012
14709012
14709012
14709012
14709012
14709012
14709012
14709012
14709012
14709012
14709012
14709012
14709012
14709012
14709012
14709012
14709012
14709012
14709012
14709012
14709012
14709012
14709012
14709012
14709012
14709012
14709012
14709012
14853218
14853218
14853218
14853218
14853218
14853218
14853218
14853218
14853218
14853218
14997424
14997424
14997424
14997424
14997424
14997424
14997424
14997424
14997424
14997424
14997424
14997424
14997424
15141630
15141630
15141630
15141630
15141630
15141630
15141630
15141630
15141630
15141630
15141630
15141630
15141630
15141630
15141630
15141630
15141630
15141630
15141630
15141630
15285836
15285836
15285836
15285836
15285836
15285836
15285836
15285836
15430042
15430042
15430042
15430042
15430042
15430042
15430042
15430042
15430042
15430042
15430042
15430042
15430042
15430042
15430042
15430042
15430042
15430042
15430042
15430042
15430042
15430042
15430042
15430042
15430042
15430042
15430042
15430042
15430042
15430042
15574248
15574248
15574248
15574248
15574248
15574248
15574248
15574248
15574248
15574248
15574248
15574248
15574248
15574248
15574248
15574248
15574248
15574248
15574248
15574248
15574248
15574248
15574248
15574248
15574248
15574248
15574248
15574248
15574248
15574248
15574248
15574248
15574248
15574248
15574248
15574248
15574248
15574248
15574248
15574248
15574248
15574248
15574248
15574248
15574248
15574248
15574248
15574248
15574248
15574248
15718454
15718454
15718454
15718454
15718454
15718454
15718454
15718454
15718454
15718454
15718454
15718454
15718454
15718454
15718454
15718454
15718454
15718454
15718454
15718454
15718454
15718454
15718454
15718454
15718454
15718454
15718454
15718454
15718454
15718454
15862660
15862660
15862660
15862660
15862660
15862660
15862660
15862660
15862660
15862660
15862660
15862660
15862660
15862660
15862660
15862660
15862660
15862660
15862660
15862660
15862660
15862660
15862660
15862660
15862660
15862660
15862660
15862660
15862660
15862660
16006866
16006866
16006866
16006866
16006866
16006866
16006866
16006866
16006866
16006866
16006866
16006866
16006866
16006866
16006866
16006866
16006866
16006866
16006866
16006866
16006866
16006866
16006866
16006866
16006866
16006866
16006866
16006866
16006866
16006866
16151072
16151072
16151072
16151072
16151072
16151072
16151072
16151072
16151072
16151072
16151072
16151072
16151072
16151072
16151072
16151072
16151072
16151072
16151072
16151072
16151072
16151072
16151072
16151072
16151072
16151072
16151072
16151072
16151072
16151072
16295278
16295278
16295278
16295278
16295278
16295278
16295278
16295278
16295278
16295278
16295278
16295278
16295278
16295278
16295278
16439484
16439484
16439484
16439484
16439484
16439484
16439484
16439484
16439484
16439484
16439484
16439484
16439484
16439484
16439484
16583690
16583690
16583690
16583690
16583690
16583690
16583690
16583690
16583690
16583690
16583690
16583690
16583690
16583690
16583690
16583690
16583690
16583690
16583690
16583690
16583690
16583690
16583690
16583690
16583690
16583690
16583690
16583690
16583690
16583690
16727896
16727896
16727896
16727896
16727896
16872102
16872102
16872102
16872102
16872102
16872102
16872102
16872102
16872102
16872102
16872102
16872102
16872102
16872102
16872102
16872102
16872102
16872102
16872102
16872102
16872102
16872102
16872102
16872102
16872102
16872102
16872102
16872102
16872102
16872102
17016308
17016308
17016308
17016308
17016308
17016308
17016308
17016308
17016308
17016308
17016308
17016308
17016308
17016308
17016308
17016308
17016308
17016308
17016308
17016308
17160514
17160514
17160514
17160514
17160514
17160514
17304720
17304720
17304720
17304720
17304720
17304720
17304720
17304720
17304720
17304720
17304720
17304720
17304720
17304720
17304720
17304720
17304720
17304720
17304720
17304720
17448926
17448926
17448926
17448926
17448926
17448926
17448926
17448926
17448926
17448926
17448926
17448926
17448926
17448926
17448926
17448926
17448926
17448926
17448926
17448926
17593132
17593132
17593132
17593132
17593132
17593132
17593132
17593132
17593132
17593132
17737338
17737338
17881544
17881544
17881544
17881544
17881544
17881544
17881544
17881544
17881544
17881544
17881544
17881544
17881544
17881544
17881544
17881544
17881544
17881544
17881544
17881544
18025750
18025750
18025750
18025750
18169956
18169956
18169956
18169956
18169956
18169956
18169956
18169956
18169956
18169956
18169956
18169956
18169956
18169956
18169956
18169956
18169956
18169956
18169956
18169956
18314162
18314162
18314162
18314162
18314162
18458368
18458368
18458368
18458368
18458368
18458368
18458368
18458368
18458368
18458368
18458368
18458368
18458368
18458368
18458368
18458368
18458368
18458368
18458368
18458368
18602574
18602574
18602574
18602574
18602574
18602574
18602574
18602574
18602574
18602574
18602574
18602574
18602574
18602574
18602574
18602574
18602574
18602574
18602574
18602574
18746780
18746780
18746780
18746780
18746780
18746780
18746780
18746780
18746780
18746780
18746780
18746780
18746780
18746780
18746780
18746780
18746780
18746780
18746780
18746780
18890986
18890986
18890986
18890986
18890986
18890986
18890986
18890986
18890986
18890986
18890986
18890986
18890986
18890986
18890986
18890986
18890986
18890986
18890986
18890986
19035192
19035192
19035192
19035192
19035192
19035192
19035192
19035192
19035192
19035192
19179398
19179398
19179398
19179398
19179398
19179398
19179398
19179398
19179398
19179398
19179398
19179398
19179398
19179398
19179398
19179398
19179398
19179398
19179398
19179398
19323604
19323604
19323604
19323604
19323604
19323604
19323604
19323604
19323604
19323604
19467810
19467810
19467810
19612016
19612016
19612016
19612016
19612016
19756222
19756222
19756222
19756222
19756222
19900428
19900428
19900428
20044634
20044634
20044634
20044634
20044634
20188840
20188840
20188840
20188840
20188840
20333046
20333046
20333046
20333046
20333046
20333046
20333046
20333046
20333046
20333046
20477252
20477252
20477252
20477252
20477252
20477252
20477252
20477252
20477252
20477252
20621458
20621458
20621458
20765664
20765664
20765664
20765664
20765664
20909870
20909870
20909870
20909870
20909870
20909870
20909870
20909870
20909870
20909870
21054076
21054076
21054076
21054076
21054076
21054076
21054076
21054076
21054076
21054076
21198282
21342488
21342488
21342488
21342488
21342488
21486694
21486694
21486694
21486694
21486694
21486694
21486694
21486694
21486694
21486694
21630900
21630900
21630900
21630900
21630900
21630900
21630900
21630900
21630900
21630900
21775106
21775106
21775106
21919312
21919312
21919312
21919312
21919312
21919312
21919312
21919312
21919312
21919312
22063518
22063518
22063518
22207724
22207724
22207724
22207724
22207724
22351930
22351930
22351930
22351930
22351930
22496136
22496136
22496136
22640342
22640342
22640342
22784548
22784548
22784548
22784548
22784548
22784548
22784548
22784548
22784548
22784548
22928754
22928754
22928754
22928754
22928754
22928754
22928754
22928754
22928754
22928754
23072960
23072960
23217166
23217166
23217166
23217166
23217166
23361372
23361372
23361372
23361372
23361372
23361372
23361372
23361372
23361372
23361372
23505578
23505578
23505578
23505578
23505578
23649784
23649784
23649784
23649784
23649784
23793990
23793990
23793990
23793990
23793990
23793990
23793990
23793990
23793990
23793990
23938196
23938196
23938196
23938196
23938196
23938196
23938196
23938196
23938196
23938196
24082402
24082402
24082402
24082402
24082402
24082402
24082402
24082402
24082402
24082402
24226608
24226608
24226608
24226608
24226608
24515020
24515020
24515020
24515020
24515020
24515020
24515020
24515020
24515020
24515020
24659226
24659226
24659226
24659226
24659226
24659226
24659226
24659226
24659226
24659226
24803432
24803432
24803432
24803432
24803432
24947638
24947638
24947638
25091844
25091844
25091844
25091844
25091844
25091844
25091844
25091844
25091844
25091844
25236050
25236050
25236050
25236050
25236050
25380256
25380256
25380256
25380256
25380256
25668668
25668668
25668668
25668668
25668668
25668668
25668668
25668668
25668668
25668668
25812874
25812874
25812874
25812874
25812874
25812874
25812874
25812874
25812874
25812874
25957080
25957080
25957080
26101286
26101286
26101286
26101286
26101286
26245492
26245492
26245492
26245492
26245492
26389698
26389698
26389698
26389698
26389698
26533904
26533904
26533904
26533904
26533904
26533904
26533904
26533904
26533904
26533904
26678110
26678110
26678110
26678110
26678110
26678110
26678110
26678110
26678110
26678110
26822316
26822316
26822316
26966522
26966522
26966522
27110728
27110728
27254934
27254934
27254934
27254934
27254934
27254934
27254934
27254934
27254934
27254934
27399140
27399140
27399140
27399140
27399140
27543346
27543346
27543346
27543346
27543346
27543346
27543346
27543346
27543346
27543346
27687552
27687552
27687552
27687552
27687552
27687552
27687552
27687552
27687552
27687552
27831758
27831758
27975964
27975964
27975964
27975964
27975964
27975964
27975964
27975964
27975964
27975964
28120170
28120170
28120170
28120170
28120170
28120170
28120170
28120170
28120170
28120170
28264376
28264376
28264376
28264376
28264376
28408582
28408582
28552788
28552788
28552788
28552788
28552788
28552788
28552788
28552788
28552788
28552788
28696994
28841200
28841200
28841200
28841200
28841200
28841200
28841200
28841200
28841200
28841200
28985406
28985406
28985406
28985406
28985406
28985406
28985406
28985406
28985406
28985406
29129612
29129612
29273818
29273818
29273818
29273818
29273818
29273818
29273818
29273818
29273818
29273818
29418024
29418024
29418024
29562230
29562230
29562230
29562230
29562230
29706436
29706436
29850642
29850642
29850642
29850642
29850642
29850642
29850642
29850642
29850642
29850642
29994848
29994848
29994848
30139054
30139054
30139054
30139054
30139054
30139054
30139054
30139054
30139054
30139054
30283260
30283260
30283260
30283260
30283260
30283260
30283260
30283260
30283260
30283260
30427466
30427466
30427466
