6586
6589
69250
74454
81510
102350
108901
162870
205223
231287
303857
303858
325317
349586
408670
423049
439637
532826
539711
554970
573122
654719
720375
754328
760393
801394
815658
898963
898971
990055
993244
993246
993254
1015826
1017186
1017197
1017200
1025738
1025755
1025756
1057959
1282807
1329552
1359137
1359141
1359144
1359537
1368552
1386923
1458175
1571376
1571382
1572078
1584100
1591865
1601503
1604358
1604359
1604369
1725335
1725884
1732569
1732581
1736073
1743520
1760733
1843033
1891348
1918399
1928521
1954015
1954021
1954026
1970000
1975088
2054575
2092858
2099430
2115405
2126830
2175557
2205549
2242311
2341490
2503747
2508644
2534732
2534734
2561696
2567864
2648399
2648425
2661221
2661225
2661385
2661424
2661427
2704881
2713153
2773808
2785643
2866904
2893360
2919960
2920060
2920062
2920063
2925556
3046992
3153959
3166166
3170600
3307598
3375176
3466174
3471819
3471820
3471822
3480507
3512448
3554151
3576101
3583631
3615374
3615386
3619998
3666012
3696874
3745108
3822201
3923307
4002104
4126892
4128179
4185744
4217957
4217958
4274959
4330740
4344813
4373474
4402337
4468049
4494803
4494847
4494896
4508925
4516491
4519133
4544384
4605602
4620060
4640135
4664279
4745733
4746738
4796181
4845637
4867471
4867483
4888348
4888349
4888361
4918429
4928120
4957971
4957975
4957978
5015412
5053517
5056343
5056346
5155343
5245380
5245921
5279146
5280948
5280983
5280984
5280985
5281087
5281374
5282174
5282621
5282630
5282818
5284259
5284412
5285154
5286160
5301701
5338656
5426248
5433548
5441325
5456980
5488843
5488848
5555846
5555849
5566727
5566729
5587894
5588183
5588205
5608034
5651529
5651633
5651634
5651635
5651778
5651780
5651914
5652898
5652901
5694038
5705105
5706796
5708721
5786337
5792802
5792804
5836195
5898963
5932799
6023832
6065089
6065092
6073728
6117167
6126331
6147099
6150517
6150520
6189355
6213681
6272342
6348220
6348268
6373645
6459989
6484875
6484877
6486855
6576599
6591732
6591733
6671649
6671650
6717682
6788425
6827504
6835846
6970947
6992687
7041371
7041373
7121079
7147990
7161714
7194144
7210263
7226213
7226217
7226218
7231650
7235300
7286897
7343463
7394642
7443538
7540738
7556734
7556812
7556819
7563481
7607103
7608842
7608843
7643240
7650091
7669844
7696678
7698521
7699531
7714270
7714272
7734172
7738500
7738513
7744011
7772762
7772774
7773001
7773004
7788231
7788236
7812670
7847863
7851636
7895745
7898491
7914634
7936517
7936530
7936613
7942091
7942093
8139181
8204948
8204949
8224312
8227285
8248541
8248574
8276986
8306624
8370248
8394304
8408210
8408416
8408545
8409499
8409667
8432218
8433986
8437403
8438341
8476408
8476410
8528790
8538736
8543772
8597674
8617195
8694209
8702665
8712777
8721213
8769921
8834193
8848533
8852000
8873288
8873300
8927906
8928614
8943683
8953840
8968120
8985836
8994389
9077151
9089706
9100383
9101750
9106032
9117611
9128376
9144075
9205917
9258009
9294979
9328705
9383867
9394429
9394430
9460201
9497279
9529698
9549286
9549290
9585893
9585899
9591988
9618815
9618897
9653034
9667776
9667781
9680975
9694984
9695133
9827040
9848423
10019374
10036598
10049405
10144286
10151519
10184032
10186899
10199726
10199727
10213891
10213893
10259154
10321291
10394270
10407807
10434240
10455858
10463551
10463554
10468022
10505613
10517073
10517075
10541887
10543705
10562949
10593029
10619262
10633652
10667019
10667020
10713769
10733604
10766913
10811644
10821285
10834628
10834646
10836149
10838408
10838979
10838981
10838983
10841511
10841518
10864596
10865277
10877631
10881104
10881117
10884239
10902477
10916064
10926862
10946827
10953587
10955235
10966182
10966297
10966330
11039159
11057110
11057163
11061362
11113738
11188126
11201841
11221191
11221195
11221637
11232354
11274504
11309325
11309327
11325789
11326469
11326583
11326772
11337267
11372263
11405738
11406331
11406334
11406346
11407148
11407153
11407161
11409166
11410231
11410926
11424698
11449952
11470375
11549261
11643309
11643328
11643343
11676225
11676235
11690030
11691055
11691058
11691059
11691343
11698507
11698510
11699281
11699287
11763165
11763705
11763785
11763792
11783891
11784012
11809908
11819389
11824375
11861409
11861439
11872717
11872748
11872750
11872757
11872771
11972178
11972182
11984167
11984168
11984170
12008928
12038357
12093320
12143642
12149274
12180086
12180088
12203414
12203564
12204421
12212935
12245341
12246408
12246425
12250959
12251005
12251012
12251642
12252621
12253140
12313823
12330738
12375952
12376101
12406028
12417740
12456176
12465990
12466008
12483326
12511971
12531636
12532077
12539324
12547231
12549991
12551058
12562549
12567033
12570460
12575645
12575646
12603850
12604352
12604852
12604853
12619116
12631920
12633300
12633305
12672098
12811384
12811394
12811572
12821882
12821886
12832376
12868610
12882883
12936853
12936859
12947319
12950062
12950071
12963341
12970441
12970443
12976623
12976675
12976731
12976849
12977535
12977696
12978358
12978361
12981269
12981297
12981525
12988968
12992304
13014433
13014551
13015709
13019000
13085034
13089500
13090967
13103943
13149553
13163421
13163428
13183324
13189282
13190496
13190564
13191628
13191781
13191833
13191973
13191989
13192011
13192046
13192361
13192759
13194527
13200698
13200744
13205806
13206849
13207408
13207423
13207766
13209212
13209214
13209217
13209302
13209728
13209817
13210183
13210535
13211097
13211125
13212106
13212339
13212376
13212645
13212747
13218603
13218606
13243910
13245325
13249995
13258124
13271693
13281243
13298018
13298419
13343180
13343310
13402527
13409582
13460941
13466592
13496772
13504219
13504292
13504293
13504306
13504324
13522714
13522739
13537083
13537186
13538033
13538035
13540777
13545128
13548632
13548655
13554331
13561637
13561639
13585993
13587283
13587287
13587299
13587401
13587415
13587438
13587550
13587585
13587592
13589009
13589296
13589446
13589597
13589603
13589837
13590264
13591657
13592602
13593064
13593334
13593458
13593550
13593687
13593737
13593843
13593996
13594137
13594423
13594430
13594861
13594862
13595218
13595276
13595315
13595327
13595357
13595621
13596541
13596576
13596707
13596933
13597019
13597529
13597668
13597863
13597869
13597926
13597940
13598065
13598142
13598149
13598239
13598254
13598260
13598455
13598501
13598505
13598517
13598522
13598551
13598571
13598577
13598585
13598648
13598655
13598784
13598800
13598811
13598826
13598828
13598874
13600081
13600102
13600250
13600256
13601752
13601880
13614679
13624113
13624963
13641478
13641528
13641556
13641790
13641823
13641824
13641872
13641938
13642051
13642628
13642756
13642881
13642889
13642918
13642920
13642939
13642940
13642943
13643108
13643182
13654980
13655238
13655240
13655242
13655481
13655722
13655734
13655782
13655795
13655860
13656083
13656138
13656141
13656160
13656794
13656831
13656957
13656958
13656963
13657103
13657184
13657250
13666031
13668975
13668987
13669658
13670348
13671511
13673690
13673700
13673801
13681822
13682014
13682023
13682033
13682218
13682233
13682295
13684019
13684290
13684417
13684883
13684891
13684987
13685786
13685811
13685998
13686075
13686298
13687845
13690371
13690548
13690561
13691550
13691566
13691573
13692797
13693119
13693135
13693260
13694568
13697390
13698024
13698183
13698248
13699771
13700442
13701906
13703428
13703489
13703624
13704591
13705065
13705360
13705423
13705481
13705544
13705732
13705813
13705836
13705848
13705955
13706162
13706240
13706298
13706309
13706323
13706359
13706792
13707090
13707252
13707296
13707303
13707316
13708096
13708099
13708454
13708455
13708749
13708763
13708844
13708879
13708986
13709322
13709490
13709697
13709775
13709833
13709858
13709894
13710024
13710025
13710260
13710774
13710836
13711441
13711458
13711976
13711984
13712248
13712256
13712293
13712389
13713022
13713432
13713775
13714661
13714666
13714668
13714835
13714839
13715526
13716873
13717538
13718387
13718411
13718565
13718592
13720049
13720079
13720106
13721212
13721217
13721219
13721313
13721546
13722520
13723116
13723239
13723244
13723246
13723340
13723654
13723879
13723891
13723910
13724096
13724104
13725582
13725638
13725666
13728398
13728821
13728823
13728830
13733914
13736231
13737069
13737405
13737572
13737606
13737868
13737887
13746115
13746122
13746361
13746656
13747588
13747974
13748164
13748172
13748930
13749290
13750083
13750814
13750817
13751172
13751173
13751230
13751466
13751467
13751481
13751562
13751585
13751597
13751704
13752777
13753091
13753202
13753212
13753874
13754638
13754882
13755034
13755108
13756075
13756549
13756676
13757182
13757464
13757489
13757638
13757715
13758441
13758842
13758955
13759148
13759355
13761405
13761893
13761897
13761906
13762431
13762497
13762604
13762811
13763090
13765938
13766315
13766328
13766935
13766970
13768517
13768675
13769228
13769485
13769486
13769650
13771162
13771165
13771201
13771202
13771203
13771305
13771553
13771868
13772497
13772557
13773215
13773224
13774024
13774025
13774723
13774727
13774751
13774760
13774766
13774899
13774935
13776087
13776300
13776593
13776708
13776735
13776767
13776953
13778564
13778565
13779049
13779140
13779275
13779641
13780548
13780552
13780590
13780796
13780804
13780958
13781082
13781112
13781118
13781133
13782313
13782321
13782378
13782383
13782475
13782629
13783324
13783486
13783894
13784176
13784335
13784497
13784621
13784682
13784841
13785066
13786641
13787165
13787783
13787858
13787885
13787904
13788185
13788474
13788848
13789619
13790948
13791138
13791146
13791904
13793526
13794255
13794332
13794367
13794368
13794369
13794370
13794517
13794554
13794566
13795052
13795296
13795306
13795311
13795341
13795404
13795650
13796186
13796378
13796692
13796760
13796803
13797475
13798056
13798709
13799239
13800513
13800590
13800834
13802942
13802950
13804275
13804779
13807295
13807305
13807918
13807919
13808005
13809467
13809619
13809629
13809646
13809688
13809693
13809750
13809815
13809817
13809861
13809907
13809949
13810107
13810113
13810123
13810346
13810593
13811093
13811886
13812098
13812204
13812215
13812242
13812271
13812275
13812310
13812421
13813137
13813154
13813321
13813398
13813979
13813998
13814079
13814092
13814107
13814113
13814115
13814125
13814188
13814197
13814204
13814236
13814331
13814541
13814601
13814607
13814634
13814650
13814677
13814683
13814684
13814689
13814775
13814802
13814833
13814883
13814910
13815259
13815265
13815286
13815417
13815730
13815825
13815826
13815864
13815958
13815987
13816356
13820855
13826081
13827543
13827557
13828357
13829055
13829151
13830236
13830238
13831265
13831781
13835017
13835094
13835253
13835281
13835294
13835412
13835446
13835447
13835452
13835516
13835527
13836311
13836312
13836333
13836480
13836943
13836966
13837136
13837796
13837956
13837957
13838076
13838087
13838150
13838618
13838757
13838822
13838956
13838988
13839002
13839039
13839127
13839142
13839148
13839160
13839161
13839207
13839215
13839241
13839556
13839633
13840127
13840212
13840807
13844107
13844119
13845644
13845688
13845785
13845815
13845836
13845837
13845861
13845915
13845926
13845983
13847190
13847375
13847879
13847882
13847885
13849891
13849892
13849915
13850083
13850085
13850179
13850193
13850761
13850779
13850796
13850910
13850933
13851011
13851029
13851034
13851101
13851236
13851256
13852865
13852933
13853013
13853102
13853120
13853151
13853345
13853725
13853755
13853795
13854266
13854267
13854272
13854290
13854856
13855308
13855678
13855825
13856765
13856776
13857291
13857314
13857448
13857482
13857484
13857723
13857880
13858432
13858990
13859101
13859158
13859293
13859854
13859984
13859985
13859990
13860008
13860113
13860176
13860178
13860311
13861341
13861494
13861541
13861629
13861947
13861977
13862101
13862197
13862522
13862523
13862528
13862546
13862568
13862716
13863563
13863668
13863674
13864068
13864072
13864097
13864206
13864240
13864279
13864749
13864751
13865970
13868982
13869215
13869218
13869399
13869402
13869405
13869406
13869888
13869910
13870024
13870029
13870056
13870229
13870411
13870417
13870418
13870560
13900664
13901120
13903180
13916487
13916916
13916936
13916958
13917877
13919178
13922168
13923270
13930843
13963003
13963008
13963957
13963991
13966725
13991674
13992345
13998821
14008894
14009930
14009961
14009985
14011596
14013230
14027276
14028072
14046439
14050479
14052688
14068419
14068574
14098828
14098835
14158504
14164056
14165038
14172402
14172544
14172549
14172591
14172606
14172697
14172700
14172819
14172868
14172953
14172957
14173189
14173219
14173230
14173373
14173389
14173424
14173427
14173435
14173459
14173862
14173971
14174032
14174141
14174176
14174351
14174392
14174437
14174591
14174759
14174831
14175127
14175633
14175786
14176120
14177342
14177487
14177616
14177742
14177767
14178003
14178610
14178613
14178806
14178849
14178860
14178992
14178997
14179106
14179307
14179755
14179905
14180253
14180303
14180401
14180582
14180792
14181002
14181062
14181231
14181294
14181871
14181889
14182762
14182816
14182933
14182948
14182953
14183172
14183189
14183263
14183272
14183280
14183283
14183693
14183711
14183836
14183861
14184066
14184113
14184170
14184306
14184474
14184657
14184842
14185100
14185219
14185348
14185812
14187059
14187145
14187196
14187204
14187372
14187547
14187594
14187651
14187726
14188471
14188557
14189048
14189090
14189320
14190356
14190442
14190546
14190931
14191163
14191347
14191400
14191710
14191854
14192072
14193745
14194364
14194375
14194453
14194454
14194519
14195877
14204154
14204783
14204861
14204862
14204927
14205474
14206300
14206663
14207075
14207400
14207618
14207637
14207661
14207784
14207868
14207893
14207898
14207973
14208082
14208090
14208258
14208269
14208309
14208477
14208509
14208744
14210067
14210072
14210077
14210085
14210121
14210181
14210189
14210406
14210458
14210473
14210484
14210611
14210681
14210682
14210724
14210847
14210875
14210886
14210955
14211081
14211167
14211231
14211232
14211367
14211383
14211390
14211401
14211414
14211441
14211448
14211485
14211586
14211587
14211589
14211594
14211624
14211672
14211738
14212221
14212237
14212245
14212436
14212454
14212458
14212566
14212689
14212719
14212727
14212856
14213113
14213352
14213655
14213704
14213718
14213899
14213958
14213976
14213980
14213998
14214003
14214077
14214124
14214132
14214191
14214427
14214459
14214635
14214644
14214681
14214854
14214924
14215008
14215013
14215014
14215205
14215327
14215384
14215480
14215652
14215701
14215708
14215731
14215830
14215976
14215978
14216023
14216233
14216298
14216372
14217427
14217529
14217539
14217542
14217555
14217615
14217620
14217623
14217651
14217655
14217746
14217832
14217866
14217931
14218005
14218130
14218162
14218188
14218433
14218444
14218584
14218662
14218733
14218830
14218998
14219023
14219145
14219795
14219863
14219946
14219957
14219985
14220152
14220343
14220454
14220472
14220519
14220621
14220658
14220666
14220923
14221127
14221162
14221248
14221278
14221286
14221667
14221753
14221818
14221858
14221886
14221892
14222032
14222049
14222157
14222326
14222645
14222682
14222925
14222947
14223151
14223302
14223742
14223773
14223803
14223840
14223878
14223903
14223989
14224024
14224161
14224193
14224214
14224229
14224441
14224560
14224700
14224713
14224715
14224738
14224766
14224791
14224943
14225002
14225013
14225199
14225227
14238123
14238125
14255400
14261109
14261335
14268097
14268912
14313767
14313913
14353444
14439584
14456336
14468402
14475004
14475021
14475023
14475338
14475356
14475365
14475410
14475477
14475665
14475788
14475836
14476106
14476128
14476426
14476536
14476645
14502429
14502573
14520653
14528444
14537256
14551663
14566218
14582107
14586037
14586810
14587499
14587602
14587603
14587626
14588001
14594243
14594381
14594388
14612671
14614808
14630935
14634679
14639223
14692706
14693232
14777585
14777598
14790158
14790163
14790173
14814064
14814086
14814598
14848097
14848098
14861136
14861307
14865540
14865547
14865595
14865686
14889047
14903410
14903991
14904216
14948299
14997498
14997959
14998537
14999569
14999580
14999648
14999711
14999983
15000060
15000344
15000398
15000504
15000604
15001282
15001299
15001327
15001360
15001474
15035496
15038153
15043884
15045474
15051564
15070278
15070282
15078922
15079103
15079105
15081657
15106713
15140126
15142081
15142644
15142776
15143192
15143316
15143350
15143362
15151705
15166618
15166619
15166724
15166755
15166827
15166861
15168046
15168081
15168166
15168238
15168292
15239862
15239870
15239876
15246723
15268456
15284043
15288449
15288459
15290591
15295066
15295069
15295087
15295215
15299936
15300265
15300503
15300505
15300719
15300736
15300940
15301882
15302163
15302219
15302354
15302739
15302875
15304588
15305431
15305434
15305530
15305754
15309043
15309053
15309054
15309059
15309407
15383760
15384759
15395796
15415941
15419781
15428480
15428488
15428491
15428660
15428664
15428666
15428670
15429409
15429514
15462314
15462318
15462923
15479568
15586183
15598345
15614639
15653049
15670670
15670673
15671130
15703159
15713610
15715481
15717464
15717677
15717685
15717724
15717734
15717869
15718076
15718415
15718428
15719029
15719045
15722271
15728179
15742600
15745946
15745952
15758504
15814969
15838709
15845538
16035768
16062271
16124352
16131857
16174599
16174605
16209098
16264494
16324286
16355580
16355588
16396352
16396366
16396532
16434888
16437405
16437409
16437415
16468331
16468841
16488222
16488225
16501265
16520462
16556484
16563222
16563236
16563238
16568348
16578288
16579638
16589625
16685582
16694105
16694106
16696276
16701224
16711460
16717751
16717755
16873371
16915164
16958295
16986957
16995272
17019050
17041553
17046360
17098315
17106823
17106936
17107191
17107323
17107325
17107335
17107476
17107712
17107754
17107755
17108155
17108163
17108178
17108480
17116783
17137302
17144682
17144690
17222669
17256402
17383535
17383548
17383612
17394455
17470290
17470291
17470294
17489641
17518824
17582893
17617169
17688491
17737137
17799956
17901500
17956251
17979387
17979395
18001763
18001815
18020989
18118178
18160248
18270333
18306421
18308213
18310469
18343754
18343756
18343757
18402197
18470306
18617653
18617654
18710439
18723792
18723988
18723996
18724011
18724159
18724219
18724263
18724319
18724858
18725384
18725705
18726783
18726812
18726877
18740468
18740486
18741290
18771309
18771348
18771594
18856854
18856863
18856869
18964977
19088730
19153532
19248560
19281401
19521160
19538393
19737279
19737280
19740017
19740038
19777003
19778434
19819069
19910078
19949364
20353713
20353722
20353727
20546215
20602803
20602813
20602814
20716996
20716998
20717100
20932498
20942246
21006635
21017300
21126625
21134810
21153069
21267767
21282260
21282262
21342838
21342840
21364534
21403583
21462823
21527424
21601736
21680737
21680744
21686422
21749862
22029843
22113533
22166411
22237468
22240910
22241341
22297894
22458197
22518192
22526870
22586620
22647120
22650439
22651604
22677901
22767417
22768424
22842953
22860626
23021535
23021541
23062028
23146311
23326446
23434143
23434145
23434146
23439951
