926694
929190
929191
1523129
1523131
1706240
2052323
2055431
2769602
2769604
3318260
3493292
3496990
4415430
4556877
4582179
4582213
4582292
5205941
5699993
5819658
6538500
7004559
7056152
7169262
7393096
7675677
7840015
8325810
8458998
8647858
8647859
8647860
8675535
8901085
9005247
9019348
9958155
10272654
10272949
10417329
10417330
10417334
10438732
10525650
10579469
10955855
11148735
11410119
11703974
11892292
11892936
11892984
11953620
12192624
12298772
12577513
12854804
12875959
12876141
12876146
12876778
13033405
13177437
13179838
13267443
13296246
13308159
13439542
13646647
13658634
13661589
13742470
13863143
13946808
13972302
14225528
14388511
14434188
14494336
14499895
14508959
14508965
14508966
14508968
14508991
14509044
14509054
14509094
14509096
14509123
14509131
14509140
14509718
14509726
14511722
14538721
14543413
14545565
14595816
14596051
14604989
14605007
14607643
14607867
14607899
14607910
14607913
14608106
14608281
14608287
14608339
14608366
14609269
14609661
14609662
14609672
14609689
14609690
14609693
14609694
14609725
14609726
14609734
14609752
14609753
14609779
14609802
14609940
14610401
14610472
14659448
14659685
14659704
14685653
14685702
14685703
14685718
14685719
14685733
14721925
14722621
14933617
14999084
15036547
15071535
15082158
15082895
15083367
15083510
15084483
15084663
15085080
15085911
15085925
15086046
15092146
15094449
15095196
15095272
15099976
15100747
15113688
15135660
15138122
15166618
15171290
15175302
15175357
15177091
15177298
15177353
15195912
15206694
15207990
15267045
15269901
15290934
15290958
15291204
15291275
15365497
15371513
15371524
15371794
15389038
15389062
15389308
15417627
15424246
15424278
15424294
15424317
15424324
15430033
15430601
15430651
15430703
15430706
15430733
15431562
15435608
15435610
15435612
15435614
15435619
15435627
15436815
15437176
15437307
15437308
15437309
15437497
15437573
15437590
15437644
15437665
15437714
15437837
15437861
15437915
15437969
15437993
15437994
15438026
15438028
15438031
15438033
15438037
15438103
15487017
15507179
15507201
15564077
15596196
15656727
15670349
15738320
15739799
15747379
15972403
16096853
16218702
16362993
16510110
16510183
16510319
16510422
16510431
16510490
16510585
16510644
16510824
16510997
16511130
16511335
16512817
16513079
16513349
16513601
16514029
16514302
16514776
16514855
16515083
16515275
16515303
16515445
16515535
16515556
16515573
16515705
16515736
16515768
16515790
16515791
16515816
16516015
16516379
16516399
16516431
16516941
16517224
16517325
16517330
16517766
16518279
16518332
16518419
16518689
16518690
16521085
16521395
16522174
16522314
16522579
16522650
16522855
16522861
16522936
16523152
16523174
16523338
16523342
16523461
16523704
16523746
16524034
16524096
16525063
16525229
16525255
16525287
16525302
16525910
16525947
16526502
16526532
16526863
16526868
16527170
16601794
16692849
17046555
17111141
17111309
17111312
17139162
17143897
17624941
17695883
17714129
18396142
18396146
18396153
18396166
18396176
18396179
18396188
18396191
18396195
18398160
18398187
18398190
18719574
20686422
20824639
21206555
21744276
21757044
21763990
21765160
22112210
22170154
22320256
22450407
22451084
22615844
23240294
23240467
23390225
23896372
23927335
24190844
24553559
25180655
25180968
25181050
25738046
26272536
26408604
26621549
27859929
28369259
28504480
28815123
28990464
28990465
28990466
29469816
1078
1670
1708
1718
1966
2585
2593
2624
3169
5686
6110
9773
10142
10152
12746
22178
28150
38645
55086
85781
85834
85836
85844
86536
708230
709227
885800
1608348
1849579
2112678
2227014
2276319
2277877
2296614
2296621
2530051
2566140
2568811
2599960
2644618
2673209
2695277
2707806
2806509
2828465
2881909
2902656
3071372
3071737
3105817
3201598
3224111
3250545
3275327
3275330
3281449
3289674
3294385
3314501
3315085
3332607
3333809
3335431
3335669
3336026
3337485
3338190
3360344
3364189
3377361
3377783
3378466
3400045
3415956
3423578
3438343
3454018
3454081
3484626
3488867
3491198
3498459
3500717
3600697
3605998
3606250
3606590
3606613
3606827
3606908
3607002
3607182
3610097
3610168
3611883
3613084
3613231
3613569
3613635
3613735
3616721
3616924
3616993
3617040
3617192
3617232
3617233
3617280
3617308
3617419
3617716
3617846
3617993
3618203
3618691
3619160
3619309
3619492
3619755
3619848
3619921
3620072
3621015
3621275
3621386
3621481
3621802
3621933
3621978
3622702
3622987
3623164
3623342
3623402
3623672
3625245
3625402
3625513
3625647
3625719
3625804
3625884
3626169
3626507
3626539
3626709
3626741
3634720
3634721
3634796
3693702
3736639
3776563
3786997
3845391
3858401
3862151
3906229
3951189
3987289
4176040
4189687
4380000
4380316
4396736
4528830
4779325
4849247
4853370
4906415
4923157
4973819
5105646
5201942
5224176
5277241
5341378
5344979
5350207
5354149
5372931
5494228
5568592
5781771
5812637
5963235
6054492
6124711
6125453
6341089
6422633
6455731
6597506
6854985
6873119
6888228
7019642
7059434
7204489
7445053
7478896
7492720
7601297
7736630
8687834
10019560
10613006
10712073
10712074
10875256
11017525
11162058
11638582
11882185
11905490
11905532
11905533
11905548
11905549
11905580
11905582
11905733
11905734
11905735
11905737
11905739
11905743
11905744
11905770
11905771
11905772
11905773
11905800
11905802
11905803
11905804
11905808
11905814
11905818
11905819
11905850
11905852
11905853
11905854
11909079
12130080
12186489
12286078
13445136
13904313
14155545
14155547
14622897
16009718
16303213
16875951
17995589
18563458
19375291
19375298
19442610
19540152
19677649
19696553
19697836
19697997
19698032
44429
293451
526256
1843368
2849685
3007742
3047089
3114003
4740011
4885275
5025121
5816271
6367032
7104125
7602851
7786375
7896480
9608861
9609670
10200575
10202051
10496355
10819439
10994166
11324585
11354259
11370026
11851888
12049286
12090209
12224698
12306670
12382038
12471140
12777980
12856414
13075708
13077754
13092297
13114154
13235046
13289129
13308323
13353642
13368899
13421618
13427373
13480584
13498259
13587625
13588785
13589009
13589033
13589121
13589261
13589446
13589701
13590134
13590165
13590184
13590488
13590892
13590995
13591353
13591422
13591861
13592043
13592067
13592589
13599584
13624436
13629120
13667693
13682539
13682597
13682790
13682798
13683998
13684002
13684019
13684054
13685774
13701998
13702598
13705732
13705813
13706082
13708844
13709113
13709193
13709322
13709350
13709352
13709502
13709617
13709844
13709924
13710024
13710260
13718321
13718691
13732598
13737103
13737111
13737304
13737362
13750083
13751562
13756912
13770177
13775486
13778800
13789156
13790143
13790159
13813633
13834204
13837106
13839019
13839405
13839914
13847716
13851897
13852212
13852218
13862115
13876620
13913107
13914342
13915012
13980898
13995064
14099217
14110148
14172670
14173567
14173576
14173640
14175742
14180240
14184873
14185126
14185457
14188557
14189477
14189994
14189995
14190080
14190833
14191680
14192121
14192350
14192809
14192810
14193972
14194268
14194786
14195015
14204381
14204677
14205201
14205661
14205827
14205992
14208323
14209952
14210431
14211324
14212530
14212663
14212689
14212969
14212986
14214635
14215050
14215251
14215612
14215701
14215708
14216186
14216211
14217285
14217383
14218547
14218789
14218882
14220822
14222848
14223833
14223888
14223957
14224039
14224943
14224972
14225193
14291891
14358132
14421235
14480732
14518339
14551994
14603444
14626463
14628486
14654778
14796169
14798289
14798307
14798567
14798569
14810970
14810978
14810987
14810995
14810999
14811001
14811004
14811006
14814064
14814086
14814184
14814301
14814396
14814445
14814461
14814634
14816280
14865977
14865995
14865998
14866015
14866017
15008445
15128557
15128576
15128612
15157602
15256884
15261895
15279827
15479156
15733229
15805708
15813153
16261889
16339238
16362587
16408039
16500894
16994902
17203218
17738263
18110990
18738148
18959120
18959122
18959124
19082703
19206874
19206875
19208294
19208295
19249246
19249285
19249286
19249293
19437232
19996522
19996524
20795011
20795012
20854270
22365428
22577967
22582087
22884049
23109688
60354
79904
370865
410424
561780
659516
712350
1014040
1099234
1116957
1178262
1462510
1659976
1659996
1660000
1660007
1660018
1660024
1660118
1660119
1660122
1660127
1660157
1660163
1660169
1660171
1660173
1660184
1660186
1716529
1716577
1722495
1728056
1732257
1732362
1732371
1732461
1732480
1732706
1732761
1732984
1732992
1740681
1740736
1740757
1740926
1755652
1829319
1832760
1842690
1944325
1954456
1978094
1988662
2068995
2203688
2362567
2699730
2706712
2722525
2834370
2953734
2961776
2979745
2979786
3013188
3023268
3026125
3027810
3054305
3096584
3160201
3183923
3197040
3226374
3230289
3230298
3235394
3264073
3328194
3349667
3353918
3467243
3507272
3545655
3570669
3610078
3610087
3635550
3689398
3733354
3733362
3742729
3747628
3806940
3807138
3807142
3807143
3807149
3834954
3840708
3873056
3931603
3947307
3950603
3951101
3951150
3951235
3951242
3951297
3951312
3951377
3951391
3951439
3951817
3952102
3952110
3952224
3952415
3952669
3952671
3952840
3953202
3953240
3953318
3953324
3953329
3953375
3953410
3953688
3953774
3953952
3954550
3954691
3954893
3955010
3955064
3955598
3955695
3955926
3955943
3966515
3966612
3966790
3967065
3967483
3967533
3967617
3967974
3968470
3970193
3970417
3970745
3971160
3971317
3971907
3972177
3972228
3972382
3972485
3972526
3972562
3972821
3972883
3972940
3972984
3974254
3974430
3974513
3974556
3975058
3975616
3975765
3975777
3975885
3976035
3976130
3976292
3976359
3976439
3976562
3976659
3976824
3976910
3977704
3977899
3978803
3978951
3979145
3980534
3980823
3981095
3983079
3983764
3983807
3984176
3984294
3984298
3984356
3984591
3984711
3984748
3984828
3984832
3985094
3985338
3985422
3985460
3985608
3985659
3985782
3985813
3985916
3985957
3985993
3986252
3986256
3986371
3986415
3994542
3994738
3995639
3998880
3999029
3999041
3999149
3999197
3999299
3999394
3999556
3999643
3999703
3999826
3999923
4000004
4000168
4000567
4002053
4003844
4006036
4006049
4008640
4008724
4009300
4009306
4009532
4009861
4010001
4010016
4010083
4010949
4011096
4011216
4011320
4043802
4098792
4146332
4341311
4386446
4430819
4473372
4604206
4610298
4678386
4693723
4701579
4963268
4981202
5055459
5218199
5354610
5462991
5498104
5506772
5574222
5640794
5756818
6002085
6025041
6166352
6179739
6285196
6365935
6669072
6861644
6861657
6861665
6861666
6861771
6861775
6880163
6880308
6912007
7063850
7100190
7361159
7361186
7375163
7375202
7526557
7664837
8036782
8126091
8413310
8577470
8579403
8579430
8585144
8638672
8639875
8641668
8643599
8643600
8648432
8662474
8699123
8741509
8741903
8749979
8768571
8774839
8774847
8774870
8803369
8966567
8966568
8976537
8976538
8980228
8980235
8980252
8980255
8985996
8985998
8986081
8986082
8986083
8986395
8987511
8987512
8993105
9032473
9032478
9032479
9037268
9037270
9040941
9040942
9042853
9044635
9046796
9051311
9051988
9051989
9052524
9052525
9052526
9052527
9053609
9054196
9054197
9054560
9054566
9108396
9108405
9108419
9108423
9108431
9111742
9113206
9130021
9131116
9136942
9139901
9139902
9147345
9147355
9147367
9163879
9182860
9182870
9182871
9182879
9182886
9182887
9182898
9182904
9182942
9182944
9182946
9184464
9187830
9187833
9189935
9189937
9192346
9226789
9226791
9227373
9227408
9227533
9227534
9227535
9227536
9232525
9234779
9245588
9245590
9245592
9245593
9245595
9245598
9247915
9247916
9254719
9254728
9255546
9259177
9259178
9259179
9259187
9313807
9316117
9320497
9332168
9332169
9333813
9333814
9346563
9346564
9431871
9437409
9437474
9437475
9437476
9437615
9438355
9438464
9438789
9438792
9440475
9440647
9443348
9444704
9444706
9444712
9444714
9444716
9444718
9444784
9444786
9444793
9444795
9444799
9444801
9444804
9444811
9509128
9512800
9572328
9661411
9720648
9888944
9888945
9911027
9912833
9912835
9912903
9913077
9913326
9914031
9914036
9991520
9991521
10020677
10020694
10025578
10025582
10025633
10025634
10025654
10033984
10034013
10034015
10034016
10041851
10041853
10044454
10169024
10400586
10529630
10540792
10550733
10669042
10902775
10912563
10951982
10951983
10960624
10960631
10960736
10960739
10960740
10960744
10960758
10960805
10960808
10967183
10967185
10967969
10967970
10969985
10969987
10969988
10971876
11093088
11114551
11384015
11454781
11458326
11838038
12087267
12087272
12087278
12087281
12087294
12199219
12493262
13326310
13352393
13352394
13369938
14259164
14361934
14827204
15610131
15870988
15870989
15906633
16280059
16287335
16287337
16428223
17217247
17240491
17245052
17276566
17276567
17276568
17317393
17351200
17351201
17351202
17361274
17361281
17361415
17370694
17371721
17371723
17398129
18218620
14966
29806
355471
392644
998632
998634
998636
998983
1038596
1038597
1097774
1097880
1097883
1097884
2821040
2848835
2848840
2906922
2906926
2906927
2906934
2906940
2906942
3406839
3406841
3406891
3406894
3406903
3406917
3406933
3437528
3437530
3506582
3506584
3506586
3506659
3506660
3576885
3576920
3576921
3576922
3995106
4046904
4896800
5984426
7610318
7980660
8618728
9920391
9920536
9964621
10075739
10131132
10214637
10311056
10322650
10516930
10731830
10732203
10851925
11008065
11008073
11053508
11184566
11184752
11186814
11187959
11188030
11188158
11194437
11194438
11208479
11209966
11211551
11213410
11214681
11217777
11227749
11235648
11303258
11421847
11516050
11645737
11668507
11670578
11702296
11702304
11702713
11702773
11702774
11702806
11702946
11702980
11703321
11703384
11703735
11703905
11704275
11704455
11705059
11708476
11708511
11708740
11710576
11723320
11723322
11723389
11723421
11723793
11724378
11724410
11724705
11724828
11724970
11726585
11726606
11726607
11726852
11727385
11727691
11727770
11727969
11728008
11728238
11728576
11728638
11728757
11728782
11728865
11728927
11728973
11729046
11729122
11729207
11729236
11729332
11729511
11729523
11730460
11730702
11730826
11731123
11731432
11731433
11731582
11731668
11731803
11731897
11732108
11732249
11732360
11732419
11732521
11732677
11732938
11733672
11734755
11734970
11735129
11735150
11735893
11735918
11735998
11736863
11742979
11746865
11754116
11755925
11758470
11758476
11765536
11785294
11790462
11792533
11794386
11794392
11829304
11836090
11836579
11861787
11870187
11887153
11887187
11928925
11930024
11948388
11954794
11958831
11959208
11959318
11960005
11971933
11992584
12055958
12060077
12060988
12065172
12139936
12150372
12162804
12205139
12293719
12344814
12386882
12414626
12417202
12495291
12624215
12641667
12771748
12794013
12811028
12870766
12870767
12872523
12877238
12877266
12877486
12877602
12881597
12882842
12885318
12885686
12885943
12886128
12886240
12886247
12886346
12886465
12886523
12886593
12887073
12943710
13032233
13045643
13074210
13216119
13259889
13282630
13289119
13313698
13331540
13448933
13449789
13516903
13840787
13849483
13998970
14044245
14080885
14178655
14326398
14327194
14327397
14329603
14375573
14375892
14375894
14376996
14378717
14378736
14378863
14378908
14704200
14783471
15023219
15028481
15291688
15606032
15716217
16713266
17885651
18197188
18200037
18666017
18763360
20278977
21046447
22519901
23974116
24018928
25962334
26356852
26720377
26973573
8908
11749
14666
16169
19031
19032
19411
20860
20864
21202
21483
21484
21644
22630
22646
22661
22662
22851
22878
23421
23776
23777
29608
29966
34213
40106
63390
74859
91879
98571
98572
107860
146016
159420
167097
185464
188094
188470
188471
188634
188648
188649
188650
188684
189636
189637
189882
191616
191618
191621
207568
208098
208099
209554
217646
229985
236577
249567
255689
255690
255691
276030
280463
283901
286963
290010
297918
297949
302005
304553
306063
329017
330387
330922
332586
347906
352168
353128
353877
353878
354639
355207
356546
356563
362386
