904
2018
2403
3021
3146
3190
4121
4362
4411
5126
5388
6054
6377
8322
9400
10007
10490
11999
12240
12333
12764
12991
13187
13333
13622
13832
14304
15553
16969
16984
17343
17779
17975
18133
18625
19435
19557
20212
20250
20453
20850
20874
20982
20998
21450
22101
23309
23360
24644
24866
25420
25732
25825
26224
26489
26949
27453
27735
28067
28305
29245
29315
29729
30799
31133
31704
34533
34833
35316
35345
35816
36235
37685
37792
38359
38976
39998
40572
40877
40891
41574
43358
43572
45584
46622
47899
48489
49558
49730
49781
49871
50208
50805
51396
51471
51769
51853
51883
52033
52600
52909
53008
53867
54034
54107
54187
55309
55311
56278
56424
56442
56631
57595
58122
58552
59591
59995
60852
60875
61552
62300
62423
62503
62708
62778
63086
63181
63394
63580
63922
65734
66093
66154
66214
66400
68056
68222
68388
68413
68636
69201
70191
70966
72192
73730
74678
74907
76719
77824
77903
78921
78982
79769
80567
80693
80900
81188
82587
83423
83632
83954
84682
84902
84997
85067
85921
85929
86096
86103
86727
86978
87294
87641
87727
89209
89257
89480
89969
90715
90857
91077
91135
91513
92102
93274
93711
93959
94479
95214
96205
96244
97113
97260
97950
97969
98722
99068
99356
99964
100062
101208
101409
101697
102372
102377
102695
102734
103555
104322
104371
104749
104792
104936
105395
107686
108581
108760
108996
109140
110506
111406
112878
113771
114030
114750
116309
116544
117502
117686
117789
117969
118068
118556
118607
118729
118840
119043
119226
120868
121086
121436
121840
122517
122849
123065
123605
124137
124384
124594
125030
125747
127112
127597
127785
127810
128177
128256
128407
128684
128956
129182
129555
129768
130429
131685
133407
134062
134288
134573
136556
136654
137271
138101
138515
139162
140276
140331
140382
140587
140715
141047
142033
142049
144194
144659
144790
145497
145957
146818
147702
148938
149164
150978
151416
151588
152162
152388
152424
152708
153012
154410
154687
154864
155381
155413
155700
156640
157098
157581
157841
160206
160528
161323
162097
162681
162732
163667
164708
166023
166240
166360
166585
167370
167878
167940
168222
170288
170590
172289
172597
173223
174316
174527
174566
175257
175481
175496
175909
175933
177248
177889
178373
179084
179244
180598
181327
182484
183223
183993
184357
184473
184607
184797
184800
184987
185067
185835
186806
187211
187760
187895
189154
189342
189528
192218
192391
192644
192885
193214
194833
197234
197377
197574
197688
197974
198501
199362
199464
199756
199890
199996
200281
201422
201465
201492
201574
201729
202231
202416
203379
203394
204230
204492
204523
204626
204997
205447
205664
206074
207116
207617
208208
208582
209182
209962
210138
210523
210715
210873
212358
212615
213542
213552
214266
215427
216206
219230
219593
219770
220412
220931
221411
221447
221500
221706
222245
222932
223055
223670
223749
224325
224440
224861
225364
225578
226149
226717
227207
228797
228979
229236
229294
229319
229730
231311
232283
233124
234263
234512
234761
235292
236057
236163
236848
237284
237687
238035
238169
238273
238841
239919
240616
240654
240661
241374
242809
243069
243171
243482
245374
245523
246726
246763
246774
247052
247845
248114
248398
249815
250366
250562
251895
252996
253335
253843
254392
254570
254870
255301
255499
255953
256699
256872
257001
257477
258076
259430
259522
259556
260943
261014
261356
261562
261940
262262
262516
262520
262834
265083
265389
265682
265996
266201
266591
266663
267495
267695
267715
268048
268462
268626
268875
269238
269702
269752
269958
271184
271357
272377
273587
273778
274001
274125
274409
274475
274596
274613
275828
276271
276756
277126
277514
278088
278591
278726
278925
278927
279306
279711
280130
280260
280283
280290
281150
281210
281317
282197
282570
282938
283166
283375
283415
284228
284362
284410
285320
285662
286092
288180
288231
288275
288601
289117
289180
289576
289918
290334
290515
290842
291154
291425
292179
293257
293547
293839
297144
297317
298095
298139
299104
299171
299412
299457
299585
299921
300005
300061
300164
300298
301716
302764
302929
303386
303456
304024
304513
305329
305505
307010
307822
308174
308632
309504
309679
310407
310639
311100
311116
311449
311574
311841
311969
312690
312824
313874
314252
314932
315094
315226
315460
315632
315686
315923
316270
316313
316871
317246
318201
318312
318490
319222
320380
320758
321154
321398
322649
322736
323002
324265
325468
325761
325809
326338
327088
327295
327662
327830
328123
328820
328871
329435
329986
330047
331405
331825
332410
332417
332493
334800
335962
337181
337931
337989
338237
338597
338687
339706
340386
341023
341352
341551
341764
342285
342301
342460
343787
344105
344402
344912
345080
345174
346375
346566
346819
346858
347504
347992
348119
348908
350023
351136
351423
351959
352462
352600
353323
353655
354676
355013
355749
355799
356344
356659
357098
357225
357290
357300
357817
357989
358342
358798
358998
359061
359116
359169
359226
359865
360105
360915
360941
362296
363799
364029
364823
365141
365344
365687
366624
366797
367385
367535
367739
367768
368369
369175
369543
369757
369864
370730
371231
371686
372166
372168
372355
374054
375873
375887
376543
377189
377544
377936
378356
379157
379186
379208
380270
380318
380711
380879
381189
382558
382636
382916
383913
384150
384671
384724
384841
386270
386310
387186
387321
388244
388252
388536
389642
389704
389741
389936
390271
392250
392459
392590
392718
393635
393879
394227
394620
396083
396164
396165
396351
397092
397164
397363
398785
399370
399418
399557
399850
400105
400484
400722
400788
402178
402179
402518
402750
403443
404022
404063
404297
404334
404379
404443
404821
405447
406423
406649
406782
406922
407189
409580
409722
409974
410178
410405
410745
411429
411432
411674
412085
412278
412321
412350
412625
412800
414056
414664
414857
415647
415665
415716
416632
418031
418103
418354
418590
420744
421004
421813
421976
422634
422805
422851
424909
425223
426166
427085
427098
427346
427653
427798
427899
428173
428299
429695
430065
430243
430338
431181
431753
432088
433990
435497
435892
436098
436137
436473
436814
437028
437199
437234
437263
437736
438472
438756
438831
439384
439973
440767
441186
441311
441661
441741
442931
443834
444029
444701
444832
444852
446166
446180
446432
446744
447250
447712
448149
449118
450635
450699
452450
453267
454536
454867
455012
455229
457064
457101
457354
457534
457580
457783
457815
457985
458277
458828
459265
459682
459762
460149
460474
460784
461459
463577
464570
466616
466970
467994
468550
468927
469165
469244
469277
470065
470212
470382
470476
470731
471803
472323
472525
472529
472598
472631
472933
474142
474277
474721
475203
475659
476183
477664
478394
478461
478873
479349
479464
479729
480151
480551
480931
481331
483445
483530
484074
487008
487035
487413
487840
489153
490070
490448
490583
490749
490762
490765
490783
491064
492052
492082
492324
492493
492565
493599
494366
494605
494891
494953
494966
495043
495387
495390
495425
496003
496019
497474
498085
498326
498966
499611
499763
499962
500198
500952
501509
502261
502461
502679
503232
503800
504216
504275
504543
506302
506684
506924
507131
508190
508298
508603
508647
509387
510202
510591
510736
511841
512411
513320
513870
514357
514828
515064
515706
516182
517130
517304
517382
517455
517641
518259
518408
518751
518960
519312
519743
519821
520643
521057
521399
521739
521798
522785
523378
523521
523622
523635
523879
526674
527046
527057
527938
527986
528054
528343
528618
528706
528718
528973
530501
530684
530703
530723
532275
532557
532679
532802
533034
535494
536632
537025
537469
537780
538707
540033
541119
541554
541891
541997
542543
542652
543804
543829
544024
544327
544487
544931
545032
545346
545935
546273
546302
546802
547286
548571
548891
548911
549218
549806
549910
550686
551383
551425
552426
552683
552783
553385
553843
554188
554759
554821
555243
557616
557684
558599
558850
559153
559269
559379
559385
559397
560255
560594
560803
560962
561208
562991
563048
563062
563098
563844
564498
565265
565670
566216
566648
567456
567600
568136
568156
569057
569613
569906
571479
571512
571783
572317
572470
572812
574238
574591
576184
576511
577195
578244
578386
578955
579167
580617
580728
581351
581497
581594
582454
583318
583613
583713
583773
584077
585598
586665
586701
587524
588000
588034
588523
588678
589388
590198
590231
590717
591103
591146
591233
591245
592320
593519
595031
597447
597509
598915
599082
599953
600756
601058
601278
601585
601800
602137
604893
605540
605553
605952
606440
606471
606486
606593
606745
606887
608606
609062
609158
609787
610079
610614
610948
611386
611456
611664
611681
612546
614563
614794
614903
615658
617074
617660
618268
618954
619565
619644
620902
621298
621376
622502
622670
623360
623736
623952
624402
624754
627487
627799
628352
628734
630270
630617
630668
630881
631822
632477
632783
634492
635015
635451
635638
637967
638978
640972
642017
642325
642836
642888
643578
644164
644496
645108
645218
645243
645570
645883
646636
648370
648520
649630
649692
650054
650150
650658
650908
651565
652343
652707
652798
653180
654413
654526
654939
654995
655390
655784
656193
656578
657762
658227
659017
659133
659351
659870
660149
660415
660711
660820
661501
662456
663544
663664
663705
664693
665181
665274
665845
665852
666232
666675
667208
667729
667794
668652
668796
669132
669843
670428
671350
671609
671740
672724
673530
673968
674535
675862
676331
676921
676948
677129
677345
677446
677711
677782
678027
678225
678744
679315
679396
679925
679956
679988
681390
682446
682954
683316
683762
683969
684210
684213
685316
685348
685515
686235
686411
686582
687066
687603
687633
688010
688909
689078
689168
689225
689565
689602
690067
690271
691829
692248
692928
693333
694851
694886
696101
696318
696432
696571
696806
697829
698285
699802
700474
700984
701110
701525
701982
702687
702688
702693
703059
703262
703624
703805
703890
704043
704763
704841
705623
707684
708083
708452
708489
708637
708822
708829
709174
709458
709626
709630
710105
711002
711221
711224
712022
712660
713068
713105
713248
713823
713919
713933
714228
714407
714431
715124
716542
716665
716862
716973
717062
717277
717652
718133
718139
718817
719552
719741
721017
722364
723342
724698
724859
724998
725114
725348
726008
726143
727039
727085
727415
727551
727922
729073
729652
730109
730262
730345
730895
730931
731406
732028
732518
732584
734271
735048
735316
736038
736574
736645
737916
738150
739022
740977
741767
742708
743131
743207
743588
743816
744273
745111
745131
745503
746258
747278
747539
747907
748387
748437
748753
749253
750480
750580
750932
752041
752049
752157
752205
753568
754214
754565
754949
757760
758660
759513
759552
761184
761726
762285
762902
762971
763147
763277
763306
764372
765323
765492
765698
766763
767670
767702
769859
769933
770271
770664
770867
770878
770881
771753
771851
771942
772362
772522
772852
772947
773020
774071
774185
775169
776025
776661
777642
778536
780148
780493
780554
781094
781169
781206
781875
782600
783127
784372
784879
785151
785193
786687
786825
786853
787639
787680
788024
788504
789620
789932
790159
791236
791525
791833
792316
792569
793485
793539
794803
795731
795785
796259
796544
796613
796614
796891
797193
797197
798615
798735
799862
800445
801003
801266
802942
803426
804130
805355
805530
805698
806562
806855
807507
808106
808644
809536
810803
811488
812266
812957
812973
813599
814921
815143
815224
815603
815914
816181
816398
817124
817406
818006
818353
819383
819563
819856
820735
820739
821038
821141
821158
821244
823611
824882
825286
827027
827843
828045
828186
828844
829030
829040
829247
829926
829961
832184
832238
832909
833360
833657
833801
834626
835074
835353
836587
836748
837169
838369
838987
839296
839967
841431
841678
842512
843660
843889
844206
844328
844678
845381
845442
846145
848429
848921
849387
849504
849858
850245
850732
851861
851963
853153
853417
854307
855234
855519
855772
856112
856252
856737
857293
857660
858362
858974
859162
860406
861062
861326
862206
862515
862935
863892
863982
864460
864762
864937
865119
865414
866680
867192
868244
868404
868887
868984
869973
873356
873480
873630
874204
875452
875516
876229
876934
877003
878000
878184
878189
878892
878912
879714
880232
881816
882031
882271
882893
884136
884745
884794
886021
887164
887336
887531
888315
888950
889013
891600
892160
892335
892700
892874
892924
893434
894276
894401
895366
896831
896842
898027
898145
898446
898804
901353
902147
902307
902702
903986
903988
903990
904116
904696
904728
905915
905922
906033
906867
907337
907731
910053
910183
910200
910279
911723
911961
912080
913057
913355
915255
915510
916465
917058
917305
917882
918081
918563
918654
918660
919116
919304
919502
919953
920160
920478
920906
920993
921349
921957
922402
922623
923350
923690
924648
925008
925195
925472
925583
925917
925993
926560
926814
927356
927568
928367
928530
929504
929732
930056
930347
930865
931217
932471
932569
932761
933418
933447
934358
934595
935063
936072
937043
937497
937573
937612
937659
938287
938780
938961
939289
939397
939465
940030
940394
940489
941582
941586
941682
941851
942717
942770
943747
944359
945111
945981
946851
947184
947213
947814
948331
948935
949633
949941
950423
950697
950835
952192
952892
953312
953496
954420
954521
954638
955286
955597
955727
956681
956982
957446
957538
958251
959452
960017
960819
961336
962004
962496
963702
963886
965263
965842
965970
968008
968254
968285
968499
969023
969135
969205
969256
969655
970755
970989
971594
972584
973275
973848
973876
973885
974115
974271
974449
974543
974626
974641
975577
975599
975641
975890
975972
977631
978174
978310
979242
980638
982053
982093
983542
984465
984632
984831
985211
985754
985972
986361
987121
987166
987428
988150
988520
988864
989859
991342
992351
992874
993892
994193
994404
994500
994589
995114
995649
995910
996390
996630
998161
