193201
333690
380301
482864
509757
509758
509782
509789
510371
510684
510701
510706
510721
705619
1248921
1249302
1249644
1326973
1668654
1773988
1937672
2135705
2254602
2294272
2522891
2524068
2704209
2811248
2822841
3104027
3226150
3418056
3436855
3436857
3437262
3437292
3437515
3572976
3622710
3727277
3826131
3855037
4493021
4651628
4704960
4716193
4844314
5000474
5000486
5246725
5248256
5250444
5480231
5673251
5718363
5733761
5756566
5781455
5932103
6161253
6194276
6211518
6212679
6253991
6291438
6765941
6925691
7534245
7724222
7745936
7980485
8089351
8405236
8405240
8405626
8543985
8709648
8709659
8801253
8866855
9293300
9556578
9556592
9557420
9797287
10028649
10184880
10429397
10555557
10839245
10974673
11185726
11194117
11337772
11490034
11539553
11596907
11602525
11769939
11922367
11942973
12112708
12301917
12453824
12604013
12697845
12837618
12878172
12882529
13467774
13467810
13468166
13784718
13819811
13899161
14101443
14201700
14303846
14304898
14459004
14536945
14545803
14697339
14792404
14821559
15119760
15206888
15240742
15251158
15463227
15515383
15560131
15572727
15667623
15785873
15785897
15786250
15786257
15828733
15967648
16115308
16159926
16176954
16176962
16226513
16480380
16480386
16480667
16480686
16565077
16587761
16653442
16659565
16725418
16742863
16836865
16836876
16836891
16964158
17051056
17311926
17339408
17593738
17799227
17859678
17940064
17940077
17940510
17941368
17941394
17941395
17941442
17943352
17994677
18253130
18476940
18503845
18504494
18604068
18794712
18872687
18872689
18872695
18872697
18872703
18872726
18872889
18872922
18872929
18872930
18872975
18872990
18873256
18873298
18873368
18873369
18873374
18873381
18873384
18877684
19107990
19219482
19548871
19548872
19582836
20231841
20232169
20232246
20232319
20232353
20232385
20232704
20318096
20438416
20454318
20555221
20712848
20755920
20789663
21386810
21435728
21448159
21521087
21705210
21730597
21743053
21796977
22160844
22176302
22755508
22796190
22858373
23251520
23295199
23377064
23612161
23753148
23753170
23753179
23753188
23753418
23753419
23753427
23753535
23753546
23753569
23962698
24074126
24159482
24165749
24224378
24321824
24370657
24464904
24900870
24911183
25310851
25549896
25753060
25934187
25938742
26033629
26238967
26240203
26304880
26322196
26322771
26322902
26322984
26323096
26341418
26394481
26400296
26603287
26680412
26762742
26766846
26884169
26898343
