4997
17323
19641
19642
29674
43643
49968
53571
67126
67140
67541
67546
85517
112333
132574
132798
144459
170859
171522
171948
172773
173109
174339
180957
182237
189632
189634
192705
192845
198245
198248
200818
202290
203048
206875
209531
212263
212264
212267
212293
213268
213269
530820
626949
653971
653976
658358
658667
660378
664560
665378
675416
681455
685688
686011
686017
688054
688069
693924
693947
693955
697528
699444
700403
700433
701203
701218
704671
706076
712887
712889
718207
719296
722765
723628
726816
731447
746568
747211
751223
762689
762697
768749
768951
773173
776202
776207
781989
781991
782007
783718
787751
863980
865737
875249
875616
892839
905047
933604
942734
942872
944254
945735
954120
960778
999163
1003436
1007077
1007925
1008921
1016704
1027542
1027544
1027572
1027576
1027580
1027875
1031215
1041762
1051373
1052761
1052762
1052786
1054632
1056731
1056732
1057691
1057705
1057887
1057998
1058334
1059673
1059674
1060464
1060752
1061010
1061648
1061649
1062169
1062175
1095856
1112186
1112551
1113261
1113470
1117927
1118149
1118219
1118222
1118225
1118234
1118235
1118438
1118839
1119347
1133446
1197441
1231630
1291012
1291014
1308128
1309503
1317724
1318743
1327238
1338521
1340029
1340032
1340661
1340673
1396432
1397434
1449086
1449094
1480773
1480779
1539819
1551750
1633035
1639914
1639916
1653617
1653626
1653633
1653644
1653775
1653777
1653800
1654471
1654473
1654480
1654856
1654886
1654893
1654903
1655355
1670238
1671332
1671339
1672583
1673388
1676230
1682453
1739045
1739423
1739426
1744531
1744586
1744589
1746608
1752182
1752214
1754716
1788525
1788538
1789059
1801916
1808888
1817234
1817250
1817253
1817274
1825844
1832687
1832919
1833667
1848320
1863997
1864700
1864725
1885852
1891597
1893629
1893639
1897056
1898654
1906566
1909870
1944438
1944493
1944495
1945650
1945668
1947939
1950388
1998366
2014841
2014857
2015135
2033334
2041273
2058562
2058795
2058921
2058922
2059406
2059763
2059779
2059785
2060196
2060431
2060438
2060442
2062786
2064237
2064899
2065070
2065083
2066359
2066366
2067678
2067696
2067698
2067757
2070407
2092282
2152382
2152391
2157531
2163783
2163803
2181057
2181073
2181107
2181112
2181348
2181375
2182205
2197404
2198703
2198955
2199889
2199895
2202250
2233877
2301147
2345830
2346893
2584786
2585334
2605584
2605621
2606371
2614283
2614285
2645682
2645685
2645691
2650135
2728489
2730743
2730753
2730767
2730802
2730842
2732431
2785417
2785424
2815652
2815656
2816162
2826190
2837811
2844733
2855792
2875476
2876407
2884111
2892919
2914542
2919737
2920286
2920329
2920759
2920864
2929471
2929579
2933455
2935517
2935530
2935538
2937140
2938450
2942616
2950002
2950053
2958009
2958589
2959109
2959117
2959665
2960517
2960559
2962409
2966243
2967129
2968917
2968922
2969404
2972046
2972610
2973492
2973529
2973530
2973545
2973553
2973888
2974039
2975833
2979228
2979979
2980893
2981188
2981336
2981378
2981669
3000815
3003697
3003703
3005542
3006863
3009013
3009423
3009456
3012284
3012296
3025913
3028270
3029992
3029994
3031487
3034016
3034240
3034245
3034338
3039121
3040358
3040370
3042244
3042788
3045136
3050868
3055406
3056317
3061325
3061817
3063576
3064860
3064910
3065757
3066939
3069804
3069817
3073702
3073731
3077385
3077388
3077417
3082010
3083469
3083790
3083794
3087340
3088115
3089183
3089218
3090027
3091001
3092508
3093128
3096375
3099094
3101868
3102918
3105638
3108278
3108281
3111824
3111848
3112146
3112695
3115087
3115095
3116941
3118452
3118455
3118469
3122849
3127489
3138175
3155851
3155891
3155902
3155905
3180288
3195610
3195647
3195962
3196092
3196118
3196120
3196567
3196604
3202779
3202818
3203714
3222502
3224924
3228383
3233666
3251127
3252031
3252051
3253791
3253793
3255803
3256157
3258384
3262069
3262223
3262671
3263942
3263955
3266112
3266419
3269842
3276426
3277096
3277681
3278994
3280006
3281009
3290107
3290151
3298527
3300502
3307790
3310972
3312811
3313470
3313474
3314000
3325463
3330156
3331768
3336887
3337877
3337880
3338435
3339089
3339116
3339455
3339459
3339460
3339515
3339911
3339989
3340010
3340020
3340026
3340844
3342527
3342544
3342547
3342550
3348811
3348815
3348817
3349236
3351544
3351550
3351587
3353883
3353986
3354354
3356128
3356306
3360168
3360198
3361401
3369975
3370137
3374930
3375094
3380748
3381140
3381142
3383726
3383737
3384248
3391274
3391306
3392725
3396923
3399938
3411197
3411313
3411340
3411357
3412476
3413664
3415226
3415385
3415405
3415797
3428844
3428876
3430063
3430639
3436629
3439319
3439455
3444305
3445420
3445428
3445432
3445467
3446069
3455842
3455933
3457341
3457351
3457366
3457966
3458752
3458756
3460721
3461642
3462092
3465072
3465682
3469671
3469680
3473327
3475006
3490274
3490648
3492108
3494049
3494419
3494588
3494870
3495200
3497600
3497645
3498110
3498111
3499118
3506656
3507160
3514652
3520391
3520767
3520772
3523984
3535017
3535054
3536718
3536719
3537593
3539661
3543529
3544040
3547711
3548275
3551386
3551388
3554192
3555611
3562090
3564565
3568519
3568544
3569530
3571557
3572444
3572472
3572490
3575283
3575285
3575337
3575352
3576146
3576161
3580174
3580792
3581072
3581082
3581103
3581109
3581119
3581490
3582353
3582355
3582598
3583346
3583347
3583559
3589017
3593020
3595592
3595622
3596252
3601283
3603605
3603935
3605861
3605864
3606667
3612908
3618807
3618819
3620959
3623262
3624020
3631480
3632704
3633674
3633676
3633677
3633680
3635015
3635018
3646995
3647218
3651775
3653287
3657610
3657651
3658247
3659762
3659763
3659773
3659801
3662163
3662183
3676502
3677229
3679965
3681171
3681192
3684339
3684369
3684388
3685799
3685807
3685812
3685895
3686422
3686445
3686482
3686889
3687077
3689773
3693254
3698699
3732757
3741580
3742235
3742940
3749059
3749348
3749352
3753551
3763003
3769029
3769050
3769231
3774871
3777341
3782875
3782876
3782877
3783634
3783643
3783673
3784208
3787303
3795712
3798077
3820737
3822298
3823348
3823701
3824125
3826530
3832779
3833687
3835536
3844486
3844509
3844528
3845190
3845258
3845728
3845844
3846194
3846457
3847595
3848046
3848548
3848556
3848815
3852920
3853916
3853918
3853922
3853927
3853977
3854142
3856091
3856342
3856356
3856375
3858470
3858480
3859030
3862651
3870545
3873118
3889185
3889189
3897315
3903051
3907893
3913643
3913829
3916712
3918130
3918132
3919149
3927864
3931816
3933246
3937273
3937298
3938351
3943234
3945187
3946200
3947648
3947913
3949969
3953251
3953944
3953948
3961693
3965630
3966115
3966162
3968478
3969003
3969822
3971516
3973087
3973098
3973574
3973587
3974599
3974620
3975188
3975732
3977034
3977530
3977787
3978343
3978369
3978498
3978505
3979270
3980882
3981862
3982824
3983285
3983808
3983809
3983812
3983831
3983984
3984144
3984154
3984533
3987463
3992443
3992451
3993031
3993033
3993383
3995843
3998092
3998498
4000878
4000881
4000886
4001410
4001504
4002087
4002722
4003428
4004943
4005326
4006110
4007569
4007570
4008033
4008041
4008069
4009938
4010001
4011019
4011377
4011578
4014089
4015399
4015608
4018284
4020679
4020692
4021369
4022270
4022342
4022349
4023072
4028916
4029309
4030420
4044438
4046382
4046895
4047907
4047908
4047913
4048685
4048737
4053240
4054550
4054743
4054827
4055294
4055382
4055405
4055439
4055440
4055448
4055474
4056482
4056515
4056523
4057634
4058511
4059457
4059745
4059800
4059807
4062488
4062640
4063475
4064879
4065060
4065527
4065535
4065542
4065723
4067129
4068088
4068107
4068276
4069155
4086224
4086226
4092854
4094955
4094983
4101723
4103411
4103413
4103423
4103450
4103451
4103613
4106170
4108469
4108539
4109170
4110888
4111896
4112697
4114856
4116521
4118084
4118718
4119725
4119888
4119911
4119970
4119973
4121621
4123075
4124598
4125013
4125014
4128857
4130162
4131800
4131885
4132123
4132187
4132192
4132194
4132268
4132269
4132471
4132685
4133489
4133537
4134240
4134327
4134331
4134649
4135411
4135468
4135469
4135480
4135485
4135889
4135901
4135919
4135998
4139830
4139886
4139952
4139974
4140315
4142480
4142481
4142591
4142662
4142874
4142875
4143112
4143156
4143258
4143297
4144586
4147129
4147167
4147189
4148450
4148965
4149296
4149933
4150461
4151943
4151981
4151999
4152034
4152787
4154229
4154247
4154333
4154839
4155319
4155320
4159076
4159200
4162244
4162366
4162495
4164559
4164561
4164981
4164995
4165007
4166932
4166934
4166953
4166961
4166982
4167249
4168172
4168873
4169036
4169063
4169072
4169298
4169533
4169546
4169640
4169648
4169732
4170024
4170043
4170149
4170414
4171122
4171372
4174644
4176945
4181467
4181500
4181679
4182155
4183725
4187123
4187340
4190428
4190438
4190448
4190547
4191571
4196346
4207371
4209812
4209814
4211149
4211728
4211868
4212303
4212333
4212577
4213284
4213285
4214526
4217090
4217667
4217671
4217672
4218031
4218032
4218036
4218635
4221990
4221991
4227851
4227855
4271670
4274735
4283612
4283617
4283618
4285036
4294817
4300552
4300570
4300594
4306580
4310211
4310214
4310222
4311891
4312350
4313616
4313626
4313629
4315176
4315179
4315219
4315497
4315502
4315868
4315871
4315874
4315881
4315887
4315889
4315910
4316977
4318394
4318722
4318916
4318998
4319004
4319915
4319983
4319989
4319993
4320202
4320976
4323370
4327039
4330073
4330673
4332777
4336967
4344756
4344807
4345691
4345718
4358003
4359152
4360802
4360805
4364041
4364816
4366000
4366001
4366004
4366010
4370238
4370242
4372748
4383716
4387821
4388260
4389658
4393149
4409767
4409771
4409793
4409795
4426988
4428319
4429754
4430370
4452560
4454348
4454522
4454609
4454627
4491166
4516687
4523173
4523476
4532136
4550774
4552878
4552937
4556667
4566792
4572265
4572307
4572440
4572771
4572862
4572963
4573234
4574640
4574746
4574752
4575059
4575140
4575491
4575915
4576424
4576426
4576663
4577339
4577370
4577673
4577836
4578957
4579240
4579303
4579351
4579355
4579670
4579928
4581794
4581816
4582559
4583009
4583457
4583683
4584079
4584340
4584352
4584421
4584676
4585103
4585454
4585571
4586397
4586646
4586784
4586788
4586809
4586958
4586971
4587171
4587282
4587333
4587524
4592750
4592780
4595246
4595253
4595687
4595767
4596758
4596765
4597032
4597034
4598010
4598022
4598458
4600592
4604151
4639862
4640048
4640077
4642217
4642222
4642225
4647222
4647228
4649079
4654241
4654584
4674703
4677817
4686644
4691643
4695646
4695666
4710633
4716148
4716313
4719732
4719741
4728944
4728946
4728980
4732002
4732861
4732885
4733190
4739202
4745109
4745124
4745129
4745134
4745137
4745157
4749401
4749777
4752838
4752845
4752854
4753100
4754434
4755149
4755190
4756073
4756604
4757221
4758378
4759267
4759799
4760025
4760175
4760197
4760214
4761508
4763382
4763573
4763690
4763722
4763741
4763802
4763929
4764437
4764765
4764781
4765356
4765658
4765722
4765977
4766868
4767231
4767555
4767822
4768143
4768212
4768609
4768733
4773239
4773939
4777458
4778752
4780050
4780067
4780096
4783946
4783949
4794956
4794976
4796124
4796135
4800369
4800373
4800589
4800609
4800883
4812218
4827808
4831779
4839556
4844484
4844943
4849734
4849739
4849744
4851521
4855165
4855611
4855612
4856821
4856859
4856860
4857650
4877393
4878810
4883714
4889834
4891124
4893168
4893224
4897596
4898241
4898252
4898742
4899298
4902164
4902831
4905009
4908650
4909068
4909544
4910041
4910046
4910072
4910570
4913927
4913942
4914156
4915757
4918523
4918661
4941181
4942661
4943442
4943950
4943977
4944086
4952225
4952260
4952278
4952298
4952305
4952308
4958570
4964370
4966539
4967408
4967436
4967437
4970660
4971523
4971524
4972418
4972425
4972505
4972510
4989524
4996340
4996396
4996402
4996410
4996421
4996747
5004422
5004577
5004586
5004594
5006244
5007654
5016770
5016771
5017881
5018793
5018806
5020429
5020837
5022415
5022734
5022756
5023255
5025337
5026572
5029131
5032627
5033264
5039219
5039222
5042949
5043912
5044039
5044059
5045015
5046782
5046784
5046797
5050694
5051482
5052695
5053170
5053178
5054929
5055182
5058480
5058500
5060826
5060828
5061013
5066700
5066724
5066989
5066998
5071257
5072343
5072539
5073941
5074028
5075876
5075880
5075931
5076868
5076896
5077183
5077902
5077907
5077940
5078577
5079647
5083368
5088223
5088332
5097030
5097869
5100436
5100441
5100451
5102497
5102498
5102857
5105397
5106370
5107666
5107667
5107674
5107699
5108456
5108473
5111229
5111505
5126188
5126271
5127544
5135722
5138293
5138588
5144548
5146733
5147157
5147158
5149330
5180244
5180638
5180665
5191630
5226023
5244763
5257138
5257949
5261635
5261642
5267011
5269208
5274496
5275296
5275304
5292569
5292626
5312167
5318226
5319473
5327478
5346506
5346507
5348009
5348034
5349634
5356091
5363572
5364810
5370154
5371919
5371924
5375164
5375214
5382708
5384015
5394984
5394996
5399289
5401662
5409358
5413687
5413701
5413710
5424576
5430534
5447765
5475545
5481860
5481869
5481871
5481901
5562998
5563022
5563027
5568168
5570409
5571926
5573370
5573373
5573454
5573485
5622171
5622178
5622186
5622189
5629830
5666156
5670881
5674394
5691442
5718845
5718912
5719773
5719789
5719836
5730592
5734944
5738724
5743797
5758023
5762234
5766715
5769627
5769644
5769655
5771703
5771712
5771752
5771757
5772309
5772312
5772329
5772333
5778965
5807169
5807184
5807192
5810223
5839907
5841984
5851168
5851648
5851662
5854763
5854805
5861234
5869529
5932890
5955480
5956060
5977218
6071154
6116358
6116364
6143033
6143038
6182993
6182994
6199894
6199897
6200688
6210108
6211042
6215282
6225211
6225521
6237704
6237707
6280505
6280901
6301083
6323115
6329107
6329211
6332886
6387468
6400163
6409992
6409994
6412696
6413055
6415069
6418942
6420127
6420746
6427087
6532480
6532512
6532517
6532520
6583594
6669331
6699826
6700397
6729559
6729579
6760249
6760256
6760271
6768385
6768388
6769291
6837090
6837117
6837149
6928035
6983699
6983733
6989284
6996979
7010342
7010352
7041592
7061861
7061905
7104126
7104129
7122563
7122894
7130129
7130137
7186134
7186137
7278199
7278204
7278210
7278220
7278415
7294098
7315125
7318688
7330151
7411593
7414714
7417849
7417889
7418377
7421438
7421677
7421681
7421714
7422395
7422397
7422432
7423011
7423495
7423791
7459057
7479261
7565260
7578471
7607162
7607169
7607429
7609364
7612002
7628836
7628837
7639279
7639284
7729817
7741369
7744873
7784329
7830609
7836111
7895665
7895672
7896310
7896801
7899720
7906485
7948686
8005346
8005390
8006271
8006544
8006571
8006576
8006798
8006803
8006804
8006884
8006898
8006904
8006968
8006969
8006970
8011331
8022329
8026569
8026573
8035642
8035662
8036818
8036835
8037051
8037057
8037168
8051381
8051382
8052919
8061777
8095827
8100913
8128444
8130644
8130650
8145705
8148111
8148113
8148123
8148145
8148339
8148342
8150525
8270753
8283030
8286628
8377025
8377027
8459680
8465737
8502257
8550180
8568474
8585506
8591484
8591508
8591940
8591970
8591972
8592158
8592164
8592168
8592190
8621069
8621087
8621182
8621463
8621470
8621474
8621492
8621494
8621507
8712664
8712671
8712874
8724143
8724278
8724279
8724289
8729776
8735604
8742981
8742982
8742996
8743003
8746518
8803570
8868526
9023222
9049804
9097395
9104189
9111575
9143018
9146685
9146687
9146688
9159483
9169984
9169987
9172941
9186345
9188221
9188408
9214795
9264846
9435558
9451514
9457963
9482900
9482906
9482927
9483135
9483175
9489625
9489724
9489833
9489835
9489840
9489851
9489879
9489884
9489929
9490864
9491718
9500631
9501469
9502558
9502771
9502811
9503118
9503219
9507500
9507740
9511837
9511860
9511863
9512602
9513441
9513444
9513554
9513659
9513683
9514486
9515003
9515219
9516707
9516708
9521796
9521808
9522246
9523716
9535037
9535065
9535066
9535070
9535078
9538944
9538973
9539333
9540650
9540654
9549490
9549498
9549999
9632177
9802858
9803227
9803546
9854410
9857192
9902893
9904110
9918732
9954246
9956216
9956373
10121631
10122286
10122320
10123310
10123350
10123359
10125869
10125871
10161211
10163713
10180158
10185616
10220788
10255482
10268285
10288102
10313769
10315666
10373968
10403009
10405195
10405202
10406752
10406767
10422379
10422385
10427317
10439689
10440048
10444626
10508784
10527972
10527988
10573128
10573130
10574661
10574727
10603128
10608653
10608681
10608690
10608705
10608726
10610357
10610362
10610372
10617986
10618522
10620031
10620564
10620595
10621120
10622898
10640270
10650396
10653011
10661823
10661835
10665981
10734177
10735261
10738102
10738112
10739385
10740922
10741876
10747960
10748729
10748757
10749799
10758046
10805211
10847358
10853772
10874794
10877930
10877981
10877983
10877989
10878361
10878373
10878376
10903975
10903977
10913712
10916590
10916592
10931838
10936593
10943073
10962316
10980971
10980977
10980993
10981175
10981222
10981597
10981606
10981974
10983356
10984830
10984843
10984877
10987462
10987473
10987805
10998802
11037184
11044534
11044616
11112095
11112261
11112489
11112525
11112610
11112612
11123050
11127717
11127841
11138229
11147685
11192039
11192041
11192072
11207394
11207397
11220932
11220936
11225741
11255606
11255608
11284102
11289138
11306051
11309772
11360853
11365789
11365813
11368287
11375602
11414285
11423331
11423336
11427984
11427995
11427999
11428000
11428001
11431645
11431652
11431671
11432294
11440118
11497705
11520967
11559735
11559742
11559744
11560292
11561869
11566823
11566837
11566840
11566850
11566924
11566927
11572535
11575902
11575907
11575911
11575915
11575920
11590092
11600595
11601412
11601417
11602307
11602318
11615180
11619047
11619726
11688670
11691620
11694793
11694799
11694803
11695687
11699741
11701026
11701109
11701110
11703874
11734826
11734873
11734878
11735379
11741074
11746640
11752653
11752655
11755293
11755322
11757990
11772973
11777884
11779794
11780331
11780578
11782144
11792248
11792250
11792254
11792261
11792263
11792277
11793932
11794795
11794827
11795404
11804373
11804382
11807081
11807433
11812495
11812496
11815295
11815297
11828265
11838670
11850528
11852707
11862492
11870364
11873052
11878552
11881236
11884385
11899550
11899933
11900123
11908062
11908517
11919949
11933299
11972100
12015315
12015769
12027314
12029355
12029418
12052297
12052410
12109904
12114790
12115345
12119508
12119681
12119902
12120663
12120665
12120687
12120688
12121469
12121760
12121765
12121768
12121777
12122986
12123660
12123670
12132583
12132591
12132603
12132694
12132707
12133025
12133345
12133372
12133465
12133890
12137446
12137743
12137744
12137752
12143585
12154605
12183240
12269221
12269223
12271455
12294779
12312335
12323947
12331575
12332560
12339590
12346825
12349700
12378155
12378260
12379940
12379943
12379948
12401629
12408904
12450703
12452528
12452530
12452535
12452544
12452555
12452906
12452941
12454860
12455942
12455944
12457569
12457575
12464325
12466580
12468309
12471223
12491086
12499223
12509849
12523941
12528880
12529235
12529239
12549471
12569624
12578371
12583953
12588405
12594288
12625307
12625319
12688370
12740435
12741464
12781578
12782831
12819502
12820544
12843685
12850146
12851465
12852126
12861542
12862726
12863616
12898662
12898664
12917866
12922279
12948246
12948511
12950333
12950613
12950887
12950889
12954078
12954792
12969337
12975942
12976483
12976489
12976493
12982522
12983171
12983202
12983207
12983225
12984415
12984459
12990152
13004133
13008318
13010646
13046135
13076148
13077019
13077485
13077494
13081233
13143645
13148681
13148694
13148742
13149293
13149308
13150164
13150893
13165204
13165206
13174900
13183020
13183940
13184739
13224052
13238383
13250445
13262843
13269325
13371100
13532693
13877663
13877672
13878027
13880289
13880297
13880306
13881218
13882403
13882406
13882418
13883092
13886025
13886137
13889151
13900899
13914096
13938495
13940005
13940008
13945370
13960206
13965237
13966658
13966710
13966740
13973011
13987551
13995497
13997437
14177243
14258364
14283271
14624795
14712829
14720343
14720834
14725215
14736012
14749593
14750252
14750683
14767837
14767854
14768088
14768092
14786727
14817706
14841899
14841904
14844903
14852406
14864665
14865542
14875246
14884650
14889180
14897058
14916569
14947334
14957885
14965090
14979244
14988626
15001176
15010006
15010276
15033100
15038708
15075151
15075172
15078145
15082610
15083554
15084764
15089038
15103455
15132489
15169693
15172717
15174034
15192665
15205214
15223598
15227494
15228465
15245637
15276101
15283772
15284222
15287284
15289046
15289047
15295730
15302049
15356798
15358259
15359931
15362291
15374047
15384542
15400333
15437141
15491978
15564491
15564608
15741030
15741031
15741032
15816459
15869327
15898494
16047455
16049795
16049796
16050204
16050220
16050560
16054301
16055016
16057169
16059396
16071246
16161862
16230681
16231434
16231473
16231479
16231870
16232065
16233363
16236396
16239794
16239813
16243554
16246095
16247729
16249008
16249021
16260257
16264596
16266504
16268698
16269865
16274029
16274034
16274039
16275875
16284986
16287763
16287798
16287831
16287884
16322006
16331937
16334624
16344645
16344654
16352519
16355669
16371860
16381182
16381525
16383215
16383217
16383308
16383342
16383343
16392344
16393769
16393771
16394009
16394099
16400142
16401819
16403217
16403219
16403478
16403493
16407390
16407470
16411298
16411312
16413624
16413808
16414214
16414219
16414445
16414505
16417203
16417214
16418084
16418224
16418751
16419373
16420163
16420323
16432469
16449283
16485932
16497314
16502118
16515874
16538300
16538521
16538527
16543711
16544704
16544705
16549292
16555476
16556365
16557624
16557648
16557676
16559037
16559203
16559338
16559375
16559378
16564418
16564420
16564620
16578066
16582004
16585077
16585082
16587257
16589666
16599150
16601086
16615567
16615624
16615754
16615822
16621651
16636227
16636230
16647714
16648528
16655456
16663308
16673313
16686664
16686669
16687653
16687671
16687896
16691183
16693687
16696616
16700543
16700550
16700553
16713329
16722290
16729358
16731358
16764509
16827540
16831150
16832126
16836742
16838874
16842747
16851316
16853212
16858658
16861514
16863014
16891932
16895202
16896175
16900912
16910021
16911414
16911420
16918922
16924646
16946160
16972939
16981554
16988191
16996107
17007688
17018441
17019085
17019097
17019134
17020855
17021058
17021858
17024981
17024996
17024999
17025001
17027154
17027198
17027199
17031959
17036155
17046965
17052283
17052742
17054874
17056116
17059702
17063537
17074403
17077680
17077686
17081633
17084507
17084519
17091264
17091847
17093145
17093497
17094623
17094845
17095185
17098572
17099640
17099641
17100549
17100551
17100620
17100883
17100887
17100889
17101949
17102071
17105096
17105110
17105111
17105557
17105566
17105584
17108395
17108423
17108724
17108733
17114998
17115212
17118839
17118843
17121875
17127271
17129567
17137674
17140188
17142290
17144720
17178825
17202791
17205495
17218504
17224186
17224327
17224561
17224641
17224825
17225363
17225372
17225396
17225408
17228706
17229716
17232969
17233141
17234746
17236350
17249741
17251459
17252901
17255058
17255378
17279657
17281029
17281317
17287457
17296287
17301802
17302148
17304565
17305506
17306179
17306314
17311848
17322769
17324462
17347191
17347414
17352391
17352395
17358350
17393784
17394715
17395068
17417474
17418340
17424798
17425745
17541342
17549765
17551738
17556829
17557873
17567130
17570505
17570510
17570598
17570604
17570616
17570619
17570623
17570626
17577213
17581494
17583253
17589265
17600486
17600504
17601162
17603873
17606873
17610154
17610179
17610558
17610559
17610560
17612403
17613081
17613101
17614358
17617081
17617099
17617934
17618400
17624310
17635911
17636710
17637552
17637556
17639572
17671250
17673719
17676782
17676783
17678216
17683470
17683475
17715869
17724857
17823890
17847460
17849628
17875957
17886732
17886975
17887006
17892773
17894267
17899494
17899520
17923705
17966758
17975578
17981196
18011531
18011828
18020537
18049593
18052280
18053178
18053199
18053200
18053201
18055227
18055228
18055257
18057156
18062202
18066790
18074143
18079884
18081193
18081693
18081722
18081726
18081733
18082348
18083196
18084167
18084168
18089004
18091917
18094423
18094474
18096600
18096633
18096636
18096870
18114206
18114216
18122135
18140032
18143639
18151028
18151759
18151889
18152380
18152488
18157257
18159180
18159597
18165241
18167690
18169607
18169610
18169972
18170227
18170242
18170537
18172810
18173086
18173720
18178552
18179315
18183130
18183171
18185890
18185891
18186645
18188256
18189220
18196807
18208736
18236645
18239920
18245966
18247504
18262839
18262841
18262889
18262890
18289018
18295699
18298539
18298552
18298664
18302672
18303588
18304921
18305583
18305704
18312936
18312992
18337946
18347482
18361228
18388339
18399209
18400677
18411229
18411985
18420844
18424444
18424489
18425380
18425382
18425392
18426779
18426919
18426922
18427218
18427518
18427611
18427614
18427617
18432369
18447985
18450269
18452493
18458792
18473403
18475871
18484767
18490270
18494079
18494892
18507860
18517178
18517179
18517193
18524891
18525443
18536525
18537647
18538278
18541351
18542028
18542429
18550616
18558283
18584969
