2899913
3148681
3616480
2161076
2793006
5099145
4983027
6843272
1113306
6666132
2980600
6264577
6551514
2557492
5685148
5177911
243435
1518949
847390
1147029
761100
203008
3013917
6106154
1437027
2656051
2386859
2506472
6766192
2013674
2389097
1685764
1916167
966419
99771
6090897
3700602
2123527
3595794
5003489
2888028
4928650
5861998
6635884
2311150
6670927
4297767
5508194
1456543
2647733
954636
2568817
2964279
5524573
399780
4899088
6599836
5288684
2190047
2312010
2548853
2215916
5553911
6339281
6136726
3826872
4598262
343708
3050524
710805
3848465
6484910
1112400
4953107
6573769
6700999
4213927
6257262
855096
6901025
833768
94731
1464658
2149307
1565553
1157658
193021
1856842
5708171
4081259
6599692
5589643
1668761
4125046
3479102
5856233
3151871
3552210
3627400
5234063
1190731
3492602
4534631
2336608
2736202
1652398
5542132
4523868
6358821
5064792
385582
2884650
5221750
6349541
764130
6045846
384647
4255902
4706624
6352479
849483
1385219
55344
198876
6284149
6832811
3918190
2580111
5516992
4380593
6323544
418902
6319268
6548097
4273769
970155
5290913
3630216
4241707
5161706
3840844
1194630
1884624
1292939
2725868
3362357
2539437
3192108
2490772
1772901
5727873
1315576
5294305
1342420
1092623
6969761
3120416
3714042
2858023
1183680
2025848
787504
4742171
1551583
1648100
4931584
5532023
3804673
3507804
3337633
4473676
4421251
6296156
6955224
4250512
3166973
507245
6769467
3172983
4825032
3296217
4399914
425135
1134217
6956078
1005458
6663663
3406941
2487438
3972114
5164809
6242225
147312
3555514
6134265
911904
685806
3876385
1342636
2099301
1078614
1700264
1412790
1238076
6788858
1257474
3892252
1863557
6195906
6181094
1457292
5595240
5709964
6080514
322183
6852210
3142032
1233551
5597217
1647208
5255255
2937112
1754491
769624
1872795
36506
6097520
292854
1631944
3260979
4230355
4641446
447356
4074055
425323
6915434
2082919
3488018
4106067
5498377
1974687
3562508
5784673
2163466
6266337
4300220
3118378
5892299
554625
353516
1252443
3008471
2429593
4763754
5728374
4589293
77361
3599010
4370634
3771089
6696312
1522663
4714977
1880363
637352
2221946
5805138
6736862
2103974
4929852
5004071
353481
5065884
483902
4046291
4835934
6209161
1308992
5834339
4487725
4110098
5791110
3203504
5965025
4381122
2427820
4195479
1656693
5501198
6275064
6833706
4277147
5344643
111445
6677910
5836742
303379
21151
6481215
1072076
1805452
6025495
187429
5580656
610103
50027
4743624
96354
5604756
4083605
57681
1028263
2815474
2886621
3547580
2300273
3352268
121933
2596858
4633603
1359058
2873494
4099471
3299700
1619362
1536443
202007
5829147
5574022
3880417
5391061
2084053
165657
1842563
2470431
5056022
3681579
1367153
6529674
380448
4721318
4983651
5482049
324919
4814892
6787105
4390883
5314953
4579976
3649763
5207856
6804986
4971152
2491524
521833
3248857
3787456
4891788
5126692
2899033
3824358
3249291
140979
1765601
6308591
4661976
3760285
5075622
5511897
4246944
2990454
4722351
6711922
1062575
4778049
6427855
6068502
1256814
5727772
2533028
6818455
5284255
500594
1336327
5637227
856416
473591
1653815
872186
1667226
5864438
6622840
573409
6561362
1321924
3858355
1969267
3293829
3279892
3885680
412312
2192328
6601492
4906483
2699525
361139
1161384
5573220
2199540
3510650
3700904
4709321
3620585
4798341
6810355
1320188
6244902
5573980
5787009
5550247
4976623
6695048
1249327
6008429
1767798
3848565
6704013
2743114
3806893
106768
4861726
1001088
1645903
5314690
733854
536875
296
4347624
5597622
1574578
3504101
5876313
6309072
6501347
910822
1976496
2844969
1252449
6423225
6905819
1294361
93570
4807759
4822673
657262
4536192
1797620
2633426
6904856
3792275
1972301
2971845
1374745
3233258
4450107
5603666
2761160
3155767
3638605
2037039
6220923
6533322
1202460
1216428
759261
5106350
3687408
2241659
2251695
848658
1340170
1473491
6058402
2929637
3863419
2802523
5761566
1155491
6525559
3752608
5914200
1487293
4609805
5693090
3504138
1922559
3920075
4987855
4898789
1402204
1821744
6938725
1754208
4475561
3464014
6108573
5239029
5506987
4706344
6145834
6359401
5313575
3509353
4495291
2635804
2525478
385086
748665
4999829
2150944
3305259
3998716
2718673
1463240
632985
847604
2133554
5189631
6064920
5670011
1120419
1067869
605901
1967020
3514124
3960094
1776714
3855596
5673708
5177677
5681444
6035370
3946471
1958609
5742345
6568810
3246079
1478555
2276223
1440086
5448469
5439694
4816028
4483079
2584049
589165
6843032
6382478
5199153
3881151
5024186
1492812
5524589
5821003
1255697
114656
1133514
2982909
1285475
2325566
449258
2569932
4876756
366698
5623800
2050244
67795
4060416
3078806
4291653
3033445
3010559
5291835
2617447
5124957
1789485
3963463
6172012
3291197
1396782
6012907
2180414
1249914
6326742
3583323
144891
323867
5627294
6253518
6535665
4528912
4423639
4909227
3248936
799516
203907
5440799
2994766
3265948
2934825
6208638
4627299
4998384
4482450
5858880
5455633
6371122
4848774
3469975
4689837
4664629
2701737
3593973
2373025
6457436
5078151
4779024
5304838
1434485
4792522
5113633
2720190
6820770
3353799
5019604
523331
2021875
1118066
4885336
5129000
3239292
3735462
1821741
5680220
5144989
2728130
6799735
6608819
1196700
3448807
2237812
5186849
6545370
4937830
2003135
6770345
151211
1109307
1992924
2931823
1872908
2170222
318975
5852235
6539880
5573007
230673
26289
472579
2914844
6574985
2418740
466188
5494591
6727195
1108571
6001203
240633
4958851
271610
2356888
785818
4795072
5359227
2173170
3834669
5250249
5798977
6280793
6296159
3032941
5349209
5407445
2605865
4768232
1966794
3430000
181799
2545834
3927455
4262592
5820652
6744647
217179
122334
746955
6633549
5345149
5561591
415216
993909
1174000
4518989
4868055
3048754
4071089
3660466
3907101
2755635
5030196
4412635
1968891
5577806
5720886
3025389
653775
1919744
4509866
554869
3836297
4583114
6625552
1054865
4153091
2524622
5550025
6563749
472844
4378586
4349126
5806569
429794
4161309
1404540
6865637
5535986
6902505
1902123
1780345
3791136
5586632
6052920
3407365
6808275
5531498
5855742
1337685
5725810
1675719
1964968
4666403
2069164
2756418
5776778
3671730
2080284
6460229
5922256
4000791
6784803
1829135
5268670
5848522
1584516
6333447
2921013
982587
667763
4060511
2493495
4649311
4080799
5383356
3908214
3486494
6348475
2923416
4199909
2707485
6480095
3734662
3876789
4295138
1140855
665392
1746601
6688871
5764720
1876943
6922589
1788623
4295569
5956394
3033431
1234740
3463649
5076889
2074113
4662063
6965141
3791588
1133360
4267551
96211
5708663
2409765
1526958
4772140
2227540
1162988
2523460
1325368
6557359
5007925
2291417
34254
3891178
1171498
190481
4251358
2563470
4805273
2323026
1629603
5150699
1838916
4539701
3268940
6724479
858987
2878306
4435360
6544292
4064224
5650106
2141320
1767900
3914833
3931294
3307987
6245098
4122005
6116140
3959378
221420
4076036
869581
3233856
580195
6240304
6565162
4113225
5236141
6146383
6620726
4251405
1481837
2714985
13801
2733703
5963776
2808046
222078
5804785
440044
3710931
925206
458351
3831130
2208656
6950165
4133812
6210486
867889
