12270445
12286315
12317775
12328789
12352984
12370011
12378263
12394454
12406132
12432926
12448926
12464715
12470569
12491380
12506029
12512940
12530566
12539335
12556357
12566493
12573221
12592484
12596135
12610275
12624765
12640734
12642093
12644334
12655536
12667193
12677589
12682157
12694916
12701794
12702826
12726230
12727316
12728847
12731027
12745025
12745550
12755819
12763676
12770282
12783002
12785141
12789656
12794998
12800979
12810510
12814561
12820043
12829543
12831276
12839131
12840717
12842294
12858512
12861943
12864443
12869552
12879877
12880754
12887930
12890134
12895949
12902758
12903181
12913419
12916029
12918055
12923989
12924975
12928586
12934887
12935739
12944204
12946775
12948064
12952862
12954014
12966909
12967481
12968276
12974714
12980166
12982414
12990154
12992676
12995604
12997197
12999707
13006412
13008044
13010592
13015474
13020919
13023317
13024622
13030318
13033527
13033594
13034978
13046410
13047123
13048222
13051593
13056388
13057336
13057815
13062145
13067799
13070512
13073061
13077976
13080003
13081724
13081966
13086597
13087459
13091298
13094198
13095600
13103479
13105520
13106356
13110250
13111306
13115780
13119024
13119351
13119544
13127861
13129206
13130383
13133280
13137835
13140981
13141917
13144322
13146767
13150629
13153286
13158257
13158872
13160013
13164732
13165811
13172664
13173473
13175695
13176420
13177503
13178221
13178922
13179648
13181320
13185699
13186034
13190884
13197982
13198080
13201359
13201554
13201672
13202481
13205739
13206282
13213583
13220203
13220913
13221726
13222317
13223687
13224900
13225457
13225744
13226163
13230730
13237099
13237952
13238133
13240438
13241618
13241621
13243946
13246114
13247478
13250228
13256789
13257412
13257672
13258812
13260242
13260865
13265771
13267118
13270227
13270792
13274267
13277182
13277537
13278522
13281103
13283748
13284461
13290794
13292746
13294379
13294625
13294763
13296727
13296828
13298105
13299231
13304330
13305056
13307141
13307172
13307974
13310833
13312341
13312802
13312906
13314292
13314747
13314853
13316532
13317865
13318237
13319772
13321061
13328422
13330067
13331945
13333657
13333911
13334229
13334296
13337132
13341218
13341731
13343025
13343114
13348290
13349609
13350031
13351184
13352043
13354116
13355051
13355316
13358305
13358813
13361061
13362738
13364367
13364717
13368216
13368290
13369751
13370927
13372707
13375952
13375997
13377648
13379333
13380976
13382495
13384446
13385388
13387047
13387225
13392298
13392892
13393881
13396626
13397319
13397895
13398733
13398861
13399963
13401630
13402267
13403281
13404968
13407464
13409717
13409905
13410287
13410419
13414668
13420501
13422169
13422324
13422439
13422760
13422916
13424130
13424271
13425997
13428059
13428998
13429204
13429348
13431423
13432218
13434554
13435859
13437851
13438407
13438999
13441792
13442669
13442770
13442789
13445700
13447733
13448689
13449754
13450681
13453933
13454309
13454485
13455617
13457750
13458280
13458341
13459233
13459572
13460531
13465721
13465755
13467559
13467927
13471214
13472552
13473678
13475259
13475388
13476387
13477895
13478779
13479429
13480237
13481827
13482754
13483775
13483857
13484475
13485491
13489155
13489562
13489818
13490627
13491511
13491595
13492151
13492259
13492608
13493342
13497933
13500893
13501807
13504257
13504828
13506098
13506532
13508452
13509558
13509711
13511800
13513854
13515135
13515906
13516234
13518262
13519110
13521001
13522459
13522752
13523959
13524315
13526132
13526383
13527181
13527597
13527964
13528518
13528713
13529242
13530011
13530754
13533384
13534436
13536690
13542279
13543003
13543050
13543227
13546021
13547254
13548240
13550448
13550653
13550804
13550948
13551224
13552356
13552442
13554043
13556394
13560072
13560696
13561272
13561926
13562569
13563537
13565739
13567587
13569677
13571419
13572313
13572483
13573673
13574601
13574643
13574965
13577329
13577798
13578211
13578679
13580022
13582207
13583646
13587305
13588670
13588926
13589063
13590681
13591361
13592800
13594337
13595196
13595252
13595776
13596002
13596291
13596391
13597218
13600251
13600610
13601544
13601592
13603020
13603722
13603978
13604540
13604644
13605032
13605961
13609255
13609641
13612427
13613895
13614812
13615441
13615499
13615908
13616277
13617751
13621788
13621860
13622914
13625377
13625948
13627776
13628181
13630279
13632428
13632777
13633259
13633321
13633874
13634734
13635106
13635897
13636258
13639100
13640810
13641442
13641828
13642841
13643021
13643758
13644605
13645241
13648002
13648349
13650347
13650499
13650963
13653818
13653857
13655137
13656021
13656255
13657486
13657530
13659015
13659245
13659819
13662028
13664580
13665328
13666284
13669681
13669782
13670627
13670772
13671284
13672980
13673332
13674332
13674657
13675779
13676131
13676916
13680223
13681055
13681747
13682627
13683611
13684405
13687810
13688037
13688376
13688646
13689495
13689875
13691168
13691321
13691850
13692938
13693334
13693629
13693931
13695422
13697301
13697472
13698385
13700697
13701015
13701555
13701711
13702090
13703724
13705147
13705881
13708715
13709486
13709815
13710362
13710401
13711412
13712819
13714710
13716653
13717351
13718244
13718266
13719287
13720365
13720697
13720755
13721550
13722465
13722886
13723199
13726156
13727776
13727853
13728563
13728569
13728761
13728797
13729384
13729630
13730671
13732410
13735123
13737068
13737290
13737872
13738079
13738276
13739892
13739977
13740218
13740414
13743977
13745298
13745517
13745649
13747290
13747453
13747537
13747701
13750136
13751778
13752181
13752289
13753259
13753534
13756581
13756840
13758279
13758290
13758495
13759878
13760405
13760936
13761361
13762274
13762359
13763071
13763775
13765093
13765516
13767045
13768466
13768704
13769274
13771086
13771596
13771710
13772292
13772839
13776543
13776598
13776733
13776795
13777593
13777750
13777957
13778328
13778363
13781358
13781417
13782030
13782545
13782670
13783349
13783432
13784056
13784406
13787405
13788733
13789122
13789565
13790365
13790944
13790964
13791619
13792561
13792784
13793046
13793054
13794024
13796148
13796415
13796851
13798300
13798420
13799913
13800186
13803028
13804327
13805326
13806443
13807159
13807246
13807485
13807602
13809517
13809975
13810885
13812466
13813055
13813946
13814312
13814313
13814836
13815176
13815896
13816239
13817340
13818504
13818727
13819958
13820587
13820986
13822372
13823201
13823241
13823584
13823876
13826712
13827731
13827765
13827904
13828517
13830460
13830695
13831569
13832106
13833720
13834767
13834930
13835505
13835681
13836877
13837046
13837313
13838557
13838907
13838928
13839202
13840097
13842068
13843269
13843880
13845579
13845937
13846449
13847948
13848459
13848554
13848778
13849305
13850040
13850700
13850840
13852641
13853175
13853327
13853407
13854044
13854246
13856496
13856872
13857214
13857550
13857593
13858569
13859490
13859612
13861505
13862536
13863266
13863842
13864322
13864647
13864656
13865980
13866846
13867239
13867652
13869445
13869516
13869977
13871107
13872307
13872965
13875121
13876174
13876536
13876894
13877404
13877615
13878060
13878686
13878880
13879653
13879849
13880541
13881046
13881831
13882321
13884046
13884137
13884883
13884954
13885028
13885319
13886589
13886701
13887635
13888366
13888706
13889155
13890195
13891761
13892042
13892888
13893496
13894226
13894264
13895180
13896014
13896477
13897687
13898167
13899720
13900041
13900203
13900777
13901907
13902228
13903384
13904023
13904500
13904574
13906335
13906845
13907297
13907386
13907728
13908117
13908844
13908968
13909025
13911526
13911876
13911958
13912199
13912261
13912465
13913314
13914410
13916302
13916433
13916591
13916998
13919838
13920163
13920987
13921264
13921342
13922473
13923014
13923635
13923806
13925727
13925747
13927085
13928148
13929562
13929604
13930084
13930944
13931230
13931883
13932156
13932744
13932980
13933336
13933573
13934689
13934763
13935260
13935569
13936048
13936290
13937822
13939235
13939688
13940842
13941853
13942079
13942965
13943189
13943305
13943966
13943971
13943985
13944122
13944379
13944813
13945178
13945650
13945708
13945771
13946739
13947155
13947177
13947384
13947646
13947771
13948042
13948171
13953264
13954770
13954946
13955004
13955216
13955502
13957480
13958067
13958785
13959528
13960587
13960622
13960684
13960785
13962652
13963306
13963324
13963403
13964739
13965124
13965144
13965690
13967349
13970046
13970159
13970540
13973548
13973809
13973852
13974700
13975373
13975788
13976535
13976618
13977064
13977204
13977320
13977728
13978386
13979295
13979579
13979617
13979963
13980127
13980288
13980387
13980416
13980614
13981496
13982889
13983011
13984146
13985349
13985641
13986153
13986482
13987284
13988387
13989687
13990332
13990562
13990882
13991804
13992432
13992640
13994007
13994244
13994304
13994618
13994691
13995104
13995539
13996910
13996936
13997849
13998164
13998634
13999105
13999487
13999784
14001334
14002677
14003402
14003540
14004224
14004360
14005010
14005248
14005897
14006411
14006928
14007706
14007888
14008063
14009070
14009162
14009437
14009758
14010090
14011523
14012121
14012640
14014029
14014752
14014964
14015257
14016556
14016592
14017238
14017342
14017712
14018998
14019167
14019205
14019938
14020537
14020629
14021484
14021954
14022214
14023316
14023629
14024109
14024374
14024696
14024931
14026020
14026228
14026559
14026785
14027353
14027429
14027432
14027633
14030883
14031492
14031618
14031687
14032004
14032531
14033346
14033596
14033882
14035477
14035906
14036155
14036232
14036773
14036816
14036923
14037180
14037292
14037714
14038227
14038290
14038884
14039132
14040201
14040202
14040437
14040699
14042453
14042725
14043110
14043576
14043637
14043700
14043727
14045451
14047213
14047253
14049398
14049469
14050034
14050968
14052347
14052432
14053052
14053270
14053383
14053666
14054141
14054269
14054492
14055443
14055734
14056051
14056726
14056870
14057026
14057680
14058450
14058665
14060127
14060245
14060257
14060492
14060639
14061253
14062156
14063306
14063718
14065517
14066042
14067410
14067659
14069253
14069341
14070214
14070688
14070926
14070937
14071962
14072022
14074715
14075372
14076814
14077345
14077532
14078499
14078510
14079748
14079882
14080007
14080254
14080471
14080523
14081089
14081092
14081378
14081479
14081986
14082059
14083044
14083243
14084218
14084707
14084867
14085273
14085407
14086421
14086677
14086793
14088138
14088225
14088404
14088647
14090404
14090685
14090970
14091446
14091967
14092375
14092377
14092680
14093053
14093860
14094301
14094585
14095475
14097294
14097567
14098528
14099090
14099550
14099674
14099932
14100024
14100413
14100418
14101696
14102396
14102983
14103110
14103409
14103423
14103625
14104389
14104885
14104914
14104920
14106004
14106969
14108963
14109206
14110487
14110819
14111463
14111510
14111599
14111941
14112554
14112636
14112763
14112793
14113159
14113239
14113783
14113925
14114297
14114947
14115194
14115265
14115573
14115973
14117187
14118381
14119249
14119649
14119985
14120184
14120755
14121986
14122175
14122461
14122574
14122832
14122895
14123884
14124206
14124229
14126404
14126880
14127089
14129600
14129705
14130079
14130376
14130420
14130444
14130713
14130832
14131200
14132094
14132308
14132376
14132930
14133052
14133611
14134605
14135243
14135315
14135656
14136127
14136299
14137731
14139394
14139596
14141236
14141579
14141678
14143084
14143157
14143279
14143898
14144717
14145021
14145468
14145555
14145754
14145844
14145910
14146532
14147085
14147654
14147690
14147836
14147910
14148138
14148227
14148889
14149239
14149785
14150921
14151180
14151264
14151268
14152074
14152097
14152328
14152917
14153723
14153861
14154229
14154506
14154607
14155476
14157341
14157441
14157618
14157993
14158061
14158982
14159525
14159606
14160044
14160151
14161424
14162104
14162560
14163047
14163480
14163600
14164830
14164872
14166584
14166713
14167116
14167163
14167624
14167741
14169074
14169997
14170760
14170863
14171618
14171701
14171808
14172259
14173348
14173554
14173687
14175054
14175267
14175656
14176294
14176862
14177148
14177606
14178385
14178659
14179128
14179632
14179939
14180175
14180221
14180391
14180747
14181458
14181745
14182337
14182348
14182680
14182981
14183765
14184349
14184582
14185001
14185963
14186169
14186233
14186330
14186707
14186764
14186916
14186960
14186986
14187737
14187845
14188055
14190187
14190588
14191131
14192263
14192283
14192471
14192504
14193512
14195465
14196214
14196277
14196618
14196715
14197504
14198041
14198259
14198877
14199152
14199364
14199633
14199670
14200764
14200865
14200893
14201227
14202383
14202627
14202722
14204014
14204149
14205230
14205317
14205588
14205765
14206026
14206161
14206218
14206376
14206381
14206468
14206822
14206868
14209334
14209406
14209922
14210222
14210433
14210597
14210616
14211253
14212300
14213206
14213241
14213892
14214186
14214890
14214965
14215209
14215747
14217617
14218113
14218180
14218548
14218620
14218881
14219951
14220022
14220216
14220507
14220541
14221282
14221435
14222597
14222782
14223616
14224262
14224546
14225031
14225166
14225395
14225826
14226181
14226666
14226969
14227968
14228564
14230145
14231132
14231173
14232600
14233719
14233815
14234508
14235528
14235975
14236199
14236331
14237011
14237312
14238007
14238911
14239097
14239342
14239370
14239688
14240821
14241032
14241596
14241649
14241650
14241964
14241967
14242187
14242783
14242887
14244061
14244648
14244662
14245084
14245154
14245516
14245873
14245961
14245996
14246556
14246868
14247360
14247600
14247664
14247684
14249018
14249159
14249329
14249463
14250075
14250769
14252158
14252319
14252535
14253195
14253303
14253382
14253397
14254275
14255678
14255907
14256313
14257005
14257338
14257625
14257705
14257814
14258573
14259286
14259603
14260066
14260217
14261096
14261546
14261623
14261833
14263132
14263215
14263635
14264741
14265329
14265800
14265986
14266208
14266343
14266851
14266879
14267392
14267476
14267744
14268123
14269225
14269596
14270828
14271397
14271481
14271514
14271672
14272335
14272530
14272740
14272828
14273015
14273166
14273363
14273399
14273469
14273801
14274083
14274737
14275711
14276664
14277232
14278078
14278307
14278659
14278921
14280006
14280012
14281570
14282031
14283029
14283215
14283832
14283976
14284165
14284562
14284725
14284991
14285035
14285240
14285988
14286457
14288346
14288550
14289350
14289676
14290890
14291227
14291347
14291648
14291964
14292345
14293486
14293699
14294113
14294779
14294888
14295219
14295558
14296154
14297045
14297395
14297437
14298019
14298107
14298326
14298402
14298786
14299041
14299100
14299205
14299323
14299503
14299934
14300623
14301164
14302030
14302257
14302776
14303121
14303239
14303634
14305248
14305384
14305731
14306237
14306812
14307659
14307737
14307908
14308013
14308134
14308253
14308479
14309137
14309200
14309521
14309763
14310236
14310557
14311109
14313878
14313986
14314207
14314286
14314451
14314939
14315071
14315162
14315701
14316951
14317596
14317835
14318101
14318345
14318366
14318700
14319101
14319268
14319502
14320238
14320866
14321018
14321820
14323220
14323298
14323690
14325531
14325638
14326065
14326266
14326980
14327659
14328019
14328112
14328192
14328752
14328823
14328978
14329214
14329523
14329557
14329561
14330472
14331057
14331118
14332155
14332359
14334002
14334386
14334545
14334763
14334766
14334778
14335026
14335877
14336066
14336223
14336419
14336995
14337045
14337109
14337843
14338847
14338950
14339565
14339652
14339734
14339774
14339803
14339880
14340713
14341481
14341945
14342096
14343118
14343593
14343612
14344357
14344366
14345394
14345547
14345713
14345804
14347480
14347584
14347755
14348002
14348004
14348260
14348777
14348932
14349531
14350371
14351702
14353272
14353411
14354266
14354405
14355204
14355387
14356119
14356304
14356819
14356931
14357303
14357534
14357815
14358017
14358649
14358763
14358893
14359807
14359871
14360162
14360245
14360627
14360946
14361105
14361143
14361314
14361361
14362641
14362933
14363187
14363318
14363638
14363726
14363744
14364331
14364382
14364862
14365279
14365310
14365908
14368055
14368553
14368694
14369628
14369827
14370350
14371148
14371585
14371921
14372040
14372063
14372891
14372926
14373125
14373199
14374108
14374507
14374584
14375485
14376916
14377184
14377491
14378081
14378167
14378298
14378353
14378433
14379055
14379356
14379833
14380287
14380475
14380756
14381313
14381593
14381616
14381889
14382599
14382723
14382773
14383005
14384727
14385248
14386142
14386349
14386868
14386876
14387732
14388270
14388349
14388423
14389580
14389582
14390138
14390422
14390674
14390779
14391091
14391292
14391583
14392495
14394096
14394504
14394631
14394985
14395049
14395328
14395361
14395404
14395921
14396174
14396272
14396562
14396876
14397052
14397461
14397893
14398097
14398109
14398229
14398380
14399433
14399521
14400470
14401343
14401755
14401816
14402120
14402330
14402441
14402712
14402786
14403229
14403448
14403740
14404078
14404553
14404825
14405399
14406297
14406364
14406858
14407435
14407458
14407540
14407781
14409217
14409473
14409661
14410228
14411108
14411127
14411231
14411370
14412007
14412939
14412995
14413032
14413147
14414807
14414879
14415221
14415702
14416038
14416343
14417025
14417970
14417980
14418005
14418344
14419345
14420287
14420682
14421071
14421252
14421361
14422795
14423257
14423385
14423634
14423659
14423831
14423967
14424113
14424280
14424385
14424533
14424969
14425739
14426100
14426218
14426791
14427269
14427357
14427775
14428085
14428237
14428288
14428513
14428589
14429571
14430221
14430354
14431752
14432364
14433044
14433171
14433434
14433574
14433794
14434223
14434483
14434586
14435108
14435221
14435285
14435543
14435969
14436508
14436652
14437096
14437126
14437705
14438681
14438778
14438940
14439899
14440373
14441213
14441344
14441538
14441582
14442501
14442714
14443104
14443521
14443726
14444537
14445236
14445250
14445333
14446764
14447427
14448625
14449472
14449753
14450712
14451026
14451069
14451118
14451138
14451653
14452264
14453027
14453284
14453448
14453559
14453607
14453679
14453854
14454290
14454561
14454716
14454975
14455165
14455710
14455838
14455899
14455979
14456575
14456628
14457292
14457347
14457783
14457835
14458193
14458778
14458914
14459307
14459377
14459596
14460044
14460168
14460672
14460807
14460825
14461235
14461596
14461628
14461842
14461994
14462805
14462940
14463326
14463346
14463676
14464046
14464476
14464562
14464954
14464978
14465266
14465486
14467606
14467954
14468378
14468385
14468659
14468843
14469092
14469490
14469530
14469574
14470149
14470563
14471237
14471599
14471821
14472289
14472429
14472554
14473523
14474373
14474805
14474829
14475481
14475510
14475577
14475833
14475985
14476161
14476348
14476487
14476712
14476896
14476931
14477382
14477416
14477571
14478392
14478901
14479048
14479655
14481804
14482073
14482308
14482316
14482697
14482702
14482857
14483766
14484337
14484842
14484958
14484986
14485239
14486108
14486564
14486618
14486700
14486745
14487723
14487840
14487955
14487962
14488347
14488774
14489171
14489222
14489550
14490455
14493206
14493243
14493538
14493965
14494206
14494973
14495040
14495185
14495235
14495338
14495507
14495684
14496003
14496585
14497063
14497249
14497344
14498254
14498326
14498519
14498748
14498922
14499298
14499696
14500113
14500303
14500509
14500591
14500920
14501170
14501560
14501751
14502348
14503264
14503639
14503726
14503839
14504114
14505083
14505552
14505591
14505644
14505881
14506946
14507186
14507209
14507756
14508149
14508326
14508769
14509435
14509516
14509955
14510101
14510615
14510662
14510833
14510882
14511353
14511485
14511675
14511981
14512681
14513110
14513544
14513610
14513620
14514217
14514598
14514690
14514848
14515106
14515269
14515478
14515785
14515956
14516005
14517147
14517643
14517655
14518765
14519191
14519434
14519604
14520024
14520237
14520491
14521172
14521398
14521682
14522068
14522150
14522252
14522266
14522930
14523004
14523774
14524194
14524436
14524875
14524880
14525025
14525203
14525675
14527039
14527162
14527232
14527819
14528081
14528303
14529226
14530154
14530289
14530462
14531012
14531281
14531290
14531340
14531648
14531696
14531816
14532205
14533113
14533203
14533520
14533819
14534280
14534300
14534578
14534771
14535190
14535350
14535393
14536619
14537545
14538060
14538817
14538824
14538942
14539396
14539441
14539724
14539729
14539897
14540179
14540221
14540478
14540812
14540845
14541313
14541354
14542151
14542350
14542524
14542774
14543062
14543218
14543229
14543986
14544365
14544457
14544861
14545591
14546053
14546189
14546343
14546637
14546942
14547192
14547276
14547380
14547720
14547864
14548149
14548723
14549484
14549546
14549568
14549847
14549871
14549887
14550396
14550424
14550609
14550743
14552378
14552902
14552939
14553203
14553669
14554277
14554415
14554537
14554708
14555207
14555327
14555483
14556427
14556922
14557660
14557745
14558204
14558597
14558674
14558984
14559059
14559172
14559236
14559282
14559358
14560640
14561074
14562175
14562213
14562309
14562544
14562700
14563354
14564019
14564029
14564260
14564687
14564740
14564889
14565279
14565285
14565515
14565588
14565607
14565610
14565781
14565890
14565913
14566096
14567299
14567604
14567630
14567825
14567857
14568157
14568400
14568879
14569368
14569427
14569888
14570027
14570343
14570351
14570406
14570775
14571040
14571060
14571328
14572562
14572707
14572740
14572932
14574237
14574343
14575374
14575405
14577624
14578325
14578415
14579055
14579063
14579075
14579838
14579871
14580251
14580392
14580433
14580508
14580602
14580682
14580750
14580757
14581028
14581680
14581940
14582209
14582797
14583568
14583945
14584152
14584225
14584940
14584970
14585125
14585376
14585863
14586562
14587240
14587586
14588056
14588692
14589027
14589038
14589429
14589495
14591103
14591112
14591155
14591373
14591414
14591475
14591530
14592602
14593222
14593285
14593586
14594272
14594480
14594729
14594899
14594918
14595281
14595609
14595687
14596626
14596764
14597137
14597515
14597707
14598756
14598867
14599140
14600077
14600418
14600496
14600538
14601009
14601421
14601514
14601631
14601690
14601697
14602140
14602465
14603159
14604099
14604259
14604708
14605164
14605183
14605528
14605836
14605937
14606033
14606193
14606794
14607107
14607156
14607729
14608063
14608086
14608131
14608293
14608882
14609148
14609365
14609697
14609802
14609866
14610528
14610584
14610970
14611650
14611840
14612047
14612482
14612517
14612617
14613338
14613398
14613767
14613846
14614263
14614376
14614416
14615442
14616130
14616229
14616368
14616554
14616645
14616971
14617050
14617523
14617898
14618221
14618427
14618763
14618866
14619484
14619758
14620515
14621084
14621504
14621986
14622738
14622775
14623350
14623776
14623823
14623976
14624373
14624465
14624815
14624947
14625052
14626119
14626840
14627248
14627521
14627575
14627681
14627785
14627879
14628080
14628787
14628950
14629005
14629016
14629344
14629578
14629692
14629792
14629804
14630284
14630312
14630329
14630374
14630640
14631439
14631903
14632085
14632341
14632416
14632651
14633112
14633888
14634083
14634138
14634260
14634399
14634400
14634745
14635166
14635521
14635812
14635970
14636250
14637002
14637182
14639106
14639110
14639429
14639857
14640445
14641092
14641268
14641360
14641540
14641620
14641838
14641922
14642065
14642387
14642567
14643064
14644019
14644754
14645308
14646075
14646182
14646347
14646514
14646609
14646711
14646801
14647374
14648143
14648255
14648425
14648597
14649143
14649242
14649330
14649673
14649689
14651280
14652145
14652539
14652801
14652896
14652965
14653852
14654317
14654558
14654950
14655121
14655726
14655983
14655984
14656220
14656945
14657870
14657900
14658081
14658170
14658611
14658950
14658992
14659289
14659641
14659861
14659974
14660043
14660338
14660986
14661102
14661178
14661317
14661732
14661870
14661915
14661997
14662120
14662186
14662525
14663074
14663354
14663769
14664010
14664352
14664465
14664958
14665242
14665646
14665813
14665997
14666061
14666298
14666388
14667114
14667280
14667605
14668014
14668991
14669087
14669116
14669170
14669229
14669392
14669669
14669745
14669863
14669872
14670507
14670562
14671240
14671380
14671566
14671661
14673289
14673696
14673907
14675026
14675578
14676750
14676863
14676890
14676923
14677125
14677587
14677905
14678563
14678958
14679003
14679138
14680004
14680337
14680422
14680466
14680937
14681556
14681681
14681782
14681939
14682283
14682357
14682373
14682422
14682555
14682892
14683255
14683964
14684042
14684126
14684288
14685215
14685293
14685505
14685767
14686023
14686093
14686106
14686464
14686721
14687095
14687135
14687344
14687741
14687763
14687879
14688325
14688541
14689919
14690597
14690743
14690806
14691201
14691380
14691539
14692087
14692745
14692968
14693324
14693547
14693768
14694164
14694458
14694624
14694879
14695285
14696003
14696087
14696096
14696168
14696278
14696429
14696463
14696552
14696633
14696667
14696815
14697340
14698232
14698385
14699096
14699134
14699234
14699318
14700769
14700944
14701074
14701147
14701701
14701837
14702471
14702534
14703610
14703908
14703916
14703931
14704023
14704412
14705130
14705141
14705309
14706181
14706203
14706713
14706762
14706815
14706994
14707653
14707744
14707910
14707941
14707989
14708059
14708270
14708278
14708605
14708808
14709025
14709508
14709847
14709941
14710166
14710382
14710819
14712258
14712372
14712896
14713556
14713607
14713652
14713742
14714257
14714804
14714815
14715498
14715737
14715890
14716069
14716682
14716966
14717578
14718429
14718618
14718734
14719119
14719209
14719741
14720111
14720293
14720539
14720969
14721379
14721451
14721620
14721696
14721770
14721911
14721947
14722346
14722426
14722446
14722601
14723285
14723318
14724753
14725737
14725885
14726527
14728210
14728599
14729578
14730184
14730537
14730707
14730818
14730859
14731003
14731157
14731430
14731569
14731698
14731737
14731746
14731852
14732086
14732293
14732448
14732614
14732619
14732742
14732832
14732942
14734332
14734670
14734776
14735046
14735413
14735452
14735677
14735695
14735873
14736109
14736111
14737162
14737240
14738024
14738437
14738561
14738604
14738905
14739714
14740047
14740272
14740348
14740567
14740618
14741134
14741628
14741643
14741793
14742123
14742156
14742372
14742817
14742923
14743256
14744875
14744976
14745021
14745158
14745549
14745719
14745740
14745886
14745944
14746620
14747480
14747758
14747881
14748306
14748726
14748995
14750016
14750083
14750174
14750322
14750533
14750635
14751227
14751526
14751923
14752148
14752388
14752968
14753388
14753449
14753913
14754378
14754470
14754859
14755121
14755299
14755381
14755646
14755962
14756054
14756159
14756398
14756579
14757055
14757204
14757756
14757772
14758179
14758537
14759424
14759574
14759951
14760020
14760833
14761204
14761218
14761346
14761914
14762004
14762035
14762371
14762505
14763115
14763523
14763987
14764100
14764489
14764942
14764972
14765090
14765120
14765149
14765464
14765661
14766052
14766133
14767135
14767243
14768070
14768154
14768242
14768290
14768595
14769029
14769180
14769182
14769788
14770211
14770961
14771092
14771213
14771308
14771463
14771669
14772117
14772419
14772447
14772448
14773147
14774063
14774412
14774447
14774907
14776302
14776317
14776483
14776893
14776966
14777167
14777322
14777443
14777717
14778065
14778778
14778850
14778910
14778928
14779183
14780280
14781410
14781516
14782086
14782095
14782177
14782621
14782770
14782867
14782906
14783003
14783074
14783336
14783417
14784065
14784096
14784374
14784386
14784411
14784920
14785118
14785287
14785398
14785541
14786222
14786323
14786632
14787080
14787722
14787753
14787824
14788089
14788174
14788546
14788712
14789452
14789572
14790360
14790683
14790712
14790971
14791247
14791604
14792093
14792395
14792509
14792694
14792748
14792944
14793422
14794451
14794488
14794597
14794757
14795696
14795837
14795980
14796060
14796365
14796705
14796770
14796976
14797108
14797273
14797727
14798367
14798965
14799219
14799246
14799353
14799505
14799873
14800105
14800429
14800454
14800458
14800548
14800659
14800762
14801197
14801696
14801914
14802135
14802137
14802470
14802693
14802958
14803084
14803288
14803557
14803612
14803684
14804150
14804506
14804566
14804834
14805469
14805642
14806016
14806900
14807783
14807933
14808081
14808256
14808339
14809565
14809993
14810102
14810507
14811186
14811446
14811677
14811696
14812009
14812516
14812992
14813184
14813406
14813769
14813857
14813879
14814105
14814621
14814910
14815498
14817056
14817270
14818122
14818644
14818648
14818699
14818736
14819138
14819431
14819432
14819578
14819650
14820221
14820244
14820389
14820463
14820984
14821338
14821460
14822193
14822336
14822544
14822725
14822989
14823331
14823571
14823719
14823786
14824200
14824255
14824442
14824670
14824778
14824895
14825018
14825227
14825432
14825624
14825772
14825933
14826090
14826696
14827956
14828114
14828267
14828384
14828434
14829687
14829836
14829922
14830024
14830193
14830394
14831071
14831203
14831283
14831294
14831411
14831433
14831837
14832067
14832231
14832810
14832914
14833551
14833877
14834270
14834517
14834761
14834764
14834943
14835613
14835680
14837027
14837139
14837278
14837600
14837665
14837930
14838344
14838365
14839250
14839703
14840728
14840757
14841427
14841444
14841873
14842025
14842088
14842235
14842315
14842604
14842720
14842817
14842978
14843666
14844025
14844488
14845179
14845197
14845332
14845598
14845606
14845674
14846412
14847074
14847351
14847474
14847487
14847489
14848011
14848352
14848510
14848703
14848782
14848936
14849109
14849715
14849875
14849982
14850084
14850124
14850243
14850435
14850490
14850991
14851053
14852211
14853403
14853497
14854110
14854358
14854747
14854832
14854871
14855008
14856098
14856168
14856480
14856607
14856650
14856932
14857114
14857450
14857701
14857712
14858004
14858444
14859066
14859292
14859646
14859887
14859982
14860433
14860470
14860477
14861379
14861503
14862494
14862546
14862546
14862726
14862728
14863028
14863603
14863711
14863836
14864202
14864209
14864567
14865111
14865123
14865659
14865800
14866470
14866556
14866741
14866930
14867035
14867459
14867514
14867567
14867674
14868950
14869222
14869451
14870308
14870733
14870923
14871154
14871702
14872155
14872158
14872552
14872607
14872696
14872881
14873277
14873695
14874088
14874185
14874431
14874930
14875414
14875706
14875805
14875819
14876792
14876826
14877369
14877490
14877592
14877878
14878106
14878189
14878223
14878686
14878959
14879204
14879248
14879255
14879374
14879718
14880329
14881296
14881487
14881617
14881791
14881822
14881835
14882163
14882391
14882435
14883303
14883729
14884163
14884616
14884749
14884799
14884857
14885157
14885269
14885753
14885995
14886035
14886166
14886744
14886938
14887196
14887423
14887761
14888147
14888296
14888393
14888838
14888914
14888922
14889346
14889579
14889972
14890452
14891070
14892611
14892764
14892816
14893342
14893538
14893767
14894030
14894073
14894164
14894432
14894664
14894783
14894846
14894877
14895167
14895436
14895802
14895977
14896004
14896043
14896516
14897032
14897395
14897518
14897955
14898891
14898940
14899064
14899092
14899606
14899702
14900347
14900445
14900687
14900911
14900980
14901010
14902010
14902190
14902336
14902347
14902739
14902780
14902794
14902996
14903062
14903176
14903258
14903556
14903678
14904427
14904603
14905233
14905360
14905363
14905435
14905640
14906338
14906692
14907426
14907434
14907435
14907505
14907565
14907578
14907658
14907901
14907973
14908980
14909785
14909824
14909911
14910180
14910331
14910797
14910875
14910984
14911391
14911533
14912588
14912692
14912702
14912786
14913103
14913627
14913664
14914173
14914721
14914775
14916126
14916151
14916313
14916345
14916386
14916524
14916973
14917391
14917411
14917422
14917652
14918508
14918569
14918847
14919238
14919279
14919906
14919923
14920146
14920534
14920535
14920604
14920760
14920904
14920946
14922557
14922694
14922803
14923169
14923328
14923442
14924057
14924622
14925281
14925744
14926094
14926182
14926218
14926284
14926554
14926568
14927215
14928705
14929167
14929264
14929280
14929472
14929635
14929702
14930234
14930535
14930595
14930789
14932090
14932623
14933061
14933227
14933235
14933297
14933394
14933679
14933764
14933917
14933965
14933983
14934934
14935015
14935153
14935631
14936195
14936599
14936708
14936877
14937290
14937321
14937757
14937974
14938052
14938256
14938526
14938528
14938890
14939225
14939239
14939293
14939310
14939384
14939984
14940147
14940597
14940666
14940779
14940831
14941055
14941075
14941471
14941942
14942042
14942547
14942784
14943349
14943365
14943943
14944525
14944596
14944879
14945276
14945491
14945591
14945668
14945708
14945807
14946541
14947028
14947107
14947312
14948217
14948605
14948844
14949154
14949304
14949334
14949337
14950210
14950246
14950327
14950339
14950528
14950752
14950873
14951341
14951380
14951387
14951621
14952352
14953208
14953370
14953378
14953533
14953920
14954075
14954348
14954429
14954594
14955256
14955613
14955695
14955860
14956046
14956149
14956397
14956463
14957280
14957287
14957352
14957482
14957507
14958410
14958809
14959299
14959570
14960141
14960165
14960476
14960510
14960683
14960686
14960880
14961001
14961733
14962115
14962475
14962574
14962683
14962934
14963086
14963433
14963604
14963811
14963841
14964687
14964702
14964888
14964922
14965671
14966447
14966687
14966717
14966913
14967221
14967447
14967542
14968114
14968447
14968593
14968798
14968937
14969045
14969056
14969057
14969120
14969306
14969493
14969510
14969536
14969613
14969788
14970303
14970992
14971153
14972695
14972750
14972862
14973264
14973487
14973987
14974368
14975118
14975181
14975272
14975305
14975415
14975583
14975836
14975877
14975967
14976489
14976635
14976907
14977059
14977487
14977988
14978167
14978292
14978483
14978683
14978755
14979107
14979491
14979534
14979837
14979975
14980838
14980929
14981131
14981141
14981318
14981400
14981404
14981425
14981867
14981987
14982496
14982917
14983489
14984492
14985233
14985309
14985532
14985637
14985792
14985815
14986266
14986686
14987084
14987142
14987411
14987415
14987881
14989506
14989528
14989659
14990036
14990125
14990228
14990523
14990823
14990861
14991411
14992094
14992133
14992313
14992459
14992565
14992623
14992752
14992765
14992915
14993017
14993042
14993682
14993895
14994000
14994077
14994154
14994446
14994497
14994701
14995038
14995159
14995510
14995751
14997195
14997354
14997429
14997994
14998110
14998215
14998256
14998376
14998504
14998877
14999303
14999538
15000145
15000847
15000949
15001187
15001285
15001532
15001560
15001768
15002014
15002494
15002497
15002868
15002894
15002950
15003583
15003686
15003945
15004262
15004517
15005110
15005404
15005534
15005604
15005715
15005982
15006131
15006143
15006246
15006269
15006503
15006533
15006642
15006874
15007160
15007629
15007838
15008027
15008155
15008330
15008349
15008751
15008944
15009579
15009783
15009936
15010167
15010647
15011818
15011976
15012201
15012608
15012739
15013044
15013224
15013285
15014312
15014664
15015295
15015457
15016247
15016370
15016378
15016417
15016502
15016645
15016664
15016666
15016782
15017262
15017665
15017784
15017800
15018211
15018279
15018860
15018974
15018987
15019106
15019273
15019618
15019636
15020124
15020245
15020272
15020432
15020589
15020597
15020699
15021842
15022067
15022716
15022985
15023133
15023634
15023647
15024429
15024668
15025128
15025997
15026198
15026508
15026595
15026841
15027033
15027057
15027106
15027266
15027818
15027877
15028279
15029141
15029724
15029850
15030162
15030216
15030464
15030465
15030798
15030814
15031020
15031360
15031425
15032048
15032446
15032528
15032595
15033423
15033531
15033556
15033577
15033827
15034356
15034787
15035289
15035560
15035617
15035967
15036323
15036746
15037187
15037378
15037721
15037778
15037874
15038036
15038085
15038280
15038380
15038434
15038517
15038844
15038992
15039561
15039843
15041409
15041508
15041835
15041960
15042350
15042447
15042908
15043367
15043402
15043526
15043563
15043683
15043720
15044023
15044409
15044938
15045076
15045549
15045705
15045825
15045827
15046243
15046373
15046585
15046587
15046603
15046652
15046687
15046858
15046866
15047179
15047274
15047418
15047576
15047680
15047807
15047958
15048054
15048128
15048425
15048777
15048832
15050111
15050172
15050891
15050959
15051509
15051863
15052593
15052836
15052878
15053240
15053412
15053508
15053534
15053753
15053759
15054043
15054339
15054589
15054811
15054949
15055093
15055136
15055185
15055262
15055899
15056176
15056448
15056835
15057000
15057266
15057451
15057691
15057773
15057774
15057925
15058724
15058780
15059219
15060078
15060114
15060166
15060233
15060643
15060817
15060907
15062071
15062083
15062404
15062856
15063167
15063466
15063492
15063548
15063759
15064054
15064650
15065023
15065484
15065508
15065583
15065916
15066196
15066245
15066478
15066657
15066806
15067492
15067609
15068343
15068468
15068632
15068771
15068943
15070744
15070780
15071096
15071363
15071560
15072221
15072319
15072550
15072859
15073082
15073091
15073101
15073433
15073869
15073964
15074500
15074601
15074622
15074649
15074936
15075596
15076174
15076302
15076368
15076501
15076733
15076802
15076813
15077130
15077287
15077358
15077743
15077751
15077955
15078010
15078327
15078379
15078853
15079038
15079081
15079205
15079633
15079744
15080078
15080165
15080184
15080457
15080571
15080632
15080692
15081169
15081537
15082095
15082098
15082303
15082400
15082648
15082776
15083079
15083552
15083890
15083938
15084025
15084356
15084361
15085202
15085203
15085358
15085377
15085384
15085910
15086293
15086453
15086580
15086914
15087180
15088121
15088408
15088552
15088993
15089317
15089846
15090021
15090041
15090383
15091036
15091250
15091257
15091477
15091504
15091781
15091985
15092470
15092633
15092936
15092939
15092974
15094342
15094924
15094978
15095383
15095501
15095545
15095546
15095813
15095846
15095873
15095874
15096045
15096367
15097919
15097930
15098110
15098164
15098485
15098642
15098730
15098833
15099030
15099342
15099345
15099734
15100091
15100800
15100951
15101048
15101134
15101307
15101416
15101583
15102073
15102087
15102407
15102640
15102711
15102731
15103104
15103166
15103325
15103432
15104098
15104133
15104447
15104655
15104931
15105088
15105474
15105620
15106235
15106296
15106480
15106630
15106892
15107964
15108212
15108600
15108626
15108812
15108899
15109497
15109695
15109888
15109910
15110735
15110770
15111006
15111769
15111838
15112054
15112214
15112412
15112552
15112626
15112840
15112845
15112899
15113035
15113359
15113438
15113588
15113817
15113846
15114107
15114384
15114730
15114825
15115516
15115614
15115974
15115975
15116919
15117244
15117278
15118062
15118156
15118483
15118564
15118760
15119463
15119870
15119899
15120007
15120154
15120388
15120739
15121124
15121545
15121830
15121920
15122013
15122048
15122208
15122591
15123116
15123277
15123466
15124076
15124489
15124716
15124849
15124971
15124977
15125121
15125402
15125582
15126137
15126442
15126451
15126562
15126963
15127584
15128176
15128321
15128328
15128463
15128484
15129092
15129625
15129728
15130008
15130213
15130294
15130380
15130393
15131155
15131660
15131681
15132261
15132849
15133255
15133326
15133391
15133640
15133888
15134295
15134447
15134766
15134863
15134872
15134899
15135027
15135284
15135300
15135503
15135515
15135808
15136076
15136326
15136651
15136868
15136901
15137026
15137158
15138228
15138281
15138627
15138750
15138866
15139396
15139462
15139552
15139736
15139963
15140056
15140352
15140463
15140567
15140621
15140922
15141396
15141803
15141898
15141966
15142352
15142670
15143110
15143236
15143295
15143300
15143656
15143807
15143850
15144048
15144208
15145438
15145510
15145763
15145933
15145945
15146098
15146192
15146716
15146841
15147130
15147484
15147598
15148102
15148133
15148753
15148899
15149110
15149137
15149139
15149305
15149315
15149791
15149831
15150054
15150832
15151021
15152436
15152820
15153172
15153173
15153178
15153180
15153333
15153951
15154123
15154388
15154519
15154995
15155512
15155634
15155873
15155924
15156039
15156048
15156218
15156399
15156506
15156729
15157142
15157310
15157358
15157538
15157568
15157918
15158075
15158527
15158866
15159526
15159571
15159681
15160350
15160474
15161175
15161319
15161341
15161349
15161935
15162196
15162398
15162480
15162552
15162624
15162832
15163047
15163171
15163178
15163296
15163398
15163543
15164125
15164529
15164699
15164875
15164940
15165021
15165185
15165431
15165639
15165805
15165829
15165869
15165948
15165971
15166090
15166564
15166821
15166853
15167145
15167197
15167220
15167485
15167588
15167766
15168386
15168404
15169354
15169367
15169598
15169877
15169936
15170598
15170962
15171114
15171155
15171742
15171878
15172387
15172477
15172881
15173254
15173290
15173724
15174317
15175006
15175981
15176412
15176618
15176857
15177009
15177281
15177585
15178630
15178885
15179084
15179147
15179576
15179638
15179686
15179701
15180055
15180084
15180188
15180280
15180561
15180583
15180631
15181296
15181511
15181681
15182404
15182568
15183232
15183263
15183266
15183516
15183598
15183721
15184075
15184169
15184215
15184258
15184338
15184700
15184753
15184844
15185475
15185623
15185923
15186148
15186264
15186662
15186790
15186883
15186961
15187032
15187098
15188479
15188644
15188658
15189221
15189368
15189738
15190361
15190470
15190490
15190857
15190868
15190936
15191170
15191261
15191295
15191380
15191383
15191560
15191828
15192098
15192155
15192329
15192948
15193303
15193379
15193521
15193748
15193817
15193925
15193943
15194219
15194333
15194645
15194864
15195087
15195114
15195306
15195554
15196196
15196288
15197128
15197176
15197238
15197588
15197938
15198153
15198344
15198377
15198534
15198718
15199293
15199431
15199875
15200111
15200254
15200313
15200669
15200843
15200859
15200902
15201048
15201194
15201961
15202568
15202614
15203602
15204249
15204327
15204703
15204931
15204967
15205047
15205129
15205447
15205498
15205767
15206363
15206485
15206631
15206694
15207024
15207068
15207354
15207494
15207511
15207605
15208071
15208530
15208732
15208956
15209491
15209658
15209818
15209899
15210046
15210202
15210735
15210759
15210887
15211884
15212377
15213087
15213161
15213562
15213719
15213786
15213840
15213848
15214031
15214077
15214242
15214493
15214512
15214626
15214741
15215323
15215492
15215763
15215792
15216042
15216166
15216583
15216603
15216626
15216804
15216942
15216958
15217613
15217887
15218083
15218232
15218668
15218752
15219186
15219302
15219380
15219443
15219859
15219939
15220338
15220432
15220654
15221332
15221510
15221541
15221576
15221929
15222634
15222895
15223193
15223261
15223833
15224342
15224373
15224544
15225136
15225147
15225170
15225508
15225746
15225956
15226175
15226487
15226867
15226964
15226990
15227184
15227246
15227482
15227720
15227747
15227780
15227966
15228342
15228788
15228833
15229001
15229091
15229484
15229485
15229502
15229843
15229983
15230313
15230360
15230723
15230842
15231125
15231449
15231573
15231638
15231676
15231993
15232202
15232246
15232507
15232976
15232985
15233014
15233370
15233553
15233955
15234251
15234444
15234722
15234971
15235055
15235173
15236090
15236095
15236389
15236527
15237116
15237155
15237268
15237325
15237583
15238111
15238334
15238395
15238584
15238687
15238730
15238841
15239124
15239276
15239528
15239556
15239820
15240053
15240570
15240751
15240936
15241283
15241336
15241396
15242280
15242728
15242766
15242860
15243288
15243350
15243567
15243787
15244293
15244473
15244536
15245252
15245901
15245911
15246240
15246252
15246619
15247241
15247431
15247674
15247679
15247794
15247908
15248011
15248115
15248397
15248428
15249106
15249174
15249576
15249687
15249760
15249859
15250173
15250284
15250482
15250524
15250572
15250595
15251099
15251679
15252221
15252443
15252466
15253017
15253816
15254001
15254422
15254445
15254615
15254707
15255104
15255327
15255449
15255599
15255604
15255815
15256095
15256430
15256452
15256522
15257822
15258004
15258190
15258586
15258594
15258622
15258961
15259000
15259027
15259174
15259251
15259349
15259557
15260244
15260432
15260772
15260841
15261020
15261025
15261328
15262196
15262286
15262488
15262691
15262907
15263163
15263175
15263668
15264444
15264706
15265002
15265051
15265287
15265298
15265506
15265909
15265914
15266115
15266240
15266644
15267038
15267091
15267171
15267655
15267675
15268485
15268836
15268842
15269003
15269078
15269138
15269308
15270086
15270728
15270818
15270965
15271068
15271195
15271547
15271589
15271625
15271685
15271776
15271933
15271985
15272021
15272042
15272463
15272592
15272911
15272961
15273369
15273384
15273673
15274026
15274308
15274385
15274445
15274452
15274898
15274989
15275461
15275557
15275934
15276394
15276635
15276962
15277235
15277280
15277643
15277853
15278150
15278222
15278408
15278672
15278746
15278940
15279305
15279376
15279466
15279745
15279799
15279847
15279859
15279944
15280038
15280617
15280644
15280650
15280688
15281828
15281986
15282161
15282286
15282295
15282443
15282849
15282973
15283305
15283482
15283505
15283695
15283698
15283727
15283791
15283811
15283813
15283981
15284262
15284465
15285049
15285087
15285150
15285585
15285746
15285910
15285920
15286053
15286111
15286270
15286327
15286525
15287370
15287930
15288286
15288592
15288707
15288749
15289034
15289124
15289623
15289633
15289761
15289941
15289947
15290154
15290234
15290707
15291097
15291107
15291558
15292142
15292433
15292535
15292902
15293027
15293530
15293995
15294071
15294199
15294340
15295092
15295478
15295525
15295799
15296326
15296609
15297085
15297126
15297164
15297211
15297361
15298074
15298411
15298584
15300419
15300511
15300570
15300712
15300986
15301001
15301470
15301511
15301779
15301862
15301866
15301961
15302228
15302350
15302391
15302675
15302778
15303556
15303558
15303771
15304310
15304388
15304389
15304520
15304637
15304932
15305313
15305399
15305654
15305846
15306030
15306080
15306262
15306387
15306515
15306604
15306869
15307082
15307092
15307109
15307233
15307514
15307566
15307986
15308001
15308669
15308694
15309078
15309390
15309418
15309958
15310173
15310369
15310374
15311040
15311070
15311123
15311366
15311845
15311939
15312147
15312220
15312342
15312693
15312928
15313178
15313716
15313754
15313897
15313931
15313955
15314081
15314505
15314938
15314991
15315003
15315528
15315650
15316354
15316716
15316768
15317124
15317235
15317448
15317518
15318060
15318184
15318243
15318283
15318325
15318541
15318699
15318802
15319858
15319956
15320103
15320111
15320119
15320295
15320379
15320476
15320595
15321010
15321178
15321688
15322116
15322177
15322994
15323105
15323581
15323685
15323792
15324557
15324587
15325015
15325384
15325949
15326030
15326067
15326277
15326463
15326583
15326696
15326782
15327050
15327285
15327983
15328067
15328265
15328955
15329221
15329290
15329420
15329651
15329819
15329845
15329984
15330343
15331401
15331549
15331937
15332399
15332416
15332506
15332948
15332992
15333080
15333372
15333977
15334015
15334027
15334063
15334162
15334199
15334466
15334616
15334649
15334710
15334965
15335033
15335206
15335255
15335346
15335413
15335642
15335660
15336126
15336262
15336454
15336643
15336864
15336903
15337282
15338041
15338238
15338609
15338934
15339260
15339515
15339529
15339565
15339983
15340086
15340249
15341078
15341185
15341356
15341510
15341576
15341905
15341913
15341917
15342395
15342447
15342534
15342722
15342760
15343667
15343989
15344098
15344188
15344410
15344490
15344993
15345198
15345588
15345633
15345712
15347355
15347859
15347982
15348081
15348207
15348541
15348847
15348968
15349484
15349524
15349584
15349628
15349840
15350021
15350280
15350343
15350396
15350546
15350623
15350941
15351155
15351620
15352541
15352703
15352888
15352932
15352977
15353014
15353266
15353286
15353316
15353458
15353661
15354396
15354407
15354632
15355025
15355050
15355153
15355472
15355613
15355699
15355790
15355947
15356217
15356447
15356838
15357203
15357581
15357640
15357744
15357991
15358204
15358521
15358809
15359356
15359384
15359694
15360352
15360409
15360539
15360739
15360906
15360911
15361301
15361894
15361927
15362044
15362184
15362292
15362651
15362690
15363334
15363352
15364024
15365011
15365165
15365197
15365342
15365528
15365569
15365595
15365854
15365962
15366644
15366975
15367065
15367290
15367548
15367720
15367733
15368029
15368117
15368722
15369053
15369289
15369513
15369689
15369990
15370020
15370145
15370403
15370932
15370989
15371421
15371599
15371735
15372154
15372209
15372304
15372411
15372811
15372941
15373336
15373387
15373991
15374357
15374655
15374735
15375136
15375173
15375197
15375538
15375622
15375750
15376040
15376216
15376454
15377001
15377164
15377171
15377472
15377503
15378131
15378159
15378350
15378605
15378703
15378743
15378989
15379022
15379736
15380108
15380265
15380635
15380681
15380715
15380866
15380916
15381060
15381161
15381863
15382432
15382433
15382631
15383001
15383288
15383661
15383688
15383938
15383975
15384389
15384583
15384628
15384711
15385059
15385127
15385679
15385899
15386071
15386107
15386266
15386287
15387094
15387222
15387478
15387840
15388038
15388263
15388350
15388563
15388804
15388859
15388944
15389248
15389275
15389390
15389714
15390173
15390290
15390823
15391072
15391162
15391322
15391525
15392161
15392204
15392585
15392746
15392847
15392931
15392955
15393127
15393512
15393678
15393946
15393958
15394752
15395144
15395490
15395529
15395934
15395981
15396096
15396443
15396536
15397763
15397871
15398259
15398378
15398573
15398654
15398849
15399163
15399422
15399480
15399672
15399683
15399699
15400795
15401465
15401561
15401889
15401941
15402459
15402543
15402573
15402576
15402764
15402828
15402960
15403053
15403187
15403325
15404047
15404409
15404528
15404823
15405578
15405713
15405826
15407635
15408283
15408460
15408552
15408939
15408940
15409769
15410200
15410598
15410676
15410980
15410988
15411199
15411280
15411750
15411808
15411840
15411908
15412085
15412525
15412629
15412702
15412894
15412977
15413008
15413111
15413350
15413568
15413635
15413651
15413754
15413765
15414006
15414065
15414136
15414531
15415095
15415637
15415735
15415949
15416064
15416083
15416854
15417038
15417636
15417988
15418192
15418239
15418638
15418846
15419210
15419242
15419357
15419388
15419904
15419995
15420090
15420268
15420833
15420922
15421586
15421813
15422133
15422178
15422325
15422330
15422393
15422564
15422684
15423216
15423243
15423281
15423368
15423478
15423619
15424449
15424465
15424503
15424579
15424693
15424992
15425022
15425129
15425524
15425572
15425662
15425686
15425803
15426179
15426331
15426389
15426471
15426517
15426530
15426555
15426615
15426624
15426716
15426781
15427153
15427159
15428179
15429016
15429126
15429532
15429676
15429813
15429847
15430302
15430643
15430992
15431115
15431328
15431784
15432516
15433061
15433788
15434800
15435178
15435578
15436039
15436067
15436123
15436240
15436407
15436455
15436476
15436569
15436575
15437102
15437288
15437435
15437630
15437696
15438185
15438752
15439320
15439737
15440070
15440288
15440520
15440651
15440814
15440993
15441245
15441255
15442327
15442618
15442700
15443069
15443197
15443608
15443625
15443925
15443947
15444203
15444509
15444691
15444821
15445052
15445131
15445561
15446008
15446171
15446265
15446583
15446972
15447646
15448109
15448131
15448323
15448394
15448756
15449056
15449597
15449831
15450018
15450091
15450183
15451007
15451131
15451534
15451812
15452420
15452871
15453691
15453786
15453828
15453833
15454025
15454156
15454450
15454470
15454525
15455158
15455288
15455522
15455566
15455766
15456101
15456758
15456816
15457124
15457292
15457340
15457501
15457691
15457696
15457725
15457750
15457926
15457957
15458143
15458222
15458910
15459348
15459472
15459642
15459652
15459916
15460085
15460120
15460561
15460864
15461016
15461358
15461419
15461571
15461625
15461627
15463234
15463336
15463518
15463630
15463875
15463901
15463903
15463958
15464230
15464409
15464541
15464550
15464579
15465314
15465611
15465832
15465940
15465944
15466262
15466354
15466711
15467315
15467329
15467796
15467810
15468513
15468937
15469244
15469251
15469736
15469898
15469899
15470048
15470137
15470467
15470638
15472087
15472252
15472572
15473053
15473121
15473305
15473846
15473944
15474298
15474372
15475071
15475539
15475754
15475819
15476170
15476248
15477113
15477525
15478093
15478209
15478314
15479051
15479244
15479872
15480126
15480238
15480499
15480747
15481202
15481727
15482090
15482157
15482217
15482760
15482821
15482882
15483500
15483528
15483541
15483550
15483740
15483852
15483904
15484012
15484097
15484249
15484330
15484915
15484984
15485321
15485340
15485368
15485521
15485588
15485784
15485805
15485808
15486174
15486710
15486754
15487096
15487327
15488169
15488303
15488632
15488776
15489055
15489208
15489230
15489417
15489474
15489622
15489746
15490350
15490484
15490504
15491314
15491597
15491781
15491911
15492002
15492261
15492547
15492762
15492880
15493026
15493361
15493514
15493892
15494043
15494331
15494625
15495218
15495482
15495556
15495961
15496643
15497087
15497122
15497331
15497478
15497480
15497617
15497705
15497928
15498385
15498647
15498663
15499075
15499308
15499357
15499798
15499958
15500192
15500272
15500433
15500484
15500703
15500954
15501041
15501398
15502171
15502391
15502752
15502783
15502803
15504027
15504116
15504199
15504713
15504841
15505609
15505707
15506015
15506169
15506765
15507070
15507096
15507100
15507191
15507658
15507743
15507891
15507959
15508127
15508303
15509096
15509106
15509326
15509826
15510070
15510237
15510451
15510873
15511461
15511490
15511501
15511697
15511809
15511816
15511885
15512173
15512702
15513404
15513642
15514029
15514326
15514484
15514526
15514545
15514826
15515742
15515795
15516114
15516227
15516228
15516496
15516634
15516919
15517055
15517093
15517399
15517451
15518254
15518509
15518801
15519026
15519178
15519303
15519441
15519905
15520156
15520671
15521452
15521562
15522044
15522229
15522321
15522458
15523471
15523501
15524561
15524942
15525486
15525618
15526279
15526646
15526789
15526845
15526854
15527063
15527155
15527639
15527979
15528194
15528200
15528267
15528606
15528642
15528678
15529030
15529115
15529551
15529636
15529876
15529915
15530405
15530726
15530994
15531050
15531390
15531436
15531452
15531469
15532063
15532500
15532526
15532630
15532716
15532842
15532966
15533028
15533238
15533519
15533710
15534092
15534240
15534250
15534252
15534304
15534504
15534618
15534771
15535037
15535307
15535638
15535822
15536096
15536270
15536388
15536520
15536793
15536876
15537168
15537257
15537435
15537498
15537956
15538031
15538854
15539166
15539484
15539576
15539983
15540158
15540238
15540514
15541265
15541355
15541371
15541962
15542611
15542752
15542838
15542992
15542996
15543239
15543587
15543950
15544123
15544410
15544964
15545036
15545112
15545173
15545207
15545799
15545940
15545942
15546031
15546454
15547960
15548387
15548992
15549011
15549230
15549424
15549599
15549775
15550034
15550465
15550827
15550924
15551011
15551119
15551483
15551678
15552060
15552081
15552417
15552469
15552547
15552609
15552949
15553189
15553658
15554323
15554797
15555250
15555401
15555959
15556171
15556205
15556301
15556503
15556577
15556619
15557086
15557173
15557258
15557391
15557454
15557703
15557990
15558681
15558851
15559516
15559580
15559634
15559696
15559849
15560311
15560736
15560942
15560950
15561465
15561730
15561903
15562367
15562982
15563164
15563389
15563647
15563660
15563741
15564273
15565047
15565177
15565210
15565712
15566072
15566394
15566659
15566694
15566928
15566935
15567811
15568038
15568277
15568406
15568534
15568623
15568975
15569199
15569386
15569629
15569989
15570190
15570237
15570293
15570572
15570679
15570694
15571151
15571468
15572463
15572475
15573328
15573698
15574354
15574358
15574510
15574808
15574822
15574847
15575218
15575594
15575665
15575901
15577621
15577773
15578020
15578437
15578437
15578496
15578502
15578559
15578627
15578675
15578725
15578747
15579251
15579702
15579849
15580516
15580749
15580753
15581150
15581171
15581320
15581999
15582138
15582151
15582853
15583136
15583618
15583778
15583886
15584022
15584141
15584409
15584543
15584630
15584919
15584946
15585813
15586075
15586102
15586117
15586159
15586198
15586234
15586487
15586920
15587147
15588468
15588732
15588744
15588754
15589082
15589831
15590668
15590702
15590720
15590771
15590929
15590943
15591319
15591721
15591956
15592160
15592428
15592482
15592751
15593576
15594083
15594163
15594524
15594616
15594920
15595114
15595138
15596053
15596054
15596936
15596955
15597068
15597563
15597643
15597930
15598411
15598445
15598508
15598530
15598606
15598760
15598805
15599236
15599417
15599517
15599774
15600253
15600488
15601260
15601385
15602057
15602738
15602762
15602896
15603161
15603725
15604097
15604288
15604651
15604896
15605000
15605207
15605636
15605721
15605771
15605923
15606561
15606836
15606957
15606962
15607146
15607328
15607382
15607424
15607787
15608255
15608425
15610227
15610273
15610276
15610298
15610659
15610940
15610979
15611018
15611185
15611250
15611607
15611725
15612020
15612209
15612255
15612324
15612819
15613782
15613980
15613993
15614008
15614271
15614358
15614497
15614522
15615608
15615747
15615769
15615901
15616014
15616302
15616388
15616504
15617056
15617164
15617252
15617254
15617406
15618062
15618196
15618333
15618346
15618628
15618830
15619623
15619768
15620057
15620288
15620494
15620531
15620752
15620962
15621331
15621379
15621559
15621673
15622079
15622593
15622943
15623298
15623375
15623605
15623920
15624025
15624260
15624493
15624549
15624559
15624774
15625002
15626172
15626615
15626954
15627162
15627554
15628319
15628926
15629148
15630373
15630526
15630550
15630621
15630853
15631208
15631362
15631476
15631752
15631844
15632223
15632665
15632787
15633246
15633377
15633561
15633914
15634569
15634824
15635512
15635755
15635820
15635967
15636057
15636856
15637084
15637097
15637687
15637879
15638246
15638590
15638811
15639026
15639453
15640003
15640007
15640459
15641015
15641265
15641500
15641549
15641629
15641881
15641942
15642206
15642344
15642736
15642896
15643313
15643607
15643639
15643773
15643789
15643860
15645039
15645112
15645445
15645976
15646436
15646519
15646528
15646740
15646875
15647026
15647731
15647757
15648016
15648040
15648832
15648920
15648968
15649382
15649497
15649511
15649664
15650035
15650131
15650267
15650288
15650977
15651565
15651937
15652411
15652627
15652769
15652787
15652814
15653573
15654122
15654872
15654956
15655178
15655215
15655460
15655596
15655911
15656064
15656539
15657169
15657205
15657338
15657401
15657862
15658097
15658249
15658764
15659009
15659939
15660606
15660734
15661599
15662432
15662798
15663258
15663476
15663498
15663500
15663576
15664164
15664959
15665277
15665640
15665645
15665685
15666304
15666451
15666526
15666550
15666593
15666604
15666610
15666820
15666865
15666958
15667012
15667030
15667683
15667734
15667772
15668247
15668325
15668483
15668633
15668746
15669422
15669633
15669663
15669808
15670044
15670081
15670198
15670942
15671116
15671586
15671755
15671802
15672385
15672855
15672951
15672995
15673082
15673330
15673822
15674477
15674662
15674896
15674910
15675061
15675661
15675691
15675801
15675889
15676112
15676118
15676516
15676950
15677027
15677171
15677477
15677878
15678079
15678200
15678487
15678645
15679012
15679118
15679250
15679352
15679704
15679784
15680722
15680962
15681531
15682062
15682082
15682521
15683516
15683914
15684992
15685040
15685053
15685948
15686670
15686990
15687024
15687083
15687088
15687357
15687384
15687539
15688299
15688494
15688751
15688935
15689232
15689477
15689641
15689863
15690100
15690185
15691086
15691244
15692026
15692232
15692255
15692317
15692614
15692878
15692962
15693687
15694308
15694702
15695007
15695686
15695772
15695995
15696444
15696482
15697273
15697663
15697691
15698066
15698098
15698322
15698409
15698740
15698824
15699059
15699175
15699199
15699210
15699713
15700046
15700357
15700474
15700504
15700629
15701101
15701765
15701834
15702104
15702406
15702430
15702671
15702768
15702945
15703502
15703658
15703874
15704556
15704650
15704706
15704886
15705018
15705214
15705781
15705857
15705943
15706055
15706596
15707420
15707520
15707587
15707926
15708120
15708225
15708289
15708432
15708498
15708507
15709267
15709769
15710234
15710418
15710447
15711324
15711358
15712277
15712476
15713177
15713454
15713703
15714319
15714464
15714997
15715104
15715291
15715353
15715389
15715612
15716071
15716106
15716407
15716418
15716461
15717602
15717672
15717765
15717972
15717976
15718529
15718837
15719463
15719733
15719800
15720536
15720620
15721187
15721289
15721853
15721939
15722041
15722280
15722967
15723086
15723133
15723177
15723410
15723468
15723472
15723743
15724041
15724355
15724692
15724885
15724999
15725000
15725275
15725475
15725633
15725684
15726420
15726672
15727517
15728151
15728506
15728994
15729054
15729442
15729508
15729618
15729729
15729736
15730075
15730375
15730873
15731086
15731290
15731489
15732436
15732678
15732710
15733197
15733510
15733603
15734189
15734335
15735014
15735582
15735605
15736002
15736046
15736083
15736173
15736177
15737325
15737888
15737968
15738273
15738581
15738879
15739597
15739924
15739942
15740098
15740371
15740766
15740852
15741450
15741747
15741985
15742283
15742517
15742784
15743029
15743271
15743502
15743508
15744140
15744252
15744294
15744430
15744667
15745112
15745249
15746077
15746319
15746444
15746631
15747416
15747644
15747767
15747769
15748015
15748272
15748536
15748834
15749206
15749280
15750532
15751567
15751578
15751593
15751726
15752792
15753038
15753119
15753319
15753363
15753533
15754146
15754357
15755061
15755610
15755739
15755888
15756382
15756630
15756845
15757081
15757227
15757260
15757702
15757981
15758527
15758581
15758694
15758779
15759075
15759209
15759235
15759434
15759465
15759696
15759990
15760059
15760153
15760262
15760521
15760813
15761178
15761185
15761325
15761650
15762757
15763865
15763900
15764123
15764343
15764812
15764981
15765473
15765751
15765879
15766190
15766338
15766393
15766545
15766775
15766852
15767017
15768461
15768769
15769526
15769805
15770038
15770283
15770534
15770676
15770875
15771489
15771698
15771811
15772100
15772268
15772324
15772822
15773472
15773519
15773712
15773734
15773860
15774197
15775099
15775291
15775418
15776156
15776206
15776618
15777340
15778378
15778421
15778556
15778599
15778982
15779039
15779236
15779261
15779297
15779411
15779432
15779448
15779976
15780426
15780562
15780973
15781593
15781748
15781795
15781991
15782393
15782442
15782612
15782715
15782820
15783648
15784311
15784333
15784511
15784550
15784638
15784718
15785231
15785299
15785617
15785937
15786259
15786295
15786362
15787897
15788446
15788857
15788965
15788995
15790726
15791241
15791392
15791496
15791558
15791681
15791911
15792087
15792451
15792682
15792788
15793027
15793133
15793323
15793413
15794071
15794356
15794363
15794733
15794857
15794994
15795034
15795226
15795747
15795863
15797210
15797652
15797838
15797898
15798150
15798224
15798688
15799797
15800214
15800330
15800453
15800512
15800651
15800886
15800971
15801633
15801700
15801816
15802055
15802187
15802572
15802642
15802735
15803263
15803654
15804215
15804312
15804323
15804493
15805011
15805281
15805862
15806072
15806317
15806410
15806491
15806575
15807045
15807329
15807674
15807780
15808686
15809058
15809911
15810263
15810362
15810557
15810848
15811266
15811649
15812329
15812640
15813093
15813109
15813160
15813286
15813299
15813409
15813521
15814046
15814243
15814602
15814655
15814993
15815031
15815122
15816114
15816567
15817152
15817233
15817376
15817409
15817951
15818080
15818202
15818698
15818707
15818742
15819061
15819113
15819602
15819635
15820467
15820633
15820989
15822204
15822204
15822932
15823241
15823552
15823566
15823751
15823828
15824863
15824971
15825231
15825501
15825693
15825735
15825960
15826057
15826245
15826293
15826512
15827319
15827988
15828038
15828167
15828687
15828689
15828703
15829246
15829697
15829915
15830153
15830170
15830216
15831565
15832475
15832726
15832734
15832771
15833075
15833600
15833754
15834202
15834278
15834323
15834456
15834475
15834713
15834776
15834996
15835277
15836297
15836994
15837385
15837671
15838152
15838167
15838491
15839420
15839580
15839664
15839745
15840482
15840555
15841097
15841405
15841491
15841609
15841741
15842370
15842765
15843029
15843087
15843458
15843585
15843591
15843608
15843876
15843891
15844225
15845085
15846021
15846505
15846629
15846906
15846911
15846917
15846957
15847069
15847176
15848364
15848492
15848537
15848870
15849571
15850459
15850514
15850887
15851061
15851233
15851335
15851780
15851995
15852102
15852613
15852766
15853062
15854502
15854858
15855127
15855222
15855451
15855553
15855873
15856232
15856296
15856301
15856416
15856562
15856613
15857174
15857355
15857648
15857798
15858004
15858203
15859092
15859230
15860093
15860226
15860234
15860544
15861118
15861446
15861470
15861919
15862202
15862775
15863192
15863292
15864539
15865107
15865184
15865233
15865501
15865602
15865929
15866141
15866909
15867066
15868837
15869098
15869147
15869296
15869438
15869594
15869761
15870651
15870794
15870827
15871432
15871533
15871561
15872028
15872185
15872538
15872684
15872711
15872845
15872984
15874150
15874195
15874604
15875071
15875110
15875156
15875279
15875762
15877022
15877127
15877471
15877740
15877813
15878240
15878342
15878579
15878662
15878707
15878713
15879000
15879290
15879670
15879758
15879879
15880587
15881309
15881436
15881610
15881848
15882045
15882111
15882171
15882375
15883130
15883570
15883949
15884028
15884052
15884417
15884694
15884719
15885064
15885144
15885272
15885541
15885887
15886421
15886609
15887252
15887982
15888238
15888925
15889443
15889444
15889514
15890583
15890807
15891847
15891921
15892044
15892650
15892703
15893044
15893303
15893351
15893803
15894111
15895179
15895187
15895229
15895384
15895681
15895716
15895836
15896308
15896645
15896738
15896877
15896895
15897214
15897669
15897775
15898324
15899269
15900424
15900602
15900761
15900920
15901094
15901129
15901681
15901855
15901865
15901941
15901953
15902444
15902961
15903107
15903351
15903444
15903541
15903711
15904761
15905208
15905926
15905941
15906036
15906143
15906460
15906605
15907134
15907205
15907505
15907698
15907699
15908442
15908520
15909023
15909072
15910573
15910993
15911415
15911696
15911822
15912137
15912216
15912549
15912954
15913026
15913075
15913165
15913566
15914073
15914125
15914416
15914671
15915348
15915488
15915591
15915863
15916414
15917098
15917142
15917796
15917886
15917926
15918720
15918873
15919672
15919852
15919863
15919908
15920308
15920388
15920610
15921106
15921230
15922028
15922046
15922140
15922576
15922689
15925056
15925111
15925458
15925778
15925998
15926048
15926581
15926749
15926952
15927130
15927397
15927458
15927489
15927631
15927803
15927970
15928114
15928145
15928497
15929001
15929218
15929883
15930232
15930312
15931022
15931089
15931428
15932982
15933111
15933127
15933750
15933876
15933961
15934166
15934264
15934379
15934836
15935641
15936098
15936417
15936658
15936860
15937245
15937329
15937334
15937795
15937814
15937830
15937983
15938157
15938710
15938818
15938870
15939239
15940105
15940594
15941108
15941196
15941348
15941532
15941740
15941754
15941997
15942238
15942482
15942536
15942799
15943302
15943880
15944698
15945047
15945173
15945885
15945989
15946045
15946144
15946171
15946313
15946593
15946724
15947090
15947276
15947878
15947974
15948749
15949142
15949334
15950232
15950818
15951986
15953086
15953610
15953773
15954092
15954357
15954366
15954610
15955258
15955270
15955404
15956004
15956136
15956753
15956777
15956888
15956965
15957038
15957093
15957222
15957657
15958032
15959314
15959397
15959909
15959939
15959945
15960011
15960356
15960517
15961099
15961659
15961672
15961740
15961741
15962040
15962301
15962316
15963659
15963807
15963877
15964125
15964328
15964535
15964605
15964719
15965084
15965881
15965899
15965993
15966539
15967041
15968164
15968571
15968852
15969298
15969961
15969977
15970080
15971316
15972036
15972067
15972648
15972691
15972699
15972967
15973467
15973866
15974360
15974439
15974633
15975118
15975178
15975343
15975420
15975535
15975826
15976147
15976356
15976589
15976946
15977305
15977404
15978091
15978219
15978769
15979141
15979180
15979228
15979808
15979998
15980151
15980975
15981392
15981943
15982083
15982641
15982767
15982983
15983194
15983246
15983254
15983448
15983985
15984141
15984313
15984340
15984567
15984717
15985139
15985700
15985974
15986296
15986824
15986958
15987125
15987622
15987831
15987884
15989077
15989571
15989687
15990109
15990141
15991408
15991480
15991843
15991955
15992916
15992933
15993163
15993265
15994366
15994395
15995430
15995820
15995840
15996506
15996760
15996804
15997419
15997452
15997936
15998124
15998278
15998773
15998778
15998820
15998996
15999276
15999705
15999741
16000257
16000530
16000712
16001109
16001134
16001151
16001366
16001503
16001820
16001840
16002751
16002811
16003053
16003505
16003923
16003994
16004106
16004297
16004505
16004918
16005868
16006808
16007243
16007553
16008146
16008562
16008881
16008927
16009377
16009431
16009625
16010295
16010382
16010869
16011222
16011668
16011988
16012488
16012634
16012648
16013029
16013180
16013675
16014372
16014865
16015036
16015069
16015127
16015160
16015678
16015887
16015956
16016166
16016306
16016362
16016532
16016537
16017977
16018207
16018424
16019515
16020031
16020084
16020629
16021307
16021539
16021607
16021751
16022639
16023394
16023918
16023959
16024399
16025020
16025864
16025999
16026576
16026753
16026849
16026976
16027313
16027475
16028021
16028127
16028157
16028286
16028420
16028768
16029136
16029383
16029494
16029703
16030178
16030859
16032059
16032469
16032490
16032959
16032971
16033073
16033173
16033357
16033428
16034183
16034435
16034887
16034948
16035413
16035502
16035740
16036286
16036399
16036574
16036891
16037055
16038419
16038650
16040439
16040797
16040890
16041251
16041522
16041577
16041814
16042163
16042577
16042772
16042985
16043120
16043613
16043858
16043943
16044007
16044073
16044440
16044727
16045168
16045681
16046046
16046153
16046279
16046302
16047224
16047854
16048020
16048248
16048454
16049065
16050507
16050664
16050748
16050898
16051207
16051960
16052315
16052629
16052847
16053012
16053467
16054116
16054474
16054508
16054739
16054794
16055434
16055495
16056433
16056651
16058077
16058092
16058107
16058931
16058961
16059025
16059504
16059900
16059905
16060329
16060680
16060762
16061068
16061388
16061448
16061457
16061777
16061786
16061811
16062460
16063328
16063489
16063876
16063944
16064456
16064498
16064869
16064926
16065597
16065971
16066214
16066352
16066866
16067035
16067064
16067887
16067907
16068839
16068936
16069014
16069791
16069879
16069913
16069985
16070687
16070944
16071092
16072281
16072398
16072442
16073121
16073893
16074363
16074967
16074982
16075547
16075789
16076007
16076037
16077460
16077670
16078208
16078363
16078628
16079127
16079277
16079553
16079648
16079958
16080143
16080188
16080251
16080598
16080681
16081361
16082406
16082513
16082700
16083019
16083329
16083339
16083626
16083854
16083958
16083987
16084165
16084192
16086282
16087171
16087450
16087547
16087630
16088098
16088114
16088436
16089020
16089131
16089162
16089176
16089843
16090021
16090045
16090067
16090223
16090964
16091334
16091761
16092015
16092741
16093285
16093556
16093685
16093871
16094163
16094217
16095372
16096931
16096999
16097331
16097348
16097773
16098102
16098122
16098138
16098598
16098798
16099073
16099073
16099241
16099566
16099670
16099721
16100231
16100721
16101253
16101280
16101926
16101971
16102567
16103168
16103685
16103726
16103949
16104755
16104792
16105497
16105793
16105831
16105867
16107659
16108062
16108129
16108224
16108399
16109076
16109696
16110069
16110191
16110880
16110964
16111937
16113370
16113406
16113521
16113575
16115022
16115313
16115540
16116022
16116533
16116689
16116941
16116986
16117148
16117176
16117603
16118254
16118577
16119261
16119327
16119360
16119645
16119679
16120095
16120218
16121090
16121224
16121378
16121408
16121562
16121890
16122243
16122988
16123657
16124005
16124599
16124967
16125097
16125458
16126152
16126171
16126262
16126657
16126846
16127802
16128119
16128449
16128581
16128604
16129110
16130501
16130521
16131315
16131520
16132273
16132545
16132557
16133007
16133926
16134288
16134447
16134629
16135541
16135775
16135812
16136099
16136519
16137019
16137802
16138167
16138618
16138878
16138991
16139242
16140060
16140091
16140598
16140852
16141018
16142456
16142698
16142766
16143095
16143263
16143318
16143604
16143617
16143810
16144492
16145495
16145702
16145973
16146956
16147151
16147452
16147742
16148740
16149309
16149869
16150461
16150717
16150769
16151115
16151397
16151547
16151872
16152399
16152546
16153268
16153495
16153860
16154036
16155239
16155388
16155436
16155691
16156288
16156579
16157139
16157330
16158062
16158202
16158264
16158430
16158661
16158706
16159493
16159593
16159691
16160136
16160656
16162046
16162073
16162579
16163112
16163622
16163858
16164428
16164866
16165043
16165714
16166068
16166908
16167203
16167622
16167732
16167812
16168894
16169431
16169439
16170384
16170399
16170869
16171085
16171090
16171184
16171233
16171244
16171292
16171482
16172594
16172690
16172750
16173337
16174826
16174911
16175596
16175746
16176165
16176555
16176839
16177360
16177446
16178149
16178177
16178282
16178494
16179328
16180145
16180254
16180258
16180662
16180666
16180908
16181321
16181936
16182692
16183848
16185126
16185722
16185783
16185940
16186231
16186874
16187281
16187426
16187564
16189230
16189985
16190298
16190464
16190507
16190518
16190885
16190998
16191343
16191400
16191734
16191815
16192097
16192412
16192712
16193160
16193322
16194802
16195159
16195441
16195761
16195837
16196552
16198152
16198320
16198783
16199067
16199209
16200268
16200845
16202449
16202473
16202571
16202738
16202913
16202985
16202996
16203502
16203514
16204390
16205110
16205170
16205281
16205411
16207236
16207495
16208471
16208573
16208909
16209111
16209123
16209456
16209493
16210148
16211852
16212041
16212397
16212424
16212738
16212941
16213061
16213275
16213735
16214021
16214107
16214479
16214531
16214653
16214716
16214752
16215987
16216947
16217616
16217627
16217761
16217993
16219075
16219089
16219735
16220055
16220075
16220152
16221197
16222980
16223325
16223876
16224086
16224229
16224673
16225147
16226200
16226499
16226727
16226729
16227169
16227428
16227689
16227938
16228571
16228690
16228929
16229024
16229712
16230201
16230761
16230915
16231207
16231420
16232012
16232031
16232666
16233438
16234611
16234707
16234717
16234833
16235195
16236170
16237001
16237392
16237473
16237725
16238336
16238760
16238781
16239630
16240495
16240535
16240573
16240719
16241230
16241309
16241594
16241944
16241983
16242239
16242686
16242963
16243133
16243663
16243836
16243969
16244050
16244056
16244161
16245264
16245867
16245897
16246292
16247424
16247526
16247645
16247961
16248520
16248596
16250010
16250958
16251042
16251804
16252514
16253099
16253511
16254310
16254534
16255677
16257708
16257879
16258134
16258211
16258304
16259061
16259113
16259847
16260577
16260916
16261020
16261727
16262441
16262564
16263166
16263255
16263258
16263482
16264011
16264298
16264322
16264552
16265137
16265200
16265633
16265981
16266105
16266468
16268161
16268315
16268661
16269678
16269997
16270318
16271195
16271541
16272079
16272153
16273222
16273272
16275552
16276113
16276262
16276692
16276903
16278268
16279042
16279511
16279684
16279739
16280643
16281016
16281073
16281897
16281962
16282407
16282555
16282602
16282814
16283259
16283377
16283560
16284003
16284032
16284101
16284798
16285114
16285742
16286288
16287336
16287941
16289116
16289724
16290710
16291193
16291252
16291485
16291873
16292069
16292305
16292385
16292697
16292923
16294271
16294757
16294943
16294973
16295007
16295570
16296335
16296412
16296462
16296749
16296969
16297699
16298440
16298609
16299471
16299651
16300057
16300882
16300924
16301198
16301417
16301848
16301995
16303636
16304345
16304612
16304646
16304808
16305045
16306526
16306777
16306836
16306859
16307148
16307579
16308156
16309000
16309056
16309470
16309887
16310233
16310829
16311200
16311334
16311410
16311752
16313002
16313033
16313957
16315385
16315571
16315945
16316091
16316133
16316668
16317018
16317904
16318349
16318544
16318930
16319057
16319244
16319284
16319617
16320382
16320869
16320925
16321421
16322164
16322909
16323881
16324092
16324240
16324475
16325362
16325514
16326690
16326694
16326965
16327251
16327635
16328115
16328751
16329067
16329258
16329300
16330595
16330644
16331615
16331966
16332337
16332526
16332974
16333744
16334246
16334683
16334998
16335580
16335606
16335669
16336197
16336272
16336529
16336799
16336968
16337142
16337772
16339889
16340303
16341035
16341521
16341755
16342556
16342743
16342835
16343067
16343211
16344136
16344370
16344439
16345040
16345178
16345512
16345646
16346000
16346413
16346697
16347554
16347613
16347775
16347843
16348387
16348708
16350820
16351063
16351384
16352356
16352563
16352699
16354347
16354384
16354858
16355092
16356048
16356778
16357379
16357458
16357961
16358078
16358499
16358774
16358886
16359250
16361261
16361395
16361499
16361577
16362822
16363232
16363300
16365013
16365193
16365235
16365314
16365695
16365970
16366055
16366868
16367256
16367961
16368239
16368491
16368740
16369139
16369726
16370278
16370498
16370614
16370657
16371499
16372353
16372691
16373722
16374809
16375084
16375513
16376022
16376051
16376254
16376736
16377234
16378265
16378355
16378656
16378669
16379244
16379419
16380449
16381143
16382544
16382857
16383061
16384101
16384169
16384285
16384314
16384444
16385531
16385755
16386090
16386102
16386150
16386495
16386603
16386964
16387094
16387390
16387684
16388142
16388336
16388564
16389564
16389934
16390463
16391092
16391223
16392221
16392514
16392941
16393660
16396330
16396938
16397980
16398099
16398512
16399800
16400157
16400184
16400422
16400646
16400748
16400752
16401315
16402178
16402204
16402400
16402556
16403586
16404342
16404517
16404668
16405457
16406949
16407235
16408068
16408309
16408661
16408859
16409016
16410434
16410474
16410624
16411701
16411794
16411836
16412022
16412279
16412905
16412938
16414325
16415629
16416048
16416060
16416338
16416408
16417057
16417727
16417766
16418122
16418312
16418907
16420477
16420681
16421400
16421441
16422199
16422987
16424320
16425406
16426113
16426450
16426533
16426568
16427055
16427184
16427465
16427818
16427910
16428776
16429263
16430755
16430776
16430964
16431993
16432260
16432298
16433451
16433510
16433740
16433973
16434230
16434956
16435787
16435903
16436138
16436178
16436666
16436763
16437268
16438374
16438711
16440035
16441485
16441732
16442102
16442601
16442820
16443520
16443949
16444331
16445097
16445728
16445803
16446603
16446964
16447124
16448231
16448631
16448748
16448815
16449330
16449428
16450195
16450379
16451952
16452469
16452924
16453487
16453561
16453712
16454865
16455106
16456026
16456720
16456804
16457633
16457916
16457930
16458529
16459440
16459942
16460397
16460835
16461780
16461818
16462347
16462477
16462748
16462946
16463178
16463471
16463785
16464519
16464757
16465833
16466625
16467251
16467430
16468670
16469387
16469424
16470716
16471634
16472148
16472352
16473453
16474019
16474490
16476099
16476350
16476414
16476717
16477133
16477599
16478784
16479297
16479350
16480225
16480557
16481212
16481615
16481775
16483141
16483795
16484057
16484169
16484961
16485099
16485181
16485224
16486073
16486708
16486753
16486795
16486993
16487109
16487763
16488830
16488969
16489649
16490974
16491259
16491700
16492369
16493047
16493071
16493472
16493862
16494251
16494413
16496038
16496151
16496417
16497958
16498056
16499445
16499555
16500374
16500779
16501007
16502021
16503480
16503698
16503897
16504161
16504513
16504941
16505138
16505713
16505766
16506175
16506248
16506355
16506978
16509086
16509208
16509233
16509523
16510780
16511940
16513521
16513615
16513782
16514348
16514455
16515321
16516379
16516606
16516670
16518096
16518158
16519158
16520805
16521159
16521241
16521499
16521697
16521987
16522136
16522301
16522755
16522824
16523639
16524285
16525293
16525509
16525846
16526000
16526606
16527776
16529862
16530361
16530408
16530672
16531568
16531624
16532104
16532627
16532972
16534374
16536994
16537047
16537273
16537509
16538342
16538543
16538884
16539203
16539558
16541067
16541115
16542823
16543219
16543374
16543521
16543887
16544316
16545246
16545911
16545933
16546940
16547396
16547903
16547961
16548557
16549205
16550631
16550976
16551100
16551589
16552423
16552965
16553423
16553622
16553862
16553884
16554253
16554420
16554515
16555020
16556227
16556473
16557735
16558921
16560385
16560775
16563037
16563420
16563579
16564240
16564982
16567353
16567799
16567804
16568026
16568716
16568878
16569274
16569460
16569672
16569971
16570038
16571441
16571564
16573647
16573704
16574468
16574942
16574977
16575141
16575872
16576220
16576303
16578090
16578171
16578642
16578843
16579140
16579422
16579758
16581331
16582529
16582997
16583654
16584297
16584893
16585239
16586666
16587122
16587850
16588784
16588949
16589288
16589444
16589783
16590138
16590797
16591713
16591772
16591874
16592011
16592550
16592553
16593834
16594008
16594110
16595462
16596333
16597221
16597982
16598024
16599750
16599796
16601002
16601734
16602139
16604747
16604843
16605329
16606893
16609210
16609771
16609879
16610398
16610463
16611036
16611098
16612623
16613666
16614401
16614507
16614548
16614840
16614879
16615402
16616093
16616907
16617686
16618637
16618925
16619303
16619384
16619781
16619927
16620835
16620997
16623016
16623411
16625157
16625946
16625960
16626169
16626743
16629558
16629578
16629698
16629715
16630127
16630255
16630415
16631188
16632300
16632571
16632641
16632943
16634982
16635451
16635629
16636794
16637420
16637453
16637719
16638245
16638662
16641538
16644866
16644873
16645059
16645773
16646184
16646570
16646770
16647103
16647148
16647547
16648334
16649067
16649676
16650112
16650337
16650402
16650703
16651307
16651639
16652001
16652125
16652552
16652647
16653070
16654309
16655601
16657196
16657709
16659940
16660545
16661071
16661460
16661971
16662120
16663308
16663959
16664197
16664214
16664554
16665384
16666863
16668812
16670035
16670463
16671327
16671490
16671530
16672993
16673672
16674231
16674879
16674996
16676469
16676596
16678141
16678339
16678730
16679269
16680149
16680439
16680935
16681034
16682406
16683287
16683424
16684747
16686117
16686535
16687678
16688525
16689814
16692456
16692571
16692961
16693131
16693325
16693599
16693639
16693768
16694006
16694673
16695806
16696079
16697121
16698987
16699529
16700305
16700929
16702284
16702570
16704344
16704607
16705569
16706121
16706593
16707850
16708548
16709438
16709621
16709780
16709933
16711457
16711651
16713138
16714249
16715331
16717110
16717440
16718067
16718888
16718972
16720086
16720248
16721219
16722136
16722719
16723410
16723417
16724039
16724163
16725106
16725945
16725977
16726317
16726528
16726565
16727215
16727564
16728343
16728597
16730126
16731585
16731868
16732411
16733232
16734145
16735857
16739562
16739620
16739997
16740033
16740887
16743550
16743760
16744083
16744526
16745270
16745335
16745738
16746610
16748111
16748263
16748952
16749161
16749639
16749899
16750648
16752382
16753267
16754993
16755261
16756288
16757935
16758154
16758983
16759072
16759422
16760319
16760809
16762546
16762799
16763988
16764207
16765142
16766695
16767007
16768946
16770163
16770555
16771888
16773626
16773828
16774007
16774214
16775139
16775277
16776471
16776607
16776629
16776818
16778051
16783720
16784396
16785912
16786078
16786625
16787380
16787923
16788263
16788632
16789163
16789440
16789760
16789899
16791609
16793041
16793152
16793248
16793911
16794615
16795435
16795527
16795578
16795723
16795907
16796137
16796348
16796580
16797205
16798341
16801232
16802259
16802575
16804009
16805753
16806398
16806664
16806781
16807341
16809234
16809601
16810603
16812367
16814739
16815337
16816181
16816764
16816971
16819062
16821396
16821596
16821642
16821725
16821816
16822193
16822275
16822289
16825140
16826473
16828059
16829403
16829911
16830365
16831247
16831360
16832270
16835028
16835363
16836816
16837774
16838453
16838717
16838849
16839004
16840796
16841322
16842072
16844629
16844781
16846165
16846381
16847089
16847130
16848103
16849010
16849639
16850339
16851411
16852280
16854325
16855629
16857134
16857407
16857420
16857494
16858071
16861782
16862256
16862300
16862457
16863009
16863690
16866011
16866032
16867972
16868405
16869890
16870688
16871589
16872118
16874086
16874686
16876155
16876712
16878375
16878822
16879076
16880143
16880468
16882528
16882642
16883072
16886852
16887412
16887645
16887932
16888330
16888368
16889383
16890928
16891415
16894115
16894192
16894922
16895615
16897245
16898475
16900328
16900697
16900722
16904485
16905421
16905791
16906037
16907171
16908529
16908776
16909692
16910096
16910821
16911430
16912159
16914543
16915022
16915436
16915460
16915666
16916421
16919343
16920294
16920304
16921395
16922345
16923551
16923653
16925397
16928996
16929384
16929995
16930952
16932869
16933198
16933751
16934257
16934844
16935926
16937264
16937438
16937815
16938058
16944824
16945091
16946039
16946913
16948394
16949729
16950500
16950925
16952510
16952709
16953542
16954493
16954605
16955123
16956555
16958818
16962322
16962518
16963137
16963828
16964892
16967306
16967544
16969599
16969765
16970527
16971088
16971217
16972310
16972607
16972867
16974409
16976057
16977387
16979456
16980734
16980908
16981324
16982434
16984839
16984863
16985766
16985940
16987480
16987750
16987913
16990197
16991618
16992713
16996534
16998775
16999171
16999850
17000141
17000296
17000350
17001787
17003562
17005218
17005887
17006909
17008020
17008892
17011802
17014315
17014777
17017801
17019731
17021175
17021565
17022194
17022452
17022754
17024149
17024634
17025168
17025572
17025800
17026643
17029312
17033182
17033275
17034316
17034924
17035096
17036506
17037920
17038929
17039381
17040578
17041964
17042610
17045250
17045712
17048541
17049103
17049813
17050636
17050904
17052405
17052993
17054616
17055901
17057330
17057422
17057826
17059260
17059748
17061507
17063712
17064561
17069305
17069942
17070437
17071145
17071425
17071489
17072478
17073660
17075956
17078873
17079905
17081434
17082490
17084919
17085479
17086334
17086398
17086523
17086613
17088838
17090136
17091037
17093163
17094310
17096047
17097347
17098514
17100984
17101852
17102107
17102364
17103113
17104924
17105958
17106702
17106972
17108127
17112298
17112509
17112930
17113920
17114403
17115749
17115829
17119861
17120395
17123309
17123669
17123903
17124884
17125349
17125896
17127453
17127588
17129233
17129726
17130943
17131373
17132441
17136846
17138197
17142406
17143247
17143582
17144626
17145390
17146156
17148565
17150052
17151855
17154052
17154623
17155309
17159086
17161862
17162636
17165218
17166875
17168139
17168525
17169481
17171219
17171632
17172623
17172982
17174673
17175902
17179471
17179944
17181734
17182165
17182884
17184403
17187179
17188068
17188072
17189771
17193211
17194616
17195508
17199599
17199986
17201660
17202187
17202452
17204853
17205468
17206158
17207416
17208283
17209277
17212442
17212493
17213378
17215443
17218796
17221747
17222304
17222763
17222813
17227794
17228259
17230030
17230154
17230155
17231398
17231436
17231726
17235255
17236670
17240738
17242069
17243903
17245705
17248565
17249381
17251461
17252495
17254644
17256272
17259284
17260290
17260550
17262039
17263396
17264248
17264606
17267736
17268115
17270958
17273635
17277184
17277336
17277399
17278351
17278698
17285429
17285497
17288757
17289362
17290122
17292821
17294150
17295261
17300649
17301345
17303039
17305912
17307328
17307341
17308838
17309341
17316245
17317015
17318681
17320804
17323919
17324647
17326871
17327984
17332276
17333242
17338180
17341402
17341711
17342652
17343687
17345339
17345656
17347243
17350204
17354715
17355064
17359982
17360512
17365861
17366228
17367117
17368737
17371185
17373183
17376497
17379341
17383249
17384650
17385969
17387408
17390388
17391351
17392078
17402756
17404671
17405589
17405914
17407917
17409216
17411811
17417763
17418560
17419620
17420235
17431071
17431817
17432444
17433770
17436887
17437030
17440028
17441554
17441695
17444292
17446348
17453799
17459096
17459629
17466567
17466642
17469023
17473880
17478805
17480241
17482540
17485035
17486349
17489825
17491280
17493201
17493555
17497242
17497781
17501800
17510040
17511161
17515202
17515809
17519771
17525577
17526528
17527454
17528101
17532964
17538641
17539966
17542103
17559633
17559884
17561615
17564970
17564975
17565596
17571042
17571745
17582337
17582525
17586812
17587430
17590152
17598420
17599091
17599743
17610184
17613837
17615421
17617938
17619486
17621897
17626988
17635161
17639629
17644833
17647172
17656454
17658161
17659615
17665818
17672744
17675330
17680237
17683283
17694404
17694821
17705407
17706690
17710438
17716522
17720153
17728386
17730709
17733809
17746142
17753599
17755275
17756409
17765068
17778017
17778730
17790124
17792576
17804307
17805228
17814565
17817106
17821055
17827680
17841909
17843092
17849204
17850951
17866672
17878300
17894400
17894536
17905367
17910258
17917900
17918439
17941903
17943810
17956793
17968501
17978782
17986339
17999800
18013462
18027179
18040836
18045305
18061049
18070621
18086264
18100427
18116634
18142274
18154710
18164447
18187938
18195366
18222556
18227905
18251121
18264190
18281581
18310869
