482581
722150
723678
770433
779990
785211
786180
803590
815121
843791
902441
903664
905475
1104158
1143527
1148934
1158910
1158911
1158915
1161509
1169223
1283214
1298810
1303661
1393193
1393676
1424366
1424376
1424391
1424406
1442220
1445187
1457717
1505668
1510436
1525340
1549284
1585069
1597528
1607906
1651352
1658722
1760222
1763190
1765879
1781883
1781884
1792984
1794142
1794146
1799548
1816348
1835605
1842871
1854706
1889815
1896802
1900818
1903393
1926311
1988378
2071934
2097309
2156357
2195113
2208355
2220953
2220968
2258597
2271146
2328104
2350514
2381914
2413001
2413011
2420092
2420094
2420096
2427672
2427970
2427981
2438050
2438074
2466604
2486834
2498718
2546803
2551919
2577411
2587425
2799882
2927925
2931189
2932522
2947653
2949845
2992293
3003433
3040753
3044222
3060547
3088224
3247686
3307439
3307448
3468220
3492176
3501638
3503437
3504978
3534695
3542787
3542790
3565405
3565410
3565425
3586731
3592439
3594689
3610668
3651883
3651895
3651950
3665987
3693200
3746704
3746716
4091720
4091723
4114974
4147004
4163721
4178787
4200163
4200295
4200296
4238053
4238054
4238055
4391172
4420097
4494319
4494470
4494494
4538154
4539975
4547999
4548011
4584783
4584837
4584843
4612946
4680004
4716473
4716614
4780458
4780494
4786326
4788689
4790005
4790006
4806005
4818428
4821058
4821060
4821147
4821158
4821162
4879212
4879214
4879218
4945227
4974893
4974905
4974907
4974937
5073419
5074827
5074917
5074999
5077030
5077047
5077074
5077078
5096241
5096248
5104175
5104186
5105080
5105086
5115225
5197983
5197987
5197991
5197994
5198000
5216455
5216494
5216554
5216584
5339800
5349206
5358328
5358352
5457571
5584421
5627448
5627451
5644264
5708034
5757007
5757041
5757337
5767481
5770272
5770276
5770287
5770376
5770415
5809405
5809411
5943527
5975766
6050546
6174434
6226073
6253044
6287356
6287428
6324366
6324372
6324373
6417036
6460663
6460671
6467302
6468998
6469452
6543520
6565696
6565698
6565762
6565763
6565766
6571075
6572011
6572013
6585397
6585442
6585444
6585449
6585455
6585459
6589678
6594038
6594041
6595619
6595622
6596284
6596766
6596936
6596945
6597181
6600872
6637293
6647969
6648035
6650476
6650488
6674021
6674025
6676436
6681989
6682190
6692348
6734129
6775510
6944691
6979892
6983120
6983318
6983346
6983938
6996522
7049144
7052909
7080623
7095217
7119687
7185263
7185280
7187214
7242005
7246544
7246558
7246723
7268672
7273785
7314941
7321224
7321229
7324729
7324736
7332989
7335748
7433392
7435176
7435177
7435178
7477481
7477482
7481181
7501523
7544942
7545819
7545866
7545873
7597733
7657657
7657658
7669209
7670634
7670635
7685209
7708503
7708509
7708940
7709182
7717853
7781717
7784232
7785691
7788744
7789774
7789776
7790283
7790341
7794830
7794936
7794957
7801917
7803541
7821234
7827996
7828014
8066996
8102794
8102929
8102944
8103848
8128832
8150328
8157357
8171357
8171398
8196482
8196976
8204444
8212816
8212823
8214426
8249625
8249629
8287160
8292914
8295316
8304621
8304623
8305238
8309693
8312982
8312983
8313609
8314588
8321416
8352757
8366277
8574868
8575997
8579279
8579290
8579291
8579297
8579855
8581819
8594555
8595604
8606166
8607469
8623286
8623288
8634348
8757485
8759035
8771869
8771874
8778097
8778099
8778113
8828629
8831075
8843776
8844239
8844286
8859340
8865086
8865211
8890067
9057194
9057220
9087169
9119542
9119637
9119826
9119832
9121269
9297227
9307654
9336139
9344053
9361780
9362155
9369218
9433871
9450108
9482197
9518801
9533875
9547362
9587745
9589742
9624756
9625285
9625286
9683334
9694933
9701119
9712857
9712923
9758803
9787529
9806215
9924341
9926968
9928552
9928555
9928807
9928841
9929450
9932070
9999592
10015094
10015096
10016409
10016940
10023810
10025294
10262403
10262691
10263050
10281860
10322957
10322963
10322968
10348761
10350397
10351399
10351406
10420253
10443186
10503187
10560314
10560355
10775226
10870382
