2487237
2492040
2531593
2529703
2494630
2481426
2496663
2489432
2485353
2508831
2493293
2495527
2498686
2546749
2489023
2522796
2457011
2517950
2512612
2520411
2476364
2521931
2464952
2504730
2505010
2518605
2493081
2479382
2528922
2489829
2498241
2486719
2490593
2467606
2501181
2501090
2492415
2511876
2504945
2515670
2512259
2486767
2494658
2507337
2486488
2500331
2528839
2511117
2517558
2515717
2518083
2494915
2488205
2472003
2510526
2507723
2510443
2503672
2482799
2516132
2486011
2491003
2510275
2489333
2472095
2518435
2527987
2478702
2496391
2507701
2483132
2517074
2505413
2506831
2512849
2493211
2524713
2536899
2480757
2470705
2491058
2499904
2517103
2500475
2505191
2504532
2531112
2506183
2479671
2520306
2501696
2488267
2518428
2518656
2498278
2509054
2496735
2531944
2529694
2490018
2508164
2516471
2485446
2474284
2539425
2484565
2510592
2484886
2508785
2478959
2512567
2504141
2499656
2531007
2472859
2465158
2535407
2488887
2518564
2508658
2488078
2518240
2512171
2507200
2478336
2491566
2487046
2472642
2498459
2500554
2475324
2494270
2483514
2525848
2527115
2519171
2502118
2481939
2479222
2542900
2507218
2506487
2499762
2500230
2535678
2488118
2493611
2486771
2482653
2513297
2482161
2483001
2474007
2463668
2508624
2482779
2512125
2549509
2525045
2485070
2477642
2492267
2480770
2511790
2520793
2490973
2543717
2510669
2468651
2467029
2530070
2515802
2429623
2485524
2521861
2503446
2548311
2515019
2522175
2503603
2508863
2509532
2494187
2477439
2504150
2496690
2485789
2511115
2491515
2524351
2495907
2513400
2501750
2496249
2529853
2490851
2449720
2507605
2529999
2504991
2488755
2485176
2509559
2497638
2530909
2518238
2486147
2500626
2480772
2535587
2499430
2518340
2471331
2538218
2475541
2474548
2518980
2506261
2516897
2530680
2503723
2501162
2524047
2519166
2515217
2508663
2518047
2486603
2529558
2540857
2490795
2491983
2511690
2483054
2469370
2484683
2517661
2508780
2476553
2483972
2519035
2513882
2489362
2490010
2475173
2523311
2512551
2465831
2479223
2487995
2473928
2479874
2531298
2497436
2532521
2524890
2489247
2513599
2487126
2484758
2501481
2485587
2471447
2463505
2505313
2504454
2473047
2498454
2481551
2488551
2473428
2526891
2488818
2504356
2480392
2537072
2534914
2539477
2497649
2488252
2500449
2472676
2523475
2507271
2521709
2497399
2488550
2510684
2501563
2531689
2512378
2538795
2535896
2510911
2482375
2484043
2501969
2503879
2494728
2503285
2493951
2535004
2489339
2472652
2505523
2481593
2495744
2503985
2505318
2516507
2513750
2478698
2502854
2470895
2474953
2511061
2519313
2478419
2502159
2509653
2472970
2517464
2547917
2471954
2494539
2496695
2497566
2490568
2493074
2495288
2532619
2503828
2467021
2515633
2500368
2507788
2464565
2514043
2533874
2497918
2501910
2525175
2477523
2518675
2501876
2481977
2528106
2515833
2529465
2525607
2496096
2505900
2486314
2484384
2486832
2456369
2473721
2523007
2492952
2509205
2501113
2529989
2494626
2506411
2457054
2494892
2511448
2522170
2436524
2520404
2505415
2498475
2476903
2497782
2506541
2498960
2473952
2496351
2547389
2470883
2501685
2498056
2481579
2514110
2444132
2507450
2509420
2509238
2503425
2495025
2503961
2472595
2478002
2496431
2480924
2514949
2502570
2567589
2510462
2501755
2513801
2537855
2525347
2539019
2464395
2477939
2506590
2463258
2517706
2566068
2521426
2485320
2495027
2497569
2501671
2492887
2473184
2478917
2495686
2486549
2501636
2486702
2488948
2499010
2476277
2480937
2493926
2481815
2496917
2478106
2536553
2465586
2545306
2466224
2513989
2520935
2534456
2496858
2528132
2488483
2520330
2508840
2495023
2477064
2479000
2518073
2519317
2460842
2508972
2518683
2552935
2493065
2498302
2503905
2498465
2490888
2448483
2512582
2458176
2486739
2487709
2474429
2536404
2497141
2511145
2494472
2528012
2475760
2512900
2519827
2503592
2470552
2486240
2458524
2516509
2513650
2507064
2488611
2503859
2496083
2497929
2515582
2521480
2467507
2539455
2501683
2473544
2504130
2481725
2519086
2463813
2501847
2502207
2549119
2482180
2517119
2494320
2481607
2515997
2480972
2497800
2496123
2512605
2515190
2506171
2499534
2511092
2510804
2516430
2519561
2518753
2490193
2514540
2500860
2529738
2459266
2507858
2505812
2529762
2500126
2453963
2499909
2482679
2519930
2488729
2511264
2466093
2516979
2528006
2504292
2525396
2514825
2491163
2481014
2481709
2476873
2507603
2558584
2529963
2509320
2504832
2465911
2489559
2531486
2451740
2493221
2516414
2526422
2472572
2512752
2514913
2489037
2493402
2472651
2500143
2446699
2485605
2518387
2508936
2502725
2501990
2502645
2479961
2503417
2496289
2482103
2508007
2470609
2544441
2488996
2507117
2519511
2501590
2474422
2489619
2498870
2490628
2488102
2511006
2480873
2505897
2485160
2529425
2518755
2509781
2515189
2474630
2536843
2502765
2491337
2502176
2515635
2456952
2530603
2540849
2497946
2511409
2514984
2495148
2485629
2474213
2509965
2480841
2462571
2516241
2525544
2492808
2441467
2475122
2509866
2506765
2517345
2465967
2459502
2466134
2532702
2457911
2508899
2499052
2504037
2476870
2534788
2503361
2446945
2507522
2558462
2510243
2499422
2500967
2496315
2482211
2496496
2489360
2510979
2484728
2498380
2497960
2504461
2469895
2471820
2487354
2535698
2479405
2514734
2526559
2507863
2482621
2505179
2490801
2503229
2474862
2478458
2507905
2480112
2506474
2494751
2491739
2488079
2533969
2509261
2493319
2500171
2477171
2499543
2518918
2500013
2486220
2463604
2528626
2516488
2525391
2476326
2470355
2488609
2500655
2477672
2464215
2492405
2508594
2487882
2495956
2457709
2496033
2485355
2517017
2512637
2541213
2524523
2513384
2474464
2497893
2540448
2536719
2484740
2490548
2498153
2523489
2485799
2483740
2507599
2482863
2484838
2493651
2527315
2477208
2500900
2505950
2531950
2529806
2517693
2478091
2506844
2525959
2520574
2467734
2492025
2524811
2471516
2519326
2484071
2470283
2523952
2500021
2530616
2517941
2485832
2494619
2498531
2483969
2526148
2500761
2504050
2536240
2517633
2498500
2497853
2514362
2495629
2523036
2474276
2492659
2468107
2503454
2471133
2487970
2515622
2499388
2488375
2472883
2547043
2507266
2476397
2487665
2469379
2479781
2528951
2518780
2499682
2507252
2443651
2494014
2506897
2478088
2511135
2472287
2500391
2518597
2499674
2483810
2472996
2521647
2519430
2504591
2508362
2481723
2521561
2520915
2519859
2488502
2486042
2472340
2493597
2500673
2458796
2492902
2468891
2473473
2481653
2505826
2481853
2511175
2508683
2472370
2520653
2490655
2519696
2498998
2529568
2510793
2530756
2486168
2458418
2492635
2525794
2525796
2514334
2499841
2508882
2463091
2527330
2454317
2502733
2468784
2519250
2495524
2526503
2517467
2528077
2505043
2527914
2502827
2488380
2525224
2485266
2478753
2496490
2500533
2495241
2468575
2503874
2495862
2507674
2457714
2499221
2467491
2498767
2511019
2490319
2511167
2531719
2541436
2470628
2507655
2506560
2472376
2492886
2497412
2533688
2487252
2517203
2499775
2497655
2492296
2503881
2468873
2512266
2495762
2530285
2507577
2512618
2518949
2505084
2499006
2492311
2495919
2528336
2498250
2508195
2495392
2498713
2519986
2513701
2524872
2523626
2500107
2529585
2492110
2493516
2521195
2482307
2526391
2495736
2488662
2511610
2533579
2491666
2533120
2503789
2528978
2502842
2507799
2497623
2531421
2503669
2462866
2531536
2489189
2504825
2481883
2539658
2521062
2468224
2482678
2478606
2501023
2479860
2477756
2501994
2501428
2501468
2493164
2509430
2487578
2505974
2494285
2487513
2548258
2551923
2459624
2496254
2491235
2494903
2482636
2506336
2505941
2507520
2472649
2507857
2499900
2515963
2490539
2486317
2477199
2483088
2467631
2454008
2514906
2505518
2526027
2500585
2495673
2485429
2520648
2493823
2503194
2520517
2503894
2498029
2500009
2489927
2457787
2509457
2458902
2519231
2507296
2503305
2477927
2517802
2548512
2504346
2488658
2453751
2485572
2473647
2461603
2505333
2480693
2472719
2491549
2494023
2458601
2470709
2496818
2521672
2488491
2523370
2498772
2495952
2503889
2498931
2499288
2508705
2523099
2506635
2492226
2496853
2506750
2484085
2495860
2502818
2524112
2494393
2467184
2523479
2484894
2518991
2496525
2522728
2503551
2502252
2525239
2518022
2492650
2506648
2512416
2513963
2482732
2504564
2472266
2497345
2491368
2509018
2481221
2477452
2524722
2492232
2488569
2480882
2496150
2526420
2507640
2509090
2469880
2487312
2478281
2505251
2476132
2518871
2465019
2553733
2492536
2475195
2538673
2495927
2497765
2502292
2505775
2501982
2491079
2515044
2502731
2514993
2515255
2507678
2514849
2492579
2510734
2503428
2490184
2508756
2522137
2499771
2485089
2518981
2523647
2523411
2481806
2484706
2491005
2518831
2504561
2492954
2528628
2478149
2502430
2512757
2496524
2514327
2477981
2488879
2511594
2497522
2543122
2498928
2470690
2516123
2527655
2497136
2481262
2529978
2472647
2499671
2534652
2517325
2513906
2512942
2474775
2472191
2515872
2503566
2483332
2495479
2519538
2498719
2505337
2522043
2503412
2523227
2476807
2485013
2492155
2478730
2518709
2478300
2464748
2507048
2492653
2500401
2512400
2479355
2479034
2497352
2458526
2491351
2526434
2494316
2518257
2490536
2500625
2496257
2456909
2516580
2486886
2506907
2485458
2503673
2487148
2497949
2483987
2503758
2492146
2497509
2508809
2520092
2503745
2454453
2487558
2480398
2507580
2470055
2467670
2516202
2495192
2517994
2534038
2482475
2531119
2491784
2513544
2549491
2558964
2509655
2479365
2506617
2462995
2505611
2497767
2505121
2516071
2492337
2502267
2501823
2471641
2485141
2496835
2517369
2487029
2506769
2466362
2500727
2513336
2510850
2500340
2486541
2514223
2474916
2512828
2484690
2531659
2499840
2465607
2501653
2469607
2477372
2500187
2490235
2524204
2493035
2505563
2488969
2498628
2477269
2505838
2479797
2473327
2503256
2524464
2474882
2511583
2467685
2489728
2477614
2486764
2489564
2526300
2539587
2479375
2481465
2513976
2488185
2501262
2498549
2471719
2480247
2510619
2464101
2515562
2528190
2518159
2512834
2483722
2475785
2501879
2492623
2494344
2520178
2492682
2488290
2531199
2491568
2474930
2488371
2489352
2511591
2500538
2494672
2507824
2510785
2495172
2502800
2500777
2511282
2504358
2492004
2510795
2500564
2523642
2464626
2502832
2496992
2508006
2546469
2522809
2469917
2484419
2470448
2491950
2479747
2496959
2470819
2490501
2496052
2512192
2514230
2488384
2496239
2488938
2497939
2506914
2509786
2478392
2513574
2511578
2528253
2519124
2565757
2522919
2506090
2497710
2480394
2510927
2503217
2489472
2496359
2538324
2521079
2522676
2488833
2498613
2516622
2497968
2525297
2488426
2498561
2519822
2551266
2515604
2493852
2523064
2462334
2468596
2491135
2492503
2500672
2490715
2499184
2513431
2498051
2495115
2495079
2485980
2515578
2458372
2505041
2489665
2545741
2525552
2518323
2534232
2485338
2466475
2513593
2539869
2514486
2485503
2524478
2514833
2522292
2469122
2481720
2526615
2489772
2513414
2501974
2479007
2552495
2494988
2482814
2525634
2484183
2517151
2507585
2501761
2477143
2448563
2480830
2484443
2486894
2479851
2505479
2511766
2451626
2524468
2455082
2481320
2511132
2538380
2456216
2482593
2505699
2497144
2470044
2510992
2534580
2491911
2493328
2480613
2508595
2506401
2530205
2509355
2467437
2497513
2490500
2483240
2503977
2529406
2510129
2490310
2517885
2515145
2527835
2504362
2493991
2511240
2472790
2516949
2486237
2485751
2513604
2514676
2501447
2476860
2510032
2502373
2501474
2503043
2512714
2492269
2474567
2538109
2516001
2520881
2494511
2500062
2481808
2481102
2478333
2503851
2466767
2494538
2481200
2516130
2510839
2512573
2477282
2470932
2468317
2528858
2503877
2501846
2508074
2522253
2499895
2493934
2547126
2464777
2498125
2508769
2464692
2511889
2508600
2464645
2483302
2487947
2470861
2487812
2533154
2485620
2488235
2507483
2476500
2482745
2533954
2469489
2502126
2512816
2517349
2479896
2486146
2488881
2484167
2485834
2544452
2489798
2516846
2494074
2435680
2504884
2504212
2482597
2512189
2509882
2523035
2460883
2487271
2495682
2536120
2497970
2505975
2472573
2510053
2454419
2489027
2484647
2497696
2485182
2536022
2487343
2503934
2505234
2493220
2507156
2518914
2522935
2514830
2497182
2520428
2519164
2480377
2478046
2472539
2516687
2514983
2475296
2522605
2506618
2494049
2527557
2480358
2490333
2472224
2478726
2480174
2513930
2489776
2490083
2537025
2471288
2465512
2508778
2521794
2533400
2492533
2494493
2502141
2505342
2545294
2508749
2486171
2475884
2495437
2479185
2474816
2496546
2476936
2529523
2496413
2483257
2529607
2490507
2524888
2523708
2479423
2504077
2503310
2503970
2474657
2502514
2510614
2509601
2514102
2486751
2480430
2523327
2473891
2495550
2489667
2473809
2497497
2484272
2544140
2505081
2485573
2500780
2465568
2495284
2521122
2517581
2502769
2516300
2515533
2481545
2479103
2468072
2514500
2491020
2463763
2503740
2498625
2500389
2506591
2554608
2496157
2483278
2470894
2489290
2517965
2515028
2469966
2446741
2502567
2512739
2463402
2503893
2456718
2486180
2501204
2492512
2482091
2479493
2497798
2470951
2451233
2504537
2490638
2507595
2512620
2519890
2535041
2473518
2491535
2492842
2456172
2508953
2506376
2486833
2520975
2480667
2511785
2468025
2522785
2490294
2506255
2520480
2567837
2486389
2476986
2492866
2481464
2531661
2499347
2501543
2505727
2504527
2466867
2476226
2515863
2509576
2520366
2504641
2477873
2512813
2532913
2482182
2496852
2474604
2505198
2483269
2512190
2514899
2507198
2541337
2490433
2474115
2512554
2476974
2502655
2533595
2496493
2538134
2499471
2468823
2487156
2517616
2500290
2486774
2514514
2510548
2501377
2496728
2498292
2484905
2505598
2465445
2473438
2472419
2481679
2501098
2511204
2476763
2513975
2524367
2494566
2511926
2508543
2473500
2501100
2459986
2470820
2515226
2484018
2500858
2490934
2492885
2491540
2494438
2491415
2500015
2469081
2515494
2500805
2502668
2509146
2505693
2502133
2487770
2477467
2490586
2492529
2456014
2504403
2525565
2502009
2477594
2504038
2535793
2475390
2496681
2500227
2532489
2506420
2485831
2516877
2488061
2483537
2477546
2496094
2505781
2488773
2525355
2527837
2492383
2506570
2501052
2504166
2516799
2513768
2506308
2507162
2507623
2514549
2509614
2510395
2490959
2496586
2494248
2491288
2502089
2486847
2461987
2497768
2513278
2461326
2515612
2523128
2500942
2496205
2509372
2533300
2488906
2536208
2543319
2473988
2489598
2534200
2453386
2519383
2504634
2460014
2502928
2469041
2479076
2490462
2523405
2494252
2509498
2502729
2510737
2514333
2454082
2520234
2496577
2527528
2487705
2518077
2524179
2487769
2476291
2480895
2534312
2501792
2523811
2512322
2499551
2475776
2497895
2474519
2518266
2530824
2507352
2451143
2490054
2491304
2497290
2498328
2498493
2514559
2511707
2478551
2487666
2487380
2521500
2494787
2504427
2515720
2508213
2513119
2515289
2484835
2499792
2505475
2516623
2521439
2510747
2471114
2499566
2514438
2518452
2498876
2488414
2534656
2504423
2450366
2504136
2513389
2498795
2492067
2463352
2527054
2484462
2488876
2501203
2532028
2535264
2511426
2483829
2506858
2432744
2488487
2518048
2513352
2535073
2493292
2506007
2506586
2505464
2505916
2522984
2493058
2497651
2497600
2485963
2520772
2474794
2498420
2492308
2527426
2520065
2473919
2506023
2507482
2511394
2515180
2522959
2538645
2489582
2483092
2499864
2494532
2523024
2499748
2540736
2512442
2526525
2514378
2500675
2490172
2518717
2489045
2507565
2495647
2472968
2487511
2507247
2493657
2510641
2487800
2500315
2538514
2473807
2469204
2496064
2519012
2527021
2480172
2525205
2517897
2479269
2488443
2490532
2512822
2497454
2529477
2530406
2515382
2452397
2541107
2509151
2511170
2504514
2501325
2513300
2471352
2481478
2479575
2528281
2524726
2494132
2493892
2511342
2541780
2498681
2513737
2520895
2498525
2486630
2508691
2512183
2526458
2509135
2490699
2528524
2473982
2513294
2530178
2513628
2474961
2504099
2550350
2499922
2513444
2480664
2526745
2513510
2502052
2504366
2493829
2490390
2465137
2519346
2493787
2504894
2489932
2559861
2492168
2508155
2518383
2509296
2480205
2532179
2495266
2516795
2516046
2479627
2514330
2539044
2517832
2500049
2461945
2504069
2511948
2516987
2522890
2505396
2486916
2521222
2529362
2464160
2515005
2495433
2494719
2499725
2490436
2498776
2472240
2454215
2503701
2556931
2492393
2513602
2494734
2520395
2466459
2450737
2515509
2480923
2493009
2467976
2497389
2496931
2481646
2488144
2493713
2504701
2498183
2494487
2500151
2484445
2502541
2518258
2466662
2519885
2483194
2535114
2474513
2432583
2495250
2499219
2493474
2489577
2504135
2477569
2514642
2490538
2450364
2492936
2483466
2474266
2511994
2507915
2506634
2491278
2510933
2502953
2478142
2488393
2523495
2529844
2489088
2466381
2501173
2460229
2494188
2491710
2528117
2489972
2485123
2537619
2523273
2479684
2516088
2499485
2495502
2511734
2522743
2544543
2498488
2490492
2486094
2541541
2484617
2505354
2511329
2481105
2501515
2503606
2480240
2510806
2502427
2485023
2495971
2503916
2477899
2504931
2510298
2489108
2496761
2527875
2492895
2483265
2486497
2488037
2515690
2525223
2500170
2472087
2493086
2515179
2479081
2499644
2485990
2489616
2525704
2472205
2512700
2498808
2513525
2457532
2495394
2502513
2489594
2509642
2469821
2505610
2488435
2510543
2465212
2479317
2524182
2482167
2513230
2519121
2499630
2519411
2456280
2506380
2505640
2494328
2522451
2493920
2511824
2539492
2470233
2506105
2466172
2475920
2511047
2515262
2473474
2490605
2486388
2507729
2506735
2485114
2484932
2497865
2511589
2502302
2497121
2482963
2512147
2540197
2503265
2504193
2503785
2516741
2495334
2459731
2506495
2544355
2514732
2493483
2492273
2509611
2501282
2481600
2488364
2496054
2498813
2488352
2516700
2531519
2468568
2494303
2520914
2495543
2519418
2509907
2503070
2516864
2487296
2454828
2484775
2508596
2525167
2521198
2519737
2529631
2485261
2523377
2491893
2507112
2483368
2495419
2473989
2469130
2455339
2487693
2514039
2486860
2514596
2505433
2471156
2513376
2517359
2467616
2499240
2494979
2525911
2485271
2479438
2496504
2492198
2513268
2503598
2475142
2524212
2516640
2452210
2478138
2470996
2500167
2461924
2514534
2465641
2515568
2502924
2493766
2500862
2484057
2478384
2475684
2461252
2463334
2501440
2547108
2482536
2507338
2487663
2505312
2484524
2486598
2520805
2517867
2509594
2494888
2484502
2520939
2479527
2502949
2492590
2485296
2486880
2517745
2516659
2544351
2540866
2513616
2482341
2499796
2476050
2484114
2506999
2478440
2484470
2474460
2536123
2508359
2532867
2509441
2461103
2490738
2520979
2499231
2476197
2500020
2500169
2467838
2451614
2517391
2504179
2512198
2516585
2495237
2485955
2526936
2496433
2532237
2514894
2504490
2508644
2505349
2499508
2487204
2511029
2463368
2473650
2476598
2512651
2518183
2515900
2493076
2507925
2512187
2450889
2542665
2478967
2471947
2509893
2512535
2496231
2468226
2515882
2464425
2535932
2488712
2498513
2505880
2494293
2469971
2470764
2525346
2476244
2559438
2506647
2489925
2481918
2494114
2504429
2482206
2515426
2523519
2469203
2536310
2455639
2507675
2504486
2506311
2505047
2488109
2525559
2503503
2493146
2497971
2480509
2484056
2500541
2490692
2517039
2511475
2491147
2496311
2487688
2531362
2489198
2477850
2478335
2499066
2484871
2485943
2500330
2550266
2518731
2465749
2500917
2480148
2519944
2516108
2476252
2488718
2544839
2494969
2485628
2496441
2496364
2524036
2536681
2467931
2520913
2492501
2472213
2508631
2474366
2516413
2491185
2495951
2555876
2484429
2533363
2506405
2503266
2483580
2539298
2495633
2469207
2476211
2509014
2474005
2521145
2498698
2526264
2476946
2460046
2524030
2510146
2508772
2494954
2516219
2499464
2469627
2466819
2511169
2471827
2538473
2510965
2510899
2495769
2527383
2482594
2493693
2488069
2514289
2500217
2511802
2471229
2543618
2500648
2475744
2489557
2485723
2495410
2544022
2499660
2533360
2507139
2504152
2514965
2485054
2512621
2488930
2516311
2460517
2476474
2503513
2515016
2467006
2499594
2497406
2478778
2479858
2513813
2511554
2487026
2512762
2476894
2468423
2535471
2480152
2485619
2496281
2475936
2462863
2499544
2506102
2507630
2490602
2507396
2491768
2482751
2515303
2534228
2531855
2473888
2488603
2458583
2508483
2506324
2504970
2509367
2513080
2506004
2508909
2512670
2527991
2468983
2491243
2551899
2524163
2481497
2483563
2499676
2527088
2509264
2498697
2526262
2488641
2479042
2552936
2524363
2488573
2516564
2499193
2555396
2492358
2495217
2505654
2466411
2481238
2491128
2503157
2479389
2496875
2503391
2482415
2471365
2505184
2513522
2505316
2490734
2499496
2492391
2495142
2494984
2488288
2482069
2523821
2494098
2502140
2481796
2493645
2524613
2459603
2524513
2451180
2489133
2499474
2480779
2505963
2499368
2531076
2479805
2487128
2501252
2524655
2496624
2496499
2485866
2488548
2543175
2506240
2518207
2510553
2481422
2535724
2516034
2486523
2543748
2519785
2508436
2524491
2501765
2492889
2492919
2539023
2488076
2519016
2498601
2506409
2519977
2508234
2469925
2511415
2491100
2469397
2501786
2470829
2461444
2539195
2492205
2470679
2527906
2480389
2507301
2497898
2508807
2484749
2484374
2475968
2453806
2488630
2492298
2515794
2490756
2494213
2476679
2494676
2496267
2486156
2513773
2497640
2450072
2504602
2472839
2483897
2508700
2476588
2487067
2462295
2510792
2512471
2478008
2517403
2480752
2561888
2512736
2488182
2506604
2521509
2541341
2497203
2464854
2467068
2501513
2494200
2457775
2509475
2545703
2457622
2510667
2481419
2510986
2502147
2514130
2518031
2502896
2518645
2518829
2494143
2529300
2490096
2462960
2478339
2491231
2514811
2523987
2512846
2493484
2482588
2521459
2497819
2491617
2488051
2489825
2535901
2500460
2522712
2483785
2501111
2513192
2531244
2495101
2499011
2490982
2522861
2481201
2478164
2515143
2520667
2503855
2477330
2476356
2529955
2502678
2500764
2477865
2472735
2500225
2498280
2521721
2494724
2503651
2505883
2495360
2523178
2534712
2494968
2503078
2502097
2546240
2475226
2481905
2524956
2537994
2507591
2489974
2495152
2520950
2489938
2499495
2500772
2505091
2491093
2496919
2524343
2490886
2509491
2533309
2528062
2511335
2460523
2511178
2523066
2461935
2489208
2542962
2536876
2485581
2526088
2490764
2462871
2505428
2512791
2518962
2483136
2494565
2492578
2473422
2509031
2498109
2503861
2497999
2499519
2500997
2486472
2513733
2513362
2498333
2508220
2502638
2468599
2538434
2442616
2526042
2509552
2490203
2490615
2513121
2504407
2502867
2521428
2509085
2530453
2478508
2465325
2515219
2483277
2501941
2489530
2512098
2511831
2525980
2489627
2487583
2515375
2498701
2497047
2501807
2485180
2488554
2460695
2502781
2517243
2532351
2509698
2502327
2507321
2512385
2498835
2448041
2537984
2477563
2488806
2513497
2488607
2527152
2504885
2531035
2512938
2471830
2455313
2476379
2541478
2500200
2503808
2487984
2517697
2497834
2513422
2477501
2477724
2508008
2496048
2511752
2486330
2489687
2548040
2507342
2460884
2497574
2512804
2484066
2459441
2508314
2489386
2508221
2523724
2519475
2502954
2520522
2516948
2508438
2516148
2506557
2510307
2460997
2504060
2519211
2495035
2523969
2528200
2487788
2506660
2483893
2499447
2490783
2485760
2536375
2510916
2508938
2492758
2509309
2505352
2524223
2503773
2480042
2494560
2501862
2494262
2503520
2512723
2501863
2486713
2497279
2516260
2502891
2520497
2445619
2511695
2486057
2468293
2486353
2514155
2481766
2482186
2515230
2507409
2524278
2472921
2481863
2510019
2515585
2488398
2526859
2510493
2472905
2481218
2510572
2496990
2490961
2469577
2515147
2481926
2524331
2495409
2482993
2515594
2498330
2486385
2529695
2496234
2497150
2479310
2483228
2520490
2498354
2483145
2471600
2522070
2491492
2482505
2534654
2500355
2505701
2488960
2524707
2470367
2531026
2486522
2497120
2520361
2512150
2482689
2475818
2486789
2504969
2509419
2499905
2507592
2519407
2454504
2484713
2526606
2485950
2500495
2524544
2524438
2479669
2490842
2456919
2470412
2469389
2475083
2500016
2497523
2530141
2500339
2543609
2549326
2491389
2520066
2547311
2507803
2493509
2514782
2502345
2492360
2484787
2496470
2493382
2503492
2483140
2495735
2509215
2525640
2485878
2530376
2506431
2476875
2500061
2501035
2519987
2487946
2476442
2497038
2491741
2488762
2518445
2475623
2463742
2467780
2475548
2541382
2533892
2497505
2511445
2494055
2501896
2519467
2504208
2501454
2484105
2480886
2492470
2491497
2494330
2504406
2493731
2449508
2510883
2486816
2455977
2492565
2508971
2502839
2543865
2489822
2512341
2492494
2491770
2493679
2475467
2458836
2501962
2545016
2461040
2504939
2493057
2516195
2473418
2526549
2497792
2518762
2526888
2483583
2519285
2526367
2516581
2509853
2456768
2515843
2480105
2471209
2492553
2505295
2512553
2485734
2548669
2511405
2505912
2545949
2461183
2493318
2515206
2493550
2492619
2510300
2508137
2499788
2511957
2517902
2476504
2508880
2475649
2485677
2496223
2504674
2524864
2541145
2503201
2494392
2546733
2480556
2515280
2515396
2514248
2545751
2523446
2508276
2493937
2491706
2481608
2497629
2520073
2507428
2501494
2455498
2505379
2504766
2498201
2506469
2513928
2505874
2490584
2518763
2487530
2478140
2518563
2492094
2497145
2493750
2505749
2499569
2465979
2506516
2514032
2497078
2480343
2541351
2508441
2478184
2497244
2507606
2495165
2459142
2472714
2487052
2527351
2491648
2485405
2516157
2523198
2493923
2498022
2478918
2488458
2463314
2493557
2501606
2496614
2543896
2495045
2477296
2505970
2503981
2520194
2472577
2491939
2520707
2478607
2518309
2463355
2505614
2494245
2512258
2510574
2537604
2500726
2552352
2465637
2501265
2467745
2545786
2509305
2482410
2489671
2489009
2482266
2542836
2488711
2497733
2478830
2514558
2505849
2512877
2500859
2476375
2502560
2486313
2521438
2481062
2511356
2519491
2528644
2486250
2506190
2470919
2470246
2514137
2493783
2494605
2480339
2479726
2522337
2490833
2548296
2548740
2502679
2487524
2487467
2456691
2498173
2518778
2493448
2521416
2494404
2476259
2507852
2478303
2499911
2504920
2502169
2504190
2481168
2528054
2453391
2472780
2535576
2478574
2521075
2509814
2503465
2514753
2506529
2501217
2481072
2466406
2504762
2496081
2480956
2447123
2506829
2519429
2498421
2509993
2492950
2492800
2481248
2506957
2522110
2497377
2518288
2510680
2493883
2526711
2489343
2498676
2511629
2513429
2497115
2490952
2493439
2466374
2500691
2488378
2465392
2472822
2518896
2479586
2475515
2523935
2514430
2567302
2541913
2537522
2495671
2504280
2498435
2509452
2503722
2514105
2482854
2485437
2484956
2492763
2491245
2481686
2494553
2498417
2511717
2517269
2525084
2477506
2491193
2501698
2491437
2472706
2517649
2468713
2483649
2490391
2525298
2543637
2514089
2526431
2505957
2470014
2509008
2468800
2519745
2523223
2487773
2501130
2513099
2531113
2499983
2513094
2502962
2509188
2472868
2489928
2507043
2542443
2479538
2488128
2483042
2512163
2499252
2520253
2495590
2489792
2519682
2487857
2474823
2518723
2490046
2510008
2496202
2504181
2509069
2505328
2516793
2530550
2485069
2496682
2519983
2524603
2485498
2534400
2475005
2464845
2536677
2508879
2521253
2494555
2481039
2524656
2523121
2534729
2546467
2546608
2496352
2506216
2547382
2518300
2494121
2503154
2504006
2517878
2520383
2526914
2497630
2488851
2528443
2494732
2538286
2495785
2453285
2501254
2532739
2493993
2515358
2514644
2484168
2536482
2510583
2540358
2472758
2476403
2529468
2483951
2490640
2506319
2484952
2490220
2484889
2514464
2460103
2484850
2519649
2491380
2510277
2498924
2487030
2517507
2480842
2474306
2526968
2485057
2479479
2502480
2494426
2503349
2513664
2512491
2493433
2534097
2485456
2516516
2512367
2510312
2481300
2487748
2532468
2473678
2485736
2515611
2497189
2508419
2493703
2502136
2475479
2504876
2482533
2471429
2502386
2510202
2461508
2512227
2497052
2522626
2532291
2522492
2526451
2497081
2497874
2487366
2482347
2478878
2519565
2464954
2487894
2498962
2480155
2465605
2501367
2499411
2467820
2493039
2504576
2524303
2505906
2477933
2501328
2532996
2519596
2452707
2530480
2499133
2516255
2493119
2435916
2520871
2524996
2521910
2489039
2522975
2509727
2482613
2523014
2545732
2511146
2508277
2523481
2497984
2480643
2471824
2472689
2472704
2500584
2494843
2516454
2501737
2481872
2509400
2487934
2482436
2488474
2452461
2506944
2493494
2504935
2508598
2520381
2507583
2470865
2506219
2508856
2504494
2528718
2502295
2518944
2537936
2499793
2520189
2513652
2523019
2535569
2472910
2513085
2462406
2496136
2523080
2495325
2525228
2526358
2523585
2527831
2530012
2497164
2497808
2494044
2493998
2533878
2499150
2497267
2499633
2473554
2469828
2504252
2491733
2512135
2485010
2471227
2490040
2503392
2499750
2461994
2483578
2536713
2530060
2538479
2476417
2525295
2493168
2498593
2450724
2515223
2491547
2488587
2494867
2463170
2484784
2502041
2493562
2504352
2480182
2510422
2506937
2479770
2510416
2478770
2489614
2510881
2483382
2506666
2498207
2505710
2497486
2515296
2514470
2501703
2523884
2505146
2512144
2496947
2495269
2488978
2477907
2517996
2535995
2489511
2506986
2472997
2523218
2505876
2502064
2515951
2465496
2493936
2481868
2486780
2495505
2492149
2506884
2475240
2511764
2516127
2507050
2501374
2484570
2507101
2525800
2489237
2481590
2527770
2491986
2458038
2486936
2502336
2526335
2475892
2495274
2463420
2494199
2477580
2497877
2502113
2501929
2511392
2476355
2499591
2521736
2488793
2489019
2459488
2487956
2480599
2488273
2509376
2524251
2489828
2529914
2501888
2491212
2498284
2483361
2498532
2515459
2504079
2495978
2528999
2504005
2501716
2501221
2511646
2517670
2494425
2477682
2484233
2467939
2511485
2515856
2499635
2534960
2488415
2532406
2509942
2531980
2486863
2533478
2473538
2495516
2496111
2527982
2436643
2510783
2553917
2535040
2514229
2513461
2508335
2493592
2513443
2502975
2508073
2466419
2484577
2488944
2491758
2518635
2457232
2538490
2472694
2509635
2502751
2491503
2507856
2487242
2496114
2493785
2504063
2500072
2486968
2504917
2478115
2513884
2506559
2464886
2480111
2473791
2499695
2467469
2503841
2481982
2498954
2493390
2495526
2502355
2517096
2518356
2507734
2500112
2505239
2515351
2540607
2474145
2560315
2513591
2490209
2520976
2472965
2493860
2526402
2492128
2484676
2486898
2510123
2522688
2509051
2474504
2446666
2521412
2478957
2480817
2458304
2523996
2532353
2475454
2471359
2518295
2476446
2469227
2497032
2487452
2476028
2493210
2503675
2512020
2503405
2486442
2502547
2495938
2512286
2523412
2523982
2485014
2483363
2510490
2506543
2521029
2506067
2520510
2492093
2490354
2551628
2499927
2478786
2491216
2501228
2478110
2499082
2514488
2491605
2480848
2479970
2549152
2495238
2511193
2470538
2522818
2483351
2513862
2503190
2504284
2497496
2495455
2488277
2510279
2480544
2502214
2510326
2473269
2506768
2502693
2510474
2486535
2465807
2533099
2497714
2498693
2508847
2525629
2525562
2504023
2460187
2466730
2479271
2522254
2490325
2488841
2498034
2475476
2492700
2500065
2484048
2503254
2510800
2490493
2502790
2519253
2502756
2471879
2532952
2497133
2511065
2514158
2495414
2519651
2502390
2484675
2517781
2489365
2488403
2548238
2527105
2554318
2488247
2496453
2506114
2522490
2508500
2471835
2488821
2494838
2514960
2482089
2510263
2514297
2528508
2461926
2501171
2501303
2513686
2498025
2537585
2460919
2452253
2473377
2507191
2523859
2517811
2501072
2492564
2474066
2459509
2509042
2467285
2457976
2485044
2505543
2515259
2545185
2523941
2501504
2477517
2497261
2504694
2485728
2518790
2459045
2518492
2496824
2524755
2494135
2492920
2495588
2475961
2485797
2499993
2460435
2505666
2473209
2482040
2508390
2472671
2473106
2505871
2520082
2505240
2497305
2536378
2510198
2486200
2508388
2515276
2490135
2489877
2463651
2493140
2510695
2509230
2497069
2503083
2450379
2469447
2500799
2492745
2505436
2481845
2489889
2495024
2493732
2508106
2524142
2468077
2487458
2502880
2522352
2491250
2484261
2499564
2477823
2518505
2511540
2522748
2508309
2511585
2463509
2502297
2490457
2506938
2539210
2523107
2499230
2491264
2489874
2469818
2498321
2481101
2490587
2513693
2523758
2471087
2500883
2536192
2493985
2495184
2511210
2504744
2472180
2517020
2508180
2528264
2481956
2497825
2509700
2494730
2474760
2558254
2511545
2487099
2510377
2442707
2539262
2509997
2497540
2502864
2473860
2491428
2528482
2462227
2490943
2441632
2474979
2458841
2494666
2474039
2492453
2506366
2492738
2495510
2516197
2499271
2507244
2494434
2484836
2468545
2504621
2512820
2492754
2495601
2479589
2546197
2487224
2513941
2519478
2514922
2507939
2540991
2493870
2482575
2480688
2476995
2504482
2464679
2532826
2482111
2510515
2519484
2516550
2488130
2519053
2499846
2523228
2542346
2465787
2491724
2526062
2509775
2466242
2492285
2528502
2498281
2511067
2479578
2531406
2475987
2457404
2543183
2496466
2518336
2464925
2534266
2517473
2511370
2499310
2471635
2474710
2524858
2479911
2498979
2490052
2487904
2516145
2499049
2511371
2507718
2520159
2499928
2513033
2486079
2499046
2470855
2518017
2518484
2473799
2505535
2521024
2500549
2511624
2524088
2498365
2477639
2537940
2482348
2498227
2451166
2514151
2492150
2496285
2499032
2519839
2515651
2499484
2478259
2507951
2535653
2494326
2474229
2489380
2503732
2509850
2486192
2467920
2532233
2530602
2488515
2486539
2468036
2473549
2498621
2519272
2517414
2474344
2504857
2497921
2521636
2475414
2495949
2519397
2512319
2511460
2493090
2519675
2484023
2486656
2524852
2460924
2480198
2496476
2486554
2456199
2524737
2509905
2492122
2477999
2500091
2504500
2501509
2502279
2505488
2534236
2495448
2498645
2522180
2497500
2452859
2506220
2526858
2493780
2537082
2511733
2487653
2503911
2473172
2497543
2494231
2490785
2479546
2479372
2507961
2511552
2533293
2516499
2503684
2514365
2500341
2515314
2503180
2492945
2490371
2500739
2511221
2486825
2512875
2498743
2514036
2504959
2453538
2498634
2513023
2518524
2498943
2502184
2485102
2484089
2527680
2497848
2504717
2504393
2506173
2479384
2512417
2480795
2527026
2520764
2500416
2489289
2475237
2491161
2516539
2519470
2491953
2471930
2447923
2500557
2522798
2483865
2479176
2483678
2540867
2481316
2502635
2480872
2491122
2496229
2497449
2475983
2513310
2495251
2498068
2498914
2522242
2470938
2533266
2495512
2524512
2512126
2496236
2469058
2507823
2480892
2517572
2493712
2472917
2520277
2507881
2478764
2504466
2508537
2464695
2510117
2471099
2485161
2494649
2528980
2489151
2527002
2494062
2486506
2462828
2528604
2505571
2471969
2527250
2473997
2509060
2511825
2487455
2481447
2480750
2510381
2462512
2504097
2497846
2540056
2477604
2531070
2501289
2506051
2528493
2514844
2497024
2495930
2498594
2505800
2486555
2535810
2497414
2472467
2495434
2475162
2506625
2466726
2498815
2518402
2488480
2532309
2539474
2542451
2483410
2494002
2503670
2487210
2486241
2497488
2529171
2506967
2477486
2491091
2515719
2498706
2467870
2532701
2532562
2517183
2446297
2487961
2463375
2508894
2489407
2514654
2472601
2503850
2468776
2484342
2516945
2492049
2512530
2484480
2504495
2505145
2504907
2508976
2517041
2468196
2498550
2520273
2503441
2502987
2506423
2503016
2485853
2517136
2479959
2491254
2527170
2447392
2506395
2488746
2509854
2489378
2503831
2495945
2518366
2491016
2533547
2516604
2474886
2465442
2504373
2496372
2516327
2510697
2489851
2503847
2521434
2502102
2491654
2509291
2492368
2510636
2476597
2525854
2523774
2501360
2488341
2477878
2511668
2495900
2495607
2506327
2500868
2515989
2519096
2544496
2487227
2522436
2515345
2517179
2492550
2504072
2514499
2514356
2497270
2471697
2438910
2460980
2495562
2521126
2478295
2542889
2523186
2503375
2495948
2517321
2510133
2480694
2503891
2502137
2509588
2472478
2524020
2492088
2504987
2489562
2545050
2542368
2489961
2480455
2476195
2475543
2476756
2506502
2502921
2509243
2491066
2483358
2517120
2470943
2470394
2480433
2506006
2471565
2492161
2508943
2483788
2516431
2481580
2496864
2510545
2558162
2527135
2484824
2517555
2517962
2497773
2476110
2511777
2508244
2513208
2504703
2511775
2549346
2519409
2508553
2490550
2513621
2525461
2510945
2513458
2520093
2483937
2486348
2504941
2490658
2478280
2511330
2546290
2513367
2486215
2519029
2506042
2503529
2475979
2470522
2486769
2489780
2503602
2502934
2522556
2479262
2476120
2540260
2504908
2485062
2500757
2485093
2507795
2493839
2458485
2493545
2512871
2499326
2485818
2499453
2503472
2522685
2500563
2503023
2511348
2494211
2521873
2498584
2478371
2527275
2472046
2500070
2503933
2501281
2491732
2495985
2475128
2533062
2525971
2512965
2513373
2463836
2519597
2480490
2505913
2517263
2523593
2486579
2459216
2506052
2480875
2502826
2517563
2487661
2498293
2480353
2493744
2518760
2506181
2488919
2516746
2501657
2480925
2500436
2513406
2517547
2515758
2494797
2524314
2476795
2514413
2500273
2471412
2459175
2484252
2517595
2499931
2521769
2494634
2467710
2522050
2491226
2485675
2517690
2486110
2511021
2497306
2507024
2476064
2500985
2487512
2492476
2498035
2508085
2493560
2517431
2499661
2510465
2512812
2494815
2485358
2502900
2527972
2485965
2485303
2484088
2481432
2482762
2506646
2488987
2526432
2538781
2477219
2494884
2500936
2495961
2505956
2469445
2498672
2519296
2534682
2517390
2490091
2509630
2479134
2519662
2442304
2503480
2522438
2479010
2531941
2509647
2486502
2554297
2496855
2505671
2492904
2533173
2498395
2497315
2532295
2483051
2484684
2483899
2493151
2505993
2484685
2497656
2526887
2487183
2481220
2524847
2518660
2494708
2538392
2481199
2471818
2536295
2517992
2508189
2525115
2509185
2526899
2456338
2482340
2547248
2506001
2487609
2508117
2495285
2503121
2493803
2500104
2492047
2538746
2470582
2499527
2526939
2536977
2466535
2498854
2492999
2508469
2531141
2489624
2517495
2486675
2512113
2514415
2483017
2494919
2508764
2488413
2479031
2509300
2476896
2500451
2499860
2487613
2481791
2494281
2473956
2516406
2480597
2503976
2499718
2480961
2528362
2526272
2506224
2503193
2516395
2483757
2495921
2485146
2500826
2491065
2522330
2507941
2476513
2490469
2525441
2457780
2505616
2531575
2511726
2533257
2498389
2465344
2500450
2526812
2510215
2516285
2497745
2491106
2536283
2491713
2501218
2498952
2507151
2501165
2506418
2474650
2477176
2491359
2513541
2489003
2512023
2509808
2508986
2474531
2507785
2555151
2507840
2490498
2509414
2510693
2506971
2517480
2507749
2475109
2465357
2489595
2504963
2492853
2480213
2496747
2510151
2540858
2506887
2444327
2495727
2474004
2528203
2514681
2526828
2521398
2527704
2498722
2505564
2459352
2516105
2503759
2486284
2508790
2475718
2557100
2488865
2498494
2511297
2458638
2484753
2506620
2483570
2480970
2470035
2495160
2482743
2484526
2469996
2485640
2514079
2530715
2522160
2459380
2500432
2505891
2506003
2494602
2529687
2514594
2510475
2541126
2471256
2474089
2509584
2519879
2528743
2468964
2480732
2466097
2473227
2485684
2537320
2511854
2479736
2485701
2482705
2529334
2509082
2474743
2487083
2504314
2510705
2504435
2464095
2470525
2499683
2490867
2479363
2522506
2489734
2453394
2493694
2528643
2506918
2503037
2457968
2498615
2527335
2523369
2502144
2486744
2466636
2506151
2513702
2460665
2520459
2486376
2526200
2505529
2537485
2495368
2533291
2493385
2551295
2506316
2489672
2497855
2481448
2501167
2487125
2517159
2495348
2500795
2463581
2498240
2483105
2494778
2500663
2488417
2479225
2463677
2523627
2476596
2512518
2515472
2522789
2522518
2506568
2495863
2528973
2499220
2480193
2543167
2490006
2524440
2526388
2493482
2481823
2509285
2493129
2508615
2525208
2510171
2458773
2506238
2499878
2519247
2479281
2511772
2484560
2487667
2517959
2498220
2480808
2500304
2475075
2505292
2511343
2494488
2532509
2507445
2473464
2507031
2501335
2501166
2501864
2488199
2527988
2507140
2505669
2500379
2473703
2509877
2509688
2499540
2490967
2493921
2522017
2534602
2483579
2504900
2479115
2501291
2510664
2501730
2517242
2538899
2511199
2478621
2471693
2505282
2500320
2471997
2471634
2539843
2480834
2495357
2534169
2494370
2524269
2507707
2529603
2482381
2522530
2484529
2526659
2533814
2525202
2512179
2520047
2520833
2498798
2488091
2486467
2513506
2457891
2506345
2492091
2522317
2464426
2499870
2502590
2464934
2487240
2528929
2478971
2524621
2495358
2551910
2476199
2507664
2514370
2501438
2467132
2485653
2490191
2523954
2513272
2491507
2481629
2519722
2516730
2478825
2528652
2522321
2477049
2477887
2515457
2466978
2527560
2515873
2456816
2523033
2496508
2487316
2536262
2533724
2537148
2486399
2490055
2509649
2502054
2462148
2480614
2498335
2501416
2447264
2446773
2484709
2524925
2521177
2517912
2482884
2527359
2488442
2517173
2466703
2450200
2528736
2493542
2492115
2502468
2481428
2473754
2508565
2488307
2515081
2484912
2510659
2513426
2487690
2522824
2529979
2515542
2513952
2525542
2489634
2500147
2513536
2468389
2518350
2488234
2523870
2510794
2517767
2512935
2498788
2494073
2497980
2522161
2500189
2492648
2485618
2519260
2477381
2502277
2499449
2488904
2472206
2511002
2444757
2483526
2498896
2506787
2486556
2507738
2490376
2506166
2475257
2512461
2525540
2514215
2476138
2465656
2486622
2486034
2509987
2497931
2487062
2522950
2471729
2490434
2549740
2505061
2478433
2506702
2501033
2507508
2536238
2510439
2495090
2481666
2502021
2482605
2481053
2523275
2514736
2493204
2522205
2504200
2487599
2466083
2454399
2511402
2510107
2487929
2511946
2560327
2505300
2498430
2481751
2498889
2517642
2490180
2512776
2530125
2489364
2505431
2458651
2512753
2502599
2496173
2528779
2474326
2501469
2478369
2482330
2481477
2471405
2500530
2504821
2535847
2526668
2499203
2521172
2497701
2539286
2496707
2468585
2497697
2507316
2465968
2475163
2480304
2503402
2524473
2520267
2488980
2507013
2474715
2551335
2487108
2490560
2511141
2464627
2499223
2453541
2519613
2551614
2517632
2487581
2523159
2509665
2495310
2518455
2471360
2524127
2478669
2534671
2487621
2535246
2517877
2484267
2545347
2470236
2455974
2524366
2505046
2503515
2495810
2469095
2508452
2488359
2489983
2498975
2478307
2496793
2512686
2514424
2500745
2506718
2507333
2519308
2497904
2494792
2468895
2529235
2501623
2546346
2520236
2470509
2488727
2508421
2478256
2488898
2503947
2516460
2469217
2500066
2520130
2530764
2525671
2504163
2506499
2484616
2522989
2485678
2522270
2499502
2527561
2531439
2519213
2486853
2503778
2489880
2489683
2540548
2533900
2475848
2508131
2460991
2480685
2480637
2502037
2503679
2512687
2484479
2508247
2471567
2542548
2510120
2538401
2500433
2512770
2476016
2537488
2490750
2494522
2487750
2523975
2504213
2481932
2526481
2519703
2486855
2526344
2505403
2482268
2507743
2527242
2537644
2491125
2515686
2483380
2516085
2496451
2504185
2497699
2518836
2477844
2510889
2508693
2565406
2503286
2477867
2511939
2508671
2524083
2479646
2514058
2503489
2457060
2493492
2521322
2513763
2512061
2527221
2504379
2517872
2468121
2467994
2495615
2513428
2477272
2497439
2476131
2486248
2549957
2516409
2517676
2509226
2498164
2508757
2487584
2504976
2521855
2499001
2494168
2496085
2476930
2523993
2495347
2500261
2522954
2501060
2488964
2509981
2476531
2499943
2519414
2521563
2493973
2511162
2470026
2475982
2478879
2515615
2493437
2530334
2506643
2495304
2507422
2505638
2481650
2518015
2537475
2491815
2476158
2512955
2487201
2487200
2490561
2493412
2514184
2518220
2510681
2485784
2511604
2473953
2524058
2472519
2488976
2508527
2483877
2489504
2486017
2465926
2503731
2479114
2497717
2533438
2490312
2513330
2482043
2503032
2489814
2487501
2495796
2526446
2538483
2486001
2513642
2505837
2492160
2496270
2500849
2512893
2510468
2496179
2494007
2515768
2512676
2486176
2532086
2483076
2453266
2500643
2490841
2494986
2493136
2503242
2513193
2509464
2486302
2481417
2491766
2466376
2464959
2480719
2506082
2458065
2530295
2481821
2466910
2535991
2528216
2515232
2501508
2508183
2486386
2484250
2480520
2524505
2505689
2495157
2483595
2503251
2488421
2507530
2484782
2492883
2467015
2495173
2476920
2507590
2510796
2515321
2484454
2513466
2529036
2460136
2495725
2494029
2504268
2462899
2506188
2512201
2466131
2468095
2515655
2469407
2513791
2500471
2501702
2467322
2527654
2516876
2521238
2491922
2533307
2467625
2536115
2498641
2508834
2487915
2448512
2504787
2467112
2491637
2488730
2483938
2522779
2499731
2459504
2513364
2488044
2487136
2498024
2492493
2525102
2505662
2468979
2497494
2492020
2499289
2492352
2510179
2510679
2513211
2487027
2521481
2500798
2469970
2480563
2523368
2516055
2525515
2508504
2542199
2523116
2508842
2482238
2504276
2492907
2514919
2487162
2508447
2466970
2522054
2498098
2486596
2523654
2518230
2509078
2473394
2498020
2490817
2513450
2507607
2467565
2521397
2490993
2498839
2506799
2489605
2542641
2525129
2481615
2479886
2482071
2476170
2498566
2502015
2470084
2528333
2500043
2532596
2489128
2496752
2510040
2476346
2527594
2469226
2516135
2487692
2456004
2509326
2519903
2532836
2500984
2492589
2511143
2540374
2522428
2503690
2452881
2492513
2507966
2484921
2506149
2488296
2545478
2493743
2492691
2488450
2479771
2491365
2511347
2525965
2518516
2489596
2481893
2483655
2482173
2517779
2481844
2466011
2501560
2479920
2520033
2502618
2492555
2516584
2506592
2482984
2524753
2484660
2498190
2490070
2455001
2519957
2478039
2529254
2478548
2519954
2504191
2501772
2524350
2478780
2512727
2489049
2485241
2472407
2508973
2473198
2524646
2491789
2525664
2525280
2493045
2496346
2519753
2485121
2486413
2538301
2484667
2477905
2503952
2509539
2512685
2497140
2514544
2512794
2546451
2499917
2516893
2524506
2491695
2525509
2479565
2499719
2498620
2513793
2487352
2508409
2486138
2513078
2502320
2487056
2516715
2510586
2486404
2508184
2474846
2487259
2519480
2511844
2490275
2474463
2473831
2500235
2510634
2498908
2505031
2509079
2532168
2470929
2516603
2500321
2505484
2518873
2522271
2485051
2520167
2479414
2495973
2522583
2479867
2503433
2512856
2511527
2479774
2476634
2510673
2516565
2511535
2498932
2471384
2475462
2528372
2534092
2522256
2492017
2476800
2494749
2505967
2488777
2522714
2489501
2487796
2508311
2512519
2482224
2541003
2527209
2498186
2496182
2509748
2512595
2492742
2500300
2478045
2494791
2523092
2503092
2473375
2496635
2488621
2495321
2501757
2491171
2513700
2502245
2502550
2471041
2512241
2529754
2473688
2502063
2498618
2499071
2472875
2527332
2500686
2518757
2508629
2480254
2521549
2501660
2480508
2488484
2485006
2465133
2509483
2520941
2494804
2480466
2524202
2542354
2478217
2502628
2501157
2483160
2500592
2420252
2495733
2474641
2521982
2478086
2523737
2504401
2519047
2511873
2478212
2508567
2541153
2521737
2497961
2510387
2539845
2443906
2487104
2515371
2532239
2507942
2502418
2503693
2515245
2522159
2482176
2495827
2485026
2487907
2505506
2474511
2485018
2538282
2537066
2499548
2481979
2473332
2455422
2463406
2522194
2481050
2515400
2493165
2510587
2514454
2494978
2525119
2507099
2477842
2490859
2495307
2484052
2508484
2502834
2484615
2481309
2482074
2528905
2490721
2478628
2478742
2500346
2502351
2495835
2496526
2522877
2497707
2467605
2493908
2500710
2482786
2517456
2528136
2478622
2490479
2486026
2495034
2502286
2496345
2503486
2488456
2513438
2528017
2496759
2500087
2521189
2511452
2477769
2508156
2506134
2472751
2525107
2508954
2508012
2512358
2543305
2521002
2487133
2471283
2497273
2525545
2469764
2512488
2503176
2483620
2510853
2494962
2474249
2480381
2494865
2489838
2516577
2461061
2490324
2508336
2491133
2458578
2538235
2506247
2520800
2479358
2510259
2512778
2451077
2557894
2531407
2517890
2471150
2502499
2513161
2519384
2515795
2470815
2484253
2537749
2528385
2498796
2524130
2487591
2495651
2522813
2467109
2493932
2513946
2477969
2493808
2512604
2520403
2466456
2544234
2505425
2507055
2493708
2476695
2511457
2505766
2521235
2469140
2519951
2500174
2485740
2519943
2483682
2490860
2474902
2513441
2525181
2498688
2495183
2500090
2483165
2491862
2512212
2505502
2482316
2496881
2534337
2514033
2456818
2538368
2518596
2508274
2502584
2503094
2494960
2464179
2509937
2478205
2517170
2536779
2482912
2514956
2508580
2490577
2501627
2461814
2493944
2495555
2539514
2475704
2495417
2507968
2511812
2516258
2497514
2478393
2468274
2507083
2461530
2501287
2456120
2507787
2499204
2520520
2487924
2497945
2458353
2526121
2474792
2498742
2470916
2499859
2484306
2495644
2497665
2535723
2510030
2518632
2488429
2510987
2482685
2495223
2488812
2476095
2527696
2501212
2517281
2481895
2514745
2493788
2531165
2467008
2496772
2515859
2494582
2465966
2496894
2476506
2484974
2463772
2470540
2524782
2490335
2473505
2464198
2489581
2483460
2513615
2462681
2498474
2513626
2501247
2509766
2496104
2445360
2489119
2488659
2475331
2479046
2459848
2456616
2504508
2486019
2504636
2487699
2481770
2540064
2515850
2544873
2486843
2500843
2500981
2481381
2473753
2505248
2526017
2479570
2502809
2504325
2506437
2478421
2522390
2504262
2553288
2543518
2469580
2488782
2507548
2482392
2481928
2459031
2506478
2475309
2499426
2472799
2479143
2469236
2485598
2516118
2484139
2510516
2503554
2490990
2484337
2504113
2549048
2508497
2519017
2478019
2486889
2499556
2509890
2488954
2489843
2493510
2497982
2489460
2489679
2518138
2467984
2474843
2450623
2528777
2522682
2511901
2487990
2519876
2478139
2524215
2500335
2505381
2519846
2503362
2477362
2508471
2510457
2511716
2530477
2482295
2559844
2513783
2506785
2495819
2508821
2480341
2517224
2483412
2462916
2507813
2518474
2527025
2519340
2502096
2477260
2475730
2486500
2486526
2506071
2505263
2482315
2478546
2477100
2516535
2468244
2485483
2497045
2506987
2522301
2493746
2529716
2497322
2464418
2501568
2500136
2517377
2513835
2455957
2537579
2474530
2537982
2556878
2484015
2470948
2530570
2505726
2483053
2499265
2477924
2498560
2490244
2484558
2499939
2532345
2521687
2509047
2490573
2539785
2501353
2508304
2512395
2502156
2505326
2543918
2487763
2504714
2482631
2476785
2466231
2522973
2504823
2515981
2487841
2493022
2510784
2516423
2501238
2490953
2510315
2462586
2463233
2517230
2473516
2510982
2507270
2492459
2508046
2553259
2503384
2484287
2502631
2506726
2508810
2493109
2501110
2476618
2459722
2546134
2495162
2470871
2522018
2491943
2500823
2476017
2501676
2491297
2517594
2474768
2491127
2483123
2504210
2501609
2486823
2488859
2477422
2532381
2493609
2512614
2505747
2490360
2479084
2510138
2534581
2465978
2502344
2483710
2526049
2488838
2479816
2495098
2495593
2476794
2490857
2481818
2513437
2487471
2527834
2507119
2481787
2486923
2494173
2504520
2472697
2479210
2513250
2474228
2486651
2508858
2471846
2498757
2511389
2481976
2494171
2497216
2505394
2462009
2473563
2514191
2511822
2495328
2477495
2505346
2536460
2501605
2500243
2498461
2502662
2504840
2517485
2499879
2507501
2473916
2525879
2480809
2485702
2530895
2527743
2503184
2497563
2484376
2456808
2536282
2460039
2544101
2491164
2452600
2532355
2527225
2483084
2473639
2484772
2514019
2494665
2473369
2519270
2470142
2468052
2491343
2503308
2489603
2535473
2516486
2532076
2472139
2486590
2518883
2518111
2441359
2522433
2481272
2475364
2523697
2479087
2516047
2514888
2506861
2463588
2507976
2496255
2482399
2513555
2463303
2515448
2477358
2460696
2501435
2542913
2488660
2517888
2469903
2527744
2529545
2533574
2484136
2508770
2497872
2500763
2530115
2509239
2512414
2522760
2473733
2514627
2503565
2471178
2464299
2485898
2477656
2504230
2469884
2465912
2441337
2543112
2509369
2495449
2479996
2488858
2489817
2497009
2499185
2506095
2529155
2476712
2492410
2511432
2481876
2520202
2499499
2544178
2513556
2478252
2483844
2508950
2467047
2503123
2444694
2468879
2486359
2529335
2499681
2514163
2487292
2500943
2521885
2473629
2472895
2500206
2483543
2532472
2504437
2499886
2446477
2514614
2506386
2544527
2473926
2471044
2522715
2491325
2491486
2503892
2493727
2488254
2523664
2482924
2495010
2476960
2515224
2511697
2501088
2477849
2513779
2516400
2502100
2476342
2486746
2510961
2490777
2528711
2491504
2506739
2479988
2531637
2489921
2459173
2515184
2520824
2491177
2519477
2477989
2455592
2516337
2487193
2509762
2486224
2502999
2448285
2465679
2512455
2478360
2511784
2522858
2489992
2505459
2494857
2492058
2484343
2519128
2483470
2523307
2459406
2534300
2457537
2525068
2509140
2488581
2491697
2542169
2521894
2501819
2497711
2469025
2509149
2488775
2544978
2524957
2490045
2494642
2469595
2444663
2488642
2492439
2502253
2512074
2488214
2488651
2504582
2481812
2486937
2509839
2550735
2514809
2474614
2478541
2479883
2535111
2510464
2496995
2516638
2528955
2527118
2496310
2511952
2507121
2480736
2504416
2519622
2506816
2526472
2486794
2504431
2483322
2484456
2492993
2442046
2487634
2507053
2478623
2492215
2506242
2515970
2506962
2462150
2524565
2492665
2513289
2497308
2502285
2476106
2479875
2496036
2478029
2477557
2537580
2458857
2497070
2508457
2495962
2497905
2469368
2496469
2491107
2514128
2492966
2513699
2493925
2502539
2531506
2485651
2507679
2535116
2481233
2489639
2482239
2489556
2522610
2478646
2463273
2515862
2546956
2479160
2485530
2484734
2462551
2505778
2504189
2474797
2510549
2530531
2491397
2512665
2474060
2513689
2503352
2496968
2498160
2506704
2489951
2493234
2463300
2485048
2496148
2490076
2543556
2530835
2520406
2504957
2494652
2477046
2542059
2472456
2511012
2520060
2491097
2528967
2517662
2526837
2487186
2483499
2463649
2523985
2529150
2501389
2457131
2508843
2487801
2502626
2483260
2497225
2562641
2491531
2498781
2484099
2512749
2502700
2503783
2508517
2533972
2515561
2534392
2535475
2491137
2503875
2523657
2490363
2526102
2525353
2513614
2491704
2494126
2491481
2515488
2525932
2512303
2488557
2501588
2517180
2454927
2483962
2502495
2515991
2518898
2502771
2484029
2525749
2503448
2453055
2461181
2492755
2469775
2520087
2521692
2492167
2463803
2525099
2497609
2522969
2513322
2507239
2522030
2513954
2493819
2517012
2494597
2497580
2533679
2490277
2513546
2507273
2532068
2515076
2514226
2489890
2516733
2502472
2512426
2502153
2551691
2523762
2499503
2498436
2499481
2551870
2499455
2506792
2492266
2515051
2509958
2468235
2507398
2462650
2482430
2508403
2478321
2502342
2514085
2511894
2537132
2492030
2491712
2460741
2507765
2508338
2502437
2490044
2524026
2513358
2497148
2520151
2522362
2506263
2500617
2461245
2471543
2470131
2502793
2492396
2530741
2484080
2509950
2512672
2511225
2540491
2543595
2484904
2520592
2481894
2494159
2499110
2513572
2519343
2531152
2500435
2474274
2522829
2531360
2519614
2509468
2513361
2503464
2500467
2500017
2498581
2542138
2496489
2493233
2493487
2496626
2492230
2503815
2502763
2501731
2506804
2499686
2469509
2495446
2469090
2499832
2502138
2491398
2493524
2464440
2511269
2457645
2517709
2489757
2522411
2512885
2515596
2491420
2487021
2472792
2485039
2475392
2480246
2543774
2520998
2514698
2496042
2487893
2502619
2505992
2498976
2514650
2526471
2479654
2486578
2475199
2548034
2491059
2512247
2467075
2495773
2521526
2505024
2470196
2528714
2500954
2474123
2508903
2526556
2528349
2459263
2510923
2488232
2503355
2500878
2501871
2502288
2467163
2508519
2535949
2528608
2502195
2510729
2479876
2507759
2485396
2493308
2510567
2480802
2518107
2506832
2500029
2497978
2510332
2489994
2479731
2533858
2477195
2514214
2515029
2487254
2544525
2496738
2531291
2520349
2483100
2465412
2495613
2513219
2486265
2479119
2518116
2546096
2501802
2527479
2475762
2528318
2500746
2487631
2515706
2484046
2521834
2483685
2534284
2505105
2482706
2510779
2504891
2492485
2484209
2474556
2457665
2502522
2468724
2483589
2517687
2512132
2528952
2486211
2480878
2501415
2474359
2487864
2501659
2483267
2495939
2469994
2524625
2494139
2513665
2479705
2519524
2526679
2517907
2483365
2492765
2495377
2532563
2510483
2475190
2508235
2519588
2510163
2469667
2479632
2518587
2529251
2503756
2504025
2499756
2500286
2487490
2510557
2499468
2506554
2505596
2522920
2515845
2453092
2483245
2547660
2484632
2508623
2500119
2512331
2517954
2526036
2502083
2522535
2504021
2497690
2535413
2492419
2491559
2522853
2507737
2518217
2532286
2478147
2542794
2481346
2532191
2520890
2502423
2499408
2499377
2494395
2487650
2554031
2509629
2452168
2466333
2498028
2506505
2503854
2481424
2502384
2518694
2518334
2506574
2478762
2465666
2490041
2497712
2512957
2469532
2500788
2549404
2484304
2524946
2482321
2507453
2500294
2503345
2494697
2499791
2534584
2505348
2497361
2487181
2495426
2484735
2526669
2469239
2479553
2505921
2532060
2485301
2486988
2515053
2559660
2493650
2524668
2542453
2497585
2509842
2502058
2492805
2493125
2488196
2456157
2512092
2508341
2502874
2504918
2536213
2507347
2514061
2484650
2510907
2529089
2534499
2503307
2509302
2509812
2531866
2503487
2517958
2497094
2500185
2466778
2481184
2485709
2534703
2508657
2493522
2527393
2511951
2490908
2470830
2524696
2534936
2505176
2543660
2501701
2505019
2530033
2509949
2490864
2474893
2470145
2474965
2508120
2504270
2507125
2506113
2483692
2535773
2500058
2513648
2505948
2493162
2488314
2470520
2499959
2494364
2557889
2548476
2489555
2520545
2502641
2485034
2501185
2482764
2504665
2486007
2514242
2491588
2532735
2492525
2493957
2492963
2517625
2529626
2498021
2494375
2497659
2527700
2476916
2513111
2507376
2498873
2494753
2507481
2491760
2527316
2529825
2501010
2521860
2456462
2515933
2500347
2502319
2494353
2487389
2506500
2517844
2514468
2495511
2453232
2526056
2495319
2467576
2530284
2514015
2493715
2484741
2483764
2528250
2484693
2519947
2526871
2552771
2509057
2503259
2521146
2515264
2512270
2478884
2459903
2494999
2499638
2496302
2475798
2538227
2534263
2504892
2469302
2507533
2498503
2505238
2481803
2508296
2462761
2511259
2507103
2485111
2472874
2479796
2460640
2476961
2521843
2523416
2519998
2505492
2518454
2498539
2492196
2540779
2528063
2479719
2475924
2465444
2497378
2521091
2517520
2546982
2486741
2525926
2499965
2516511
2519616
2497131
2464191
2483195
2503614
2518168
2512740
2509153
2513713
2508981
2483744
2510445
2508190
2461586
2510928
2480176
2482437
2496857
2537998
2464888
2500088
2523262
2516477
2506424
2496915
2498595
2516645
2517667
2507636
2486908
2528381
2504010
2504019
2484863
2484122
2493718
2485186
2485753
2490974
2500481
2477163
2511992
2479055
2502333
2495073
2514446
2473297
2493692
2528437
2481171
2515261
2476992
2524623
2468565
2473340
2513932
2472208
2497709
2493285
2494931
2512606
2489182
2508334
2473818
2512692
2523689
2465468
2524087
2499937
2520533
2522195
2505399
2482020
2477875
2494991
2472275
2522062
2532692
2489319
2519011
2499807
2496961
2479097
2502299
2534011
2522237
2517839
2501767
2513293
2504498
2450931
2526444
2501115
2531323
2482157
2504110
2462062
2491014
2512668
2475918
2493919
2507798
2514256
2505336
2530664
2505646
2517542
2477063
2502220
2471418
2517524
2528313
2526033
2533399
2458438
2485297
2497923
2469000
2526990
2506692
2479484
2529068
2461414
2526028
2476063
2515687
2479925
2475419
2508433
2494995
2500212
2516371
2478953
2507460
2509860
2533286
2524023
2483976
2530718
2442109
2488770
2527612
2515020
2520261
2497395
2518808
2505442
2501299
2507687
2479141
2499419
2488917
2482676
2519501
2499786
2475338
2495386
2527471
2490752
2513267
2522885
2480977
2486668
2496183
2491840
2492276
2519079
2505962
2483434
2515171
2473872
2521993
2479202
2469369
2512226
2519576
2491561
2508561
2511467
2503106
2490119
2497735
2458986
2537837
2501895
2507819
2494917
2541849
2496628
2486519
2502776
2516817
2461627
2496654
2506881
2512958
2511528
2526869
2525213
2502257
2503177
2527678
2512836
2482826
2501445
2504772
2490065
2518916
2477240
2463756
2486410
2520671
2505197
2489094
2504853
2466474
2504098
2513047
2497303
2456981
2474923
2497302
2508703
2453086
2500277
2515784
2483644
2503580
2502004
2511877
2488747
2475444
2520195
2470040
2495159
2527585
2514576
2489246
2474340
2440815
2483409
2516727
2457811
2514978
2476218
2502792
2518050
2467861
2493198
2477839
2509783
2486791
2519434
2512441
2496128
2484244
2464422
2522303
2479545
2496008
2509541
2467062
2486320
2504512
2494640
2532933
2546642
2527848
2508280
2527766
2509333
2492930
2487691
2517398
2472181
2464154
2496776
2454700
2517608
2495612
2484553
2496003
2506273
2507519
2501534
2507708
2497393
2476876
2472741
2526588
2508140
2518329
2525192
2492295
2530346
2496536
2486349
2512431
2493620
2489101
2492796
2472552
2484446
2495926
2503960
2521084
2510317
2505840
2472894
2502488
2517352
2479150
2506439
2491824
2480936
2476971
2471491
2453405
2493756
2482960
2492488
2505109
2507118
2511031
2485177
2517484
2533872
2517292
2501323
2504475
2480203
2514020
2479585
2470323
2507865
2529456
2483162
2518126
2455381
2489658
2487250
2505124
2487408
2490872
2506011
2483890
2530573
2467544
2537143
2502010
2526569
2489788
2509729
2505707
2534905
2465051
2525915
2519426
2509902
2503795
2485005
2469453
2469103
2507938
2501651
2487123
2486238
2515520
2491339
2489413
2494956
2504716
2501112
2498499
2540344
2484008
2502881
2474972
2511222
2465488
2501721
2506868
2480540
2502231
2479228
2492899
2501158
2439583
2478457
2462584
2476242
2481811
2428133
2532047
2525883
2492280
2508366
2500086
2487460
2483675
2497837
2514875
2504596
2491806
2482708
2492361
2494109
2476991
2493538
2527212
2460348
2523400
2462574
2529360
2518888
2486959
2532293
2467684
2468712
2562162
2505868
2490013
2495382
2528338
2496415
2503206
2475348
2498256
2541283
2493924
2496222
2544114
2511320
2469285
2521562
2493797
2528151
2491776
2482949
2469552
2492131
2486699
2499414
2490534
2512873
2487333
2538008
2472404
2487538
2496994
2489805
2498616
2489065
2499383
2481363
2478757
2508532
2493568
2465166
2500008
2474801
2480547
2457563
2516141
2523717
2485427
2506876
2500493
2489681
2494352
2503582
2522240
2478396
2499759
2500462
2509704
2508706
2502979
2478895
2483861
2512024
2476381
2551934
2489130
2499752
2504471
2461629
2510579
2495096
2487852
2507007
2504241
2468781
2484928
2474127
2508650
2529954
2487346
2499180
2497075
2518420
2503563
2505168
2467253
2504419
2520485
2519626
2488370
2471816
2493628
2533898
2526732
2451134
2489372
2511466
2480450
2517239
2493251
2483520
2502783
2496552
2495522
2499783
2524934
2542777
2500077
2489215
2492736
2491443
2468487
2495830
2505089
2502360
2502235
2502948
2498837
2476808
2485516
2504930
2530010
2480541
2499097
2516959
2472920
2524990
2542893
2492760
2492723
2486896
2493229
2508902
2485422
2510942
2484611
2492039
2473405
2512285
2523814
2482508
2536637
2496500
2503788
2556428
2504380
2513228
2524340
2491553
2525262
2493876
2480078
2483045
2479791
2495082
2497548
2546357
2510983
2493185
2544558
2487463
2501466
2511066
2504464
2516099
2522791
2497903
2515853
2501667
2508906
2503363
2501427
2510488
2494859
2509444
2495089
2461185
2481743
2493857
2490379
2502573
2499147
2498784
2481128
2498136
2519446
2510452
2477505
2502129
2489324
2503046
2514659
2495813
2513999
2480443
2489421
2456101
2481995
2487668
2451881
2523686
2489194
2500800
2480069
2527251
2483199
2492668
2468044
2543477
2493340
2534420
2516529
2512254
2498426
2528881
2535099
2529399
2528636
2521793
2481898
2508371
2516178
2496103
2536666
2502697
2537020
2485307
2490837
2478124
2536246
2477912
2512744
2460037
2475641
2488337
2492775
2535597
2483316
2522575
2513695
2503667
2501919
2496020
2534642
2499693
2493912
2465002
2528821
2449729
2508893
2485567
2532161
2484860
2461618
2473100
2491552
2505578
2515999
2524037
2508627
2544624
2492378
2443195
2472724
2535205
2533474
2502300
2485293
2479321
2472596
2472389
2493254
2510394
2484150
2455738
2514665
2495798
2492856
2475046
2491174
2474544
2527878
2483779
2521255
2516126
2507750
2510799
2516445
2498829
2522913
2501987
2497637
2515288
2485444
2502350
2504871
2518737
2508368
2452288
2490688
2485451
2494295
2453839
2486761
2519985
2499501
2546456
2503064
2518582
2504303
2495412
2508104
2556990
2489933
2512722
2498739
2467938
2497764
2478787
2522402
2482703
2506018
2475823
2496647
2539166
2520074
2445815
2502406
2535875
2504266
2481688
2486766
2539357
2487293
2488830
2455528
2518580
2521616
2517474
2488878
2502160
2469438
2515996
2517157
2506295
2467474
2490298
2494255
2509204
2509467
2521225
2481204
2510383
2517752
2512863
2464651
2458635
2495385
2491257
2518284
2525189
2500128
2475159
2507128
2497827
2526149
2509007
2532251
2461276
2523336
2538205
2510077
2526477
2471443
2503860
2469523
2519702
2487444
2490239
2546079
2510102
2497932
2487119
2533248
2479145
2511201
2514707
2491688
2487215
2481075
2502714
2482755
2523088
2473001
2517358
2547644
2478804
2498166
2510017
2519958
2511177
2474324
2504452
2480487
2491442
2497173
2516332
2510755
2531760
2548878
2531867
2508254
2511013
2530949
2485718
2527555
2482349
2491979
2506312
2501856
2519228
2453015
2519116
2491414
2475346
2537653
2487370
2481159
2499803
2493445
2478373
2513940
2481407
2490933
2489222
2497209
2522591
2480782
2509795
2498905
2485220
2498945
2494052
2495912
2518020
2513141
2478694
2485387
2493572
2502356
2496486
2498537
2496295
2531353
2467991
2512289
2526506
2516904
2513619
2525434
2507898
2516831
2492423
2462768
2468223
2506524
2520650
2504194
2494766
2508791
2504709
2485040
2497356
2486641
2554767
2502721
2471308
2505465
2545637
2519454
2503315
2505004
2485699
2506193
2519754
2502084
2467310
2473833
2459563
2500161
2512969
2495634
2516412
2518536
2495916
2484265
2504311
2513758
2480146
2556583
2525104
2476707
2491999
2537665
2512354
2488103
2497988
2522083
2501327
2518118
2486732
2508925
2520004
2468798
2521768
2496522
2498769
2499550
2504720
2521945
2506144
2506493
2511157
2504698
2482292
2518814
2531549
2480518
2520955
2495685
2520727
2495598
2508827
2477600
2503827
2500506
2539316
2498453
2519457
2485764
2512108
2484659
2505772
2498177
2502376
2528207
2522426
2520611
2513722
2477313
2516396
2526675
2489173
2536357
2548578
2516961
2516053
2483050
2481742
2509657
2481329
2525546
2500743
2478032
2475166
2539073
2493110
2503260
2487154
2540914
2478024
2495891
2534231
2475787
2494085
2508481
2509591
2496736
2459357
2528745
2495018
2501083
2526143
2515077
2518311
2482746
2467449
2494094
2466727
2460957
2491598
2512007
2497508
2492530
2496275
2491087
2506925
2464001
2493828
2498099
2520476
2466936
2490679
2485775
2502487
2520803
2523337
2500932
2513282
2500478
2483385
2492918
2470687
2498477
2503712
2511778
2499308
2502471
2492304
2469425
2488006
2529106
2477597
2472972
2501575
2479812
2486096
2520320
2456946
2525230
2487487
2519139
2496780
2540144
2487793
2501540
2546340
2499809
2506626
2514337
2520337
2529023
2509831
2509445
2528640
2526580
2507931
2468704
2496993
2502197
2510185
2497589
2481112
2501989
2528820
2491349
2513095
2512731
2496799
2513182
2496242
2497440
2509301
2473951
2509956
2496419
2521086
2510562
2514950
2527576
2468523
2518858
2512389
2476688
2480867
2487190
2535933
2506299
2507469
2547868
2515376
2484698
2503124
2483486
2486733
2473467
2533714
2469101
2509035
2502746
2502216
2524445
2489631
2478940
2508763
2523395
2503633
2499885
2487641
2495275
2506801
2509508
2473517
2531260
2518353
2487698
2492343
2503275
2473834
2480609
2499109
2421892
2494283
2491295
2493646
2490910
2504861
2505548
2461417
2510264
2522719
2500303
2490626
2514315
2505001
2461405
2485179
2521347
2496208
2495435
2499076
2486365
2514171
2504594
2503342
2504197
2484328
2532587
2495254
2543493
2502707
2466262
2515957
2503449
2499836
2488785
2500244
2527142
2493060
2517771
2497200
2500073
2483802
2509312
2514122
2472499
2499167
2524238
2489963
2495542
2530412
2491205
2497374
2509375
2490297
2478123
2475228
2524622
2494834
2540288
2511688
2532953
2458580
2519913
2488539
2518337
2533326
2509935
2518190
2518626
2527597
2494152
2510771
2503717
2504510
2493085
2504417
2518363
2485165
2550287
2501718
2494172
2485337
2528760
2454982
2475141
2502823
2497061
2510093
2506440
2442742
2501249
2531557
2483796
2491196
2464836
2530084
2497686
2513354
2528222
2498248
2495843
2497283
2476668
2497480
2479643
2505586
2495986
2438820
2507100
2495582
2479983
2527840
2468480
2482750
2512839
2517611
2484208
2486659
2491667
2520359
2513313
2466573
2479350
2500806
2487358
2519066
2497258
2468843
2507471
2491604
2497501
2502773
2499721
2515082
2533624
2479110
2495376
2520656
2510450
2538456
2497598
2517601
2486258
2489897
2524170
2518899
2496516
2488901
2476579
2553121
2490512
2526754
2512650
2511411
2505180
2521690
2501681
2443201
2484453
2488763
2474995
2512861
2513360
2521445
2483625
2508175
2493608
2483348
2518677
2474456
2517861
2529743
2507691
2516056
2502977
2486983
2510103
2491416
2508783
2526322
2474161
2523509
2521901
2509190
2525184
2489321
2514385
2510011
2500816
2522541
2481564
2477184
2511741
2477419
2470250
2530098
2470719
2523437
2492793
2503195
2523074
2508463
2474565
2483030
2513970
2495932
2466955
2526925
2480221
2482869
2505908
2526801
2507843
2492646
2517172
2543326
2526705
2514180
2484356
2521128
2493666
2519245
2505774
2498458
2471387
2526213
2526398
2464935
2536801
2512703
2450744
2531198
2523599
2531190
2488019
2531363
2522594
2489531
2476997
2475849
2507219
2524840
2528112
2498574
2463327
2479181
2503649
2509654
2492911
2496263
2499196
2498251
2452426
2498397
2468393
2502505
2497475
2488868
2502882
2484032
2486717
2527775
2473521
2480605
2519949
2495143
2506744
2509036
2532014
2469949
2500063
2490299
2513752
2498268
2509921
2516022
2538598
2505858
2506122
2485488
2496582
2511564
2488854
2489102
2489652
2488245
2489073
2476729
2512117
2465876
2495166
2477735
2496929
2489826
2545053
2501859
2512633
2517622
2497100
2480168
2502107
2504872
2530669
2517437
2498236
2496683
2522782
2482698
2451841
2486748
2506145
2544173
2534713
2493284
2519857
2482819
2477383
2528299
2516681
2471425
2531123
2491689
2485272
2468958
2522341
2467116
2496863
2508174
2519316
2518179
2494377
2519060
2535595
2478465
2488133
2495185
2520128
2479992
2504845
2515637
2537858
2510582
2451288
2510331
2493059
2483239
2486020
2469680
2492715
2495897
2502554
2485882
2485399
2509702
2511923
2495480
2523341
2545006
2493774
2493393
2494327
2492382
2498868
2497938
2458998
2462964
2515131
2496401
2479482
2480975
2509707
2510704
2503942
2524720
2478406
2487012
2494963
2501313
2479782
2489545
2520230
2502306
2528344
2491054
2527270
2499960
2486954
2504973
2495253
2523175
2510182
2505715
2524017
2499083
2502179
2516174
2486282
2506869
2490202
2502860
2515592
2503380
2485249
2498376
2473745
2476368
2520351
2493379
2493265
2499951
2514185
2499755
2496517
2491209
2509865
2479467
2543395
2500870
2530671
2506251
2508044
2498919
2524169
2519199
2518060
2498393
2518249
2491514
2485687
2477555
2508579
2532947
2501822
2480082
2523468
2507155
2506552
2453503
2484899
2511774
2488106
2520848
2521473
2490697
2486173
2490589
2506976
2496831
2526803
2526044
2471718
2530181
2496191
2500553
2502413
2512952
2498050
2505991
2480489
2519486
2488618
2519005
2500353
2508168
2494185
2534507
2510892
2508119
2512091
2471917
2498108
2481018
2532649
2512128
2492219
2501858
2475626
2474365
2482635
2519631
2460798
2502146
2458586
2538638
2468138
2476115
2509645
2450583
2497576
2468566
2506427
2545898
2455621
2490737
2520541
2521811
2539974
2543553
2501932
2524192
2504911
2518176
2498840
2510658
2502623
2505712
2481369
2527709
2478855
2523526
2477829
2494763
2501273
2544763
2500457
2517593
2445727
2468562
2485247
2497551
2535021
2491299
2494112
2497291
2514144
2515132
2533659
2524837
2513782
2516798
2480888
2521164
2520616
2494668
2497455
2510676
2478652
2499036
2496138
2506062
2520308
2490381
2475011
2529663
2437479
2531624
2501635
2471433
2548736
2500199
2515338
2439621
2483516
2476394
2517042
2518261
2522466
2461712
2502905
2472273
2519668
2537196
2531266
2505496
2510134
2499155
2526011
2489233
2514142
2528111
2482908
2499256
2520446
2498316
2498372
2491173
2487563
2508593
2503438
2518655
2494449
2463362
2484437
2501329
2511710
2462529
2500476
2527985
2502861
2479254
2489162
2504552
2485862
2494203
2502749
2485285
2515031
2469158
2481689
2500468
2499041
2452818
2474943
2510278
2523433
2492159
2504525
2506892
2514133
2517980
2486600
2463149
2467243
2510774
2510932
2470093
2511919
2525906
2503165
2500459
2485762
2535656
2528182
2501499
2486085
2525411
2491148
2489146
2490233
2492511
2492398
2510869
2499685
2478849
2498001
2471259
2480324
2467813
2515892
2472220
2523806
2530061
2480138
2485800
2506759
2504592
2495177
2491010
2472718
2486191
2485170
2491715
2455544
2497590
2521109
2484547
2467271
2501519
2490221
2502256
2485471
2502774
2498608
2488490
2483691
2485364
2482484
2521299
2569565
2528799
2527785
2532052
2507807
2490467
2478491
2476220
2483119
2479120
2514696
2514652
2498112
2485610
2524441
2465981
2513716
2507868
2479655
2538839
2523360
2469926
2525006
2477976
2516824
2514408
2516931
2519692
2493799
2503865
2529435
2479300
2499839
2509290
2528598
2528140
2478990
2519539
2526985
2488889
2540478
2502278
2499789
2486640
2478282
2509425
2514759
2519715
2477589
2511468
2479786
2500095
2506896
2479127
2516988
2515571
2486305
2523759
2538526
2494032
2506140
2502805
2498287
2517317
2547147
2491369
2464134
2520740
2476535
2516122
2496633
2531309
2491225
2493038
2501178
2498340
2510727
2510920
2495731
2500406
2474582
2499295
2498817
2496636
2501405
2510922
2502237
2477103
2475952
2512671
2501047
2505818
2505273
2497068
2501321
2531850
2477338
2502215
2487247
2485589
2491112
2486475
2496846
2533918
2504272
2514651
2498559
2493337
2499069
2475459
2530259
2496501
2508238
2524678
2517067
2513283
2472382
2490408
2494972
2509458
2482967
2479946
2499987
2480647
2494466
2526847
2511555
2518418
2498569
2522166
2472771
2514971
2481582
2499487
2519448
2491362
2544993
2522221
2485547
2469612
2504451
2497753
2490751
2486657
2488752
2481476
2478497
2457233
2491160
2490068
2481118
2523484
2517831
2473923
2484387
2507042
2490099
2525681
2493554
2485030
2509884
2513893
2497816
2522648
2503152
2479557
2457229
2474668
2481249
2524745
2507542
2515395
2512590
2504400
2482727
2470769
2504507
2525781
2502094
2511649
2505451
2469005
2496679
2496367
2510469
2515073
2507091
2487290
2500779
2500364
2554602
2490213
2523857
2510603
2510908
2523733
2487718
2520371
2519965
2516763
2488914
2476079
2472641
2530445
2537974
2493027
2508090
2461582
2479916
2496698
2472794
2491827
2464167
2492165
2547565
2503544
2469197
2535904
2506124
2469912
2489293
2494864
2464818
2506611
2483956
2522769
2491748
2479067
2457735
2473742
2491720
2507853
2499163
2484264
2488009
2510546
2505082
2514065
2474819
2517256
2513056
2523095
2477076
2496925
2488615
2482538
2511295
2506049
2513179
2505361
2473673
2478441
2519459
2493427
2475602
2500109
2532198
2510099
2498447
2505217
2502098
2494145
2490747
2484977
2489450
2495523
2498128
2505086
2476412
2553892
2546361
2507872
2497922
2506419
2499107
2508237
2489002
2491584
2501136
2489161
2508083
2500881
2503957
2540771
2500052
2515454
2478478
2480865
2509602
2512234
2485591
2540280
2501258
2480628
2491267
2515654
2524560
2551141
2490686
2492411
2533629
2473977
2526071
2515943
2484830
2495230
2519155
2499946
2495695
2485237
2530554
2473832
2478454
2513675
2513083
2539562
2499565
2466305
2500181
2507385
2472720
2486131
2491558
2463010
2487715
2493537
2499782
2540234
2501406
2502188
2470604
2469251
2481311
2495940
2502433
2502280
2480918
2532272
2474425
2468023
2510364
2511323
2500735
2495596
2460398
2518973
2488190
2517211
2482561
2546211
2515712
2505658
2531705
2503899
2526416
2512666
2482827
2461699
2495875
2507066
2486533
2506110
2457310
2490249
2533181
2493842
2515847
2520156
2491281
2506127
2529093
2485850
2506297
2452868
2490901
2551215
2479915
2517090
2522699
2493172
2445593
2484393
2492324
2522293
2506508
2521878
2510856
2515643
2515572
2500525
2501844
2515691
2505281
2484223
2500885
2487616
2496886
2494879
2497031
2488049
2499606
2486548
2512366
2484959
2478500
2492577
2502521
2475967
2486003
2478035
2465732
2478116
2493763
2507290
2478893
2534165
2522930
2502918
2500040
2527206
2513021
2510520
2525124
2519462
2457530
2477678
2542839
2498015
2480840
2491451
2504799
2477137
2475948
2505196
2504089
2467443
2503378
2477807
2486422
2457027
2489280
2503839
2465502
2512929
2504236
2519677
2506571
2517217
2481046
2534752
2492312
2534551
2470911
2479418
2511735
2519784
2493024
2522185
2479518
2489806
2469475
2488686
2515008
2503951
2501311
2461093
2445155
2489899
2528918
2498030
2515820
2476323
2519528
2506365
2495709
2500802
2512549
2547260
2498674
2490583
2461352
2515753
2537142
2482711
2462563
2468332
2509718
2519974
2524663
2480374
2523711
2518289
2442408
2511249
2466004
2487625
2514335
2506602
2502158
2536934
2495044
2484993
2468957
2518772
2488593
2509988
2465426
2514070
2497713
2527352
2489881
2489263
2493493
2483694
2466139
2508357
2514937
2512175
2508860
2462367
