14966
29806
56657
56672
56688
102160
286921
324696
381461
392644
394564
394579
394582
394599
399586
418690
418691
418876
448045
448050
454521
454530
489314
619988
735900
766216
829233
862362
998632
998634
998636
998983
1019594
1019600
1019611
1038596
1038597
1043416
1081617
1097774
1097880
1097883
1097884
1148453
1180639
1180819
1180841
1180875
1181206
1237105
1237137
1271770
1271774
1271784
1295986
1410269
1410295
1411500
1491056
1593708
1667907
1731182
1738460
1738478
1807962
1812307
1812735
1816750
1817325
1901414
1933165
1977798
1980337
1980338
1980362
1983453
1983469
2030670
2040174
2056616
2101613
2101614
2101616
2176368
2187352
2245056
2276438
2276451
2276452
2289987
2351901
2368415
2368463
2375786
2376407
2376417
2376428
2377923
2377932
2378925
2378926
2378964
2422604
2467447
2475336
2532616
2561406
2567742
2605534
2624184
2688471
2689066
2689071
2689088
2689095
2689096
2689108
2689148
2689156
2689161
2689169
2689175
2689176
2689184
2752650
2821040
2825460
2848835
2848840
2906922
2906926
2906927
2906934
2906940
2906942
2952143
2952155
2964502
2982528
3031530
3071250
3144654
3181407
3196612
3196616
3196676
3196678
3198096
3198097
3198117
3253244
3356521
3406839
3406841
3406891
3406894
3406903
3406917
3406933
3406994
3430642
3437528
3437530
3506582
3506584
3506586
3506659
3506660
3576885
3576920
3576921
3576922
3724178
3728197
3730575
3730611
3730661
3730697
3730698
3730707
3738549
3738627
3754065
3891548
4003685
4004341
4004355
4004368
4004374
4004376
4004528
4006369
4027252
4027267
4104923
4149711
4198978
4213670
4213688
4213739
4255726
4262853
4267119
4286430
4286436
4286438
4286440
4286449
4286486
4460800
4471194
4539963
4573536
4573567
4629977
4780886
4826809
4826843
4826855
4870437
4969272
4969278
4969284
4969308
4969338
4987224
5146089
5163819
5163855
5224993
5255375
5255434
5290320
5333608
5351826
5351827
5351842
5370948
5385564
5385583
5386278
5386279
5460485
5610765
5630735
5630744
5644445
5647842
5647843
5743259
5743325
5743334
5743336
5743339
5761605
5771664
5851447
5863186
5877057
5879713
5880940
5890401
5907428
5907492
5939762
5939785
5939804
5955597
5977426
5984426
6032900
6036659
6038141
6047307
6118213
6118215
6138002
6192498
6224197
6234427
6249666
6292278
6296495
6296504
6319040
6321152
6350807
6350980
6351812
6384283
6384296
6419837
6419841
6436709
6453158
6462130
6588302
6594653
6594655
6613280
6885844
6908290
6908292
6908303
6908305
6913632
6913664
6969298
7028182
7029416
7046517
7050765
7076450
7154623
7167967
7168707
7175329
7175359
7175753
7179691
7270972
7324141
7469888
7473234
7473242
7485293
7485610
7487533
7508854
7610318
7636711
7648894
7648899
7664599
7671852
7671877
7690309
7690316
7702991
7705614
7705625
7705638
7705718
7715203
7715206
7715574
7718674
7718688
7776523
7814665
7816216
7825404
7835593
7835666
7866227
7896144
7942118
8022451
8092496
8172133
8186231
8224291
8233946
8233948
8262809
8280867
8322072
8322097
8338209
8343533
8343534
8343541
8343545
8378482
8418410
8423844
8433556
8465513
8555882
8555919
8584162
8618728
8638375
8640263
8657176
8674979
8674990
8675101
8747695
8747728
8747743
8768366
8786457
8802808
8802809
8945405
9132665
9141978
9142000
9146763
9146774
9146780
9146784
9170107
9170130
9170136
9170147
9170156
9170210
9170223
9170233
9170239
9178460
9181353
9181361
9181366
9195529
9195566
9204302
9206183
9206227
9219455
9223745
9223764
9239330
9252737
9254405
9254535
9261173
9261195
9269975
9282983
9305220
9318013
9339138
9345287
9345300
9371761
9373843
9380496
9395642
9539947
9539949
9548020
9560996
9567564
9568072
9568139
9568340
9575084
9575996
9576009
9577762
9577772
9577774
9577791
9577828
9577841
9577845
9577846
9583350
9588298
9588300
9588329
9588446
9588676
9588677
9588697
9645480
9705874
9705881
9710547
9721453
9721850
9749143
9752212
9752280
9754183
9755058
9799544
9800141
9802077
9811428
9834524
9880218
9884037
9884041
9884061
9884062
9920391
9920536
9945134
9945181
9945926
9945930
9950625
9950906
9951269
9951424
9953414
9973336
9980823
10024002
10024005
10024015
10026949
10026971
10026985
10026989
10027001
10039785
10060269
10060275
10060302
10061061
10061080
10061122
10061209
10061287
10063417
10064632
10066534
10069046
10085879
10085889
10085901
10087191
10087226
10087312
10087363
10108541
10108871
10111603
10131132
10182318
10205150
10206278
10207573
10207758
10207763
10240230
10269011
10270858
10276435
10277100
10286505
10311056
10322650
10367965
10368003
10416820
10417164
10422345
10451653
10451654
10463016
10465805
10474995
10475007
10480456
10506545
10516930
10532130
10536686
10536697
10536722
10547587
10567963
10574324
10574734
10599656
10605391
10615657
10689094
10689152
10689156
10689181
10694499
10701646
10708326
10713681
10713698
10718555
10731830
10732203
10735543
10760811
10760876
10775138
10827735
10844062
10844722
10851925
10895675
10909576
10915844
10916192
10916287
10918086
10919543
10921680
10921690
10921937
10959473
10968698
10975991
11008065
11008073
11029008
11042954
11046079
11046097
11053508
11081844
11129011
11180162
11184851
11184953
11186981
11188030
11189521
11189612
11192235
11192267
11193415
11194323
11194437
11194438
11197138
11198809
11199538
11199868
11201719
11202690
11202828
11202838
11202840
11202841
11202848
11208479
11209966
11210018
11210698
11210701
11210702
11210708
11210713
11210726
11210735
11211626
11211627
11211629
11211630
11211636
11213410
11213888
11214681
11214720
11214884
11215038
11215039
11215260
11216214
11217777
11218614
11219079
11222371
11223351
11223368
11225552
11227749
11228123
11228140
11228726
11235648
11238945
11258434
11267597
11303258
11305817
11351732
11367828
11369739
11385744
11387075
11440354
11440651
11440688
11446912
11477680
11477686
11477712
11478665
11516050
11522249
11527612
11536930
11537576
11549159
11550782
11553050
11570330
11579119
11604826
11608568
11608596
11608742
11611162
11628390
11628499
11635957
11636017
11636033
11639837
11639842
11654720
11657083
11657940
11670306
11670578
11670982
11671007
11702304
11702713
11702773
11702774
11702806
11702980
11703168
11703321
11703905
11704000
11704184
11704455
11704763
11705228
11705479
11706955
11707575
11708201
11708476
11708902
11709094
11709192
11723320
11723322
11723628
11723793
11724378
11724410
11724616
11724705
11724970
11725027
11725028
11725029
11725030
11726568
11726585
11726606
11727149
11727228
11727385
11727770
11728008
11728238
11728467
11728482
11728508
11728638
11728715
11728757
11728782
11728836
11728927
11728973
11729122
11729207
11729332
11729682
11729813
11729845
11729884
11730373
11730616
11730909
11731123
11731210
11731220
11731433
11731534
11731582
11731668
11731700
11731782
11731803
11731994
11732108
11732190
11732249
11732360
11732419
11732620
11732677
11733190
11733607
11733672
11733868
11733915
11734954
11734970
11735281
11735709
11735728
11736179
11736202
11736211
11736863
11737086
11738984
11742979
11755925
11765375
11770881
11770936
11770962
11770993
11776421
11785294
11789156
11790462
11792115
11792253
11794386
11794392
11803190
11836090
11836579
11886443
11930024
11948388
11954794
11958831
11959318
11971933
11992584
12010788
12012432
12012473
12016743
12017187
12035327
12040332
12041646
12057115
12059231
12060077
12060408
12060726
12060988
12065652
12108436
12110783
12133116
12139936
12155027
12155153
12155472
12155567
12155622
12162804
12164470
12164778
12189850
12194268
12199633
12199727
12201208
12201279
12202522
12204287
12204877
12205139
12241561
12250127
12262947
12291627
12291635
12293719
12344814
12350056
12386882
12414626
12417202
12434957
12449692
12449791
12456949
12472583
12473329
12487494
12488182
12495291
12547551
12557526
12569602
12596170
12596179
12603138
12603150
12610300
12610334
12619817
12620059
12624215
12628846
12638420
12641667
12652728
12652734
12667488
12698921
12771748
12794013
12802371
12802425
12802435
12804755
12804877
12804916
12804926
12805050
12805128
12805129
12805157
12805230
12805276
12805301
12805309
12806075
12806094
12806182
12806307
12806331
12806727
12806792
12806960
12814381
12821128
12826558
12826582
12839242
12845346
12846724
12847097
12847098
12847126
12847199
12848044
12848063
12848151
12848428
12848585
12848929
12870766
12870767
12870858
12871312
12872523
12874961
12875752
12875817
12877602
12879349
12882998
12885686
12886128
12886465
12886523
12886593
12886857
12887073
12887171
12920805
12939209
12943710
12975055
13001563
13032233
13045643
13059760
13059838
13071465
13074210
13083036
13083052
13083059
13083089
13083213
13083227
13087789
13087790
13087886
13087969
13088778
13089971
13096889
13097678
13124456
13158007
13158490
13158764
13158814
13160819
13160824
13161082
13170227
13175204
13216119
13239605
13282630
13289119
13313157
13331540
13336026
13357479
13436417
13439047
13439051
13439599
13439833
13439917
13439974
13440122
13440445
13440496
13441906
13445225
13446088
13446978
13449816
13449821
13449823
13451525
13452064
13457481
13457489
13460619
13515069
13515076
13570926
13570951
13570961
13634210
13678203
13679160
13679163
13686940
13704050
13704056
13704078
13705464
13774072
13774074
13802392
13804981
13804997
13805560
13810189
13810196
13810230
13830063
13840787
13849483
13862814
13863477
13863593
13890632
13907026
13929666
13960710
13973593
13981548
13991641
13993117
13993141
13998970
14017491
14017506
14022610
14044245
14060823
14060829
14079854
14094362
14094797
14100973
14106312
14298818
14326398
14327194
14329603
14374638
14376996
14378717
14378736
14400607
14426954
14428086
14429586
14469004
14477752
14494285
14495070
14495093
14501818
14523919
14525509
14553081
14554122
14554241
14580707
14594679
14594680
14611755
14658461
14663163
14668184
14704200
14783471
14809322
14809370
14871528
14872234
14878968
14886211
14886219
14901482
14907677
14907872
14921660
14937968
14956610
14971443
14971450
14971467
14971469
14971502
14971895
14984835
14991556
15002717
15003022
15004664
15018279
15023219
15028481
15039702
15052824
15052842
15052861
15052883
15052890
15052898
15052904
15086437
15122584
15126962
15143697
15147727
15147728
15170793
15170794
15170804
15184950
15187459
15313383
15313384
15313392
15354012
15358779
15401702
15430156
15450773
15456830
15456977
15514860
15716217
15717095
15717105
15717950
15717959
15762639
15762648
15763127
15763137
15808608
15808625
15808694
15808702
15820392
15820426
15839637
15866828
15872917
15890543
15892603
15892660
15892680
15916260
15917222
15921295
15921329
15922165
15932764
15939190
15964707
15974090
16014395
16016689
16023208
16057456
16088810
16127108
16127126
16159604
16160520
16160523
16160836
16160854
16160857
16160867
16160919
16160944
16160950
16160963
16160979
16160985
16160991
16160998
16161010
16161011
16161023
16161027
16201043
16204472
16211239
16211256
16211286
16211289
16211292
16211302
16211311
16236316
16258249
16300309
16317784
16318245
16318255
16324020
16352554
16353971
16353979
16359685
16361626
16372766
16372983
16428536
16430124
16469671
16469678
16503504
16503512
16510369
16522775
16576921
16595740
16596359
16596386
16598067
16644541
16645377
16650073
16650967
16655383
16655385
16655386
16655392
16684305
16690318
16694196
16694833
16695400
16695472
16695475
16695487
16716668
16716681
16716691
16716738
16737259
16738016
16768303
16768308
16768312
16768451
16771789
16801094
16801097
16801104
16801110
16801123
16838543
16856595
16856636
16856640
16861594
16861650
16891893
16926835
16926847
17007285
17015064
17028027
17028040
17032717
17032724
17041072
17060233
17064401
17064696
17064713
17064716
17064717
17064728
17064749
17064765
17074950
17075010
17087480
17088144
17101556
17107783
17107792
17119096
17129867
17129965
17129983
17129987
17130019
17131067
17131070
17131893
17131904
17136029
17176183
17178604
17190701
17223628
17232883
17242664
17257937
17280958
17289060
17289088
17290616
17290665
17291343
17299296
17299298
17299341
17309495
17309594
17318410
17318484
17350051
17350055
17350071
17350086
17350088
17382954
17385186
17385191
17393129
17402347
17402964
17413993
17423171
17423189
17428855
17428898
17436593
17436635
17436644
17453129
17463953
17474632
17476767
17477632
17483715
17488944
17494391
17494397
17496639
17497376
17499582
17499590
17505742
17508418
17508437
17508449
17510871
17510901
17517748
17517754
17517758
17517759
17517760
17533309
17542129
17542644
17542645
17542656
17542697
17542746
17545561
17545587
17568639
17568647
17575678
17577727
17577731
17577739
17586190
17597064
17598539
17598755
17617405
17629727
17629751
17629758
17629799
17643990
17689535
17709700
17724799
17724808
17724809
17740482
17756404
17757025
17757433
17757623
17757625
17773357
17783115
17783125
17813761
17813762
17813771
17813785
17813859
17861412
17864417
17864449
17880654
17885651
17891676
17905035
17905064
17920522
17921142
17921153
17925163
17950633
17952803
17958806
17958941
17961182
17961191
17964750
17965106
17965136
17965240
17971435
17971927
17974378
17976714
17976737
17976738
17976743
17976750
17978014
17978045
17979790
17980548
17996010
17996047
18002389
18002397
18021695
18080941
18082291
18082315
18100003
18145311
18145317
18145332
18145344
18159435
18159457
18159483
18172845
18197188
18200037
18209626
18210153
18220392
18259026
18259617
18259658
18276911
18276970
18281559
18281575
18281580
18281592
18291270
18291274
18293036
18347237
18347260
18353450
18362198
18368812
18368848
18373880
18393198
18426262
18428039
18428968
18433938
18447648
18447938
18457424
18461290
18473366
18475512
18475527
18476027
18476146
18476203
18476456
18476601
18479096
18481320
18482127
18482178
18483208
18487676
18500295
18500298
18512821
18513032
18531837
18531861
18543631
18561243
18562183
18579980
18585970
18621445
18621447
18621483
18621527
18621528
18635909
18635910
18635924
18639367
18645518
18645522
18645597
18645606
18645626
18655700
18661327
18675308
18696941
18701776
18701778
18717557
18722262
18730667
18730679
18743607
18743696
18749840
18752544
18761810
18782569
18782583
18809160
18855985
18874198
18874219
18874235
18874250
18874258
18874274
18874277
18876056
18876089
18887125
18887234
18891208
18893421
18907975
18908643
18915730
18919899
18929906
18932633
18948957
18967993
18969435
18969460
18972049
18979439
18979478
18986771
19001292
19001305
19004854
19031656
19056027
19056078
19068782
19092943
19101966
19104134
19105694
19105701
19111178
19113265
19120605
19122269
19122864
19135541
19144203
19144360
19174634
19174677
19174703
19175828
19188319
19198193
19198217
19198225
19198246
19198251
19208929
19211871
19218782
19220104
19220109
19220119
19220120
19220134
19304960
19304961
19337303
19356848
19356851
19356854
19364522
19364533
19364543
19383907
19398832
19404689
19404694
19404702
19408017
19408023
19412771
19412775
19412808
19412812
19412820
19414051
19414080
19414713
19414719
19415637
19439621
19440510
19454614
19454616
19454640
19454784
19454855
19467090
19480141
19493445
19493446
19501181
19501193
19501200
19501254
19509502
19539933
19555695
19566135
19567638
19597998
19602566
19602569
19602580
19602582
19607453
19628051
19628135
19635608
19636189
19636192
19640457
19640460
19640467
19640471
19643089
19647940
19650410
19650452
19651864
19651876
19651941
19655105
19664561
19703295
19707585
19712077
19716711
19722133
19731079
19731091
19731100
19731112
19733398
19733401
19733439
19733444
19733480
19738033
19739970
19743096
19743122
19746278
19746279
19746295
19750701
19753439
19849477
19849489
19858211
19859450
19859480
19864293
19870753
19870876
19961595
19963568
19989767
20019880
20020397
20021708
20059664
20059930
20059939
20059942
20060003
20074025
20074029
20079264
20088432
20088470
20088483
20088492
20089246
20089250
20119641
20236677
20246259
20246261
20246262
20246291
20267175
20269273
20274028
20277249
20295209
20295223
20295232
20313901
20325210
20325255
20325263
20356102
20356171
20356206
20356490
20358726
20361957
20371307
20378258
20386214
20390691
20391413
20411415
20413527
20435732
20498167
20503954
20504012
20519961
20526677
20526679
20529896
20553451
20555280
20564201
20571756
20571766
20571775
20571778
20595345
20638323
20639530
20639534
20639817
20639843
20640178
20640184
20640194
20641877
20649197
20649297
20649420
20659847
20670470
20670677
20685206
20701840
20701848
20717580
20723372
20774984
20793284
20837810
20839565
20905647
20920007
20920090
20954504
21014165
21014199
21015079
21015094
21016842
21016851
21016854
21016856
21016862
21028190
21030123
21030147
21050084
21093451
21116035
21287341
21287355
21287373
21298930
21314952
21319652
21368022
21378398
21395932
21427114
21439742
21439805
21439860
21455725
21457042
21483092
21560183
21610210
21647135
21811723
21811724
21843417
21843453
21843495
21909124
21910114
21910128
21921086
21951767
21968589
21970508
21981803
21986649
21986650
22010666
22015382
22048684
22174106
22175344
22188572
22267742
22279164
22408796
22463535
22495905
22510152
22519396
22534361
22557944
22574748
22574751
22708530
22747449
22847463
22850125
22850127
22850139
22956908
22982485
22997992
23042319
23044664
23044668
23053133
23053210
23060740
23060940
23065718
23086707
23097067
23288500
23293338
23294259
23294269
23312073
23365990
23373121
23381406
23383487
23414415
23416524
23505325
23588871
23588888
23606726
23736878
23786927
23788071
23788122
23810643
23839734
23853478
23862913
23924808
23928535
23974116
23985175
23989417
24008175
24015377
24015386
24018928
24023003
24041849
24052139
24055743
24055787
24055812
24055818
24161058
24303665
24303688
24303709
24406996
24449296
24490749
24663235
24770872
24770896
24804636
24804648
24804677
24815045
24815048
24908891
24930956
25036433
25054447
25140623
25179356
25224943
25224954
25242416
25242449
25242458
25259685
25349504
25429186
25471001
25471008
25471009
25715557
25715567
25739036
25739038
25739049
25768627
25768634
25768642
25768649
25804634
25838311
25905601
25960489
25973600
25973615
25978541
26015436
26067600
26123481
26330710
26368670
26368688
26482990
26513572
26513642
26514181
26514188
26514194
26514518
26514529
26514534
26514626
26514630
26515680
26810634
