12472600
12481347
12492206
12502431
12505013
12521187
12530605
12532803
12547628
12553594
12565123
12573631
12581613
12591604
12600196
12610989
12614591
12627992
12635303
12637103
12650845
12659413
12668611
12675123
12681401
12686575
12697340
12700760
12706286
12717358
12724003
12728737
12736959
12744323
12749345
12760097
12762109
12771331
12777058
12783004
12787748
12793342
12804508
12806128
12810909
12819373
12825843
12828758
12832997
12840102
12848201
12853052
12854626
12860301
12866462
12867094
12874771
12876519
12885605
12889628
12892977
12896144
12906592
12908907
12909721
12914130
12920254
12923042
12929018
12929208
12939275
12941779
12946108
12948882
12954921
12956267
12960067
12962859
12969027
12970868
12979633
12979735
12986207
12988143
12990475
12993494
12995730
12999469
13005779
13007435
13008603
13017667
13017880
13019486
13021819
13029791
13030981
13033948
13036290
13038236
13043106
13043918
13046852
13051544
13054722
13056446
13058783
13059868
13065531
13069128
13072263
13072914
13077332
13080601
13083358
13085194
13089318
13090616
13091213
13095726
13097559
13097769
13104862
13106981
13108345
13110914
13118966
13120416
13120727
13126533
13127799
13128419
13130211
13131480
13134211
13137483
13137758
13140673
13142443
13149447
13150883
13152714
13156977
13157961
13159064
13161733
13163369
13164892
13169466
13169985
13170153
13176043
13182612
13183511
13185129
13185141
13187383
13188200
13190678
13194595
13195609
13196143
13196993
13203514
13203952
13204807
13207762
13213989
13215719
13216675
13220085
13223348
13224476
13224684
13226270
13232439
13235493
13236011
13236658
13238174
13240032
13244454
13245252
13245739
13245830
13247461
13253843
13255059
13257441
13260367
13262236
13263362
13265721
13272142
13272243
13274271
13275576
13278985
13279612
13281562
13286261
13287855
13288154
13288823
13288835
13293693
13294576
13294613
13298965
13299214
13301755
13306238
13306792
13308733
13309186
13311657
13312862
13315473
13320464
13322149
13323571
13324024
13325043
13327923
13328235
13330848
13332110
13333296
13336175
13337357
13338009
13339341
13342187
13345277
13347746
13349029
13350247
13350584
13351483
13352412
13353125
13357527
13361978
13362515
13362837
13367634
13368289
13368349
13368475
13372969
13373176
13373609
13374666
13375942
13378166
13381730
13384039
13384712
13384905
13385772
13387844
13389558
13390631
13391214
13397826
13398022
13398554
13400228
13401703
13402221
13403133
13408123
13408222
13408842
13410290
13411170
13411666
13412636
13413531
13415351
13416377
13419919
13420178
13420553
13421987
13422800
13425189
13425682
13428743
13428885
13432196
13432648
13435027
13436632
13438104
13439096
13440177
13440440
13441974
13442513
13445602
13446848
13448096
13448444
13449370
13452788
13453791
13455143
13456052
13456476
13457859
13459111
13462228
13463891
13466586
13467635
13468020
13468449
13470269
13470395
13470658
13471308
13475019
13476358
13477923
13480055
13480819
13481334
13481341
13484195
13484685
13487287
13487561
13488779
13489508
13489614
13491360
13496211
13496909
13497196
13497668
13499689
13501767
13502318
13503290
13503674
13503889
13507233
13507971
13508526
13510214
13510409
13511534
13513491
13515092
13516942
13517377
13519988
13520045
13522300
13522581
13522783
13524931
13525696
13527113
13529822
13529870
13530617
13532029
13532114
13533617
13534316
13537057
13537120
13539575
13539953
13540081
13541473
13543393
13544195
13544222
13546021
13547085
13548147
13550064
13552271
13552447
13553136
13554849
13555332
13557105
13557724
13558018
13558217
13560255
13561097
13562831
13562906
13564050
13566434
13566518
13567562
13568904
13570241
13570290
13571265
13572636
13574562
13575758
13576569
13576791
13577787
13579393
13580255
13582275
13584446
13584531
13585545
13586029
13586713
13586977
13587697
13588615
13588795
13589228
13589723
13592304
13593833
13595203
13596691
13599418
13599662
13599947
13600250
13600673
13602575
13602854
13603735
13605214
13607990
13608220
13608979
13609050
13609120
13611903
13613020
13615584
13616458
13617208
13617490
13617661
13619000
13619177
13619477
13621792
13623036
13623667
13624679
13625683
13626236
13626885
13627411
13628690
13629024
13631161
13631597
13631835
13632975
13633380
13633870
13636408
13636980
13637899
13638116
13638831
13639144
13641896
13642422
13642959
13643293
13644180
13645489
13647179
13647396
13648484
13649763
13649998
13651150
13653256
13653342
13653447
13653622
13655004
13656643
13657267
13657659
13659577
13659699
13661171
13661835
13662872
13662965
13663086
13663636
13663692
13664027
13666274
13666394
13667450
13670775
13672090
13672099
13672293
13672737
13674190
13674562
13675437
13675497
13676921
13677316
13679716
13680815
13680839
13684194
13684554
13685202
13685642
13686154
13686877
13687353
13689619
13690350
13690609
13692315
13692881
13692959
13693385
13694025
13695612
13696365
13696529
13697295
13699154
13701050
13701153
13701220
13702175
13702239
13704178
13705096
13705374
13706256
13707587
13708196
13709123
13710296
13710608
13712489
13713364
13713994
13715095
13716238
13716418
13716820
13717077
13717516
13718290
13718676
13721181
13722139
13722140
13722617
13723761
13724465
13724866
13726113
13726685
13728265
13728780
13729118
13729215
13730512
13730547
13730683
13730690
13730842
13730911
13735508
13735519
13735995
13738019
13739603
13740213
13740387
13742009
13742106
13742334
13743427
13744221
13744349
13744814
13745934
13746594
13746621
13747157
13748672
13749981
13751311
13753499
13753537
13753961
13754952
13755914
13755927
13756701
13756888
13759186
13760064
13760422
13760844
13761272
13761337
13761771
13762979
13763610
13765100
13766036
13766340
13766895
13767261
13768385
13769016
13769892
13770008
13770220
13770918
13771678
13771749
13772897
13773308
13774754
13776416
13778010
13778504
13778708
13779105
13780057
13780062
13782741
13782924
13783530
13784040
13784369
13785557
13786025
13787518
13788197
13789164
13789456
13790098
13790698
13791392
13792916
13793451
13793600
13794764
13794974
13795313
13796137
13796484
13798403
13798445
13799245
13799570
13799591
13801448
13801600
13803126
13803546
13803563
13803733
13804167
13804521
13805567
13806728
13808169
13809476
13809937
13810655
13811142
13811648
13812712
13812713
13813440
13813934
13814440
13815866
13816018
13816940
13817735
13819489
13819631
13820545
13821070
13824180
13824319
13825841
13826513
13827264
13827671
13827813
13827887
13828552
13828606
13829314
13829395
13830670
13831252
13831362
13831541
13832737
13833054
13833122
13834402
13834980
13836766
13836924
13838074
13840550
13840730
13840968
13840974
13841514
13842209
13842728
13843020
13843684
13844116
13845302
13846288
13846799
13847253
13849390
13849641
13850678
13851040
13851107
13852014
13852447
13852698
13852955
13853103
13855402
13855779
13855944
13856458
13856747
13857154
13857907
13859153
13860527
13861511
13861923
13862719
13862786
13862881
13864643
13864808
13866303
13866462
13867228
13867362
13867838
13868496
13870590
13872387
13872546
13873263
13873972
13874155
13874192
13874684
13875163
13875337
13875395
13876593
13878246
13879552
13879630
13879907
13879927
13880543
13880569
13880607
13880666
13882515
13883845
13885150
13885415
13885595
13885809
13887102
13887483
13887885
13888187
13889097
13889503
13890367
13890762
13891627
13892231
13892295
13892369
13893674
13895814
13896097
13896867
13897592
13898345
13898444
13898925
13899981
13900228
13901181
13901481
13901645
13902209
13902818
13903124
13903521
13904043
13905233
13906514
13907075
13907223
13907839
13908058
13908835
13909041
13910053
13910354
13911450
13912635
13912704
13912777
13912831
13912887
13913320
13915355
13915764
13916681
13917131
13917463
13917653
13917840
13918066
13918378
13918650
13919834
13920309
13922178
13922971
13924487
13924557
13924748
13924751
13926420
13927021
13927316
13928430
13929900
13930080
13930225
13930703
13931251
13931429
13931702
13932029
13934499
13935326
13935912
13936895
13937214
13937358
13937543
13937610
13937803
13938114
13939136
13939398
13939543
13939631
13939685
13941683
13942413
13944224
13944235
13945534
13945783
13946157
13946283
13947319
13947337
13947538
13948159
13949731
13950235
13950841
13951372
13952013
13953144
13953458
13953701
13953805
13954354
13955379
13955448
13955642
13957124
13957351
13957644
13957681
13958453
13960113
13960378
13961204
13961562
13962405
13962764
13963141
13964249
13964673
13965935
13965949
13966299
13967377
13968074
13968197
13968424
13968723
13969295
13969594
13969984
13970048
13971878
13971987
13972964
13973692
13974761
13975463
13975840
13976232
13976338
13976497
13976659
13978014
13978737
13978987
13979818
13979993
13980019
13980315
13982099
13982334
13983305
13983833
13984388
13984495
13985072
13985751
13986769
13987372
13988695
13989286
13989998
13990091
13990282
13990351
13990386
13991373
13992907
13993725
13993928
13994044
13994355
13994470
13995224
13995277
13995296
13995441
13995512
13995549
13996957
13998436
13998450
13999105
13999555
14000351
14000369
14001882
14001897
14001905
14003043
14003998
14004777
14004999
14007197
14007414
14007654
14007742
14007873
14008311
14008491
14009190
14009253
14009752
14011134
14011208
14011438
14012423
14012686
14012760
14013545
14013831
14013990
14014596
14015335
14016033
14016597
14017660
14018559
14019470
14019659
14019887
14020441
14021052
14021974
14022072
14022466
14023267
14023731
14024174
14024209
14024614
14025615
14025888
14026123
14026860
14027697
14029416
14029467
14029475
14029996
14030130
14030892
14031114
14033184
14033735
14033882
14034087
14034649
14034674
14035065
14035365
14036561
14037139
14037188
14038302
14039364
14040403
14040562
14040735
14041106
14041146
14042317
14042469
14042842
14043078
14043618
14043811
14044676
14045120
14045921
14046016
14047121
14047285
14048061
14048149
14048652
14048958
14050550
14050699
14050841
14051670
14052182
14053000
14053949
14054182
14054648
14055861
14056401
14056527
14056877
14057208
14057514
14057688
14057722
14058129
14058213
14058432
14059376
14059997
14060242
14060868
14061122
14061452
14061697
14062508
14062765
14064524
14064628
14065788
14066688
14066876
14067278
14067674
14067766
14068694
14069343
14069633
14069726
14070804
14070887
14071354
14071705
14071767
14072606
14072723
14074141
14076856
14077179
14077284
14077368
14077379
14077574
14077672
14077688
14077740
14078139
14078755
14078831
14079578
14079778
14080379
14081338
14081420
14081631
14081918
14083408
14083627
14083853
14083992
14084085
14085027
14085599
14085615
14086188
14086783
14086807
14086850
14087165
14087185
14088335
14089408
14089434
14091023
14091184
14092353
14092645
14092936
14093177
14093458
14094513
14094807
14094979
14095303
14095708
14095748
14096761
14098311
14098512
14098681
14099683
14099726
14099931
14100127
14100194
14100849
14101027
14101163
14101203
14101557
14101950
14104015
14104533
14104651
14105385
14106179
14106331
14106809
14107246
14108835
14108884
14108970
14108973
14109722
14109875
14110425
14110825
14111959
14112100
14112157
14113726
14114016
14114040
14114180
14115022
14115355
14115450
14115677
14116071
14116125
14116338
14116395
14116773
14116950
14117087
14117841
14120321
14120515
14121269
14121391
14121664
14121751
14121901
14122852
14124570
14124851
14124856
14125570
14126014
14126952
14127565
14127622
14127802
14127913
14128283
14128514
14128629
14129237
14129421
14129433
14130134
14130571
14131586
14131943
14131976
14132757
14133194
14133265
14133328
14134205
14135209
14135524
14136181
14136246
14136778
14137203
14137461
14137510
14137847
14137961
14138030
14138627
14138809
14140591
14140664
14141767
14142044
14142186
14142505
14143454
14143563
14143819
14144236
14145555
14146176
14146182
14146266
14146862
14146966
14147328
14148366
14148775
14148983
14149439
14150131
14150426
14150508
14150525
14150589
14150818
14151774
14151991
14152080
14152268
14153515
14154062
14154256
14155101
14155856
14155939
14157004
14157208
14157285
14157752
14157788
14157827
14157865
14157983
14158536
14161118
14161673
14161750
14161787
14161865
14162161
14162735
14162829
14163352
14163488
14163935
14165293
14165632
14165887
14166369
14166499
14166527
14166933
14167012
14167161
14167959
14168048
14168150
14168295
14168499
14169294
14170800
14170944
14170983
14171534
14171755
14173596
14173634
14174053
14175370
14175510
14175707
14175738
14175828
14175939
14176367
14178283
14178757
14178999
14179315
14179620
14181197
14181540
14181818
14181945
14182199
14182963
14183848
14183879
14184231
14184436
14184473
14185403
14185900
14186278
14186571
14187032
14187160
14187309
14187460
14188113
14188578
14188709
14188859
14189424
14189493
14189668
14189721
14189953
14190366
14190687
14192018
14192426
14192850
14194500
14194943
14195107
14195280
14195767
14195792
14196747
14196980
14197154
14197630
14198138
14198529
14198801
14198864
14198937
14199832
14199966
14201535
14201862
14202106
14202956
14202995
14203384
14203732
14203933
14204181
14204785
14205100
14205390
14205457
14205614
14205778
14205847
14205894
14206332
14206951
14209150
14209469
14210023
14210080
14210448
14210506
14211222
14211561
14211957
14212181
14212279
14214685
14214828
14214970
14215654
14216495
14217380
14218076
14218149
14218216
14218437
14218581
14218673
14219103
14219214
14219717
14219875
14220140
14220775
14220914
14221172
14221851
14222026
14222133
14222320
14222390
14222900
14222936
14224459
14224545
14226041
14226662
14226748
14226834
14227203
14227538
14228368
14228893
14229140
14229313
14229419
14230734
14231189
14232079
14232121
14232545
14233492
14234016
14234105
14234144
14234148
14234773
14235006
14235475
14235636
14235870
14235905
14236577
14237095
14238634
14238753
14238981
14239102
14240113
14240337
14240399
14240406
14240601
14241518
14241566
14241623
14241665
14241742
14243261
14243272
14243409
14243893
14244135
14245526
14246066
14246312
14246656
14246731
14246905
14246941
14247356
14247982
14248217
14248713
14249533
14249822
14250617
14250814
14251523
14251813
14253610
14253865
14253968
14254486
14255927
14256096
14256204
14256405
14256497
14256508
14256761
14256838
14256914
14257786
14257948
14258329
14258533
14258760
14259448
14259893
14260103
14260332
14260515
14261199
14261621
14261959
14263432
14263586
14263724
14264445
14265262
14265506
14265636
14265798
14266167
14266348
14266637
14266646
14266762
14267960
14268100
14268286
14269347
14269560
14269728
14269795
14270160
14270691
14270877
14271108
14271232
14271264
14272137
14272299
14273011
14273376
14273837
14274752
14275483
14275587
14275706
14275823
14276671
14277398
14277822
14277965
14277966
14279186
14279221
14279735
14280255
14281447
14281522
14281749
14282080
14282649
14282789
14282982
14283008
14283597
14283657
14284731
14284754
14284954
14285291
14285987
14286129
14286249
14287549
14287653
14287803
14288051
14289491
14289636
14290126
14290260
14291630
14291852
14292422
14292476
14293277
14293368
14293682
14293984
14295482
14295489
14295571
14295801
14296120
14296235
14296411
14296730
14296831
14297245
14297972
14298147
14298154
14299968
14300028
14300605
14301085
14301224
14301509
14301544
14303069
14303382
14303454
14303670
14303675
14303906
14304539
14304553
14305000
14305181
14305473
14306146
14307381
14307527
14307934
14308168
14308677
14308815
14308992
14309275
14309826
14310010
14310080
14310304
14311147
14311496
14311757
14312179
14312431
14312607
14312814
14313063
14313467
14313752
14314342
14314821
14315972
14316350
14317029
14317741
14317846
14318162
14318323
14318476
14318559
14318611
14319028
14319070
14319859
14320617
14321478
14321787
14322460
14322713
14322863
14324661
14325600
14325653
14325714
14326438
14326476
14326522
14326657
14327021
14327503
14327928
14328300
14328433
14328468
14328471
14329099
14329268
14329842
14330083
14330484
14330575
14330623
14330693
14330947
14331140
14331581
14332688
14333010
14333101
14333172
14333286
14333671
14334678
14336203
14336393
14336394
14336427
14336974
14337298
14337506
14338147
14338158
14338597
14338738
14339777
14340594
14340890
14340917
14341186
14341731
14341759
14341972
14343120
14344141
14344538
14344591
14344841
14345175
14345180
14347236
14347613
14347675
14348120
14348359
14348444
14348955
14349571
14349582
14350187
14350296
14351284
14351333
14351491
14351520
14351592
14351641
14351820
14351932
14352343
14352514
14353250
14353802
14354040
14354176
14354684
14355483
14355672
14355722
14355786
14356125
14356410
14357568
14357577
14357584
14357619
14357681
14358082
14358474
14359050
14360240
14361095
14361221
14361633
14362392
14362885
14362901
14363119
14363717
14364148
14364934
14365066
14365534
14365564
14365723
14366348
14366356
14366687
14366774
14366939
14367418
14368266
14368459
14368741
14368796
14368807
14368940
14368957
14368987
14369564
14370083
14370825
14371093
14371758
14371994
14372229
14372496
14372554
14373110
14373147
14374648
14375312
14375524
14376025
14376628
14376974
14377587
14377599
14377803
14377815
14378035
14378920
14379256
14379432
14379507
14379603
14379818
14380529
14380673
14380890
14382787
14382855
14382958
14382976
14383805
14384719
14385367
14385613
14385740
14385879
14386441
14386511
14386558
14386626
14386770
14387337
14388080
14388134
14389027
14389863
14389888
14390291
14390475
14390723
14391078
14391336
14391377
14391967
14392135
14392619
14393083
14393742
14393758
14394101
14394591
14395672
14395941
14396769
14397627
14397636
14397684
14398193
14398378
14398397
14398511
14398830
14399102
14399260
14399492
14399639
14400070
14400160
14400408
14400672
14401558
14402623
14402638
14403063
14403984
14404168
14404197
14404451
14404687
14405828
14406528
14406533
14406681
14406698
14407034
14407056
14407201
14407662
14407839
14407857
14408224
14408263
14409018
14409227
14409472
14410312
14411487
14411994
14412854
14414006
14415088
14415339
14415513
14415657
14415948
14416412
14416502
14417101
14417396
14417476
14417478
14417903
14418120
14418409
14418615
14418643
14418690
14419604
14420038
14420069
14420280
14420733
14421163
14421514
14421761
14421818
14421837
14421913
14422067
14422788
14423061
14423690
14424169
14424468
14424768
14425056
14425293
14425793
14426290
14426535
14426973
14426995
14427318
14427768
14428392
14429299
14429344
14429396
14429876
14429928
14430603
14430656
14431293
14432107
14432363
14433043
14433441
14433730
14433745
14434364
14434463
14434567
14435213
14435511
14435725
14436152
14436714
14436930
14437272
14437387
14438057
14438146
14438260
14438865
14438973
14440003
14440204
14440418
14440583
14440690
14441323
14441388
14441659
14442699
14443091
14443114
14443986
14444236
14444759
14444849
14444996
14445509
14445803
14445839
14446413
14446895
14447070
14447482
14448373
14448544
14448843
14449610
14449744
14449870
14449948
14450077
14450291
14450924
14451255
14451534
14451633
14451986
14452887
14452918
14453671
14454411
14454605
14454828
14455147
14455308
14456100
14456984
14457400
14457515
14457526
14457818
14458374
14458425
14458752
14458803
14458961
14459036
14459195
14459309
14460154
14460917
14461348
14461352
14461418
14462106
14462744
14463299
14463323
14464506
14464851
14464923
14465741
14465820
14465932
14466800
14467034
14467087
14467128
14467174
14467415
14467530
14467931
14468437
14468612
14468690
14468762
14468850
14469209
14470060
14470267
14470770
14471747
14472088
14472296
14472432
14472759
14473153
14473244
14474159
14474743
14474987
14475412
14475831
14476079
14476419
14476962
14477215
14477341
14477796
14477856
14477946
14478124
14479125
14479274
14479909
14480057
14480116
14480196
14480349
14481317
14481405
14481635
14481939
14482716
14482749
14483205
14483763
14484754
14485852
14486210
14486244
14486738
14486790
14486908
14486994
14487114
14487354
14488102
14488243
14488416
14488967
14489475
14489550
14489900
14490595
14490622
14490900
14491668
14491756
14492103
14492387
14492535
14492588
14492633
14493245
14493380
14493545
14493622
14493776
14494643
14494996
14495187
14495411
14495863
14496109
14496683
14496899
14497446
14497748
14497930
14498470
14499763
14500234
14501118
14501797
14502003
14502127
14502227
14502454
14503374
14503697
14503806
14505376
14505547
14505634
14505690
14505769
14505944
14505988
14506079
14506601
14506618
14506994
14507084
14507511
14507558
14507679
14507698
14507977
14507999
14508349
14508987
14509353
14509443
14509569
14509984
14512125
14512137
14512486
14512827
14513285
14513304
14513619
14514149
14514261
14514848
14516103
14517176
14517255
14517442
14517619
14517676
14517772
14517780
14517787
14517807
14518307
14518914
14518960
14519250
14519711
14519775
14520072
14520829
14520851
14521371
14521546
14522516
14522566
14522583
14523082
14524015
14524183
14524475
14524821
14524982
14525361
14525389
14525905
14526312
14526349
14526389
14527384
14527614
14528267
14528494
14528994
14529740
14530148
14530182
14530420
14530536
14530845
14531199
14531213
14531847
14532198
14532280
14532714
14533117
14533249
14533375
14533406
14533454
14534248
14534758
14535052
14536046
14536286
14536550
14536814
14536956
14537770
14538332
14538760
14538900
14539218
14539623
14539661
14539676
14539873
14540233
14540655
14540867
14541664
14542325
14542367
14542401
14543026
14543892
14543947
14544097
14544229
14545543
14545587
14545696
14545869
14546391
14546647
14546753
14546852
14547147
14547347
14547771
14547947
14548279
14548475
14548758
14548872
14549088
14549733
14549936
14550143
14550426
14550537
14550582
14551181
14551898
14552247
14552321
14552480
14552904
14553059
14553120
14553343
14554722
14555099
14555331
14555803
14556871
14557017
14557090
14557837
14558030
14558042
14558415
14558807
14558875
14559158
14559254
14559270
14559809
14560033
14561017
14561389
14561545
14561556
14561649
14562002
14562500
14562610
14562725
14562804
14562839
14563335
14563588
14563613
14563735
14563824
14564078
14564863
14565236
14566599
14567198
14567557
14567571
14567712
14567791
14567852
14568383
14568420
14568833
14569309
14569910
14570303
14570396
14570442
14570645
14571256
14573046
14573412
14573457
14573483
14573556
14573772
14574460
14574483
14574532
14574666
14574784
14574821
14575382
14575409
14575480
14575792
14576617
14577843
14578176
14578959
14578998
14579483
14579486
14579518
14579914
14580137
14580210
14580766
14580835
14581278
14581858
14582581
14582773
14583003
14584101
14584175
14584482
14584594
14584655
14584828
14585163
14585348
14585969
14586271
14586307
14587111
14587188
14587206
14587869
14588289
14588412
14589055
14589466
14589559
14590234
14590567
14590735
14590877
14591367
14591408
14591581
14591908
14591916
14592432
14592942
14592947
14592963
14594322
14594341
14594869
14595113
14595310
14595588
14595746
14595844
14595948
14596943
14596974
14597051
14597480
14597561
14597688
14598109
14599014
14599166
14600109
14600294
14600349
14600466
14600752
14600784
14601147
14601427
14601619
14601632
14601964
14601973
14602818
14602889
14602933
14603160
14603937
14604499
14605160
14605276
14605407
14605524
14605935
14606894
14607074
14607585
14607999
14608952
14608964
14608976
14609467
14609591
14610433
14610649
14610682
14611353
14611520
14611740
14611899
14611931
14612260
14612313
14613220
14613312
14613445
14613561
14613732
14613762
14613765
14613876
14614497
14614712
14614816
14615186
14615301
14615407
14615740
14615928
14617879
14618188
14618520
14618605
14619047
14619449
14619912
14619933
14620209
14620364
14621147
14621415
14621595
14621615
14621919
14622426
14622451
14622717
14623133
14623228
14623643
14623788
14624068
14624277
14625518
14626179
14626190
14626269
14626347
14626999
14627427
14627463
14628173
14628348
14628992
14629033
14629197
14629418
14629488
14629644
14629892
14629990
14630888
14631174
14631200
14631621
14631857
14632012
14632986
14633321
14634082
14634873
14635083
14635115
14635279
14635691
14637008
14637048
14637346
14637806
14638408
14639307
14639368
14639392
14639445
14639528
14639549
14639844
14639914
14640278
14640403
14640760
14640855
14641275
14641534
14641883
14641946
14642021
14642151
14642452
14642977
14643459
14643746
14643796
14644396
14644927
14644968
14645069
14645142
14645505
14646151
14646406
14646613
14646678
14646924
14647085
14647603
14647810
14648785
14648909
14649049
14649064
14649519
14650020
14650500
14650952
14651198
14651246
14651288
14651305
14651446
14651851
14652719
14653211
14653771
14654106
14654476
14655299
14655508
14655655
14655657
14655801
14656055
14656057
14656237
14657056
14657555
14657602
14657841
14658060
14658470
14658735
14658850
14658931
14659145
14659473
14660131
14660214
14660234
14660241
14660288
14660324
14660401
14660696
14661747
14661774
14661848
14661914
14662437
14662500
14662699
14662970
14663214
14663521
14664208
14665532
14666053
14666077
14666357
14666539
14667542
14668002
14668116
14668138
14668523
14668667
14668670
14668794
14669549
14669727
14669799
14670566
14672199
14672264
14672468
14672557
14672578
14673038
14673127
14673161
14673220
14673621
14673727
14674273
14675221
14675241
14675273
14675313
14676450
14676825
14676884
14676972
14677244
14677259
14677561
14677752
14678114
14678138
14678843
14679112
14679386
14679548
14680394
14680631
14681307
14681594
14681810
14681874
14682279
14682478
14682630
14684132
14684450
14684502
14684637
14684696
14684915
14685144
14685375
14685496
14685693
14686475
14686675
14686714
14686974
14687096
14687656
14687724
14687951
14688130
14688596
14688802
14688996
14689755
14689841
14690070
14690257
14690292
14690368
14690709
14691178
14691231
14691855
14692266
14693368
14693421
14693654
14693698
14693709
14694059
14694483
14694633
14695269
14695553
14695905
14696136
14696263
14696982
14697006
14697260
14697663
14698610
14698978
14699179
14699778
14699867
14700202
14700236
14700325
14700362
14701074
14701342
14701410
14701705
14701959
14702170
14702391
14702513
14702699
14702991
14703835
14703878
14704027
14704136
14704650
14705131
14705204
14705821
14706285
14706479
14707349
14707401
14707846
14707889
14708071
14708264
14709151
14709805
14710206
14710362
14710647
14710787
14710826
14711131
14711150
14711191
14711460
14711735
14712040
14712480
14712514
14712732
14712841
14713468
14713634
14713730
14714286
14714312
14714975
14715843
14716194
14716209
14716499
14716507
14716648
14716685
14717531
14717614
14717720
14718176
14718482
14718579
14718823
14719089
14720145
14720201
14720228
14720246
14720393
14720432
14721342
14721726
14722067
14722241
14722357
14723067
14723550
14723742
14723771
14723923
14724121
14724684
14725061
14725109
14725227
14725424
14725732
14725943
14726805
14726957
14727060
14727445
14727536
14727830
14728293
14728688
14728742
14728837
14729178
14729240
14729609
14730133
14730335
14730594
14731096
14731108
14732121
14732912
14732952
14732982
14733043
14733494
14733692
14734141
14734222
14734544
14735676
14735972
14736016
14736339
14736571
14736868
14736902
14737135
14737589
14737833
14738734
14739040
14739086
14739558
14739680
14739685
14740423
14740701
14741032
14741821
14742142
14742296
14742349
14742389
14742897
14743140
14743205
14743421
14743611
14743985
14744081
14744392
14744664
14744738
14744761
14744912
14745665
14746023
14746364
14746776
14746959
14747019
14747580
14748494
14748833
14748879
14749194
14749263
14749392
14750141
14750147
14750402
14750468
14750572
14751024
14751137
14751140
14751590
14751983
14752065
14752419
14752754
14753452
14753461
14753519
14754109
14754231
14754319
14754761
14755261
14756175
14756264
14756346
14756422
14756469
14757243
14757736
14757899
14758216
14758290
14758345
14758880
14759119
14759563
14759720
14759757
14759768
14759970
14760065
14760590
14761186
14761588
14761759
14762458
14763217
14763585
14764008
14764285
14764297
14764406
14764813
14764880
14765020
14766079
14766194
14767256
14767329
14767466
14767481
14768165
14768198
14768538
14768556
14769280
14769474
14770126
14770233
14770435
14770448
14770459
14771062
14771307
14771315
14771337
14771429
14771938
14771989
14772101
14772464
14773014
14773050
14773442
14773513
14773661
14774160
14774753
14774874
14774922
14775877
14776193
14776596
14776740
14776753
14777113
14777196
14777366
14777403
14777913
14777938
14778127
14778173
14778515
14778983
14779090
14779514
14779561
14779709
14780392
14781103
14781261
14781548
14782095
14782452
14782661
14783238
14783417
14783435
14783543
14783624
14784069
14784150
14784159
14784375
14784733
14784753
14785006
14785315
14785589
14785708
14785945
14786254
14787364
14787398
14788168
14788335
14788550
14788793
14789084
14789323
14789325
14789344
14789454
14790012
14790178
14790560
14790757
14790873
14791624
14793094
14793334
14793452
14793757
14793916
14794008
14794027
14794483
14794498
14794674
14795107
14795430
14795566
14795732
14795865
14795874
14796124
14797414
14797460
14797826
14798183
14798893
14799018
14799331
14799571
14799793
14799819
14799941
14800075
14800530
14800750
14800755
14801091
14801148
14801677
14801709
14801759
14802323
14802640
14802763
14803078
14803208
14803463
14803739
14804031
14804552
14804925
14805133
14805645
14805807
14806077
14806424
14806775
14806888
14807185
14807876
14808177
14808746
14808803
14808810
14809072
14809444
14809647
14810143
14810823
14810883
14811545
14811584
14811619
14811708
14811875
14812494
14812685
14812712
14812941
14813520
14813898
14814038
14814095
14814153
14814352
14814469
14814474
14814555
14814696
14814915
14814935
14815933
14816030
14816040
14816196
14816698
14817358
14818576
14818652
14818663
14819155
14819283
14819534
14820094
14820812
14821438
14821598
14821659
14821699
14821709
14822576
14823001
14823355
14823418
14823423
14823494
14823715
14824057
14824167
14824379
14824415
14825239
14825467
14825649
14825654
14825716
14826140
14826206
14826362
14826417
14826739
14827889
14827897
14828090
14828181
14828566
14828699
14828740
14828847
14828980
14829296
14829310
14829502
14830171
14830232
14830809
14830853
14830934
14831097
14831322
14831362
14832499
14832561
14832692
14833142
14834133
14834315
14834346
14834753
14835184
14835423
14836518
14836764
14836885
14837102
14837476
14837791
14838496
14838778
14839196
14839300
14839499
14839583
14840365
14840547
14840962
14841153
14841362
14841437
14841449
14841488
14842238
14842261
14842301
14842370
14842708
14842862
14843137
14843337
14843377
14843731
14844062
14844109
14844336
14844471
14844932
14845326
14845674
14846661
14846968
14846974
14847033
14847400
14847560
14847687
14847933
14848146
14848217
14848455
14848820
14848951
14848966
14849800
14849888
14849999
14850327
14850523
14851079
14851158
14851448
14852032
14852107
14852162
14853335
14853625
14853889
14854009
14854044
14854175
14854284
14854353
14854661
14854846
14855029
14855257
14855882
14856008
14856055
14856635
14857048
14857271
14857636
14857889
14857932
14858200
14858250
14858337
14858568
14858588
14859031
14859164
14860209
14860216
14860274
14860429
14860916
14861400
14861456
14862256
14862705
14862889
14862947
14863404
14863485
14863704
14863836
14863970
14863972
14864217
14864885
14865110
14865258
14865770
14866191
14866422
14866728
14866889
14867106
14867617
14867983
14868166
14868380
14868695
14868748
14869016
14869123
14869172
14869356
14869370
14869381
14869446
14869919
14870386
14870421
14870473
14870599
14871032
14871576
14871728
14872471
14872911
14873459
14873913
14873944
14874002
14874618
14874720
14875920
14876394
14876649
14876788
14876835
14878242
14878451
14878501
14879058
14879101
14879176
14879183
14879603
14879618
14879719
14879797
14880242
14880369
14880387
14880489
14880978
14880993
14881058
14881374
14881514
14881814
14882028
14883204
14883266
14883270
14884161
14884281
14884324
14884386
14884863
14885274
14885473
14885515
14885626
14887364
14887631
14887830
14888344
14888428
14888898
14889286
14889336
14889536
14889707
14890072
14890116
14890235
14890381
14890475
14890805
14891023
14891025
14891145
14891152
14891201
14891253
14891302
14891478
14892800
14893270
14893636
14893861
14893929
14894098
14894561
14895194
14895370
14895542
14896143
14896191
14896217
14896356
14896474
14896562
14896606
14896793
14896854
14896941
14897229
14897277
14897903
14897957
14898057
14898139
14898143
14898463
14898714
14899036
14899348
14899511
14899656
14900183
14900520
14900992
14901149
14901311
14901381
14901466
14901534
14901961
14902147
14903364
14903725
14903955
14903964
14904078
14904106
14904336
14904734
14904806
14904904
14905137
14905257
14905435
14905494
14905719
14905797
14906771
14907027
14907328
14907382
14907651
14908284
14908491
14908615
14908993
14909296
14909588
14909720
14910549
14910631
14910877
14911190
14911317
14911537
14911682
14911732
14912240
14912462
14913400
14913526
14913840
14913938
14914215
14914451
14914524
14914692
14914829
14915195
14915217
14915304
14915354
14915686
14916160
14916372
14916608
14917250
14917266
14917413
14918012
14918447
14918572
14919173
14919225
14919420
14919594
14919758
14920214
14920448
14920736
14920807
14921038
14921432
14921437
14922129
14922865
14923013
14923307
14923846
14923963
14924248
14925455
14925680
14925767
14925795
14926408
14926603
14926630
14926923
14926992
14927019
14927132
14927419
14927506
14927543
14927820
14927882
14927951
14928394
14928398
14928771
14929118
14929160
14929364
14929485
14929820
14930102
14930364
14930500
14930624
14931236
14932406
14932509
14932605
14932611
14933200
14933239
14933314
14933493
14933994
14934182
14934368
14934407
14934671
14934745
14934834
14935154
14935601
14935683
14936319
14936325
14936512
14936575
14937018
14937539
14937673
14937864
14938083
14938175
14938614
14938980
14939396
14940318
14940712
14941034
14941308
14941351
14941648
14941778
14941813
14941889
14941993
14942497
14942528
14942746
14943285
14943414
14943435
14943533
14943682
14943941
14944078
14944211
14944723
14944914
14945196
14945206
14945287
14945728
14946429
14946537
14946677
14946678
14946711
14946827
14947238
14947814
14947958
14948042
14948066
14948510
14948796
14949091
14949241
14950069
14950141
14950642
14951147
14951225
14951247
14951813
14951867
14952007
14952386
14952899
14953295
14953488
14953643
14954047
14954370
14954474
14954564
14954856
14955137
14955635
14955678
14955722
14955780
14955934
14956088
14957006
14957205
14957237
14957666
14957885
14957923
14958249
14958437
14958701
14958945
14958964
14958977
14959011
14959103
14959429
14959557
14959660
14959981
14960158
14960426
14961149
14961393
14961508
14961601
14962391
14963252
14963339
14963526
14963826
14963966
14964864
14965353
14965355
14965404
14965598
14965798
14966128
14966598
14966681
14967085
14967560
14967795
14967950
14967952
14967984
14968058
14968367
14968796
14969336
14969478
14969507
14969728
14969782
14970502
14970861
14970983
14971179
14971670
14972032
14972041
14972552
14972660
14972684
14972912
14973211
14973501
14973561
14973718
14973806
14973913
14974421
14974422
14974462
14974482
14974677
14975236
14975252
14975382
14975499
14976029
14976688
14976858
14977156
14978493
14978701
14978840
14978994
14979297
14980077
14980928
14980938
14981148
14981750
14981917
14981945
14982033
14982203
14982230
14982393
14982546
14982812
14982946
14983012
14983037
14983296
14983347
14983479
14983510
14983711
14983839
14983867
14983927
14983947
14984534
14984674
14984885
14985052
14985264
14985272
14985784
14986003
14986015
14986112
14986197
14986453
14986556
14986641
14986671
14986860
14987501
14987631
14987744
14987787
14988263
14989120
14989540
14989810
14989963
14990042
14990375
14990836
14990978
14991982
14992167
14992893
14993225
14993367
14993518
14993797
14993819
14994348
14994378
14994784
14995354
14995569
14995587
14995601
14995635
14995683
14995742
14996017
14996034
14996468
14996826
14997035
14997664
14997806
14998051
14998467
14998612
14998662
14999327
14999447
15000184
15000301
15000571
15001140
15001492
15001721
15002095
15002156
15002190
15002326
15002551
15002637
15002965
15003561
15003726
15004360
15004431
15004713
15005123
15005167
15005203
15005241
15005357
15005635
15005643
15005664
15006378
15006508
15006575
15006638
15006673
15007051
15007148
15007540
15008187
15008549
15009055
15009128
15009518
15009523
15009614
15009936
15010094
15010491
15010628
15010816
15010869
15011829
15011888
15011949
15012514
15012640
15012790
15012827
15012925
15012992
15013510
15013545
15013704
15013980
15014917
15015019
15015300
15015341
15015385
15015595
15016290
15016338
15016394
15016562
15016872
15017061
15017350
15017695
15017890
15017983
15019512
15019835
15019868
15019920
15020595
15020662
15020674
15020839
15020901
15021056
15021085
15021451
15021508
15022149
15022987
15023040
15023067
15023153
15023212
15023308
15023907
15024503
15024523
15024975
15025410
15025525
15025784
15025833
15025968
15026102
15026196
15026310
15026350
15026442
15026822
15026834
15027674
15027928
15028083
15028159
15028219
15028685
15028776
15029124
15029629
15029802
15029956
15030578
15030854
15030863
15030954
15031414
15031429
15031652
15031751
15032419
15032455
15032643
15033200
15033472
15033635
15033989
15034039
15034057
15034115
15034183
15034272
15034605
15034640
15034720
15034758
15034847
15035566
15036109
15036753
15036959
15037295
15037355
15037415
15037927
15038331
15038357
15038469
15038566
15038643
15039311
15039513
15039704
15039779
15039906
15039957
15040021
15041127
15041253
15041273
15041511
15041555
15042510
15042766
15042998
15043031
15043599
15043608
15043722
15043878
15044003
15044222
15044782
15044972
15045337
15045627
15045845
15045888
15046206
15046244
15047182
15047558
15047917
15047948
15048251
15048525
15048560
15048734
15048735
15049743
15050034
15050100
15050121
15050383
15050456
15050626
15050775
15051500
15051607
15051792
15052059
15052093
15052212
15052215
15052437
15052602
15052719
15052860
15052890
15052940
15053059
15053165
15053480
15053714
15053753
15053967
15054263
15054478
15054585
15054621
15054788
15054931
15055214
15055217
15055467
15055887
15056055
15056166
15056389
15056502
15057658
15058352
15058403
15058409
15058798
15059154
15059198
15059342
15059730
15059822
15059990
15060170
15060467
15061048
15061602
15061721
15062194
15062336
15062535
15062599
15062838
15062857
15062869
15062891
15062954
15063611
15063843
15063878
15066075
15066348
15066368
15066656
15066696
15066738
15067030
15067147
15067223
15067298
15067437
15067750
15067800
15067955
15068019
15068608
15068626
15069152
15069396
15069425
15069714
15071115
15071142
15071228
15071338
15071737
15071796
15072146
15072210
15072629
15072802
15072869
15072955
15073218
15073415
15073438
15073542
15073552
15073596
15073601
15073972
15074203
15074730
15074758
15074870
15074917
15074928
15074995
15075491
15075606
15075687
15076427
15076487
15077407
15077788
15077889
15078981
15079014
15079344
15079375
15079735
15079882
15079919
15080053
15080132
15080179
15080354
15080391
15080948
15081273
15081404
15081408
15081968
15082076
15082447
15082485
15082737
15083681
15083686
15083817
15083831
15083960
15084171
15084467
15084629
15084656
15084783
15085040
15085427
15085679
15085744
15085874
15086281
15086411
15086502
15086882
15086943
15086973
15087476
15087670
15087956
15088029
15088313
15088385
15088938
15089296
15089496
15089960
15089999
15090174
15091071
15091576
15091680
15092067
15092096
15092099
15092240
15092409
15092429
15092500
15093196
15093202
15093389
15093636
15093759
15093848
15093895
15093922
15093937
15093943
15094282
15094585
15094735
15095036
15095384
15095418
15095547
15096436
15096688
15096965
15097027
15097422
15097898
15098175
15098237
15098870
15099036
15099081
15099411
15099492
15099958
15099998
15100088
15100300
15100373
15100473
15100504
15100623
15100711
15100839
15100849
15101005
15101362
15101614
15102052
15102091
15102272
15102347
15102511
15103430
15103755
15103997
15104000
15104507
15104582
15104661
15105598
15106298
15106358
15106618
15106622
15106916
15107161
15107272
15107534
15107566
15107627
15107739
15107828
15108138
15108215
15108365
15108953
15109191
15109344
15109614
15109685
15109910
15109979
15110353
15110690
15110771
15111465
15111682
15111760
15111931
15112548
15112714
15112741
15112787
15112906
15113406
15113410
15113627
15114326
15115070
15115417
15115544
15115598
15115696
15115870
15115990
15116005
15116200
15116287
15117118
15118004
15118070
15118113
15118242
15118258
15118328
15118371
15119258
15119349
15119402
15119505
15119589
15119668
15119972
15120171
15120372
15120819
15121004
15121520
15121597
15121633
15121698
15122881
15123043
15123174
15123251
15123417
15123458
15123615
15123686
15124079
15124165
15124529
15124862
15125232
15125339
15125612
15125726
15125729
15125854
15125855
15126527
15126798
15127064
15127223
15127475
15127615
15127617
15128302
15128539
15128567
15129171
15129186
15129353
15129573
15129596
15129676
15129836
15129928
15130064
15130177
15130467
15130523
15130981
15131114
15131164
15131260
15131744
15132177
15132243
15132721
15133550
15133866
15133918
15134088
15134595
15134605
15134623
15134973
15134975
15135090
15135286
15135467
15135909
15135913
15136521
15136613
15136623
15137246
15137316
15137766
15138040
15138128
15138325
15138753
15139005
15139591
15139863
15139929
15140309
15140475
15140555
15140641
15140642
15140837
15140891
15141234
15141270
15141310
15141314
15141646
15142070
15143054
15143277
15143526
15143564
15143634
15144178
15144926
15144975
15145090
15145166
15145188
15145718
15145744
15145774
15145917
15146242
15146316
15146480
15146871
15146874
15146929
15146976
15147329
15147396
15147765
15147973
15148284
15148350
15148761
15149379
15149467
15149550
15149931
15150147
15150238
15150342
15150770
15150777
15151207
15151313
15151431
15152033
15152187
15152328
15152385
15152603
15152608
15152847
15153090
15153151
15153156
15153465
15153963
15153998
15154167
15154276
15154320
15154404
15154529
15154718
15154880
15154888
15154910
15155793
15156567
15156909
15157012
15157150
15157516
15158053
15158124
15158239
15158359
15159071
15159187
15159274
15159346
15159362
15159600
15159795
15159878
15160109
15160216
15160287
15160744
15161457
15161596
15161818
15162017
15162288
15162452
15162566
15162703
15162845
15162852
15162879
15163009
15163251
15163413
15163715
15164253
15164783
15164921
15165135
15165451
15166313
15166427
15166467
15166595
15167365
15167386
15167477
15167478
15167532
15167653
15167669
15167793
15167894
15168435
15168810
15169315
15169367
15169427
15169570
15169593
15169651
15169902
15170538
15170666
15170720
15170820
15170839
15170880
15171070
15171285
15171305
15171546
15171754
15171797
15172024
15172093
15172371
15172682
15172862
15172870
15173008
15173330
15173772
15174139
15174534
15174594
15174619
15175103
15175664
15176303
15176776
15176782
15176800
15176817
15176968
15177014
15177533
15177630
15177655
15178393
15178905
15178932
15179028
15179077
15179740
15179791
15179934
15180215
15180338
15181040
15181512
15181891
15182003
15182013
15182302
15182416
15182496
15182519
15182608
15182969
15183056
15183213
15183284
15183395
15183508
15183912
15183974
15184148
15184389
15184824
15185349
15185932
15186125
15186381
15186603
15186660
15186705
15186980
15187027
15187034
15187142
15187286
15187299
15187929
15188591
15188760
15189082
15189372
15189449
15189568
15189675
15190183
15190184
15190466
15190561
15190733
15191110
15191173
15191281
15191404
15191422
15191484
15191522
15191621
15191906
15192342
15193108
15193405
15193434
15193869
15194023
15194213
15194365
15194628
15194637
15194709
15194850
15195121
15195189
15195202
15195695
15195853
15195922
15195981
15196022
15196100
15196489
15196515
15197076
15197348
15197503
15198078
15198555
15198585
15198824
15199132
15199328
15199434
15199577
15199620
15199635
15199639
15199768
15199944
15200076
15200186
15200305
15200996
15201448
15201612
15202098
15202545
15202948
15203061
15203065
15203096
15203109
15203421
15203659
15203778
15203783
15203884
15204086
15204238
15204249
15204284
15204580
15204706
15204974
15205010
15205123
15205270
15205805
15205856
15206472
15206743
15207185
15207572
15207699
15207786
15207841
15208774
15209378
15209512
15209844
15210143
15210405
15210587
15211256
15211257
15211438
15211524
15211728
15211761
15212168
15212517
15212612
15212713
15212922
15212994
15213402
15213425
15213448
15213478
15213671
15213824
15214232
15214267
15214374
15214706
15214905
15214918
15215238
15215308
15215417
15216027
15216076
15216156
15216447
15216521
15216635
15216866
15217030
15217139
15217153
15217280
15217598
15218284
15218554
15218733
15218979
15219234
15219236
15219871
15219968
15220199
15220404
15220414
15220491
15220543
15221023
15221046
15221154
15221203
15221619
15221736
15222031
15222095
15222653
15222927
15222975
15223004
15223352
15223652
15224078
15224197
15224239
15224363
15224519
15224774
15224840
15224986
15225028
15225040
15225226
15225396
15225491
15225868
15226143
15226282
15226382
15226559
15226739
15226843
15226869
15227047
15227139
15227713
15227967
15228023
15228105
15228314
15228455
15228571
15229029
15229315
15229433
15229590
15229691
15229789
15229830
15230073
15230342
15230375
15230416
15230644
15230793
15230811
15230827
15231165
15231295
15231814
15232007
15232215
15232270
15232464
15232798
15232991
15233139
15233586
15233893
15234202
15234310
15234334
15234610
15234805
15235078
15235153
15235234
15235417
15235454
15235611
15235711
15236097
15236338
15236582
15236658
15236707
15236925
15236935
15237070
15237252
15237535
15237641
15237827
15237833
15238026
15238068
15238178
15238322
15238351
15238628
15238768
15238942
15239501
15239637
15239721
15239978
15240455
15240530
15240644
15241297
15241515
15241691
15241934
15242121
15242349
15242501
15242614
15242641
15242714
15243000
15243128
15243656
15244117
15244267
15244306
15244334
15244375
15244414
15244507
15244559
15244765
15245700
15245766
15246507
15246787
15246862
15246989
15247040
15247082
15247404
15247679
15247710
15247765
15248082
15248362
15248408
15248593
15248939
15249308
15249450
15249607
15249624
15249685
15249780
15249790
15250228
15250239
15250421
15250517
15250583
15250913
15251066
15251195
15251196
15251277
15251481
15251671
15251712
15251826
15252285
15252436
15252796
15252933
15253039
15253042
15253090
15253363
15253436
15254061
15254642
15255079
15255271
15255369
15255518
15255602
15255655
15255703
15255754
15255824
15255883
15255898
15255910
15256317
15256416
15256794
15257653
15257704
15257769
15257989
15258117
15258266
15258292
15258660
15259022
15259032
15259060
15259200
15259285
15259781
15260197
15260269
15260591
15260653
15260767
15260892
15261332
15261543
15261644
15261685
15261760
15262007
15262036
15262554
15263002
15263125
15263150
15263178
15263234
15263363
15263971
15264007
15264300
15264398
15264455
15265188
15265572
15265582
15265815
15265886
15266150
15266247
15266400
15266699
15266991
15267102
15267138
15267361
15267686
15267836
15267976
15268139
15268142
15268173
15268258
15268411
15269093
15269360
15269493
15269533
15269557
15269903
15270178
15270299
15270828
15270989
15271058
15271402
15271549
15271832
15271887
15272155
15272515
15272628
15272809
15272964
15273125
15273345
15273412
15273944
15274017
15274056
15274298
15274344
15274425
15274606
15274988
15275035
15275157
15275347
15275606
15275838
15276379
15276428
15276737
15276985
15277508
15277729
15277749
15278042
15278092
15278562
15278667
15279029
15279399
15279439
15279493
15279637
15279662
15279960
15280033
15280334
15280480
15280762
15281379
15281414
15281703
15281761
15282183
15282395
15282418
15282426
15282472
15282548
15283109
15283239
15283454
15283589
15283597
15283699
15283806
15283853
15284897
15285339
15285397
15285736
15285740
15285963
15286119
15286319
15286699
15286922
15286988
15287643
15287781
15288156
15288298
15288639
15288751
15289022
15289314
15289428
15289445
15289573
15289986
15290479
15290611
15291006
15291017
15291224
15291423
15291444
15291466
15291537
15291875
15292043
15292268
15292480
15292889
15293208
15293290
15293841
15293908
15294076
15294907
15295246
15295294
15295314
15295415
15295462
15295608
15295662
15295686
15295749
15296488
15296611
15296696
15296849
15297257
15297327
15297602
15297605
15297808
15297917
15298149
15298242
15298921
15299047
15299670
15299733
15300042
15300073
15300485
15300601
15300677
15300791
15300807
15301113
15301169
15301262
15301785
15301883
15302101
15302296
15302404
15302539
15303289
15303331
15303439
15303725
15303809
15303814
15304181
15304307
15304468
15304957
15305107
15305163
15305408
15305490
15306391
15306410
15306418
15307030
15307142
15307249
15307639
15308199
15308238
15308254
15308515
15308765
15308822
15308928
15309155
15309497
15309770
15309807
15309809
15310260
15310316
15310626
15310796
15310855
15310866
15311104
15311529
15311837
15312378
15312517
15312895
15313325
15313422
15313534
15313644
15313737
15314216
15314293
15314504
15315230
15315594
15315597
15315601
15315923
15316003
15316321
15316325
15316358
15316359
15316646
15316727
15316846
15317050
15317131
15317250
15317536
15317704
15318271
15318407
15318650
15318815
15319051
15319374
15319390
15319423
15319518
15320017
15320324
15320363
15320539
15320976
15321572
15321805
15322418
15322450
15322485
15322707
15322914
15323330
15323378
15323468
15323713
15323914
15324065
15324070
15324164
15324251
15324654
15324803
15325233
15325452
15326103
15326203
15326635
15326753
15327100
15327235
15327401
15327678
15327753
15327815
15327867
15327879
15328476
15328571
15328929
15328949
15329449
15329454
15329490
15329615
15329964
15330037
15330123
15330817
15330862
15331135
15331519
15331580
15331730
15331744
15332536
15332721
15332769
15332824
15332911
15333297
15333388
15333444
15334951
15335041
15335155
15335645
15336146
15336437
15336474
15336477
15336932
15337066
15337159
15337177
15337210
15337550
15338019
15338176
15338289
15338373
15338477
15339079
15339084
15339182
15339313
15339793
15340005
15340815
15340852
15341098
15341197
15341298
15341378
15341444
15341834
15341978
15342031
15342119
15342168
15342591
15342962
15343140
15343217
15343493
15343642
15343757
15343811
15343817
15344019
15345293
15345374
15345439
15345559
15345628
15345643
15345708
15346147
15346241
15346478
15347054
15347251
15347314
15347374
15347605
15347704
15347846
15348052
15348310
15348851
15349890
15349979
15350550
15350578
15350619
15350643
15350745
15350923
15350948
15351342
15351520
15352111
15352226
15352353
15353285
15353829
15353881
15353967
15354146
15354524
15354642
15355021
15355092
15355247
15355345
15355360
15355637
15355732
15355875
15356185
15356221
15356246
15356808
15356953
15357026
15357036
15357124
15357952
15358072
15358154
15358497
15358543
15358667
15358896
15359242
15359445
15359790
15359839
15359917
15360061
15360151
15360183
15360601
15360612
15360708
15361097
15361344
15361801
15361966
15362118
15362478
15362503
15362803
15363862
15364051
15364258
15364314
15364970
15365168
15365277
15365346
15365505
15366565
15366673
15366970
15367201
15367573
15367592
15367911
15368172
15368189
15368544
15368818
15369202
15369205
15369418
15369534
15369702
15369703
15369763
15369831
15370564
15370659
15370784
15370786
15370985
15371056
15371443
15371455
15371580
15372035
15372091
15372640
15372966
15372994
15373155
15373575
15373996
15374127
15374248
15374457
15374499
15374541
15374718
15374859
15375344
15375359
15376368
15376404
15377009
15377128
15377212
15377219
15377340
15377727
15377743
15377977
15378190
15378464
15378795
15379164
15379427
15379535
15379603
15380595
15380669
15380777
15380880
15381152
15381512
15382105
15382408
15382445
15382717
15382783
15382872
15383285
15383520
15383589
15383607
15383655
15383742
15384601
15384753
15385250
15385314
15385359
15385520
15385786
15385959
15386045
15386667
15386783
15386889
15387048
15387154
15387847
15387856
15388173
15388362
15388534
15388791
15389089
15389197
15389294
15389446
15389755
15390311
15390604
15390706
15390987
15391051
15391082
15391137
15391233
15391341
15391399
15391639
15391894
15392341
15392706
15392873
15393095
15393441
15393525
15394186
15394272
15394616
15394733
15394740
15394751
15394874
15394881
15394982
15395062
15395190
15395454
15395506
15395871
15396068
15396285
15396772
15396866
15397835
15398240
15398526
15399246
15399808
15399847
15400372
15400651
15400654
15400792
15400930
15401206
15401269
15401567
15401605
15401694
15401836
15402227
15402313
15402360
15402441
15402823
15402872
15403308
15403419
15403739
15403886
15403969
15404487
15404567
15404647
15404776
15405246
15405573
15405717
15405901
15406048
15406177
15406214
15406489
15406771
15406952
15407217
15407381
15407479
15407653
15407886
15408031
15408581
15409313
15409330
15409369
15410508
15411181
15411212
15411307
15411697
15411718
15411765
15411836
15412185
15413143
15413198
15413465
15413712
15413908
15413985
15414004
15414396
15414531
15414657
15414951
15415011
15415270
15415372
15415754
15415840
15416157
15416258
15416478
15416631
15416932
15417477
15417576
15417577
15417606
15417620
15418016
15418143
15418295
15418335
15418809
15418999
15419261
15419358
15419513
15419624
15419747
15420744
15420805
15420918
15421026
15421414
15422071
15422443
15422583
15423751
15424428
15424485
15424705
15424756
15424770
15424941
15425130
15425282
15425403
15425623
15425656
15426217
15426643
15426685
15426725
15426731
15426875
15427316
15427392
15427544
15427762
15428136
15428744
15429010
15429077
15429153
15429177
15429421
15429561
15429855
15430329
15430398
15430523
15430651
15430830
15431010
15431047
15431062
15431589
15431951
15432064
15432169
15432234
15433545
15433893
15434394
15434461
15434618
15434965
15435256
15435509
15435515
15435738
15436022
15436053
15436340
15436425
15436587
15436668
15436729
15437615
15437733
15437891
15438122
15438450
15438539
15438691
15439288
15439437
15439549
15439755
15440045
15440264
15440710
15440878
15440969
15441794
15442336
15442496
15442768
15443150
15443436
15443692
15443819
15444515
15444661
15444749
15444825
15444991
15445033
15445270
15445314
15445334
15445349
15445485
15446448
15446498
15446551
15446555
15446627
15447458
15447485
15447694
15447879
15448532
15448767
15448911
15449265
15449934
15450035
15450276
15450580
15450729
15450970
15451602
15451855
15451863
15451925
15452551
15452897
15453081
15453263
15453420
15453774
15453869
15454106
15454134
15454140
15454227
15454563
15455082
15455179
15455334
15455675
15455727
15455861
15456084
15456201
15456222
15456239
15456246
15456689
15457413
15457633
15457660
15458021
15459005
15459062
15459411
15459422
15459429
15459522
15459722
15460071
15460340
15460425
15460479
15460801
15461653
15461729
15461932
15462078
15462683
15463372
15463642
15463647
15463723
15463968
15465229
15465500
15465850
15466042
15466071
15466075
15466098
15466123
15466181
15466512
15466815
15466957
15467184
15467266
15467848
15469031
15469154
15469258
15469423
15469432
15469843
15469894
15470405
15470529
15470553
15470779
15470796
15471013
15471770
15472094
15472389
15472439
15472611
15472727
15472997
15473018
15473311
15473614
15473991
15474712
15475153
15475421
15475579
15475665
15476121
15476244
15476263
15476292
15476297
15476657
15476874
15476895
15476973
15477002
15477887
15477920
15478284
15478970
15479175
15479219
15479233
15479337
15479398
15479487
15479689
15479904
15480272
15480379
15480506
15480515
15481058
15481190
15481571
15482039
15482163
15482182
15482337
15482449
15483294
15483637
15484175
15484232
15484238
15484749
15485239
15485554
15485984
15486433
15486474
15486535
15486678
15487098
15487471
15488352
15488363
15488683
15488944
15489089
15489105
15489206
15489222
15489300
15489331
15489834
15490489
15490829
15491168
15491556
15491616
15491683
15491763
15491973
15492325
15492766
15492817
15492888
15492943
15492961
15493533
15493817
15494158
15494858
15494904
15495058
15495132
15495722
15495744
15495795
15496181
15496470
15496717
15497116
15497336
15497627
15497960
15497985
15498268
15498610
15498840
15499357
15499452
15499541
15499961
15500006
15500141
15500918
15501367
15501625
15501717
15501774
15501816
15502060
15502175
15502198
15503000
15503345
15503381
15503473
15503873
15504158
15504506
15504713
15504910
15505062
15505545
15505739
15505951
15506864
15507051
15507401
15507501
15508094
15508737
15509196
15509427
15509686
15509817
15509882
15510072
15510172
15510333
15510617
15510786
15510960
15511195
15511261
15511532
15511647
15511802
15511835
15511862
15512180
15512205
15512438
15512581
15512583
15512800
15513663
15514364
15514736
15514854
15514939
15515180
15515364
15516085
15516312
15516517
15516519
15516672
15516874
15516900
15517015
15517686
15518071
15518110
15518187
15518252
15518610
15518829
15519550
15519636
15519784
15520081
15520454
15520729
15520874
15520882
15521261
15521271
15521315
15521418
15521439
15521575
15521868
15522516
15522969
15523017
15523413
15523676
15524003
15524338
15524636
15524659
15524940
15525248
15525682
15526173
15526393
15526755
15526939
15527876
15528528
15528589
15529363
15529671
15530683
15530707
15530770
15531058
15531305
15531420
15531421
15531494
15531792
15531896
15531903
15532396
15532567
15532616
15532875
15533014
15533022
15533233
15533410
15533559
15533687
15533823
15534108
15534295
15534560
15535124
15535172
15535909
15536199
15536683
15536930
15537305
15537487
15537522
15538077
15538184
15538454
15538799
15538804
15538810
15538925
15539002
15539096
15539343
15539687
15539831
15539899
15540255
15540832
15541134
15541659
15541767
15541786
15541885
15541934
15542086
15542218
15542245
15542854
15542892
15542932
15542989
15543611
15543902
15544507
15545675
15545843
15546645
15546844
15547174
15547354
15547544
15547672
15547708
15547719
15548185
15548240
15548446
15548915
15548992
15549632
15549643
15550171
15550569
15550933
15551106
15551467
15551560
15551864
15551999
15552278
15552434
15552961
15553045
15553181
15553295
15554381
15554398
15554553
15554772
15555518
15555700
15555891
15555922
15555962
15556055
15556175
15556237
15556876
15556892
15556940
15557232
15557624
15557645
15557803
15557974
15558394
15558507
15558527
15559264
15559275
15559481
15560037
15560105
15560127
15560494
15560528
15560660
15560869
15561502
15561610
15562108
15562598
15562753
15562885
15563304
15563995
15564085
15564246
15564386
15564951
15565073
15565450
15565586
15565587
15565711
15565854
15566000
15566021
15566142
15566682
15567041
15567174
15567387
15567466
15567900
15567978
15568407
15568847
15569088
15569781
15569929
15570353
15571063
15571263
15571420
15572005
15572101
15572565
15572727
15572732
15573336
15573660
15574009
15574072
15574100
15574315
15574463
15574498
15574683
15574821
15574867
15575585
15575668
15575769
15576605
15576880
15577289
15577361
15577723
15578943
15579150
15579172
15579299
15579303
15579516
15580026
15580188
15580259
15580373
15580507
15580597
15581051
15581360
15581916
15581921
15582343
15582609
15582707
15582836
15582867
15583839
15583973
15584322
15584465
15585009
15585092
15585233
15585368
15585573
15585962
15586112
15586180
15586234
15586373
15586452
15586579
15586797
15587701
15587809
15588115
15588703
15589153
15589204
15589629
15589682
15589932
15590195
15590214
15590679
15590989
15591106
15591124
15591231
15591293
15591335
15591399
15591773
15592341
15592467
15592677
15592699
15593820
15593901
15593912
15594568
15594847
15595281
15595505
15595776
15595877
15595984
15596424
15597559
15597901
15597997
15598138
15598650
15599079
15599216
15599340
15599457
15599609
15599633
15600680
15600886
15601625
15601639
15602044
15602125
15602312
15602420
15602810
15603303
15603337
15603722
15603740
15603886
15604303
15604797
15605050
15605270
15605410
15605614
15605751
15606462
15606546
15606800
15606908
15606962
15607291
15607474
15607842
15608801
15609080
15609103
15609225
15609444
15610072
15610105
15610369
15610763
15610876
15611122
15611337
15611476
15611676
15611802
15612708
15613048
15613075
15613505
15614457
15614924
15615874
15616123
15616252
15616418
15616537
15616551
15616595
15616635
15616704
15616811
15616941
15616972
15617137
15617241
15617790
15618318
15618336
15618806
15619128
15619422
15619748
15619923
15620627
15620681
15621083
15621147
15621200
15621279
15621346
15621355
15621798
15622227
15622438
15622610
15622624
15623454
15623775
15623894
15624742
15625093
15625178
15625300
15626059
15626108
15626369
15626488
15626721
15626948
15627078
15627170
15627758
15627898
15628562
15628672
15629680
15629902
15629960
15630171
15630614
15630746
15631294
15631405
15631468
15631609
15632115
15632157
15632313
15632601
15632730
15632961
15633327
15633618
15633873
15633911
15634618
15634971
15635023
15635152
15635180
15635560
15635648
15636578
15637690
15637716
15638003
15638006
15638278
15638308
15638334
15638338
15638777
15638783
15639014
15639121
15639984
15640005
15640299
15640815
15640877
15640967
15641174
15642005
15642824
15642902
15643151
15643325
15643872
15644008
15644072
15644113
15644294
15644376
15644633
15645124
15645228
15645801
15645882
15646276
15646286
15647003
15647164
15647335
15647766
15648004
15648182
15648223
15649150
15649372
15649453
15649770
15649777
15650126
15650284
15650868
15651017
15651173
15651238
15651294
15652070
15652355
15652539
15652579
15652656
15652962
15653668
15653733
15653761
15654093
15654304
15654581
15655631
15655703
15656037
15656524
15656640
15656873
15657957
15658775
15658968
15659132
15659201
15659487
15659915
15659953
15660178
15660717
15660769
15661031
15661107
15661426
15661473
15661558
15661960
15662202
15662295
15662405
15662420
15662643
15662959
15663483
15663486
15663663
15664030
15664407
15664648
15664853
15665101
15665426
15665659
15665749
15665980
15666076
15666283
15666833
15666980
15667713
15668026
15668216
15669218
15669592
15669671
15670203
15670295
15670324
15670344
15670571
15671056
15671272
15672006
15672219
15672408
15672444
15672690
15672764
15673051
15673139
15673450
15673604
15673837
15674500
15674528
15675457
15675569
15675931
15675942
15676101
15676273
15676764
15676823
15676851
15677439
15678035
15678381
15678970
15679813
15680086
15680145
15680349
15680356
15681106
15681579
15681834
15682168
15682285
15682429
15682589
15682880
15683340
15683424
15683744
15684110
15684165
15684457
15684633
15684731
15686132
15686201
15686439
15686458
15686628
15686863
15687139
15688069
15688237
15688318
15688380
15688711
15689073
15689101
15689351
15690514
15690654
15690931
15691088
15691118
15691258
15691575
15691749
15692018
15692175
15692312
15692768
15692869
15693150
15693813
15694147
15694163
15694442
15695383
15695424
15695566
15695604
15696045
15696158
15696347
15697050
15697226
15697861
15698257
15698953
15699737
15700359
15700623
15700732
15700780
15701051
15701146
15701343
15701373
15701399
15701562
15701596
15701692
15701710
15701992
15702331
15702519
15702964
15702993
15703854
15703874
15703988
15704859
15705882
15706191
15706303
15707206
15707750
15707840
15708036
15708218
15708367
15708587
15708722
15708807
15709513
15709734
15709937
15709957
15710044
15710151
15710262
15710512
15711248
15711293
15712400
15712538
15712603
15712686
15712728
15713241
15713921
15714164
15714194
15714586
15715398
15715494
15715691
15715720
15715850
15715894
15716135
15716624
15716806
15717222
15717241
15717390
15717954
15718067
15718190
15718195
15719337
15719421
15719497
15719521
15719985
15720310
15720650
15721444
15721498
15721583
15721636
15721661
15722645
15723279
15723363
15723845
15724179
15724336
15724396
15724458
15724695
15725934
15726092
15726317
15726822
15726913
15726998
15727119
15727211
15727649
15728018
15728485
15728543
15729199
15729275
15729876
15730069
15730155
15730389
15730665
15730917
15730947
15731391
15731527
15731602
15731853
15732200
15732375
15732480
15733011
15733087
15733258
15733677
15734853
15735081
15735186
15735242
15736276
15736414
15736601
15737724
15738507
15738566
15738729
15738817
15738940
15738970
15739177
15739899
15740180
15740271
15740318
15740972
15741152
15741303
15741886
15741931
15742002
15742048
15742149
15742150
15742600
15742673
15743219
15743455
15743498
15743678
15743925
15744389
15744413
15744857
15745333
15746027
15746241
15746639
15747044
15747148
15747208
15748302
15748630
15748754
15748938
15749213
15749302
15749912
15750285
15750655
15750769
15750836
15751014
15751277
15751307
15751560
15751681
15751754
15752122
15753047
15753553
15754354
15754369
15754452
15754497
15754798
15754805
15755003
15755229
15755275
15755305
15755888
15756526
15757968
15758030
15758041
15758571
15759224
15759928
15759997
15760115
15760643
15761608
15761622
15761700
15761758
15761890
15762000
15762084
15762085
15762186
15762326
15763265
15763964
15764050
15764804
15764870
15765004
15765735
15765896
15766190
15766238
15766462
15766658
15766881
15766898
15767198
15767624
15767989
15768093
15768316
15768933
15769721
15769893
15770231
15771006
15771092
15771796
15772528
15772773
15772957
15773121
15773266
15773505
15773587
15774216
15774331
15775283
15775568
15775689
15775712
15777078
15777163
15777534
15777624
15778039
15778145
15778160
15778469
15778479
15778667
15778754
15778837
15779334
15779736
15780140
15780155
15780470
15780514
15780604
15780862
15781066
15781070
15781225
15781388
15781644
15781815
15782511
15782908
15783506
15784593
15785262
15785365
15785478
15785742
15786173
15786587
15786920
15788106
15788129
15788259
15788676
15788719
15788764
15788769
15789203
15789450
15789676
15789734
15789896
15789954
15790559
15791011
15791145
15791347
15791915
15792011
15792806
15793158
15793356
15793520
15793564
15794430
15794594
15794835
15795066
15795141
15795624
15795884
15796221
15796244
15796915
15797430
15797501
15797579
15797714
15798201
15798551
15798786
15798863
15799020
15799058
15801332
15801689
15801704
15802005
15802374
15802757
15803035
15803121
15803772
15803796
15803828
15804145
15804286
15804793
15805346
15805365
15805366
15805662
15805882
15806136
15806594
15806812
15807137
15807469
15807474
15807590
15808228
15808376
15808582
15809474
15809624
15810227
15810432
15811372
15811753
15812008
15812567
15812637
15812652
15812667
15812721
15813124
15813205
15813238
15813747
15814150
15814207
15815163
15815522
15815751
15815997
15816051
15816196
15816569
15816913
15816988
15817401
15817700
15817770
15818010
15818510
15819168
15819784
15820115
15820168
15820337
15820368
15820376
15821130
15821766
15821856
15822319
15822988
15823222
15823398
15823430
15824052
15824569
15824665
15825035
15825094
15825542
15825659
15825899
15826158
15826226
15827420
15827442
15827640
15828520
15828655
15828787
15828842
15829053
15829804
15830705
15830773
15830820
15831282
15832079
15832249
15832299
15832443
15833092
15833209
15833348
15833821
15834586
15834805
15834969
15835298
15835448
15835471
15835550
15835614
15836586
15836611
15836707
15836975
15836988
15837045
15837435
15837563
15837629
15837828
15837999
15838185
15838607
15838958
15839443
15840722
15841317
15841603
15842595
15843165
15843306
15844258
15844543
15844585
15844766
15845224
15845372
15845776
15845822
15845853
15846092
15846732
15846959
15847009
15847044
15847702
15847740
15848215
15848285
15848917
15850623
15850749
15850998
15851273
15851280
15851392
15852077
15852478
15852551
15852636
15852778
15852844
15853344
15853826
15854244
15854629
15854645
15854966
15855070
15855114
15855467
15856177
15856698
15856873
15856956
15857171
15857766
15857809
15857823
15857910
15858105
15858484
15858564
15858730
15859425
15859793
15860176
15860592
15860706
15860790
15860811
15861792
15861955
15862109
15862165
15862379
15862526
15863255
15863436
15863636
15864951
15865501
15865815
15866009
15866197
15866629
15866761
15868140
15868264
15868276
15868341
15868413
15868994
15868996
15869259
15870508
15870509
15870826
15871694
15872122
15872628
15872733
15872827
15872887
15873355
15873765
15873956
15874412
15874496
15874680
15875012
15875104
15875156
15875819
15876154
15876561
15876637
15877037
15877075
15877235
15877238
15877290
15877757
15877907
15878176
15878429
15878731
15879098
15879256
15879698
15881435
15881678
15882240
15882693
15883249
15883536
15883603
15884525
15884636
15884777
15885133
15885245
15885353
15885640
15885658
15885718
15886415
15886546
15886728
15887057
15887401
15887427
15888164
15888255
15889047
15889483
15889742
15890295
15890636
15891055
15891226
15891757
15892259
15892641
15893112
15893143
15893422
15893490
15895084
15895266
15895419
15895447
15895965
15896262
15896271
15896348
15896833
15896872
15897486
15898214
15898242
15898327
15898808
15898966
15899021
15899749
15899820
15899874
15899964
15900022
15900235
15900584
15900754
15901064
15902046
15902291
15902407
15902663
15902701
15902874
15904417
15905128
15905618
15905664
15905803
15905971
15906121
15906545
15907196
15908219
15908261
15908379
15908463
15909164
15909238
15909289
15910230
15910253
15910851
15910972
15911729
15911826
15912361
15912930
15913017
15913060
15913353
15913429
15913573
15913984
15914702
15915135
15916027
15916059
15916100
15917958
15918043
15918071
15918159
15918223
15918739
15919056
15919063
15919584
15919590
15919662
15919880
15920005
15920025
15920041
15921167
15922082
15922493
15923220
15923766
15924397
15924728
15924833
15924943
15926091
15926985
15927014
15927398
15927534
15927551
15927682
15927740
15928242
15928358
15928822
15928867
15929007
15929060
15929197
15929351
15929658
15930058
15930276
15930357
15930381
15931090
15931533
15932273
15933112
15933382
15934589
15935270
15935300
15935403
15935638
15935885
15936290
15936747
15937057
15937208
15937330
15937887
15937975
15938007
15938028
15938158
15938335
15938978
15939098
15939194
15939870
15940228
15940278
15940430
15940526
15940669
15940805
15940997
15941448
15941453
15942057
15942639
15944315
15944454
15944548
15944929
15945593
15946025
15946229
15946354
15946742
15946802
15947030
15947596
15947722
15947775
15947864
15947924
15947976
15948064
15948362
15949559
15950145
15950368
15950371
15950761
15950971
15951497
15952674
15953122
15953228
15953232
15953317
15953382
15954058
15954292
15954422
15954690
15954697
15955211
15955294
15955464
15956186
15956613
15956990
15957471
15957986
15958878
15959246
15959600
15959819
15960391
15961009
15961149
15961452
15961811
15962954
15963830
15964123
15964589
15964598
15964923
15965013
15965271
15965399
15965451
15965717
15965923
15966535
15966804
15966824
15966965
15967409
15967508
15967979
15968181
15969009
15969308
15969417
15970224
15970719
15971301
15971375
15971451
15971462
15971470
15971915
15972283
15972381
15972459
15972921
15973090
15973478
15974400
15974675
15975202
15975312
15975509
15975904
15977341
15977490
15978180
15978838
15978874
15979238
15979246
15979346
15979637
15979795
15980671
15980857
15980914
15980923
15981374
15981537
15982208
15983330
15983380
15983626
15983688
15984192
15984221
15984649
15985615
15986494
15986848
15987103
15987148
15987187
15987367
15987387
15988532
15988716
15988822
15988844
15989812
15989885
15990628
15990654
15991426
15991592
15992007
15992152
15992437
15992613
15992682
15992695
15993725
15993775
15994090
15994669
15996197
15996346
15996514
15997009
15997154
15997546
15997607
15997753
15997818
15997821
15997886
15999001
15999489
15999954
16000172
16000658
16000992
16001245
16001466
16001929
16002151
16002157
16002263
16002317
16002507
16003562
16003706
16004354
16004399
16004699
16005121
16005473
16005734
16006333
16007248
16007487
16007645
16007943
16008444
16008453
16009133
16009788
16010209
16010987
16011308
16011834
16011943
16012033
16012139
16012629
16012954
16013266
16013714
16013770
16013898
16014063
16014098
16014775
16014814
16015544
16015789
16016461
16017770
16018038
16018142
16018241
16018678
16018707
16019388
16019597
16019652
16019899
16020018
16020919
16021468
16021874
16022195
16022261
16022462
16022867
16023608
16023648
16023743
16024245
16025105
16025892
16025972
16028327
16028469
16028742
16028767
16029375
16029407
16029643
16029739
16030487
16030503
16030750
16030761
16030967
16031016
16032046
16032468
16032595
16032817
16033267
16033804
16033808
16034215
16034623
16034939
16034970
16035081
16035319
16035464
16035638
16036256
16036683
16036937
16037272
16037508
16037621
16038250
16038309
16038460
16039438
16040278
16040551
16040668
16040864
16041139
16041319
16041892
16042198
16042601
16043806
16044612
16044742
16044999
16045156
16046059
16046126
16046175
16046544
16046616
16047617
16048043
16048462
16048664
16048730
16049099
16050775
16051101
16051109
16051160
16051206
16051209
16051699
16052747
16052918
16053698
16053769
16053864
16054054
16054252
16054462
16054542
16055031
16055177
16055261
16055318
16055977
16056267
16057038
16058122
16058253
16058394
16058785
16059320
16059544
16059603
16060037
16060160
16060659
16060936
16061606
16062457
16062973
16063087
16063616
16063822
16063970
16065104
16065508
16065581
16065719
16065895
16066189
16066767
16066949
16067195
16067529
16067618
16067736
16067982
16068408
16068644
16069228
16070092
16070614
16070738
16071205
16071525
16071602
16072171
16072371
16073792
16073796
16073888
16074194
16074279
16074309
16074408
16074777
16075476
16075951
16076096
16076612
16077205
16077463
16077531
16078067
16078441
16078805
16079066
16079422
16079513
16079677
16080859
16081574
16082004
16082018
16082645
16083165
16083178
16083209
16083774
16083790
16083889
16085737
16085878
16086662
16086738
16086958
16087251
16087548
16088313
16088486
16088557
16089600
16089976
16090459
16090829
16090843
16091916
16091998
16092295
16092445
16092863
16093463
16093558
16093694
16093727
16094100
16095143
16096162
16096547
16096905
16096939
16097176
16098117
16098203
16098221
16098256
16098467
16098589
16099561
16099605
16099690
16099701
16100488
16100580
16101134
16101732
16102224
16102512
16102665
16103316
16103713
16103760
16103766
16103923
16104299
16104687
16105226
16105537
16105994
16106442
16106675
16107649
16107724
16108127
16108731
16108939
16109680
16110065
16110195
16110243
16110434
16110510
16110959
16111021
16111281
16112878
16113827
16114108
16114143
16114384
16115948
16115997
16116323
16116706
16116880
16116936
16117197
16117625
16118025
16119297
16119546
16120170
16120991
16121269
16121410
16121464
16121586
16121723
16121814
16122060
16122199
16122393
16123261
16124253
16124390
16126034
16126347
16126506
16127071
16127104
16127138
16128345
16128386
16128524
16128540
16128608
16128730
16129183
16129863
16129927
16130485
16130492
16131853
16131862
16132977
16133033
16133201
16133289
16133365
16134210
16134436
16134952
16134961
16135805
16136032
16136610
16136973
16137125
16137632
16137825
16138352
16138577
16138650
16138829
16139075
16139310
16139490
16141298
16141383
16141386
16141988
16142661
16142718
16143209
16143331
16144523
16144655
16144925
16145982
16146680
16146807
16147296
16147801
16147827
16147961
16148144
16149475
16149650
16149661
16149817
16149869
16149894
16149897
16149901
16150220
16151084
16151213
16151223
16151531
16151586
16151697
16151979
16152742
16153999
16154411
16155357
16155478
16155700
16157293
16157450
16158204
16158765
16158960
16159272
16159808
16159977
16160255
16160424
16161288
16161403
16161509
16161543
16162293
16162544
16162595
16163101
16163983
16164693
16165171
16165297
16165852
16165939
16166497
16167116
16168200
16168260
16168480
16168649
16169039
16169116
16169875
16171186
16171228
16171476
16171519
16171700
16172109
16172886
16173778
16173874
16173966
16174496
16175995
16176156
16176262
16176434
16176605
16177485
16178051
16178141
16179150
16179193
16179351
16179491
16180126
16180249
16180422
16180918
16181377
16181399
16181465
16182439
16182981
16183335
16183622
16183654
16183782
16183859
16184069
16184118
16184802
16184879
16184985
16185757
16186421
16186982
16189055
16190003
16190358
16190364
16190603
16190690
16191063
16191142
16191417
16191903
16192534
16192670
16192900
16193454
16193479
16194148
16194344
16195571
16195755
16195775
16196801
16197220
16198642
16199027
16200003
16200302
16200790
16202052
16202108
16202139
16202661
16202673
16202887
16203924
16204048
16204168
16204231
16204536
16204597
16204674
16205280
16205539
16206112
16206118
16206596
16206972
16207324
16208119
16208241
16208910
16209242
16210127
16210250
16210628
16210640
16211048
16211147
16212036
16212968
16213390
16213414
16213841
16214498
16214551
16215069
16215579
16215990
16216322
16216509
16216787
16217269
16218078
16218116
16218409
16218435
16218997
16219533
16219725
16219997
16220811
16221222
16222793
16223334
16223605
16223828
16223959
16224148
16224157
16224624
16225051
16225627
16226160
16226553
16226667
16226727
16226780
16227461
16227500
16227634
16228934
16229272
16229729
16231018
16231130
16231642
16232273
16232381
16232587
16233189
16233373
16233541
16234624
16234673
16234879
16236827
16236952
16237576
16237617
16237666
16238770
16238853
16238927
16239706
16239865
16240200
16240701
16241081
16241196
16241302
16241473
16241638
16241911
16242233
16242360
16242855
16243224
16244307
16245989
16246205
16246472
16246637
16246761
16247414
16247611
16248005
16248175
16248231
16249362
16250037
16250535
16251546
16251978
16252314
16252473
16252732
16253185
16253637
16254218
16254564
16254891
16254916
16255172
16255287
16255376
16255936
16256212
16256247
16256732
16257069
16257288
16258687
16258795
16259500
16260171
16261547
16261684
16261936
16261990
16263875
16264283
16264345
16264827
16264856
16265007
16265038
16265580
16265734
16266161
16266746
16266937
16267620
16267997
16268145
16268773
16269299
16270124
16270344
16271922
16272309
16272455
16272800
16273230
16273569
16274075
16274240
16274426
16274466
16274870
16275323
16276255
16276404
16276774
16277085
16277339
16278215
16279639
16281341
16281379
16281825
16281829
16282594
16283212
16283553
16283811
16283883
16284061
16284167
16284496
16284809
16285083
16285248
16285389
16286067
16287423
16287599
16287647
16288136
16288179
16288249
16288261
16289921
16291473
16291728
16292400
16292511
16292662
16292729
16292884
16292948
16293158
16293162
16295356
16295537
16295688
16296019
16296197
16296258
16296511
16297085
16298639
16299001
16299196
16299635
16300082
16300143
16300786
16301187
16301432
16301482
16302904
16303368
16303884
16304203
16304278
16304979
16305187
16305254
16305878
16306617
16306830
16307321
16307832
16308783
16309422
16309683
16310189
16310323
16310516
16310898
16311005
16311541
16311934
16312543
16312932
16313558
16314749
16315968
16316341
16316543
16316749
16317730
16318006
16318119
16318427
16318952
16319680
16320401
16321100
16321256
16321304
16322020
16322659
16323099
16323265
16324343
16324707
16324757
16325071
16325303
16325852
16325952
16326721
16326763
16328033
16328349
16328355
16328365
16328435
16328554
16328670
16328941
16329690
16330379
16331419
16332173
16332691
16333193
16334031
16334496
16335198
16336729
16337316
16337412
16338405
16339134
16339481
16340270
16340366
16340380
16340442
16340509
16340800
16340815
16341396
16341530
16342773
16343257
16343600
16343866
16344159
16344641
16345083
16345375
16346539
16346566
16346958
16346961
16347258
16348339
16349116
16349432
16349442
16349496
16350144
16351843
16352533
16352857
16354064
16354180
16354567
16354876
16355005
16355232
16355388
16355962
16355970
16357211
16358559
16358613
16359219
16359503
16359636
16360574
16360854
16361240
16362085
16362451
16362911
16363375
16363514
16364560
16365271
16366187
16366197
16366367
16367011
16367927
16368177
16368558
16369085
16369933
16370277
16370367
16370385
16370473
16371175
16371492
16371572
16372155
16372714
16372789
16374580
16376551
16376675
16376719
16377351
16377832
16378005
16378323
16378606
16379002
16379608
16379694
16380315
16380491
16381379
16381907
16382398
16382807
16382992
16383093
16383123
16383227
16384093
16384948
16385147
16385621
16387313
16388236
16388628
16389181
16389910
16390233
16390720
16391400
16392025
16392647
16392711
16393324
16393806
16394141
16394987
16395182
16395267
16395595
16396282
16396902
16396979
16397684
16398225
16398355
16398784
16398809
16399508
16400745
16400909
16401318
16401439
16401696
16402119
16404136
16404851
16404929
16405315
16405418
16405588
16406151
16407220
16407294
16407555
16408372
16410350
16410475
16410944
16411287
16411400
16411868
16412368
16412922
16413009
16413626
16415253
16415278
16415288
16415635
16415850
16416527
16418395
16418882
16419415
16419833
16420224
16420304
16421694
16421876
16422640
16423158
16424176
16424927
16425528
16425724
16426159
16426224
16426556
16426963
16427344
16427618
16429901
16429921
16430124
16430666
16430813
16431608
16432880
16433517
16433654
16433808
16434559
16435340
16435639
16435988
16436641
16437231
16437431
16438426
16438444
16438888
16440093
16440879
16441043
16441773
16441814
16442047
16442396
16442794
16443656
16445230
16445834
16447471
16447492
16447872
16448355
16448419
16448895
16449043
16449054
16451195
16452131
16452358
16453035
16453334
16453408
16454978
16455164
16455563
16455851
16455954
16456138
16456208
16457786
16457921
16458645
16459600
16459720
16460970
16461034
16461530
16462276
16464247
16464274
16464718
16465038
16465667
16465692
16465693
16466252
16467493
16468596
16469006
16469801
16470029
16470115
16470722
16470970
16471173
16471506
16471564
16472525
16472623
16472914
16474131
16474569
16474883
16474907
16475175
16475515
16475994
16477633
16478754
16478902
16480354
16480767
16481300
16481607
16482198
16483353
16483521
16483868
16483956
16484382
16486692
16486858
16487108
16488873
16489342
16489592
16489624
16490096
16490393
16492371
16492666
16493709
16493828
16494082
16494380
16494429
16494985
16495985
16496016
16496599
16496867
16497020
16497154
16497492
16498536
16499812
16500072
16501473
16502778
16502954
16503229
16503310
16504340
16504997
16505982
16506419
16507096
16507467
16507851
16507989
16509235
16509240
16509258
16509981
16511603
16512008
16512670
16513341
16513716
16514029
16514429
16514589
16514634
16516850
16518587
16518714
16518798
16519473
16519508
16520457
16521007
16521202
16521260
16521421
16521851
16523906
16524352
16524676
16525299
16525491
16525615
16526634
16527351
16529800
16529807
16529948
16530098
16530784
16531435
16531802
16532251
16532643
16532893
16533718
16533774
16535773
16535856
16537087
16537217
16537890
16538123
16538754
16539102
16539362
16539414
16540647
16540732
16541741
16542350
16542369
16543043
16545467
16546758
16547188
16547698
16548808
16549079
16549653
16549662
16551484
16551957
16552152
16552523
16552577
16553731
16554098
16554709
16554835
16555683
16556001
16556534
16556617
16558183
16559671
16559780
16562068
16562394
16562704
16562735
16562928
16563351
16563761
16563875
16564071
16564719
16565162
16566530
16567308
16568129
16568817
16568882
16569526
16571168
16571835
16572004
16572509
16572946
16573286
16573711
16573825
16573895
16575931
16576075
16576287
16576483
16576703
16578348
16578953
16580722
16581486
16581915
16582055
16582067
16582184
16583971
16584692
16585659
16586111
16587024
16587440
16588136
16588175
16588748
16588875
16589415
16590219
16592582
16593210
16593889
16593933
16595350
16595741
16595930
16596030
16596035
16599009
16599105
16599881
16600386
16601140
16601824
16602900
16603802
16604272
16604971
16605873
16605923
16606368
16606642
16608117
16608662
16609124
16609964
16610367
16610371
16610909
16612282
16613029
16613635
16614996
16615156
16615980
16617476
16618260
16618558
16618874
16619348
16619746
16620032
16620268
16622203
16623028
16623665
16624727
16625782
16625790
16626035
16626360
16626415
16627394
16628660
16629669
16629851
16630075
16631780
16632295
16633387
16633893
16634257
16634845
16636557
16636565
16637397
16638017
16639045
16639302
16640473
16640730
16640912
16643526
16643605
16643679
16643792
16645189
16647066
16647131
16647712
16647849
16649857
16650425
16651167
16651658
16652377
16652522
16652553
16652648
16653313
16654280
16654846
16655959
16657142
16657286
16657609
16658594
16659723
16659747
16661369
16662187
16663816
16664297
16665512
16666055
16666287
16667306
16668648
16669054
16669247
16669309
16670220
16671499
16673478
16673662
16674989
16676004
16676675
16676689
16677064
16677129
16677935
16678466
16679136
16679223
16681169
16681774
16682171
16683973
16684383
16685500
16686135
16686388
16687148
16687891
16688608
16691842
16692673
16693318
16694096
16694113
16694393
16695163
16695485
16695568
16696665
16698498
16698745
16699797
16700111
16700222
16700540
16701528
16701928
16701996
16703579
16704785
16705223
16706443
16706445
16707071
16707159
16709192
16709669
16710459
16710660
16711194
16713859
16714383
16714565
16714818
16715488
16716009
16717840
16718571
16718660
16720707
16720918
16721515
16721625
16722094
16722307
16723933
16725308
16725337
16725706
16727569
16728748
16729059
16729084
16730558
16732146
16732450
16733424
16734566
16735217
16735288
16735721
16736621
16736721
16736911
16737082
16737878
16742297
16742408
16744192
16744313
16745172
16745229
16745344
16745573
16746258
16747053
16747410
16748914
16751684
16752250
16753365
16753505
16753636
16753959
16754934
16755509
16755575
16756646
16758184
16759480
16761541
16761638
16761831
16762200
16763271
16763653
16763979
16764285
16764522
16765798
16766470
16767589
16770991
16771484
16771759
16771860
16772097
16775246
16775816
16775866
16777257
16777313
16778907
16779204
16780322
16781668
16782812
16782877
16782889
16783845
16783997
16784775
16786471
16786816
16792831
16792935
16793058
16794097
16794946
16795274
16795395
16796105
16796263
16797618
16797622
16798007
16800699
16801582
16801951
16801979
16802208
16802710
16804194
16805453
16805705
16806624
16808932
16810929
16811111
16811624
16812034
16812668
16814213
16815268
16818175
16820354
16820970
16822038
16822923
16823006
16823520
16823630
16823768
16824383
16825213
16825434
16826689
16826821
16827722
16827883
16829576
16830388
16833215
16833529
16833779
16834542
16837298
16837300
16838624
16839572
16840297
16842078
16842759
16843956
16844049
16844837
16845657
16846247
16847139
16847804
16848414
16852231
16852422
16853102
16853702
16854298
16855226
16855510
16855785
16856910
16858395
16860787
16861155
16862865
16863560
16865313
16865315
16866036
16866278
16866830
16868574
16869677
16870815
16871982
16872004
16873425
16874212
16875627
16876102
16876866
16877950
16878449
16879798
16881363
16882430
16883185
16885712
16886089
16886876
16887670
16888197
16892533
16894781
16895218
16895260
16895350
16895582
16896493
16897694
16897788
16897901
16898454
16898787
16900054
16901496
16901643
16907231
16909034
16909194
16911238
16911411
16911478
16912414
16913953
16914155
16915660
16917444
16918919
16919317
16919877
16922122
16922737
16924663
16924946
16925638
16925935
16928190
16930697
16930776
16932295
16932878
16933184
16935484
16936109
16936382
16938094
16938354
16941875
16943546
16944026
16944046
16946337
16947008
16950308
16950610
16950964
16951175
16952884
16953088
16955195
16955744
16956131
16957064
16957710
16961046
16963057
16963990
16964323
16964541
16968952
16969292
16971082
16971136
16972405
16973114
16973176
16975396
16975923
16976150
16980090
16980372
16983639
16983828
16984675
16987389
16987692
16987806
16989329
16990435
16992959
16993057
16996260
16997082
16998300
16998392
16999847
17001162
17003005
17003706
17006234
17006830
17008490
17010121
17010263
17010316
17010886
17014584
17015094
17017910
17018640
17019570
17019930
17020736
17024000
17024038
17025828
17026451
17029222
17031234
17034040
17035414
17035694
17037907
17039682
17039935
17041406
17043266
17045856
17045887
17046291
17047944
17049843
17050091
17051614
17053034
17054531
17055118
17055408
17059731
17061069
17062422
17065294
17066249
17066738
17068062
17069167
17069408
17072685
17073944
17073988
17074385
17077206
17079969
17081596
17082706
17083653
17085334
17085884
17088411
17091219
17097712
17098421
17098687
17099001
17100121
17101658
17102260
17104752
17106630
17107663
17109483
17109834
17113583
17115117
17115458
17117056
17119067
17121285
17122561
17123265
17125854
17126472
17128028
17131112
17131521
17134636
17140086
17141381
17141488
17142312
17142702
17145788
17147836
17149459
17153463
17153718
17154964
17155666
17159891
17160591
17161014
17163858
17165307
17165489
17171183
17173447
17173892
17177794
17178131
17178231
17185663
17187414
17188018
17188415
17188849
17189872
17191400
17192620
17196363
17200400
17200967
17201429
17204066
17206056
17207549
17211094
17214528
17215330
17216363
17217742
17218512
17226975
17227944
17229492
17229759
17231953
17232345
17234475
17235312
17241644
17241689
17244342
17246099
17251002
17251620
17252150
17255516
17259258
17262390
17266002
17266649
17267026
17273120
17273421
17274151
17275648
17279769
17283014
17287082
17287083
17288877
17294018
17295519
17296150
17297799
17302336
17304262
17308534
17309903
17311287
17312540
17316438
17317204
17321388
17322170
17326306
17327563
17329171
17333130
17336024
17341056
17341993
17343992
17348264
17349477
17352036
17355863
17356250
17361010
17361765
17365918
17367026
17367115
17373544
17376221
17379108
17379884
17386696
17386920
17389349
17390061
17396613
17396822
17400641
17405314
17405956
17411924
17413958
17414155
17419790
17424593
17426256
17429364
17430766
17434917
17437356
17440101
17442850
17450429
17450912
17454215
17458187
17461666
17465276
17469955
17472005
17476617
17478653
17482608
17483740
17490887
17493337
17496873
17499359
17503321
17506737
17512790
17517995
17522063
17524775
17529801
17529863
17535858
17535858
17545437
17546097
17558978
17560454
17561702
17564120
17571892
17577794
17581701
17586267
17591471
17594658
17601405
17605259
17612414
17614666
17622321
17626795
17631531
17638917
17646062
17648840
17656028
17661681
17665370
17672398
17680344
17689782
17694245
17702005
17706498
17711681
17718079
17730395
17732599
17737832
17750872
17753152
17762812
17772493
17777513
17787807
17792258
17805190
17811842
17818733
17826913
17839636
17848989
17856526
17861484
17872258
17882440
17890706
17897029
17905364
17916442
17921800
17930682
17948952
17949559
17967853
17971587
17980213
