8792936
8820709
8824267
8845484
8865380
8884740
8910717
8933860
8948173
8970756
8982612
9006742
9016202
9045413
9047936
9063949
9083788
9098627
9121770
9139872
9148628
9167179
9188190
9205843
9222861
9235510
9250236
9257806
9276832
9301182
9305324
9319092
9331836
9348258
9363844
9381246
9393462
9406815
9423446
9438739
9448259
9457529
9480369
9483452
9500928
9515197
9521433
9531830
9550329
9562857
9574569
9583497
9595827
9604227
9614608
9626830
9637248
9638751
9658282
9660870
9666915
9672953
9697869
9697872
9700631
9712576
9729086
9732280
9735307
9744971
9749476
9749841
9752042
9770883
9776051
9776052
9780956
9788271
9789600
9804639
9804658
9817878
9822953
9840890
9842802
9854745
9857482
9875756
9877294
9879550
9893925
9897111
9901073
9917102
9924801
9936674
9944663
9961519
9965556
9980900
9988518
10004826
10020999
10025966
10040228
10045732
10064203
10077634
10087470
10103806
10112057
10123813
10145660
10157772
10165094
10184467
10194202
10215887
10224296
10238992
10247616
10267613
10278616
10292493
10313814
10326699
10347580
10359441
10382111
10393954
10407444
10423475
10441100
10457285
10477404
10487645
10501589
10534155
10542544
10570061
10582007
10592859
10622055
10640981
10665059
10668507
10684910
10716376
10733665
10749079
10778131
