1447898
1450441
1450541
1451453
1453226
1453354
1453953
1453994
1454143
1454247
1454360
1454726
1455086
1455284
1455638
1456475
1457589
1458286
1458358
1458500
1458612
1458716
1458747
1458860
1458887
1458946
1459030
1459113
1459123
1459133
1459329
1459364
1459493
1459611
1459620
1459697
1459712
1459804
1459888
1459910
1459945
1459984
1460007
1460031
1460145
1460148
1460309
1460438
1460677
1460899
1461651
1461724
1461773
1461858
1462106
1462141
1462198
1462279
1462317
1462672
1462700
1462717
1463339
1463356
1463359
1463373
1463387
1463407
1463426
1463497
1463544
1463635
1463816
1463919
1463922
1463946
1463948
1464031
1464119
1464134
1464249
1464253
1464320
1464331
1464368
1464398
1464463
1464503
1464527
1464660
1464675
1464693
1464800
1464857
1464869
1464987
1465022
1465027
1465037
1465166
1465366
1465376
1465378
1465385
1465558
1465687
1465732
1465776
1465795
1465824
1465835
1465836
1465964
1466108
1466120
1466186
1466233
1466257
1466321
1466386
1466389
1466537
1466538
1466555
1466593
1466720
1466723
1466739
1466769
1466771
1466783
1466833
1466836
1466874
1466893
1466897
1466926
1466938
1467062
1467086
1467091
1467106
1467119
1467150
1467165
1467170
1467173
1467177
1467215
1467249
1467251
1467259
1467263
1467296
1467305
1467322
1467336
1467342
1467459
1467551
1467613
1467666
1467683
1467708
1467743
1467753
1467796
1467819
1467861
1467893
1467918
1467921
1467935
1467939
1467951
1467970
1468024
1468052
1468089
1468136
1468155
1468160
1468183
1468185
1468269
1468274
1468330
1468339
1468350
1468394
1468426
1468453
1468522
1468542
1468597
1468680
1468726
1468764
1468786
1468821
1468863
1468868
1468885
1468916
1468924
1468958
1469019
1469027
1469074
1469105
1469117
1469151
1469177
1469180
1469183
1469242
1469269
1469341
1469392
1469435
1469462
1469463
1469542
1469570
1469632
1469673
1469689
1469753
1469765
1469772
1469790
1469835
1469838
1469853
1469964
1469998
1470006
1470126
1470135
1470218
1470276
1470348
1470399
1470437
1470500
1470515
1470578
1470610
1470618
1470619
1470624
1470627
1470628
1470632
1470644
1470653
1470657
1470670
1470677
1470687
1470718
1470731
1470748
1470753
1470771
1470792
1470800
1470806
1470812
1470830
1470852
1470857
1470887
1470895
1470923
1470935
1470964
1470966
1470967
1470968
1470974
1470982
1470995
1470998
1471042
1471052
1471054
1471055
1471090
1471115
1471117
1471126
1471141
1471153
1471155
1471171
1471179
1471200
1471202
1471207
1471217
1471227
1471230
1471232
1471249
1471256
1471264
1471287
1471313
1471325
1471328
1471333
1471337
1471349
1471355
1471363
1471366
1471373
1471381
1471383
1471391
1471419
1471440
1471470
1471477
1471493
1471494
1471503
1471504
1471596
1471604
1471615
1471631
1471639
1471652
1471654
1471661
1471662
1471677
1471694
1471721
1471728
1471730
1471731
1471740
1471761
1471774
1471785
1471789
1471824
1471826
1471830
1471838
1471846
1471857
1471883
1471886
1471907
1471917
1471926
1471939
1471943
1471947
1471955
1471956
1471962
1471963
1472005
1472022
1472023
1472031
1472038
1472041
1472050
1472052
1472053
1472064
1472072
1472091
1472094
1472104
1472107
1472127
1472128
1472160
1472170
1472175
1472213
1472233
1472235
1472249
1472282
1472284
1472286
1472289
1472293
1472307
1472309
1472319
1472345
1472353
1472358
1472394
1472402
1472408
1472417
1472427
1472428
1472446
1472451
1472489
1472498
1472499
1472509
1472519
1472539
1472557
1472572
1472576
1472588
1472626
1472640
1472672
1472697
1472716
1472741
1472752
1472777
1472800
1472806
1472814
1472823
1472826
1472832
1472838
1472856
1472882
1472902
1472948
1472983
1472998
1473006
1473040
1473043
1473048
1473052
1473103
1473112
1473187
1473217
1473231
1473246
1473288
1473290
1473296
1473301
1473316
1473380
1473381
1473398
1473412
1473421
1473432
1473444
1473454
1473469
1473483
1473497
1473498
1473558
1473584
1473595
1473615
1473628
1473636
1473638
1473647
1473658
1473660
1473683
1473758
1473785
1473786
1473804
1473861
1473901
1473904
1473909
1473969
1473973
1473975
1474033
1474041
1474042
1474043
1474044
1474049
1474060
1474087
1474088
1474116
1474142
1474159
1474166
1474176
1474193
1474199
1474205
1474220
1474226
1474254
1474300
1474301
1474371
1474406
1474442
1474447
1474449
1474466
1474469
1474550
1474591
1474617
1474643
1474647
1474692
1474725
1474734
1474756
1474761
1474767
1474778
1474785
1474818
1474840
1474864
1474868
1474870
1474876
1474878
1474885
1474887
1474907
1474930
1474933
1474984
1474994
1475009
1475024
1475040
1475041
1475082
1475139
1475146
1475190
1475194
1475234
1475286
1475296
1475303
1475345
1475359
1475364
1475371
1475379
1475380
1475389
1475404
1475449
1475463
1475466
1475467
1475477
1475485
1475516
1475526
1475544
1475548
1475607
1475653
1475725
1475727
1475770
1475786
1475819
1475858
1475907
1475956
1475998
1476005
1476017
1476060
1476086
1476103
1476104
1476131
1476157
1476161
1476166
1476186
1476194
1476196
1476202
1476204
1476215
1476220
1476223
1476225
1476229
1476235
1476236
1476253
1476290
1476306
1476329
1476335
1476336
1476358
1476367
1476377
1476383
1476405
1476422
1476430
1476431
1476466
1476476
1476481
1476487
1476514
1476529
1476533
1476544
1476561
1476571
1476580
1476613
1476643
1476644
1476659
1476668
1476669
1476684
1476706
1476715
1476729
1476766
1476808
1476847
1476850
1476862
1476865
1476866
1476871
1476881
1476882
1476884
1476888
1476895
1476915
1476919
1476947
1476948
1476960
1476964
1476986
1477012
1477044
1477064
1477070
1477078
1477087
1477117
1477121
1477123
1477134
1477158
1477178
1477181
1477185
1477223
1477249
1477260
1477286
1477288
1477299
1477301
1477301
1477318
1477328
1477329
1477335
1477347
1477363
1477378
1477379
1477391
1477394
1477415
1477440
1477443
1477464
1477480
1477492
1477527
1477538
1477554
1477572
1477588
1477596
1477602
1477606
1477607
1477608
1477612
1477616
1477630
1477633
1477639
1477663
1477666
1477669
1477712
1477718
1477764
1477767
1477788
1477791
1477806
1477812
1477826
1477832
1477858
1477890
1477892
1477905
1477909
1477913
1477915
1477917
1477948
1477950
1477965
1477973
1477981
1477988
1478003
1478009
1478034
1478037
1478040
1478082
1478084
1478088
1478108
1478121
1478127
1478135
1478138
1478139
1478143
1478159
1478176
1478177
1478179
1478182
1478191
1478197
1478198
1478203
1478209
1478211
1478215
1478220
1478235
1478252
1478262
1478269
1478309
1478314
1478327
1478336
1478340
1478347
1478351
1478354
1478383
1478391
1478423
1478436
1478441
1478443
1478448
1478453
1478454
1478462
1478484
1478520
1478523
1478525
1478526
1478561
1478581
1478622
1478624
1478639
1478652
1478662
1478675
1478683
1478697
1478700
1478704
1478722
1478729
1478734
1478738
1478744
1478754
1478756
1478762
1478779
1478783
1478791
1478793
1478802
1478804
1478816
1478819
1478828
1478829
1478835
1478853
1478855
1478857
1478858
1478859
1478882
1478883
1478885
1478894
1478895
1478896
1478912
1478915
1478922
1478933
1478939
1478952
1478960
1478975
1478989
1478995
1479001
1479022
1479023
1479030
1479051
1479064
1479082
1479096
1479097
1479102
1479105
1479114
1479119
1479120
1479128
1479156
1479157
1479158
1479164
1479176
1479181
1479186
1479192
1479195
1479197
1479203
1479206
1479209
1479210
1479218
1479223
1479227
1479237
1479252
1479253
1479266
1479279
1479283
1479295
1479304
1479305
1479309
1479311
1479312
1479322
1479324
1479330
1479351
1479363
1479379
1479398
1479400
1479401
1479404
1479415
1479423
1479425
1479432
1479449
1479456
1479462
1479466
1479470
1479498
1479504
1479517
1479543
1479558
1479567
1479572
1479574
1479629
1479631
1479635
1479674
1479691
1479697
1479701
1479706
1479725
1479728
1479739
1479741
1479742
1479754
1479759
1479766
1479809
1479811
1479815
1479824
1479826
1479827
1479840
1479863
1479866
1479879
1479884
1479896
1479901
1479902
1479905
1479906
1479915
1479922
1479941
1479942
1479956
1479966
1479979
1479989
1480000
1480011
1480014
1480045
1480050
1480062
1480067
1480082
1480088
1480090
1480092
1480110
1480114
1480135
1480139
1480157
1480159
1480160
1480171
1480200
1480205
1480228
1480231
1480252
1480264
1480271
1480274
1480281
1480287
1480290
1480307
1480328
1480330
1480353
1480357
1480360
1480362
1480388
1480391
1480411
1480417
1480419
1480421
1480426
1480429
1480430
1480434
1480435
1480437
1480439
1480442
1480463
1480468
1480470
1480490
1480508
1480519
1480521
1480522
1480537
1480545
1480561
1480568
1480587
1480590
1480596
1480599
1480630
1480647
1480650
1480664
1480674
1480686
1480694
1480703
1480721
1480722
1480735
1480742
1480747
1480749
1480759
1480767
1480775
1480784
1480810
1480826
1480862
1480875
1480887
1480891
1480894
1480910
1480911
1480923
1480924
1480929
1480956
1480959
1480965
1480980
1480981
1480985
1480990
1481014
1481019
1481023
1481039
1481059
1481071
1481078
1481095
1481110
1481157
1481160
1481164
1481172
1481181
1481190
1481193
1481224
1481227
1481232
1481236
1481238
1481240
1481241
1481242
1481243
1481263
1481271
1481272
1481273
1481276
1481278
1481294
1481298
1481307
1481317
1481320
1481323
1481327
1481337
1481338
1481340
1481341
1481352
1481362
1481365
1481371
1481375
1481379
1481384
1481387
1481400
1481401
1481404
1481406
1481410
1481412
1481417
1481426
1481443
1481445
1481447
1481458
1481475
1481484
1481485
1481489
1481495
1481512
1481519
1481521
1481522
1481525
1481526
1481537
1481545
1481547
1481552
1481554
1481560
1481564
1481569
1481571
1481576
1481577
1481578
1481587
1481594
1481609
1481617
1481621
1481623
1481624
1481625
1481634
1481637
1481640
1481651
1481687
1481688
1481700
1481726
1481729
1481734
1481746
1481751
1481766
1481781
1481796
1481813
1481826
1481827
1481834
1481846
1481847
1481848
1481852
1481853
1481856
1481858
1481862
1481871
1481873
1481877
1481902
1481906
1481908
1481922
1481924
1481933
1481949
1481954
1481958
1481969
1481972
1481980
1481982
1481991
1481998
1481999
1482001
1482013
1482019
1482020
1482021
1482022
1482028
1482032
1482038
1482054
1482065
1482086
1482087
1482088
1482092
1482100
1482105
1482108
1482126
1482138
1482145
1482148
1482161
1482171
1482174
1482183
1482186
1482214
1482223
1482224
1482225
1482241
1482248
1482257
1482258
1482263
1482274
1482277
1482279
1482281
1482290
1482296
1482307
1482308
1482323
1482329
1482330
1482334
1482340
1482347
1482350
1482363
1482369
1482373
1482387
1482392
1482394
1482410
1482411
1482416
1482420
1482426
1482430
1482438
1482444
1482445
1482446
1482451
1482454
1482457
1482459
1482471
1482472
1482481
1482485
1482488
1482499
1482503
1482515
1482517
1482523
1482524
1482525
1482538
1482540
1482541
1482544
1482562
1482563
1482564
1482568
1482573
1482575
1482580
1482583
1482584
1482592
1482615
1482617
1482637
1482653
1482655
1482658
1482665
1482675
1482680
1482691
1482697
1482702
1482705
1482738
1482745
1482750
1482751
1482752
1482759
1482761
1482773
1482810
1482821
1482823
1482827
1482834
1482843
1482846
1482847
1482848
1482854
1482867
1482868
1482883
1482886
1482887
1482900
1482902
1482904
1482905
1482924
1482938
1482944
1482951
1482954
1482957
1482958
1482966
1482969
1482975
1482976
1482977
1482985
1482994
1482996
1482998
1483002
1483005
1483011
1483016
1483021
1483022
1483023
1483031
1483039
1483044
1483057
1483058
1483060
1483066
1483077
1483082
1483098
1483102
1483118
1483139
1483143
1483144
1483153
1483157
1483174
1483197
1483198
1483199
1483209
1483228
1483230
1483233
1483257
1483268
1483273
1483294
1483303
1483306
1483307
1483309
1483320
1483338
1483347
1483358
1483363
1483381
1483388
1483391
1483394
1483401
1483408
1483415
1483420
1483429
1483433
1483439
1483442
1483444
1483459
1483461
1483465
1483470
1483479
1483490
1483500
1483504
1483505
1483508
1483519
1483534
1483543
1483544
1483551
1483560
1483568
1483572
1483576
1483579
1483588
1483598
1483629
1483630
1483634
1483640
1483652
1483658
1483661
1483664
1483670
1483678
1483679
1483685
1483693
1483694
1483696
1483698
1483699
1483700
1483701
1483704
1483721
1483724
1483725
1483728
1483735
1483738
1483744
1483747
1483754
1483756
1483761
1483764
1483766
1483774
1483778
1483814
1483816
1483818
1483828
1483853
1483859
1483866
1483879
1483924
1483929
1483937
1483951
1483953
1483962
1483968
1483991
1483992
1483999
1484014
1484025
1484033
1484039
1484042
1484043
1484045
1484050
1484053
1484060
1484066
1484069
1484071
1484079
1484089
1484093
1484100
1484101
1484105
1484113
1484122
1484123
1484126
1484146
1484151
1484155
1484158
1484207
1484214
1484227
1484229
1484230
1484244
1484249
1484252
1484258
1484259
1484264
1484270
1484271
1484284
1484298
1484299
1484305
1484309
1484322
1484324
1484329
1484335
1484345
1484355
1484365
1484366
1484369
1484374
1484375
1484377
1484389
1484391
1484395
1484415
1484416
1484418
1484421
1484423
1484425
1484444
1484449
1484468
1484470
1484477
1484482
1484499
1484505
1484512
1484523
1484541
1484551
1484554
1484559
1484560
1484566
1484578
1484582
1484591
1484602
1484604
1484612
1484634
1484635
1484636
1484639
1484661
1484662
1484663
1484679
1484686
1484698
1484703
1484732
1484733
1484741
1484745
1484748
1484753
1484766
1484776
1484787
1484791
1484807
1484812
1484813
1484815
1484826
1484829
1484830
1484840
1484862
1484868
1484872
1484873
1484890
1484893
1484906
1484926
1484937
1484939
1484941
1484951
1484952
1484956
1484989
1484992
1485006
1485018
1485035
1485040
1485043
1485056
1485058
1485067
1485069
1485072
1485074
1485077
1485089
1485090
1485095
1485096
1485113
1485117
1485123
1485130
1485146
1485156
1485160
1485171
1485173
1485178
1485181
1485183
1485198
1485205
1485214
1485215
1485234
1485247
1485262
1485268
1485299
1485304
1485326
1485364
1485372
1485377
1485392
1485401
1485403
1485405
1485422
1485438
1485442
1485455
1485509
1485516
1485517
1485518
1485520
1485528
1485534
1485546
1485552
1485554
1485557
1485566
1485567
1485571
1485572
1485579
1485580
1485593
1485608
1485615
1485618
1485622
1485625
1485627
1485640
1485657
1485670
1485681
1485708
1485714
1485725
1485726
1485744
1485745
1485769
1485770
1485784
1485790
1485793
1485797
1485800
1485801
1485805
1485812
1485822
1485834
1485852
1485853
1485857
1485867
1485872
1485880
1485885
1485901
1485909
1485914
1485916
1485932
1485943
1485953
1485958
1485977
1485984
1485985
1485996
1486003
1486005
1486009
1486010
1486013
1486015
1486035
1486051
1486060
1486067
1486076
1486116
1486126
1486135
1486159
1486175
1486178
1486180
1486188
1486191
1486202
1486203
1486234
1486238
1486248
1486249
1486254
1486259
1486268
1486305
1486306
1486307
1486310
1486314
1486324
1486327
1486336
1486357
1486362
1486379
1486383
1486390
1486391
1486424
1486426
1486432
1486442
1486456
1486477
1486479
1486483
1486485
1486487
1486504
1486505
1486521
1486541
1486543
1486546
1486548
1486555
1486575
1486587
1486593
1486596
1486605
1486619
1486631
1486633
1486641
1486644
1486646
1486650
1486654
1486665
1486666
1486667
1486678
1486681
1486687
1486690
1486711
1486722
1486732
1486736
1486742
1486751
1486759
1486765
1486767
1486768
1486771
1486778
1486780
1486784
1486785
1486789
1486802
1486803
1486812
1486824
1486833
1486836
1486839
1486844
1486854
1486857
1486867
1486870
1486878
1486879
1486881
1486890
1486892
1486897
1486899
1486902
1486904
1486906
1486907
1486908
1486910
1486919
1486939
1486948
1486949
1486955
1486962
1486968
1486968
1486972
1486991
1486994
1487000
1487001
1487003
1487004
1487009
1487010
1487016
1487020
1487022
1487028
1487043
1487047
1487048
1487053
1487058
1487061
1487074
1487077
1487083
1487086
1487088
1487092
1487107
1487125
1487128
1487136
1487137
1487142
1487147
1487150
1487157
1487166
1487175
1487180
1487184
1487189
1487192
1487210
1487213
1487214
1487215
1487221
1487242
1487250
1487257
1487271
1487277
1487279
1487281
1487298
1487312
1487313
1487316
1487320
1487321
1487334
1487340
1487344
1487347
1487352
1487356
1487359
1487361
1487371
1487375
1487377
1487378
1487385
1487391
1487392
1487394
1487397
1487398
1487430
1487432
1487437
1487442
1487447
1487449
1487453
1487454
1487455
1487456
1487457
1487482
1487501
1487503
1487508
1487517
1487525
1487529
1487539
1487543
1487545
1487546
1487550
1487555
1487603
1487607
1487610
1487615
1487622
1487630
1487639
1487642
1487643
1487671
1487677
1487678
1487683
1487693
1487695
1487708
1487710
1487711
1487730
1487735
1487745
1487749
1487752
1487757
1487759
1487772
1487774
1487777
1487779
1487782
1487794
1487795
1487800
1487801
1487803
1487805
1487810
1487813
1487822
1487829
1487830
1487831
1487845
1487850
1487854
1487857
1487859
1487860
1487873
1487884
1487887
1487890
1487896
1487903
1487911
1487921
1487922
1487926
1487930
1487931
1487933
1487935
1487943
1487957
1487961
1487967
1487969
1487974
1487991
1487992
1487993
1488007
1488014
1488020
1488021
1488033
1488040
1488043
1488044
1488052
1488061
1488064
1488077
1488081
1488086
1488088
1488089
1488099
1488112
1488121
1488127
1488132
1488144
1488146
1488148
1488151
1488158
1488166
1488171
1488180
1488181
1488183
1488187
1488189
1488192
1488202
1488217
1488237
1488247
1488264
1488272
1488283
1488284
1488289
1488303
1488306
1488324
1488325
1488345
1488347
1488353
1488374
1488381
1488384
1488391
1488403
1488412
1488414
1488416
1488420
1488427
1488429
1488442
1488448
1488452
1488456
1488459
1488461
1488470
1488475
1488480
1488481
1488488
1488500
1488505
1488509
1488513
1488515
1488516
1488517
1488528
1488536
1488541
1488549
1488561
1488562
1488575
1488577
1488580
1488589
1488594
1488595
1488604
1488605
1488609
1488619
1488620
1488621
1488624
1488625
1488632
1488640
1488654
1488655
1488660
1488662
1488663
1488674
1488675
1488679
1488680
1488708
1488729
1488735
1488749
1488755
1488761
1488764
1488777
1488790
1488807
1488808
1488812
1488818
1488819
1488821
1488824
1488827
1488828
1488829
1488834
1488838
1488843
1488845
1488853
1488857
1488858
1488860
1488874
1488875
1488884
1488886
1488892
1488909
1488916
1488920
1488925
1488927
1488930
1488935
1488937
1488939
1488941
1488944
1488954
1488964
1488966
1488977
1488981
1488984
1489001
1489006
1489025
1489027
1489030
1489037
1489038
1489039
1489044
1489048
1489051
1489080
1489083
1489093
1489094
1489095
1489100
1489110
1489112
1489114
1489116
1489119
1489123
1489124
1489126
1489152
1489159
1489168
1489172
1489189
1489194
1489199
1489202
1489205
1489208
1489214
1489216
1489219
1489233
1489236
1489238
1489243
1489246
1489249
1489254
1489255
1489260
1489266
1489267
1489268
1489271
1489277
1489282
1489286
1489288
1489303
1489307
1489308
1489311
1489313
1489317
1489331
1489340
1489344
1489367
1489369
1489376
1489377
1489380
1489384
1489388
1489392
1489400
1489401
1489420
1489421
1489422
1489423
1489430
1489432
1489450
1489462
1489467
1489471
1489473
1489477
1489483
1489488
1489489
1489506
1489507
1489510
1489516
1489533
1489535
1489552
1489560
1489568
1489592
1489594
1489597
1489600
1489604
1489619
1489626
1489627
1489633
1489635
1489642
1489644
1489655
1489656
1489659
1489661
1489666
1489672
1489683
1489685
1489688
1489695
1489699
1489700
1489702
1489706
1489707
1489712
1489716
1489727
1489731
1489745
1489756
1489760
1489764
1489773
1489776
1489777
1489787
1489791
1489798
1489811
1489813
1489819
1489832
1489845
1489848
1489850
1489862
1489863
1489865
1489874
1489877
1489878
1489881
1489885
1489905
1489907
1489913
1489916
1489925
1489934
1489940
1489940
1489943
1489946
1489948
1489949
1489970
1489972
1489973
1489986
1489987
1489991
1489993
1489995
1490006
1490011
1490015
1490021
1490023
1490025
1490029
1490037
1490045
1490046
1490060
1490068
1490069
1490072
1490082
1490087
1490089
1490093
1490094
1490113
1490119
1490128
1490138
1490145
1490150
1490152
1490153
1490164
1490167
1490169
1490170
1490171
1490176
1490181
1490187
1490188
1490190
1490191
1490200
1490205
1490215
1490216
1490220
1490221
1490225
1490231
1490234
1490249
1490253
1490260
1490264
1490266
1490267
1490279
1490282
1490288
1490289
1490291
1490297
1490301
1490306
1490310
1490317
1490323
1490325
1490326
1490327
1490337
1490339
1490344
1490351
1490355
1490356
1490361
1490363
1490368
1490371
1490375
1490376
1490377
1490386
1490413
1490430
1490438
1490438
1490445
1490460
1490472
1490477
1490479
1490489
1490490
1490492
1490500
1490512
1490515
1490518
1490523
1490524
1490526
1490535
1490541
1490543
1490547
1490548
1490560
1490569
1490590
1490591
1490599
1490600
1490601
1490602
1490610
1490611
1490618
1490631
1490638
1490642
1490648
1490650
1490672
1490678
1490682
1490689
1490693
1490708
1490711
1490718
1490720
1490721
1490727
1490731
1490741
1490755
1490758
1490761
1490768
1490769
1490772
1490774
1490796
1490801
1490812
1490839
1490849
1490853
1490857
1490867
1490873
1490878
1490881
1490889
1490893
1490896
1490900
1490902
1490904
1490906
1490920
1490925
1490926
1490937
1490941
1490947
1490950
1490953
1490960
1490960
1490963
1490965
1490969
1490972
1490980
1490981
1490983
1490993
1490996
1491004
1491006
1491009
1491015
1491016
1491025
1491029
1491031
1491032
1491037
1491038
1491039
1491044
1491050
1491058
1491072
1491078
1491083
1491084
1491101
1491107
1491114
1491121
1491133
1491146
1491147
1491150
1491153
1491156
1491161
1491165
1491168
1491172
1491177
1491178
1491185
1491201
1491202
1491206
1491208
1491216
1491222
1491225
1491226
1491227
1491228
1491238
1491241
1491245
1491254
1491255
1491267
1491268
1491271
1491274
1491290
1491291
1491299
1491321
1491322
1491326
1491331
1491339
1491361
1491366
1491368
1491371
1491379
1491380
1491384
1491396
1491397
1491398
1491415
1491421
1491423
1491424
1491437
1491439
1491446
1491447
1491456
1491463
1491467
1491468
1491473
1491474
1491479
1491484
1491494
1491499
1491511
1491518
1491526
1491542
1491544
1491547
1491548
1491550
1491560
1491562
1491569
1491576
1491578
1491580
1491606
1491607
1491613
1491614
1491625
1491635
1491642
1491644
1491650
1491656
1491664
1491672
1491675
1491680
1491681
1491683
1491699
1491708
1491720
1491722
1491726
1491729
1491732
1491746
1491747
1491760
1491788
1491790
1491802
1491812
1491813
1491823
1491825
1491829
1491837
1491839
1491841
1491843
1491846
1491849
1491864
1491868
1491873
1491885
1491894
1491919
1491920
1491927
1491930
1491935
1491949
1491954
1491964
1491965
1491980
1491989
1491992
1492014
1492019
1492026
1492027
1492028
1492032
1492040
1492042
1492052
1492054
1492057
1492066
1492067
1492075
1492079
1492083
1492085
1492097
1492105
1492117
1492119
1492121
1492127
1492129
1492130
1492133
1492150
1492152
1492163
1492164
1492173
1492181
1492184
1492197
1492199
1492212
1492217
1492246
1492249
1492254
1492257
1492261
1492264
1492270
1492281
1492282
1492285
1492291
1492292
1492300
1492303
1492309
1492312
1492315
1492319
1492323
1492338
1492343
1492344
1492351
1492352
1492362
1492363
1492383
1492388
1492396
1492405
1492406
1492410
1492429
1492434
1492447
1492462
1492471
1492482
1492498
1492499
1492510
1492511
1492513
1492518
1492524
1492527
1492530
1492531
1492539
1492551
1492552
1492556
1492557
1492573
1492579
1492592
1492595
1492598
1492599
1492600
1492605
1492608
1492610
1492615
1492620
1492623
1492624
1492627
1492629
1492642
1492645
1492650
1492661
1492664
1492672
1492676
1492677
1492678
1492689
1492699
1492700
1492703
1492711
1492718
1492719
1492722
1492726
1492731
1492736
1492746
1492759
1492771
1492775
1492792
1492797
1492824
1492831
1492833
1492835
1492837
1492839
1492842
1492846
1492848
1492864
1492867
1492868
1492870
1492872
1492880
1492884
1492887
1492888
1492895
1492897
1492904
1492909
1492912
1492918
1492925
1492927
1492941
1492944
1492953
1492961
1492964
1492980
1493001
1493004
1493013
1493018
1493021
1493022
1493033
1493037
1493039
1493043
1493046
1493048
1493049
1493050
1493053
1493058
1493060
1493062
1493069
1493074
1493078
1493082
1493085
1493095
1493099
1493101
1493103
1493104
1493111
1493121
1493126
1493128
1493136
1493142
1493143
1493153
1493163
1493165
1493170
1493173
1493190
1493199
1493209
1493210
1493218
1493223
1493233
1493241
1493244
1493245
1493254
1493255
1493267
1493276
1493304
1493322
1493326
1493327
1493329
1493335
1493344
1493354
1493362
1493378
1493396
1493398
1493406
1493410
1493413
1493416
1493419
1493425
1493433
1493437
1493440
1493441
1493450
1493454
1493468
1493481
1493485
1493486
1493498
1493501
1493507
1493516
1493521
1493538
1493545
1493546
1493547
1493551
1493561
1493567
1493574
1493582
1493595
1493600
1493602
1493603
1493609
1493638
1493643
1493659
1493661
1493668
1493669
1493675
1493677
1493679
1493687
1493690
1493691
1493698
1493701
1493703
1493705
1493706
1493707
1493711
1493719
1493721
1493722
1493734
1493735
1493736
1493741
1493743
1493746
1493759
1493765
1493768
1493769
1493776
1493777
1493780
1493796
1493801
1493804
1493805
1493806
1493818
1493820
1493825
1493832
1493833
1493834
1493836
1493849
1493853
1493865
1493867
1493872
1493875
1493887
1493899
1493900
1493905
1493907
1493921
1493927
1493929
1493939
1493942
1493953
1493961
1493967
1493973
1493978
1493992
1494004
1494010
1494015
1494016
1494018
1494025
1494027
1494032
1494058
1494064
1494068
1494074
1494076
1494081
1494085
1494088
1494098
1494107
1494108
1494109
1494112
1494113
1494121
1494122
1494123
1494129
1494140
1494149
1494156
1494159
1494161
1494177
1494181
1494182
1494212
1494216
1494222
1494229
1494233
1494234
1494243
1494247
1494249
1494253
1494256
1494259
1494261
1494262
1494272
1494276
1494277
1494279
1494286
1494297
1494328
1494336
1494339
1494344
1494350
1494355
1494356
1494365
1494373
1494381
1494385
1494390
1494394
1494397
1494399
1494400
1494401
1494411
1494422
1494424
1494436
1494445
1494461
1494464
1494469
1494478
1494485
1494487
1494502
1494504
1494507
1494510
1494511
1494514
1494535
1494536
1494549
1494567
1494573
1494575
1494577
1494591
1494593
1494596
1494600
1494611
1494615
1494616
1494619
1494626
1494629
1494643
1494647
1494648
1494654
1494659
1494669
1494674
1494684
1494692
1494703
1494709
1494721
1494739
1494742
1494743
1494745
1494748
1494749
1494750
1494757
1494759
1494761
1494764
1494767
1494768
1494770
1494771
1494774
1494792
1494794
1494796
1494802
1494808
1494809
1494823
1494838
1494841
1494847
1494848
1494850
1494852
1494854
1494855
1494861
1494865
1494867
1494868
1494885
1494890
1494908
1494914
1494919
1494921
1494928
1494932
1494937
1494938
1494942
1494943
1494949
1494959
1494965
1494971
1494978
1494981
1494985
1494990
1494993
1494997
1495000
1495003
1495012
1495014
1495015
1495023
1495025
1495029
1495045
1495053
1495055
1495066
1495069
1495073
1495076
1495083
1495086
1495095
1495101
1495103
1495106
1495118
1495120
1495125
1495135
1495149
1495152
1495158
1495160
1495162
1495164
1495169
1495172
1495175
1495188
1495196
1495198
1495225
1495246
1495250
1495252
1495263
1495282
1495286
1495287
1495298
1495300
1495302
1495320
1495338
1495340
1495343
1495381
1495382
1495395
1495408
1495412
1495414
1495416
1495421
1495442
1495443
1495469
1495487
1495494
1495495
1495500
1495503
1495515
1495518
1495519
1495521
1495522
1495558
1495559
1495561
1495566
1495572
1495591
1495594
1495598
1495607
1495614
1495621
1495624
1495626
1495627
1495628
1495629
1495633
1495636
1495649
1495650
1495653
1495654
1495670
1495673
1495682
1495685
1495716
1495720
1495728
1495736
1495747
1495763
1495769
1495770
1495775
1495782
1495791
1495792
1495793
1495794
1495809
1495813
1495816
1495817
1495819
1495821
1495836
1495839
1495846
1495868
1495870
1495872
1495882
1495884
1495892
1495894
1495907
1495912
1495952
1495959
1495962
1495985
1495991
1495995
1496003
1496015
1496025
1496029
1496035
1496044
1496045
1496048
1496056
1496057
1496059
1496061
1496062
1496069
1496080
1496089
1496090
1496093
1496100
1496104
1496107
1496112
1496115
1496129
1496130
1496146
1496161
1496163
1496173
1496187
1496190
1496192
1496200
1496202
1496207
1496209
1496210
1496211
1496218
1496220
1496221
1496233
1496239
1496240
1496252
1496256
1496258
1496268
1496271
1496277
1496281
1496286
1496288
1496292
1496313
1496321
1496327
1496329
1496331
1496374
1496383
1496391
1496392
1496398
1496422
1496423
1496430
1496435
1496445
1496447
1496450
1496456
1496459
1496460
1496472
1496474
1496489
1496495
1496499
1496506
1496524
1496527
1496533
1496534
1496555
1496559
1496563
1496570
1496580
1496594
1496598
1496600
1496601
1496613
1496621
1496626
1496628
1496643
1496646
1496651
1496660
1496662
1496673
1496688
1496707
1496713
1496720
1496724
1496727
1496733
1496737
1496744
1496757
1496759
1496764
1496766
1496768
1496788
1496803
1496804
1496807
1496812
1496813
1496839
1496842
1496847
1496857
1496876
1496881
1496889
1496895
1496907
1496911
1496916
1496928
1496932
1496936
1496938
1496948
1496967
1496968
1496976
1496997
1497000
1497007
1497011
1497066
1497067
1497068
1497071
1497074
1497086
1497093
1497103
1497105
1497111
1497113
1497118
1497119
1497133
1497137
1497154
1497156
1497157
1497158
1497159
1497162
1497166
1497169
1497172
1497184
1497187
1497191
1497193
1497198
1497202
1497207
1497217
1497219
1497236
1497239
1497240
1497241
1497243
1497247
1497248
1497259
1497266
1497278
1497279
1497280
1497285
1497286
1497296
1497299
1497303
1497309
1497323
1497327
1497336
1497349
1497356
1497372
1497376
1497379
1497382
1497400
1497409
1497410
1497417
1497423
1497430
1497431
1497440
1497443
1497445
1497446
1497454
1497457
1497458
1497465
1497472
1497473
1497474
1497498
1497503
1497509
1497520
1497524
1497525
1497527
1497539
1497545
1497558
1497582
1497589
1497600
1497609
1497610
1497622
1497630
1497636
1497642
1497649
1497656
1497657
1497665
1497668
1497671
1497672
1497682
1497692
1497694
1497695
1497706
1497713
1497717
1497726
1497729
1497737
1497744
1497746
1497763
1497765
1497767
1497773
1497791
1497803
1497811
1497813
1497819
1497820
1497822
1497832
1497837
1497839
1497844
1497847
1497848
1497851
1497853
1497873
1497905
1497917
1497920
1497928
1497932
1497933
1497935
1497941
1497942
1497945
1497974
1497986
1497987
1497990
1497992
1498007
1498009
1498017
1498020
1498021
1498033
1498036
1498039
1498043
1498052
1498061
1498070
1498076
1498081
1498083
1498088
1498089
1498090
1498094
1498103
1498107
1498110
1498125
1498131
1498141
1498152
1498163
1498169
1498170
1498184
1498192
1498207
1498228
1498233
1498237
1498250
1498251
1498253
1498255
1498258
1498262
1498263
1498268
1498269
1498289
1498296
1498297
1498308
1498310
1498311
1498315
1498339
1498345
1498348
1498353
1498360
1498366
1498367
1498376
1498381
1498389
1498390
1498393
1498422
1498428
1498438
1498446
1498447
1498461
1498466
1498467
1498478
1498480
1498482
1498485
1498499
1498500
1498510
1498511
1498516
1498524
1498536
1498542
1498545
1498554
1498562
1498570
1498572
1498576
1498581
1498589
1498595
1498602
1498609
1498613
1498619
1498622
1498630
1498646
1498650
1498655
1498659
1498665
1498666
1498672
1498684
1498694
1498697
1498698
1498708
1498719
1498722
1498731
1498734
1498753
1498762
1498775
1498784
1498788
1498792
1498809
1498811
1498816
1498826
1498829
1498832
1498834
1498843
1498850
1498869
1498877
1498880
1498883
1498895
1498900
1498901
1498915
1498918
1498933
1498939
1498950
1498952
1498954
1498958
1498966
1498967
1498970
1498971
1498985
1498991
1498995
1498996
1499001
1499023
1499041
1499060
1499064
1499066
1499088
1499095
1499110
1499115
1499124
1499130
1499136
1499139
1499145
1499152
1499159
1499177
1499182
1499188
1499193
1499201
1499207
1499212
1499218
1499222
1499231
1499235
1499246
1499247
1499249
1499268
1499276
1499278
1499280
1499290
1499295
1499300
1499314
1499316
1499333
1499349
1499353
1499361
1499366
1499373
1499384
1499385
1499407
1499409
1499426
1499433
1499441
1499450
1499455
1499469
1499473
1499475
1499482
1499498
1499505
1499506
1499511
1499514
1499532
1499540
1499541
1499547
1499555
1499580
1499582
1499589
1499592
1499596
1499604
1499605
1499626
1499628
1499629
1499639
1499641
1499650
1499652
1499663
1499665
1499682
1499689
1499692
1499698
1499707
1499723
1499729
1499733
1499735
1499741
1499745
1499747
1499749
1499769
1499770
1499783
1499792
1499804
1499813
1499814
1499817
1499820
1499842
1499843
1499846
1499871
1499887
1499901
1499902
1499905
1499914
1499918
1499922
1499925
1499940
1499949
1499953
1499961
1499963
1499969
1499976
1499983
1499990
1500014
1500019
1500030
1500033
1500036
1500042
1500052
1500080
1500086
1500093
1500094
1500099
1500102
1500108
1500109
1500126
1500140
1500152
1500161
1500163
1500221
1500247
1500253
1500266
1500270
1500275
1500282
1500283
1500296
1500304
1500312
1500315
1500321
1500326
1500327
1500330
1500335
1500352
1500377
1500378
1500396
1500405
1500413
1500417
1500421
1500429
1500440
1500445
1500446
1500448
1500453
1500462
1500474
1500483
1500501
1500503
1500508
1500537
1500547
1500549
1500556
1500559
1500564
1500592
1500594
1500606
1500610
1500621
1500630
1500632
1500636
1500639
1500648
1500665
1500669
1500686
1500712
1500720
1500729
1500730
1500735
1500739
1500754
1500775
1500787
1500791
1500819
1500838
1500849
1500853
1500871
1500886
1500888
1500891
1500896
1500906
1500925
1500926
1500929
1500933
1500935
1500941
1500945
1500958
1500964
1500965
1500969
1500979
1500980
1500984
1500986
1500998
1501006
1501007
1501025
1501027
1501032
1501040
1501043
1501069
1501071
1501073
1501084
1501089
1501098
1501100
1501112
1501139
1501149
1501173
1501181
1501199
1501244
1501246
1501252
1501256
1501257
1501263
1501265
1501274
1501291
1501296
1501301
1501303
1501320
1501322
1501332
1501336
1501340
1501354
1501357
1501372
1501373
1501375
1501378
1501386
1501391
1501395
1501419
1501428
1501432
1501453
1501466
1501476
1501490
1501498
1501501
1501507
1501529
1501537
1501556
1501566
1501575
1501577
1501581
1501589
1501599
1501625
1501634
1501637
1501639
1501662
1501675
1501679
1501706
1501720
1501734
1501735
1501742
1501743
1501747
1501763
1501771
1501778
1501794
1501802
1501819
1501820
1501844
1501854
1501897
1501920
1501921
1501933
1501934
1501942
1501960
1501962
1501974
1501978
1501980
1501984
1501999
1502003
1502004
1502005
1502025
1502031
1502032
1502064
1502077
1502088
1502090
1502123
1502128
1502140
1502147
1502150
1502163
1502164
1502167
1502187
1502201
1502204
1502215
1502234
1502236
1502239
1502242
1502244
1502245
1502247
1502248
1502263
1502270
1502276
1502304
1502308
1502314
1502324
1502330
1502334
1502391
1502416
1502417
1502432
1502439
1502456
1502468
1502469
1502473
1502497
1502505
1502508
1502511
1502520
1502525
1502535
1502539
1502541
1502549
1502571
1502588
1502590
1502597
1502609
1502618
1502619
1502627
1502634
1502652
1502660
1502675
1502676
1502695
1502703
1502714
1502724
1502727
1502773
1502775
1502781
1502789
1502792
1502800
1502848
1502865
1502871
1502881
1502887
1502914
1502915
1502923
1502924
1502925
1502926
1502929
1502935
1502938
1502954
1502970
1502983
1503009
1503011
1503017
1503022
1503031
1503032
1503050
1503067
1503070
1503078
1503080
1503089
1503123
1503127
1503131
1503145
1503153
1503159
1503195
1503211
1503213
1503248
1503344
1503412
1503423
1503435
1503439
1503442
1503454
1503478
1503479
1503509
1503510
1503513
1503515
1503533
1503547
1503556
1503577
1503619
1503642
1503646
1503649
1503710
1503730
1503760
1503765
1503800
1503817
1503832
1503834
1503836
1503842
1503851
1503875
1503890
1503892
1503895
1503925
1503932
1503982
1503988
1503991
1503994
1503995
1503996
1504016
1504028
1504035
1504070
1504078
1504081
1504093
1504127
1504131
1504137
1504139
1504163
1504177
1504179
1504256
1504261
1504281
1504302
1504313
1504323
1504328
1504332
1504333
1504358
1504363
1504414
1504445
1504453
1504464
1504467
1504476
1504485
1504574
1504586
1504589
1504602
1504604
1504654
1504699
1504725
1504735
1504757
1504763
1504767
1504777
1504787
1504801
1504876
1504889
1504903
1504932
1504942
1504955
1504959
1504980
1504981
1504998
1505003
1505006
1505035
1505059
1505069
1505110
1505112
1505132
1505137
1505146
1505151
1505165
1505195
1505210
1505220
1505222
1505225
1505250
1505260
1505265
1505296
1505306
1505309
1505342
1505346
1505369
1505396
1505403
1505417
1505439
1505443
1505459
1505460
1505462
1505468
1505485
1505493
1505494
1505519
1505535
1505542
1505563
1505569
1505622
1505630
1505640
1505645
1505692
1505718
1505737
1505738
1505748
1505772
1505832
1505848
1505859
1505867
1505872
1505875
1505881
1505888
1505904
1505909
1505913
1505934
1505958
1505985
1505994
1505998
1506001
1506005
1506025
1506027
1506034
1506041
1506059
1506065
1506080
1506087
1506115
1506134
1506136
1506137
1506153
1506164
1506165
1506184
1506215
1506219
1506221
1506234
1506235
1506239
1506250
1506264
1506317
1506383
1506694
1506702
1506789
1506864
1506980
1506993
1507017
1507036
1507051
1507085
1507108
1507118
1507140
1507176
1507201
1507230
1507252
1507255
1507262
1507267
1507275
1507315
1507339
1507386
1507419
1507522
1507539
1507560
1507578
1507627
1507638
1507677
1507682
1507765
1507784
1507872
1507903
1507935
1507938
1508006
1508010
1508016
1508019
1508062
1508071
1508075
1508082
1508108
1508111
1508113
1508218
1508236
1508247
1508260
1508302
1508335
1508335
1508450
1508546
1508553
1508622
1508636
1508646
1508659
1508670
1508674
1508677
1508701
1508732
1508768
1508801
1508843
1508933
1509001
1509034
1509134
1509152
1509173
1509194
1509234
1509269
1509276
1509419
1509499
1509518
1509526
1509554
1509561
1509570
1509574
1509603
1509643
1509655
1509686
1509728
1509732
1509772
1509810
1509833
1509852
1509879
1509905
1509913
1509934
1509988
1510064
1510103
1510105
1510116
1510128
1510136
1510160
1510182
1510183
1510207
1510211
1510224
1510262
1510320
1510342
1510404
1510430
1510431
1510450
1510451
1510454
1510466
1510498
1510502
1510525
1510533
1510539
1510562
1510574
1510594
1510623
1510649
1510660
1510662
1510699
1510765
1510772
1510775
1510802
1510842
1510866
1510869
1510945
1510948
1510981
1511035
1511041
1511063
1511072
1511097
1511099
1511117
1511128
1511143
1511156
1511158
1511171
1511197
1511198
1511207
1511238
1511257
1511292
1511404
1511420
1511443
1511472
1511474
1511493
1511505
1511725
1511761
1511781
1511819
1511882
1511891
1511891
1511930
1511936
1511954
1511973
1512009
1512102
1512154
1512230
1512251
1512265
1512306
1512318
1512387
1512388
1512396
1512478
1512495
1512516
1512543
1512593
1512644
1512815
1512838
1512853
1512903
1512971
1513032
1513046
1513051
1513111
1513138
1513163
1513207
1513260
1513381
1513388
1513399
1513421
1513472
1513603
1513680
1513715
1513746
1513794
1513885
1513963
1514001
1514026
1514121
1514182
1514264
1514272
1514328
1514377
1514467
1514487
1514536
1514542
1514548
1514668
1514742
1514765
1514962
1515024
1515420
1515423
1515607
1515685
1515900
1515952
1516164
1516219
1516220
1516233
1516264
1516288
1516695
1516761
1517035
1517312
1517315
1517536
1517562
1517598
1517636
1517728
1517752
1517757
1517840
1517929
1517937
1518044
1518273
1518847
1519538
1519850
1519930
1520206
1520325
1520351
1520692
1520757
1520780
1520783
1520897
1521771
1521986
1522032
1523003
1523674
1524149
1524812
1525326
1525880
1527022
1529798
1532170
