468
1300
1391
8422
13192
13738
14867
28751
32237
32451
32978
36380
39762
39877
40536
52521
53557
55796
56048
56510
58113
61016
65156
69116
74789
78450
87330
88943
96398
99912
100997
101345
102601
103602
104912
108496
109634
112109
115090
118893
122849
123609
130919
131548
132784
134666
138986
151041
164196
164445
173437
176193
187562
190569
196876
198979
202686
203418
208009
209250
214249
218999
222192
222880
228691
230753
242849
243066
246062
246840
250602
257252
264433
279749
295372
297889
298501
304373
305311
306859
309259
311011
316645
324151
325541
333086
334705
337349
340835
341369
342599
345171
345852
352944
354199
354553
356704
359219
365030
365066
365618
366223
369278
370096
374414
377435
377737
380044
385415
388461
388896
388922
389203
391166
393314
400107
404968
407133
408090
410068
410255
411578
412613
413337
414887
416607
423092
423118
423663
428467
431999
433123
435593
443196
443763
443847
443894
452116
455146
455170
456789
457422
467446
469290
470143
472248
479601
480866
481344
482821
490207
493863
497299
497350
497512
497744
502345
503431
503557
504030
506188
506225
514029
518244
524046
524904
528025
531733
534903
540415
542733
545292
545483
547697
548485
548556
548992
552129
561075
564271
573746
584495
586626
587332
591426
592194
594597
598643
603352
606029
617555
620002
620216
620477
625237
628482
629581
630847
633632
635472
636574
643673
644638
646510
646902
649586
660210
667906
674278
680277
680529
683681
684468
686572
686690
689278
695757
698347
699399
700383
700726
711754
712172
713812
719628
725982
728486
740567
745828
748732
750343
750537
751630
753039
753808
754177
757610
759185
766152
771514
773508
776031
779547
782237
786325
793333
797379
797650
801303
803630
803944
809204
810704
811822
814087
816670
817623
819553
820475
820611
821055
823356
823469
824025
826574
827404
830117
830866
831712
833687
833761
835912
837057
840624
840972
854265
856906
858202
861493
862219
866441
868726
871844
882081
885482
885541
885774
887217
890791
890883
892169
895301
895820
900029
905455
909251
912101
912664
913361
918632
918700
918997
922728
923009
926877
931218
931596
936294
936580
942062
949794
953776
955281
957945
961260
961286
963176
965628
965802
985651
991162
992499
992807
992870
994873
998588
999180
1003606
1005490
1010447
1011220
1011997
1021258
1025968
1027739
1030179
1032218
1035220
1036105
1040935
1043771
1052757
1055251
1058368
1064123
1068576
1075628
1076551
1077802
1078716
1079562
1086511
1089367
1091713
1092139
1092901
1093834
1099692
1102492
1104717
1112955
1115737
1120337
1121546
1130405
1134638
1136873
1149980
1150319
1151236
1153706
1158910
1160366
1161086
1170781
1172598
1173403
1177308
1177579
1178457
1179564
1181108
1184476
1185410
1198834
1200107
1203281
1203996
1205872
1215450
1219284
1219590
1221063
1222463
1222722
1222815
1230245
1234820
1236784
1243737
1244175
1246091
1246820
1247459
1262195
1263805
1267570
1267718
1268671
1274369
1275442
1280923
1281635
1287883
1288242
1291700
1292958
1300544
1303097
1307753
1309176
1310345
1313627
1317075
1326832
1332393
1339785
1340970
1341454
1341714
1343662
1351195
1352969
1356843
1360355
1362557
1364377
1366634
1367765
1367973
1368366
1376925
1377294
1377305
1381311
1385145
1390604
1392942
1395269
1396957
1399044
1401098
1402590
1403809
1406434
1408947
1413972
1417513
1419240
1421254
1421623
1426785
1428480
1430006
1431316
1436978
1438187
1440515
1445585
1446867
1447037
1451446
1451666
1457456
1460261
1461138
1462259
1463337
1466352
1466923
1471328
1475149
1475319
1479268
1479727
1491071
1492651
1492993
1494282
1501887
1502366
1502896
1511163
1513577
1522407
1523357
1523368
1525930
1530052
1536931
1537033
1537788
1538555
1540540
1542280
1542377
1550510
1551595
1552648
1555163
1567236
1573788
1574208
1574574
1576164
1577002
1578961
1580689
1581277
1582567
1583180
1587443
1588446
1589252
1592482
1592706
1593087
1594316
1595339
1595729
1596774
1598409
1606080
1607518
1607729
1608500
1617336
1619276
1621804
1627909
1629548
1648628
1650007
1651024
1652739
1654373
1655033
1658574
1659625
1663878
1664901
1667261
1669375
1673583
1673637
1689841
1694141
1695204
1695841
1700319
1701229
1704584
1705764
1710079
1713260
1713709
1717121
1720361
1728768
1731322
1732151
1732940
1733827
1741666
1744515
1744553
1751122
1759582
1762029
1764911
1765114
1765821
1768687
1773610
1776795
1778690
1785587
1786544
1790060
1795397
1797142
1802461
1803757
1814367
1814745
1814917
1815882
1816144
1818563
1818662
1823406
1825634
1825962
1837690
1839413
1844808
1850582
1853670
1856215
1858125
1859539
1864625
1864955
1868624
1868718
1872504
1874403
1874734
1875276
1876039
1885074
1888997
1889562
1892090
1894493
1894880
1900144
1906365
1909752
1911528
1912969
1915997
1916789
1921885
1922041
1926829
1927708
1930620
1931139
1931930
1935477
1939619
1944552
1948882
1949588
1951524
1954169
1954643
1957308
1958109
1959149
1978766
1979251
1980953
1983470
1985462
1985978
1997496
2000922
2004123
2021932
2022514
2023294
2028563
2028843
2030844
2031780
2044420
2047615
2051952
2057068
2060881
2061204
2062150
2064914
2065158
2069860
2074804
2078742
2080029
2087932
2093471
2094761
2095560
2111532
2119040
2122616
2127491
2135025
2135586
2136239
2139177
2141020
2141341
2151389
2151891
2153118
2156129
2159087
2160443
2161092
2163281
2164247
2168598
2174807
2177706
2178836
2179543
2185859
2187712
2188282
2188853
2190615
2194733
2198019
2204601
2208625
2215830
2215869
2220530
2224712
2226023
2230107
2230466
2237293
2245258
2251683
2251992
2252282
2252894
2252999
2260271
2261451
2264461
2269263
2269407
2274515
2275727
2275994
2277573
2279440
2280654
2284892
2284987
2287516
2297530
2300449
2305028
2305057
2308221
2308930
2310564
2322450
2331361
2337927
2349338
2350883
2359051
2360698
2361612
2361818
2362948
2363327
2365423
2367413
2369879
2373166
2373722
2374117
2374889
2376250
2387994
2400005
2406266
2410834
2411666
2412037
2414395
2417307
2417886
2419508
2421280
2427637
2427875
2427931
2428350
2434211
2434361
2434604
2436670
2438503
2438864
2439426
2440003
2441688
2443743
2448060
2460345
2467463
2467975
2469931
2474192
2475659
2477907
2481283
2485752
2492077
2493496
2494788
2497836
2509235
2513182
2516060
2521689
2526403
2528188
2531434
2531742
2532951
2535027
2538856
2540464
2541038
2542369
2544767
2552052
2552665
2556655
2559009
2563921
2577326
2578920
2579038
2580163
2586387
2591766
2593966
2599288
2605397
2605825
2606636
2606856
2609344
2612009
2612534
2616424
2627630
2636725
2636959
2638723
2645770
2650862
2652969
2655100
2656108
2657304
2658027
2661450
2661846
2662648
2668904
2670799
2671093
2673879
2674433
2675431
2683294
2683749
2684000
2685654
2691837
2693793
2695088
2704592
2705168
2709556
2709912
2711863
2715511
2717044
2721714
2723631
2728160
2732005
2733776
2738347
2738456
2740405
2742416
2754201
2759127
2766186
2769713
2771719
2772761
2774938
2776206
2777334
2781228
2781813
2784548
2787265
2788009
2789325
2789646
2790106
2792498
2793415
2793940
2795020
2795284
2798029
2799152
2800940
2802658
2805675
2807670
2808775
2809413
2811569
2813650
2820559
2822100
2822890
2825899
2828994
2832715
2835665
2838497
2843783
2856134
2856242
2856453
2856522
2860076
2862446
2867910
2868513
2871369
2877711
2879586
2880350
2881628
2885921
2886752
2887325
2887575
2890442
2893590
2895186
2896361
2897281
2899178
2903336
2906281
2908695
2909459
2910145
2917152
2920496
2924162
2937011
2943994
2944119
2947954
2949100
2955541
2962092
2964846
2965491
2977842
2981022
2982976
2988044
2989584
2990656
2994749
3002981
3010727
3012983
3013733
3018722
3018930
3019783
3022120
3022999
3025688
3028004
3028757
3029621
3034130
3038903
3043502
3044399
3047301
3056149
3060682
3063515
3073674
3074888
3086731
3092732
3094789
3095275
3104627
3105698
3109035
3112208
3113125
3115868
3117202
3118717
3118779
3122704
3127325
3130941
3137711
3138149
3139857
3140895
3146659
3148145
3153654
3160530
3161313
3161969
3165370
3165566
3182665
3192241
3194119
3194275
3198295
3199215
3201985
3204510
3207448
3211390
3218964
3219759
3220532
3221272
3224669
3225352
3225605
3226083
3227989
3231949
3232022
3233385
3237021
3239928
3240348
3242777
3245154
3248730
3254209
3260227
3260538
3261401
3263319
3263992
3278879
3280861
3281167
3283083
3283344
3289218
3292126
3293957
3295208
3295938
3300967
3305017
3308540
3313010
3313295
3323731
3332065
3332992
3344876
3347471
3350095
3355861
3363566
3367030
3370410
3371692
3378076
3378641
3384560
3391792
3393458
3396893
3405842
3406118
3408101
3413816
3416961
3418457
3425887
3427993
3430171
3433241
3434097
3442123
3443649
3450974
3454951
3459474
3462377
3463220
3464731
3467307
3469265
3482000
3487825
3494850
3501533
3506264
3506536
3509749
3513694
3515973
3516224
3516451
3517002
3519642
3520667
3521377
3529432
3531543
3531964
3544413
3558405
3558443
3559087
3565262
3572145
3574999
3575503
3576345
3579746
3589344
3590705
3592154
3593436
3594560
3601488
3606299
3617012
3620923
3621885
3634567
3639464
3640284
3641373
3644565
3646333
3648013
3652182
3655131
3665798
3667512
3667883
3672067
3675599
3677005
3683982
3692672
3695620
3704604
3709175
3715541
3718585
3721712
3726761
3728574
3728872
3738089
3738976
3751222
3760297
3768778
3770563
3774652
3775896
3776736
3777226
3777290
3778225
3780853
3782944
3784914
3791072
3796019
3797639
3799346
3801147
3801259
3810868
3812214
3812357
3813098
3813921
3816538
3819666
3820435
3822030
3824994
3829829
3831578
3832442
3832607
3836182
3836361
3846771
3849189
3850179
3851278
3851777
3852331
3853522
3858350
3858383
3867285
3870214
3870669
3877215
3877863
3882925
3883749
3886194
3888230
3891733
3892418
3892761
3893140
3908672
3909377
3909859
3912331
3913296
3915024
3918112
3919851
3926895
3926940
3929596
3931409
3932478
3935790
3941027
3945681
3950358
3951785
3954201
3957362
3958564
3961953
3962543
3963876
3970048
3971127
3972337
3973445
3974948
3977302
3981422
3983173
3984728
3991702
3992905
3997362
4005148
4017661
4020438
4020483
4023285
4024153
4025716
4029076
4030352
4032758
4035673
4040136
4043884
4046281
4046830
4049221
4051153
4051734
4068501
4072204
4076788
4080127
4086199
4088598
4092475
4095809
4097126
4098358
4099299
4106893
4107105
4108969
4110092
4112321
4113925
4114479
4117708
4119868
4120477
4121201
4126004
4127606
4133976
4135311
4135472
4137357
4139379
4140720
4146245
4148119
4148183
4148864
4153022
4154657
4155427
4159038
4167381
4175376
4179941
4192374
4192439
4195454
4198530
4199547
4200830
4200860
4203240
4203834
4209174
4214026
4214288
4222214
4225467
4226240
4228219
4229376
4230128
4230636
4234718
4237248
4239709
4247867
4247933
4255180
4256601
4257938
4264199
4265156
4265937
4265942
4270308
4271603
4273026
4275107
4287915
4289927
4292634
4292836
4293003
4294378
4294980
4299131
4303275
4303349
4304051
4305270
4309553
4309634
4310729
4313269
4313315
4315896
4322145
4323485
4325069
4326795
4328926
4334066
4334156
4336915
4341438
4341857
4342911
4343688
4344529
4345658
4347603
4349435
4350194
4352738
4355229
4356117
4365933
4367937
4374719
4378164
4378595
4384558
4386764
4386960
4387885
4388448
4388525
4391884
4399644
4401208
4404008
4406629
4407220
4407324
4411417
4412749
4416836
4416866
4425588
4430318
4430811
4431620
4433584
4436818
4444453
4447443
4459568
4462655
4462842
4465077
4466736
4468723
4472419
4476164
4476178
4484461
4485899
4487393
4496680
4506016
4506136
4506854
4511360
4512387
4515199
4519083
4521869
4521975
4529934
4530139
4531322
4537095
4537250
4540557
4542725
4547208
4548072
4548652
4548726
4549248
4550142
4553627
4556209
4563148
4565728
4567641
4568336
4568600
4569409
4584774
4584847
4586694
4586874
4595562
4595569
4597243
4600645
4603382
4612526
4614314
4615495
4617591
4618818
4619343
4621777
4622910
4623658
4627510
4628069
4629306
4629512
4630372
4631954
4633581
4633677
4643013
4644427
4652448
4658081
4662944
4663317
4663759
4668550
4670922
4679648
4683132
4683939
4686748
4688128
4688804
4690183
4692542
4695934
4699018
4704702
4704773
4705399
4706384
4718166
4719895
4720599
4722067
4722915
4728175
4729555
4730244
4740195
4742264
4744640
4744795
4746825
4747476
4753265
4753361
4753529
4758879
4759559
4761129
4762609
4768228
4769374
4776966
4792117
4792548
4793497
4798145
4798248
4800348
4802995
4804753
4805884
4806665
4809945
4812291
4815506
4817227
4817230
4819619
4823855
4824640
4825028
4831328
4832373
4844332
4852545
4854764
4859925
4863210
4864097
4865661
4877186
4877353
4886724
4889377
4890135
4898180
4901091
4905279
4910351
4914619
4916007
4921713
4925121
4925269
4925380
4927319
4927340
4929140
4929551
4930321
4932714
4941005
4942541
4951077
4951284
4954036
4957628
4962789
4963274
4969188
4970733
4973359
4978536
4984563
4990421
4992841
4993033
4994456
4995664
4995773
5001240
5001823
5002365
5004735
5013543
5020137
5021069
5028738
5028957
5030507
5032162
5035532
5035635
5036950
5038869
5047299
5048642
5055408
5055736
5056661
5056688
5062499
5065192
5065740
5066337
5072111
5077415
5078071
5083279
5085331
5091097
5092310
5093706
5095014
5099268
5102924
5103353
5108098
5111719
5112630
5113531
5116906
5117614
5119798
5123896
5127744
5130821
5143046
5151822
5152203
5158721
5159176
5165175
5168197
5169755
5171178
5172077
5173293
5174572
5176722
5176990
5177435
5180336
5183056
5191643
5193864
5194328
5194579
5195605
5195813
5197308
5199253
5199435
5201140
5210047
5212235
5216702
5217130
5227271
5230560
5237090
5238067
5238795
5242771
5257362
5270343
5271938
5273277
5276031
5280616
5289625
5289718
5290052
5292898
5295143
5297374
5299118
5303865
5306186
5310967
5311553
5313018
5316490
5317223
5318111
5321330
5325238
5327684
5331019
5332789
5338975
5343302
5343503
5349388
5361740
5361891
5367759
5369187
5371433
5371863
5378675
5382849
5383507
5391771
5392663
5395416
5397719
5399352
5400990
5404473
5417796
5420652
5420780
5429322
5430551
5434479
5434940
5435148
5435792
5436022
5440498
5441384
5453077
5455656
5467093
5469490
5469622
5472345
5473823
5473883
5478562
5479134
5484762
5486237
5487066
5489044
5489315
5489552
5492948
5496780
5497309
5499401
5503586
5507291
5507611
5507973
5511948
5513935
5517076
5519102
5525483
5525809
5528751
5532788
5536098
5536964
5538734
5541341
5542127
5544328
5545541
5549387
5551660
5552600
5554576
5559027
5563904
5570840
5572857
5573107
5577359
5581959
5586645
5587022
5589466
5591080
5592957
5594005
5594289
5595996
5600949
5601218
5603255
5607961
5608505
5608949
5616689
5617495
5619874
5621732
5623552
5624226
5626561
5628242
5635903
5637698
5644865
5645728
5650871
5653356
5654196
5654332
5654987
5661656
5661759
5663576
5673666
5673766
5674780
5682132
5685820
5686045
5686978
5690181
5691422
5694225
5694570
5696977
5697769
5710852
5712885
5716403
5723552
5723612
5736577
5740216
5742361
5743416
5744238
5746824
5750667
5751345
5759454
5761558
5765814
5772969
5774648
5782762
5783799
5788210
5792079
5797727
5797895
5801165
5801272
5805180
5806471
5807487
5810951
5818738
5821800
5829365
5832441
5835009
5835427
5837710
5838550
5846574
5848784
5853806
5857057
5863445
5865201
5868929
5869041
5871711
5873384
5874751
5888935
5889528
5889617
5889657
5889822
5891122
5897609
5899512
5902363
5914795
5922128
5927700
5929927
5933289
5936587
5939112
5946376
5949302
5950493
5952488
5957870
5965950
5965998
5967659
5968195
5970954
5973379
5986905
5988536
5994021
5994414
5999165
6000247
6004164
6008522
6014044
6014685
6019192
6023384
6026529
6028004
6029826
6031256
6036787
6039013
6044394
6044894
6047706
6049645
6049662
6049905
6056588
6058198
6060236
6062679
6065176
6068965
6081490
6085997
6089055
6089181
6093513
6099113
6100137
6110926
6112660
6114858
6116223
6121123
6121346
6129344
6134682
6146944
6147652
6149947
6153621
6154672
6156117
6157305
6157530
6158714
6159901
6161352
6162128
6162184
6163614
6163769
6172422
6174240
6176278
6179767
6186180
6192234
6192991
6193616
6203405
6204387
6205858
6208239
6220877
6224789
6230782
6231269
6231303
6232084
6235670
6239619
6244430
6246596
6247880
6252235
6253796
6259859
6260285
6261705
6263359
6266054
6268170
6271288
6271609
6273230
6278534
6282237
6283112
6292206
6295295
6295615
6296767
6298583
6305345
6306048
6308685
6319106
6319935
6322468
6325720
6332879
6333415
6335396
6338203
6339992
6340695
6346668
6348397
6355484
6356591
6356756
6357319
6360153
6366456
6367189
6370486
6370961
6375894
6376990
6385493
6387099
6391659
6393011
6394174
6395418
6396223
6396933
6399570
6400133
6401124
6404425
6405990
6407847
6414839
6416139
6418144
6422948
6423635
6427631
6428918
6431659
6433432
6436919
6441687
6443146
6445275
6448619
6453767
6458808
6460279
6462811
6463004
6464854
6469399
6470047
6471717
6476299
6483833
6488126
6488435
6492180
6494906
6495270
6500239
6521240
6521836
6530286
6536603
6537362
6537471
6539698
6556606
6560904
6560966
6563962
6579217
6583429
6589046
6593135
6593483
6596029
6597326
6597331
6599960
6601288
6602542
6609654
6610218
6612083
6614753
6614805
6616945
6621429
6624307
6627377
6629760
6635532
6635821
6637300
6639379
6647813
6651335
6653185
6653427
6654776
6655543
6656948
6657361
6657615
6661661
6662120
6667549
6670526
6671367
6671776
6672391
6676880
6677769
6682277
6682804
6683172
6688075
6689097
6691927
6693159
6696695
6698302
6699667
6700570
6701757
6713327
6719295
6720849
6722619
6724832
6728094
6730946
6732548
6734753
6736690
6739959
6742420
6743977
6747290
6748831
6753201
6753286
6756307
6760462
6768253
6770992
6778573
6781942
6782830
6783513
6787679
6792976
6797818
6802346
6804331
6804854
6806268
6808811
6809374
6811560
6812426
6813082
6814298
6815713
6815780
6817377
6823715
6826317
6838385
6840816
6841213
6843439
6845734
6848503
6849057
6851858
6852086
6852900
6855761
6858768
6859170
6859330
6859766
6863598
6864040
6865335
6866403
6867256
6874241
6876371
6878656
6885502
6885784
6890067
6891695
6893729
6895846
6897589
6901444
6909891
6910791
6911204
6927929
6930193
6933497
6936914
6937656
6942442
6945660
6946548
6946964
6947591
6952389
6961695
6963286
6966230
6966513
6971111
6977961
6979914
6984305
6984703
6984816
6984835
6986526
6986953
6988943
6993605
6999678
7007137
7013086
7017289
7019272
7023270
7024994
7033058
7036799
7036989
7037311
7042289
7044108
7048391
7049605
7050592
7051827
7056130
7056917
7058946
7059158
7060018
7066394
7067838
7068077
7070857
7077787
7080862
7082839
7090518
7090780
7091697
7093654
7093854
7093955
7096621
7104450
7105149
7109122
7112698
7115871
7116081
7118035
7118414
7121206
7121457
7122928
7129465
7129639
7130503
7131163
7137566
7138152
7139548
7140607
7140759
7144398
7147714
7150266
7150327
7162168
7163362
7164568
7166262
7168600
7170194
7171773
7173894
7174382
7175110
7184724
7186195
7188718
7191130
7198814
7202487
7206841
7213112
7213241
7213288
7218212
7223316
7223815
7224452
7224510
7226441
7227418
7229758
7233700
7246677
7250579
7251177
7251654
7253002
7258139
7261085
7263074
7267243
7274016
7274564
7275644
7280896
7281458
7281483
7283645
7284485
7286971
7289394
7289895
7292460
7298976
7300636
7318584
7321996
7324221
7325208
7327061
7331694
7335093
7337637
7340894
7342288
7350530
7352992
7357686
7359830
7362960
7370309
7371581
7375530
7377562
7379326
7380140
7381913
7382588
7383358
7384501
7389024
7391245
7392865
7397505
7401466
7407560
7407892
7410049
7410103
7410906
7412777
7413654
7413856
7414000
7416567
7416731
7418081
7418353
7419381
7421351
7427993
7433010
7433616
7437535
7437999
7439448
7439927
7442095
7447996
7452103
7453973
7458413
7467374
7467392
7467907
7468868
7469284
7482237
7483081
7486967
7491622
7495505
7495596
7498127
7500410
7501724
7506918
7511442
7513001
7524078
7525130
7526768
7528170
7528536
7533598
7534096
7534945
7535604
7536738
7537053
7537607
7547986
7555879
7560348
7562505
7564136
7576631
7580921
7581967
7582292
7584994
7589128
7591661
7598654
7599539
7602069
7603376
7604622
7607922
7609431
7616285
7620751
7625398
7628952
7629037
7629130
7630213
7632490
7636446
7645871
7658164
7660812
7661949
7663704
7665737
7666936
7670325
7672043
7678834
7681365
7681609
7681811
7686644
7689798
7695390
7705011
7718728
7718897
7720695
7730808
7731286
7737672
7738838
7739327
7748450
7748717
7749093
7750905
7755132
7758681
7760424
7763113
7764179
7765030
7768032
7771155
7771172
7771474
7775408
7778844
7786704
7790848
7795099
7799350
7801212
7803761
7813393
7813642
7817076
7819375
7819487
7820942
7824480
7836673
7843839
7847426
7847476
7848705
7858136
7858567
7861674
7862988
7866729
7866861
7869385
7869873
7878174
7883943
7884193
7884545
7886799
7898787
7908379
7911780
7914123
7916716
7920089
7921346
7923805
7928019
7929546
7936213
7938438
7939036
7944097
7946700
7947209
7949211
7960497
7960586
7960859
7962048
7962337
7964062
7970286
7971390
7971883
7976036
7977363
7978791
7978960
7986023
7991407
7999303
8005817
8008746
8011473
8012961
8013373
8017102
8022335
8029386
8032021
8033328
8037095
8037124
8038757
8042768
8043632
8043655
8044082
8045036
8046329
8047236
8048069
8056005
8059659
8059889
8060718
8063946
8066368
8069793
8072141
8072492
8072922
8078865
8083539
8084731
8087201
8088205
8090700
8090867
8092229
8096790
8101929
8102709
8116217
8116847
8120506
8121701
8128312
8129384
8130289
8130833
8131999
8132354
8137408
8141217
8149742
8152647
8153401
8154014
8154087
8154558
8157337
8166522
8167253
8168558
8169735
8178889
8180739
8188319
8191546
8192310
8197328
8197619
8199441
8209532
8212830
8213379
8228133
8231438
8236227
8238577
8250751
8252680
8253987
8255517
8257283
8259572
8262815
8263464
8266373
8270095
8275511
8276830
8284283
8284521
8292316
8292977
8293408
8295340
8298561
8303904
8305137
8306619
8309495
8310665
8325651
8326551
8328152
8329522
8332760
8334809
8335820
8337467
8338988
8344703
8347601
8349456
8350226
8364109
8372533
8374740
8376076
8377850
8377992
8379350
8383025
8390842
8391913
8394202
8394990
8396881
8397999
8398514
8402528
8414617
8415480
8415724
8417611
8417946
8418194
8420021
8423474
8426685
8426791
8439885
8443579
8444455
8451499
8453184
8457465
8458848
8459204
8475015
8477843
8478834
8480407
8488492
8495231
8496996
8497272
8498290
8503900
8504967
8507561
8510437
8513463
8523698
8524516
8525797
8537473
8543976
8545407
8552600
8558392
8564503
8565725
8569046
8572249
8573212
8574479
8579161
8584299
8584686
8585490
8588197
8588546
8589366
8593659
8593670
8597545
8601816
8603234
8604447
8609647
8613718
8613981
8616736
8620948
8622696
8630374
8631222
8632549
8636882
8638056
8638753
8642652
8643628
8646282
8648292
8649147
8653176
8658442
8658866
8660577
8666263
8667093
8667330
8668374
8669200
8669583
8673199
8681222
8682835
8684208
8687862
8689943
8696941
8702710
8704450
8711764
8714624
8718794
8720091
8723066
8726777
8727707
8729661
8730327
8738176
8747377
8748023
8749630
8751395
8763191
8767696
8768817
8776723
8777156
8779790
8780209
8786387
8789610
8791472
8791495
8792269
8795826
8795839
8801423
8801426
8802435
8803905
8810361
8813145
8816883
8817088
8829442
8831618
8831922
8835560
8839642
8842437
8854841
8856332
8856420
8856635
8858454
8860801
8861201
8862738
8866056
8866953
8869852
8870200
8872583
8881100
8884086
8885016
8888492
8889241
8889717
8897010
8897141
8898162
8902671
8908862
8911629
8914593
8915472
8917892
8918901
8924580
8928046
8931541
8932424
8935258
8938762
8943847
8944858
8946630
8950241
8951295
8952078
8958455
8958835
8970503
8973610
8976517
8978191
8978654
8980027
8980461
8983809
8989528
8990610
9003840
9004168
9009130
9012354
9013465
9014314
9018083
9035374
9037152
9045562
9045724
9050657
9051939
9052119
9055225
9058310
9061022
9061117
9065099
9065652
9068907
9074001
9074119
9075565
9080544
9087108
9089913
9091779
9093092
9095025
9099827
9102923
9107178
9107739
9109345
9109480
9111334
9112117
9114629
9117892
9117927
9122491
9123026
9128026
9129426
9130870
9131346
9132006
9139147
9139778
9141538
9143390
9154943
9155568
9164350
9167270
9174172
9175145
9177446
9179561
9181095
9185134
9185567
9185608
9189582
9189836
9194759
9197590
9204952
9209780
9210533
9210881
9213243
9222452
9230896
9235818
9239655
9242396
9251742
9253885
9253997
9266658
9269442
9275223
9276411
9281942
9290368
9294090
9300787
9306839
9311537
9317102
9317820
9318857
9320274
9323036
9323364
9323727
9328303
9328490
9329677
9330498
9334689
9336561
9336933
9337761
9338175
9342746
9346105
9351831
9354194
9360399
9364988
9365282
9371909
9374788
9381814
9392692
9393557
9396449
9396910
9397269
9402538
9404189
9407782
9408819
9414771
9418495
9423706
9424253
9428145
9432303
9440194
9447894
9451146
9454721
9465727
9466299
9468584
9477265
9485739
9486079
9490151
9490372
9490846
9492408
9497204
9508624
9508751
9511765
9514666
9518681
9519399
9527535
9528447
9529240
9531901
9532632
9544234
9544602
9548660
9552079
9556285
9557405
9558800
9559446
9564205
9565413
9567938
9569803
9570999
9575396
9579899
9589280
9591233
9592218
9593784
9601952
9603557
9609551
9609657
9610204
9611231
9612070
9613370
9622694
9635326
9635928
9637505
9637674
9642792
9644898
9647746
9647926
9654211
9658342
9659848
9661441
9662648
9664861
9668435
9669313
9671186
9672929
9674189
9674348
9677135
9679851
9687690
9688831
9689402
9693846
9695107
9695396
9707879
9709375
9711313
9715854
9719601
9721751
9726095
9727945
9731220
9731948
9733396
9734048
9735897
9738770
9739307
9739610
9740142
9741432
9741976
9747561
9747898
9749433
9750269
9750731
9752102
9756885
9764632
9771454
9771816
9774035
9774542
9776844
9781366
9785460
9785711
9786257
9787668
9790022
9790456
9791111
9794973
9799112
9799114
9800796
9810977
9818757
9820750
9822977
9823297
9823906
9825840
9828867
9830422
9831730
9832212
9835546
9838623
9838774
9839177
9845898
9852761
9852908
9855493
9864548
9865303
9867488
9868662
9870043
9873869
9878161
9878857
9879009
9902802
9904584
9906737
9910046
9912552
9913173
9918462
9918968
9919227
9919598
9927982
9929270
9930315
9930730
9934547
9935097
9941999
9944558
9944853
9948298
9950058
9956261
9962507
9964653
9971485
9973848
9978714
9982710
9983359
9984310
9984479
9992728
9995946
9997830
10002510
10002598
10006678
10006968
10007043
10007848
10017333
10017391
10022314
10023533
10024330
10024949
10027947
10032798
10034146
10036178
10037773
10038904
10045004
10050129
10053502
10057894
10058468
10063187
10070694
10076881
10078007
10078451
10079357
10082469
10085164
10091805
10092738
10096000
10097441
10100858
10103914
10106688
10107565
10109798
10110026
10117481
10127916
10127958
10129586
10130155
10131140
10139982
10142880
10144357
10145916
10147669
10148353
10151328
10152356
10153470
10155656
10157718
10159905
10161382
10164216
10164895
10166625
10167812
10170555
10174276
10175451
10176410
10180646
10190524
10191428
10195126
10201173
10206734
10210211
10210299
10212386
10213203
10213730
10214466
10221449
10222094
10223827
10229921
10230861
10233165
10240513
10241292
10246214
10246529
10252390
10264984
10270059
10276882
10278356
10283593
10285646
10286938
10287018
10287383
10300010
10305302
10306313
10307621
10311096
10312566
10312790
10325498
10325947
10328193
10330864
10339556
10341064
10343488
10345433
10347530
10347810
10351320
10353853
10358632
10363103
10363684
10363729
10367479
10373915
10374108
10380501
10391272
10391706
10392923
10394145
10399499
10399616
10400760
10401246
10405981
10406353
10409155
10411449
10416457
10416936
10425191
10430499
10432434
10435132
10440968
10441786
10448129
10451517
10451839
10456043
10464572
10471447
10472647
10474304
10477893
10484229
10486199
10486208
10488723
10496542
10497540
10498050
10498355
10503696
10509877
10509939
10510150
10511090
10511173
10511521
10517967
10518164
10520006
10524265
10531387
10531818
10533875
10536216
10536549
10541577
10547722
10550000
10550015
10558965
10559185
10561645
10561682
10565987
10567734
10572226
10574355
10575371
10576379
10579227
10579565
10584096
10585018
10585424
10587224
10590948
10595141
10599565
10616570
10619968
10623074
10626238
10630003
10631191
10631532
10634943
10637138
10639151
10640180
10640218
10650490
10654184
10659086
10670365
10671580
10672056
10679848
10687719
10687945
10691389
10692643
10696862
10697060
10700132
10702397
10708455
10717047
10719080
10725298
10731142
10734697
10736635
10736838
10737700
10737854
10744349
10746940
10747770
10750309
10750570
10752229
10754838
10760168
10761412
10762852
10764155
10765199
10772833
10777777
10779498
10780939
10785371
10795748
10804644
10805156
10806479
10808323
10820526
10822733
10823614
10823735
10829581
10830678
10834242
10834867
10835414
10838436
10838962
10842895
10842947
10849188
10849309
10855826
10857940
10861923
10863855
10866514
10881143
10882227
10882587
10893795
10900182
10901561
10903365
10911680
10911947
10918265
10920052
10921470
10922053
10927167
10929944
10933163
10939604
10942942
10945844
10959179
10965015
10965621
10967008
10968214
10977911
10981977
10983229
10984096
10990163
10995172
10995253
10996540
11005125
11008757
11011855
11012761
11013706
11017624
11018651
11023713
11029403
11030800
11034363
11039755
11040696
11043050
11044279
11046823
11048520
11049663
11049843
11051731
11054623
11055784
11056842
11057212
11058494
11064570
11064662
11064849
11075044
11077488
11088730
11095071
11097983
11099483
11100608
11104411
11104828
11107013
11107170
11112178
11117586
11117853
11127317
11127336
11127665
11127790
11128293
11129110
11129633
11134654
11135599
11137648
11137904
11141498
11150830
11156566
11156981
11159189
11159486
11161305
11161975
11164581
11167227
11169101
11169274
11170519
11171305
11172532
11176691
11177457
11180789
11181424
11186031
11187190
11188828
11189792
11191030
11191220
11191936
11195749
11200470
11200861
11207483
11212103
11220574
11222327
11223482
11224687
11225314
11236243
11245289
11251629
11253592
11254370
11254822
11255828
11258832
11259711
11260026
11261209
11262214
11263815
11266440
11270606
11276251
11277829
11279904
11281835
11282551
11282718
11284311
11288075
11289550
11294144
11314418
11322315
11327377
11328122
11329440
11335042
11341029
11341775
11342523
11343018
11344661
11357800
11360692
11361683
11363440
11363799
11369026
11369671
11370039
11371410
11373851
11376336
11376776
11377125
11378287
11380489
11386102
11392531
11394902
11396629
11398164
11398425
11400649
11402780
11404009
11414533
11422672
11424065
11424393
11424582
11429966
11433427
11434373
11444950
11445004
11446853
11450380
11467513
11470990
11471765
11478751
11482754
11483869
11483913
11486530
11487874
11495497
11502101
11502986
11512700
11513718
11516321
11519734
11521542
11523074
11533840
11546622
11547343
11550894
11555633
11557331
11558243
11560607
11566689
11570562
11573964
11577293
11579328
11580381
11584931
11585509
11586086
11588388
11592806
11594546
11596168
11599226
11602196
11608232
11609596
11609794
11613269
11613694
11616401
11619756
11622783
11622802
11626321
11627821
11628225
11633780
11638489
11643282
11648672
11657039
11658191
11658419
11658539
11663583
11665719
11665770
11669029
11669820
11670623
11672113
11674783
11676520
11676835
11682188
11683198
11685173
11696364
11707994
11710127
11721840
11723714
11727066
11730196
11735278
11735387
11739403
11741283
11741605
11744710
11748626
11757872
11761419
11766616
11767162
11775322
11776605
11777431
11777903
11779242
11783293
11784378
11787744
11789187
11799711
11806188
11807074
11807660
11807770
11808902
11810893
11815368
11817438
11817491
11817995
11821686
11822421
11833497
11835242
11842696
11845570
11846356
11847877
11851126
11852504
11861109
11862473
11871580
11871679
11872359
11874629
11874735
11883333
11883519
11885943
11891982
11892253
11897258
11903843
11904303
11904313
11910099
11918283
11918512
11919177
11921544
11922041
11933917
11936564
11937844
11937902
11939184
11939561
11940498
11944385
11948176
11951441
11953125
11955188
11956959
11959395
11963335
11966857
11970122
11970883
11971514
11977438
11985561
11986376
11987019
11990714
11991535
11993804
11998745
11998833
12003235
12004490
12008202
12010993
12011086
12011357
12014935
12017457
12019967
12024901
12026751
12032504
12034145
12041485
12044434
12044849
12049819
12051876
12052370
12053901
12054042
12055312
12060237
12063581
12068523
12070436
12073027
12076456
12078971
12082432
12086276
12090440
12098513
12098828
12105275
12112997
12113078
12115839
12119065
12124535
12127432
12127911
12131535
12133527
12134931
12135437
12142368
12142969
12143488
12145923
12146084
12151915
12156929
12160593
12163556
12172472
12174901
12179728
12198400
12201115
12203458
12204177
12208314
12212122
12216789
12217834
12219063
12220638
12222842
12226900
12227682
12230257
12231401
12240332
12241593
12245207
12245350
12245480
12249339
12252775
12255016
12255062
12256167
12257152
12262833
12266309
12268829
12279355
12280963
12282539
12284626
12285790
12286294
12287589
12287940
12293262
12299069
12300384
12300657
12303082
12306677
12309558
12310757
12312934
12323164
12324648
12326613
12331093
12335389
12342788
12344343
12344834
12345800
12349289
12350721
12351671
12357057
12357734
12360169
12368839
12373401
12375230
12375982
12382533
12385424
12393567
12394032
12394654
12394797
12396925
12396972
12397229
12401094
12401884
12403063
12404000
12408662
12414047
12417392
12418115
12421326
12425051
12426521
12427147
12428607
12435844
12436442
12442683
12444695
12445072
12445364
12452608
12453200
12461805
12464628
12467963
12470700
12472747
12473918
12475007
12492187
12494556
12496982
12500727
12510619
12511008
12511537
12513934
12516582
12521930
12522052
12528120
12531271
12533515
12537366
12540456
12548359
12549090
12550152
12562739
12570351
12570521
12573845
12576062
12578645
12583275
12583780
12583973
12587975
12591187
12602546
12603987
12604948
12609192
12611232
12614593
12616243
12618771
12621264
12621683
12625113
12625794
12626323
12626827
12628011
12628585
12628864
12633197
12634818
12638349
12638904
12648161
12655056
12657583
12662341
12662502
12663032
12665635
12665728
12668933
12669288
12675012
12679329
12682254
12684628
12687381
12688109
12696449
12700077
12703422
12704245
12708373
12711322
12712766
12726496
12729732
12738697
12739330
12747739
12749549
12749844
12755688
12758638
12759835
12760670
12762265
12762573
12768167
12768965
12777855
12779646
12793974
12762825
12765602
12765795
12766112
12770251
12771273
12776626
12777336
12780997
12782358
12787129
12791707
12793050
12798955
12802360
12802766
12810694
12811892
12791772
12793480
12798864
12798950
12802621
12802718
12803464
12809633
12814578
12815815
12816418
12818170
12819150
12823937
12826694
12827743
12832028
12836062
12836567
12822840
12827638
12836599
12838841
12839669
12841066
12842946
12847579
12853239
12819062
12822119
12823421
12826517
12827134
12830298
12834397
12835536
12835787
12839270
12843391
12844677
12846366
12847575
12858079
12859100
12862750
12862890
12868299
12872236
12844246
12847416
12854640
12863312
12864320
12866157
12868587
12870495
12874246
12875257
12841479
12844480
12845233
12853208
12857127
12859571
12859751
12868839
12869089
12873244
12877306
12849174
12861840
12865347
12873514
12875066
12841840
12845905
12846423
12846466
12847871
12849478
12852171
12856292
12856408
12857015
12844736
12846549
12849419
12849916
12852076
12855773
12864338
12867944
12868216
12845212
12848908
12851272
12851809
12852275
12852381
12855596
12859040
12863263
12841690
12843313
12845862
12849453
12853513
12854863
12856447
12862529
12863642
12864365
12868018
12843100
12843146
12845305
12852156
12855744
12864654
12866647
12866660
12867802
12868017
12871924
12878407
12843454
12846885
12852365
12855542
12864364
12867266
12872708
12874398
12875850
12876561
12878180
12878540
12878626
12878825
12841714
12841761
12845328
12847659
12849292
12851907
12853478
12855819
12864659
12841055
12842829
12846494
12849011
12850758
12852146
12854928
12856964
12863417
12841783
12841986
12842380
12844285
12844518
12848144
12849604
12851605
12851606
12853335
12860060
12860339
12862694
12865988
12841888
12851591
12858183
12860773
12861515
12850861
12853179
12854697
12859338
12860855
12861490
12866596
12841330
12841635
12847816
12850785
12857061
12859056
12863296
12874036
12874675
12841408
12842874
12844959
12852598
12853250
12857624
12858166
12864250
12870359
12843607
12846888
12848102
12849466
12852636
12854498
12859172
12860532
12860647
12862391
12865575
12869364
12870067
12872449
12843112
12845933
12847883
12851683
12855558
12857664
12861030
12864607
12845500
12848967
12850087
12851518
12851680
12852174
12852835
12858917
12859274
12861599
12864392
12865010
12847352
12856062
12858276
12841798
12842649
12845301
12846103
12846988
12852382
12852967
12855245
12860225
12861354
12862380
12863903
12864465
12866851
12842392
12845852
12846895
12851517
12852174
12853326
12853441
12862570
12863651
12863905
12864470
12869921
12872472
12841943
12848111
12851359
12852696
12857263
12864044
12865577
12866702
12870521
12870963
12872058
12841082
12845722
12847893
12854219
12855273
12858781
12858876
12842502
12848182
12850828
12852269
12853789
12848455
12850339
12850908
12852240
12853611
12855528
12856965
12859830
12860450
12850439
12855099
12856307
12856813
12859355
12859988
12861327
12843476
12844385
12847208
12848814
12851086
12851309
12853676
12854279
12856241
12858178
12859986
12842412
12847368
12851043
12856149
12862387
12864712
12873911
12876382
12841730
12843506
12847839
12853207
12853328
12856173
12857499
12857880
12858323
12858574
12858809
12859337
12859747
12861423
12863370
12865327
12845007
12848284
12849910
12850052
12864746
12865028
12865265
12872176
12874385
12877555
12843402
12845508
12848777
12849446
12851981
12854511
12854906
12856824
12843784
12845101
12846374
12851871
12854490
12855860
12858119
12842141
12842736
12843164
12844054
12844079
12846563
12848783
12849734
12851693
12852144
12852416
12852807
12854297
12855618
12861938
12866014
12868677
12869290
12841029
12841244
12844899
12845187
12845645
12847402
12852213
12860003
12863034
12851376
12857489
12859735
12860579
12862545
12841106
12841968
12844273
12846858
12847970
12862226
12864433
12865067
12844141
12856323
12858652
12858898
12863522
12845052
12850009
12851423
12853710
12854355
12858224
12860469
12842606
12847038
12851292
12851398
12855748
12856125
12858820
12864424
12865448
12844031
12846321
12848553
12853888
12855546
12858269
12858493
12842622
12846398
12850418
12852232
12854532
12855325
12855821
12860225
12843789
12844839
12853619
12854850
12855630
12855932
12857447
12857727
12858847
12868065
12871053
12873800
12874809
12875056
12875578
12849374
12852482
12852653
12854106
12860632
12861612
12872045
12874310
12878620
12880743
12841798
12841839
12843444
12848778
12852873
12857241
12864076
12868352
12869652
12842438
12845321
12845520
12854491
12856685
12857558
12858480
12859086
12865392
12873132
12874106
12874499
12874889
12874903
12842037
12843808
12845349
12847340
12847469
12849257
12851668
12852615
12853088
12854638
12857737
12861903
12845889
12849344
12853429
12854555
12856960
12860018
12845787
12864929
12866005
12875370
12877533
12877613
12863917
12868506
12871411
12849390
12851516
12854534
12854980
12856830
12858927
12860925
12864344
12846085
12846197
12846982
12847889
12848768
12851351
12851905
12851978
12854882
12855496
12842758
12846341
12848875
12850145
12851405
12852866
12858467
12861413
12863587
12864207
12869818
12846569
12847705
12859226
12864389
12867761
12867798
12868304
12870321
12841456
12842093
12843932
12852434
12855257
12855803
12861753
12862243
12874655
12846508
12859925
12865671
12867552
12870312
12845348
12847690
12849944
12850941
12850958
12843448
12853311
12854522
12859416
12863509
12864262
12866661
12850419
12857411
12865463
12865743
12849227
12856447
12857179
12857845
12861858
12864589
12845614
12856447
12858769
12859624
12861345
12841889
12841994
12844405
12847879
12849061
12854225
12868309
12869653
12870282
12870875
12871931
12872256
12876998
12847246
12850568
12853232
12860189
12869956
12870344
12870443
12870927
12872330
12873278
12874176
12843209
12855891
12856416
12857299
12861504
12862709
12865765
12868580
12868689
12842483
12845478
12846573
12849518
12852089
12857952
12867398
12842099
12854871
12857497
12859935
12860231
12841070
12842408
12842515
12845932
12850463
12851684
12856217
12856600
12859093
12860406
12861189
12863778
12865330
12866024
12870089
12871473
12841524
12844924
12846515
12848412
12853250
12861199
12864297
12866842
12845579
12847927
12848725
12854329
12858136
12861008
12863542
12865654
12868763
12842035
12845903
12846267
12847660
12853900
12861223
12864664
12842525
12842592
12843576
12853338
12854127
12854227
12855114
12855508
12856349
12858028
12861478
12862173
12842225
12843590
12847737
12849558
12850469
12857116
12858823
12862503
12868819
12870235
12844848
12847526
12850807
12859113
12862825
12864445
12869741
12871428
12872207
12872570
12841433
12843255
12845187
12846097
12849257
12858141
12867059
12870670
12871020
12874192
12847448
12848472
12849262
12850913
12852844
12855527
12855992
12858347
12858620
12861553
12842658
12845409
12846425
12846517
12848378
12849345
12849790
12849834
12850830
12856284
12856452
12862532
12866317
12869059
12869132
12872644
12874191
12875701
12876846
12841331
12843169
12847974
12848260
12848453
12851618
12854338
12855329
12856163
12856988
12862230
12862508
12865408
12865674
12867613
12869208
12869221
12869315
12870275
12842054
12843380
12845790
12846626
12847226
12848599
12849263
12850289
12855863
12860693
12867823
12842141
12844200
12856271
12858689
12862440
12865328
12866343
12867012
12868727
12871601
12872334
12841620
12845636
12846002
12848939
12849878
12856228
12860908
12861926
12867038
12842507
12843309
12843788
12848497
12850841
12854819
12858064
12858841
12841047
12843613
12845037
12845839
12848011
12853084
12856323
12856882
12862358
12862788
12845409
12846164
12848391
12856054
12858708
12858834
12859138
12860113
12860881
12841559
12844388
12847906
12854384
12856725
12857603
12858493
12859883
12861168
12868776
12870550
12870652
12872025
12873654
12876918
12858549
12872726
12846593
12856636
12859032
12861073
12864294
12841175
12841828
12847638
12850844
12850924
12851234
12852016
12853089
12859307
12864885
12842813
12849894
12851970
12853011
12855867
12858408
12859268
12860912
12860925
12863978
12865284
12867517
12867931
12843105
12843759
12845052
12846364
12848842
12849539
12851946
12855945
12856083
12862356
12862515
12847068
12848634
12849765
12852585
12852918
12856042
12859191
12859478
12860409
12862825
12844986
12846192
12846436
12851690
12851781
12851916
12855760
12858588
12860641
12862441
12864850
12866133
12867904
12868513
12869313
12869718
12875356
12879125
12880225
12843870
12846976
12847150
12851445
12855420
12858590
12859082
12866007
12849124
12850340
12853123
12853391
12866375
12867546
12848718
12848768
12848939
12849098
12854716
12855613
12857160
12858534
12859099
12864962
12866523
12866728
12868643
12871242
12873328
12873649
12850584
12850767
12852094
12853242
12854119
12859656
12860998
12863236
12863776
12864247
12864306
12843683
12844630
12844978
12850813
12851644
12852501
12855934
12856398
12856731
12857014
12857412
12843728
12843881
12845954
12847457
12848737
12851519
12855115
12863565
12867239
12874555
12877072
12879420
12879473
12843087
12844639
12845714
12850912
12851685
12854634
12857762
12858401
12860955
12870272
12871458
12843329
12847776
12848750
12850376
12852185
12852514
12852700
12854426
12855573
12862122
12863900
12866788
12845645
12849408
12865207
12866978
12869037
12871101
12872717
12845430
12845481
12845648
12859062
12861525
12869713
12870835
12873671
12875268
12875571
12876274
12845780
12851102
12855133
12857841
12859497
12864020
12868015
12870596
12873612
12874837
12875656
12877156
12849376
12849849
12853193
12856979
12862496
12864773
12864875
12868286
12873762
12874471
12875562
12876056
12847368
12848257
12855815
12859498
12860552
12860832
12862435
12867876
12873388
12842319
12846867
12854730
12855544
12858609
12861248
12861396
12861922
12863251
12863351
12864684
12876251
12841457
12844028
12850408
12856127
12856664
12856818
12857379
12857604
12859389
12859607
12861566
12864407
12841247
12845664
12846883
12850291
12852636
12852904
12853718
12854526
12855596
12859545
12859683
12866214
12873494
12873867
12844516
12845948
12848903
12849252
12854464
12857718
12859714
12862068
12863322
12864617
12872154
12872570
12840997
12842740
12856052
12857589
12864850
12846110
12850400
12855827
12858128
12844522
12848596
12849178
12851014
12851354
12858901
12861864
12863259
12844904
12846415
12856812
12859628
12863047
12849642
12852201
12853777
12855393
12856144
12857536
12857744
12866063
12841690
12843890
12844025
12844046
12845178
12845512
12848488
12848960
12852480
12855392
12856618
12857095
12861574
12863734
12865818
12868751
12875703
12877026
12877970
12846217
12850235
12850359
12857257
12864519
12865101
12841971
12842412
12848139
12850880
12852422
12855750
12856010
12857019
12868488
12841434
12845491
12846444
12848282
12850130
12856571
12857330
12848892
12860583
12869067
12869078
12875336
12842467
12843976
12845129
12856200
12859845
12860683
12863529
12867224
12868683
12843554
12843933
12851490
12852476
12854064
12855135
12855665
12859352
12864242
12864654
12866650
12867455
12842093
12846086
12846547
12849682
12852987
12858162
12861406
12865075
12841047
12841754
12845721
12852278
12852355
12852671
12857045
12862060
12862430
12863627
12871755
12872867
12873106
12841426
12842414
12843114
12849199
12853065
12855208
12855395
12857084
12857372
12857703
12860783
12865915
12869428
12871072
12873167
12873673
12876768
12846696
12847762
12848823
12851679
12851772
12852854
12852955
12853666
12859860
12860432
12860572
12862327
12863474
12864677
12866455
12844313
12844541
12845054
12846216
12846247
12847163
12847174
12847962
12854984
12855616
12859557
12864613
12841052
12844772
12845012
12847259
12847611
12857718
12861550
12862069
12862741
12865980
12843007
12843711
12849732
12850975
12861650
12863240
12872761
12842243
12845507
12845730
12846702
12847940
12851359
12853783
12863781
12864206
12844045
12844210
12846754
12851395
12854299
12854818
12855657
12857594
12861782
12849671
12861191
12845210
12850974
12852350
12841967
12844392
12848256
12854334
12854647
12855057
12859996
12866241
12867932
12843419
12844953
12848722
12854122
12855168
12860320
12841899
12846245
12847288
12853819
12854508
12856897
12861207
12864043
12872278
12841014
12843372
12848407
12849083
12849406
12850336
12858368
12868928
12842578
12843284
12844348
12848318
12853702
12854519
12856576
12859073
12867545
12869867
12873437
12876182
12844477
12845662
12852490
12856547
12858457
12859272
12859561
12859734
12862106
12863300
12867412
12843158
12844128
12845257
12848339
12851676
12853634
12853745
12858554
12862599
12866610
12867541
12867963
12842430
12843233
12847416
12850707
12850828
12854594
12855519
12860750
12861125
12861601
12867855
12869193
12850681
12851012
12853377
12857865
12860118
12841518
12841768
12842958
12853496
12857284
12859408
12859750
12861214
12841360
12843667
12844725
12845805
12848591
12848775
12860220
12860809
12841279
12841935
12843444
12844189
12852655
12859015
12859968
12865973
12866018
12869258
12869331
12871332
12871373
12873001
12874619
12878514
12880709
12881021
12886531
12895457
12895914
12898493
12873462
12875878
12879859
12886896
12886932
12887721
12888043
12888866
12891070
12891772
12893995
12902614
12904146
12905185
12906195
12907859
12908007
12910017
12910348
12913144
12914820
12915517
12919094
12925909
12930145
12931009
12933943
12942260
12944823
12945574
12950698
12950707
12950813
12951850
12952093
12955589
12955882
12956052
12959723
12959778
12960532
12967251
12968740
12980569
12981441
12985448
12988185
12988685
12997594
13000805
12974233
12976323
12981349
12986222
12989333
12990621
12992746
12994186
12995549
12996041
13001913
13010752
13011172
12993666
12995247
12995459
12996467
12997629
12999545
13000490
13001046
13006840
13006908
13007827
13009368
13010197
13011018
13013819
13015262
13015958
13019587
13020046
13025797
13026232
13027704
13029313
13030685
13040593
13028482
13030450
13034140
13036888
13037592
13037960
13041089
13043874
13043945
13044051
13046166
13047237
13047530
13049467
13053539
13056913
13062379
13063197
13066980
13068165
13071314
13077981
13080481
13083323
13092317
13099562
13101753
13106357
13116655
13117195
13119321
13121223
13131501
13132554
13132734
13133381
13137344
13141637
13142042
13143145
13148124
13148837
13149035
13150621
13151330
13153890
13154412
13159321
13159526
13161366
13165810
13166442
13169979
13174517
13174540
13175298
13179422
13179624
13183232
13183668
13187706
13188041
13190015
13199531
13206750
13210185
13214145
13214674
13220510
13221337
13224656
13225858
13232960
13235817
13243027
13246559
13248425
13252217
13265070
13267618
13268944
13270121
13270513
13270985
13278942
13284764
13287224
13295901
13298620
13299598
13300603
13302563
13302592
13307758
13314334
13319483
13324172
13328636
13329602
13330040
13338922
13340601
13341526
13343290
13344824
13351554
13353347
13364292
13365491
13366832
13367629
13371970
13373707
13374027
13374551
13374623
13376013
13377049
13381270
13402580
13403625
13408825
13411154
13412115
13412225
13417481
13417817
13421765
13427544
13438354
13442886
13443679
13444098
13452892
13453241
13454521
13456091
13456648
13458771
13460413
13460563
13466249
13466902
13473150
13473186
13482403
13482605
13485131
13498515
13503863
13505319
13505347
13508594
13508672
13508851
13513662
13517995
13518241
13518755
13521456
13532452
13533315
13535462
13536867
13543135
13543213
13544067
13548373
13552697
13555875
13566700
13571464
13571877
13575980
13578591
13580387
13583686
13584651
13592673
13597665
13599644
13600147
13602701
13615947
13620271
13621446
13624477
13629016
13630983
13632174
13633424
13638433
13645820
13647806
13648229
13658508
13658604
13662659
13664460
13667048
13669576
13672509
13678358
13679178
13679605
13679719
13680541
13691093
13693862
13699575
13703634
13706521
13707944
13708940
13711194
13717162
13717663
13718892
13723737
13725390
13725606
13734846
13735955
13736147
13742925
13748186
13751719
13752410
13756868
13758750
13759602
13760214
13762152
13763037
13763547
13766035
13766041
13767115
13767130
13772581
13773582
13779520
13779816
13783439
13784501
13785551
13791006
13792449
13793277
13795142
13798218
13801995
13809972
13810090
13811072
13811837
13813725
13817666
13818770
13822569
13823544
13824174
13830651
13831052
13833473
13842035
13845805
13850518
13852782
13853257
13855877
13855944
13859322
13860672
13861625
13861862
13866042
13867455
13868218
13868412
13872741
13873492
13876710
13885475
13888210
13888223
13890427
13897406
13903443
13907514
13908275
13915836
13918121
13922449
13932655
13936778
13939695
13943259
13945111
13948464
13953367
13957401
13966965
13974388
13988798
13993985
13995073
13995506
13995866
13996454
13997841
14000213
14000650
14002682
14002817
14005098
14006773
14008311
14008532
14013341
14014798
14020297
14020424
14022254
14030747
14034503
14035504
14036427
14039878
14044583
14044920
14045670
14045823
14047075
14048025
14051715
14052027
14052346
14056153
14062531
14070078
14070866
14075571
14083567
14090361
14093653
14095142
14097930
14107035
14107274
14109410
14119468
14124002
14125215
14126022
14127568
14129829
14136974
14148981
14153323
14158905
14160252
14161167
14168065
14173579
14176223
14176921
14178030
14179282
14181777
14199567
14201048
14206698
14208316
14209840
14219749
14221714
14222896
14223492
14225947
14229624
14234394
14235217
14237560
14241916
14242560
14244246
14246014
14247472
14254916
14256912
14257137
14257670
14257916
14264080
14265573
14266934
14274449
14284529
14288654
14288655
14291619
14292469
14292728
14293398
14297518
14301711
14302871
14303042
14306996
14308009
14308358
14310433
14311211
14311874
14313959
14315558
14316219
14316826
14317730
14320260
14320689
14324300
14327959
14332694
14333676
14336903
14339540
14347487
14348398
14348638
14349128
14351387
14353577
14357277
14357494
14357957
14361396
14362227
14362948
14368966
14371530
14372025
14373497
14375670
14376059
14381188
14387309
14388100
14392883
14399655
14402156
14405150
14405521
14407083
14411540
14411849
14412475
14413727
14419066
14420441
14424313
14426579
14427971
14429302
14429728
14430744
14433432
14437035
14437593
14439024
14442708
14443762
14445734
14451044
14451417
14454067
14459290
14461048
14461991
14463287
14466334
14469774
14471494
14473726
14476939
14477816
14481628
14482419
14483500
14484338
14484549
14485832
14500332
14510302
14511435
14512909
14515205
14520199
14524617
14524881
14526254
14528857
14528966
14529894
14533112
14534174
14540604
14545716
14546560
14549339
14549581
14553970
14554024
14558322
14564114
14564210
14564326
14565044
14565358
14565477
14567864
14572719
14572801
14574812
14575419
14578694
14582475
14583141
14588835
14592377
14594715
14595439
14599869
14602140
14605083
14605116
14615409
14616334
14616841
14624945
14628518
14632455
14634495
14637226
14638702
14643177
14644611
14652256
14654843
14669689
14673289
14675272
14675440
14676822
14678185
14683391
14685383
14685569
14688297
14689120
14689950
14690748
14692730
14693585
14695552
14696690
14698247
14699027
14699427
14699690
14702195
14705984
14709565
14717985
14721640
14728835
14738056
14740448
14742319
14747304
14747945
14748709
14748718
14748729
14754315
14755377
14763438
14786042
14787173
14796255
14797807
14799641
14801350
14804143
14808181
14808805
14810036
14810739
14812568
14820417
14822867
14823286
14831420
14831804
14833756
14842669
14845921
14846141
14846928
14846931
14852731
14855637
14862853
14864504
14869286
14872992
14875626
14876458
14877355
14877406
14884569
14884887
14885942
14890283
14895478
14897155
14901068
14904278
14906869
14908204
14915362
14918030
14929253
14930563
14933239
14933313
14933516
14937034
14939633
14943505
14947101
14948384
14949590
14951350
14952345
14959771
14960477
14961664
14963383
14966036
14973579
14977943
14983501
14984399
14984776
14986406
14987171
14988719
14989524
14990012
14990844
14998977
15003973
15006062
15011949
15012003
15012679
15014225
15017185
15019107
15019441
15020741
15023473
15023986
15026176
15026850
15028044
15033862
15036153
15036918
15037611
15040134
15042624
15050917
15055020
15057731
15060202
15061034
15061405
15071575
15081116
15085941
15095111
15096137
15100465
15104860
15114253
15124942
15128289
15131362
15132046
15132053
15134713
15138213
15138578
15142277
15142952
15145490
15148608
15152286
15155285
15160334
15161892
15168134
15169316
15174215
15176017
15177901
15180864
15183299
15185019
15185066
15187043
15187364
15187869
15187871
15189293
15189695
15198018
15206713
15212951
15214467
15214585
15215111
15218021
15220705
15221094
15221920
15227013
15232998
15234988
15235084
15237411
15238268
15238421
15239601
15248469
15250651
15251200
15255098
15258561
15259172
15259855
15262066
15268527
15275861
15279310
15287371
15287404
15289759
15292061
15292796
15293365
15295945
15297892
15298887
15305012
15308247
15311449
15313810
15326667
15328042
15329484
15330639
15331494
15333607
15334176
15336364
15339178
15339876
15341810
15345106
15346390
15365502
15369027
15369668
15373003
15374923
15375530
15376396
15376915
15381921
15382436
15383792
15389949
15393146
15398593
15398635
15404656
15407267
15408235
15412495
15414852
15419147
15420546
15420892
15422339
15422408
15431954
15434298
15435250
15435982
15439179
15443579
15444445
15449467
15451061
15453175
15454826
15459103
15459770
15464541
15467132
15468423
15468759
15471637
15471912
15472337
15473556
15474636
15475833
15476090
15478094
15478212
15478895
15479655
15480270
15483594
15483894
15494870
15500294
15507280
15509907
15513834
15519178
15523832
15526063
15534572
15537665
15551640
15554012
15555551
15557940
15559617
15559896
15562322
15562768
15562907
15565198
15569553
15574685
15577532
15577729
15586130
15586934
15588649
15588719
15591981
15595737
15595788
15600127
15600328
15600782
15604403
15604404
15606559
15613484
15615752
15617031
15619063
15621677
15626039
15630436
15631641
15632102
15634502
15642614
15642938
15645770
15647579
15650019
15650468
15650767
15651669
15657318
15663671
15666656
15669126
15671133
15674327
15675541
15680024
15682795
15684642
15685585
15688659
15692238
15692484
15693436
15699363
15699600
15708512
15713154
15717537
15720682
15721134
15722870
15724904
15725053
15733201
15733760
15736681
15744693
15749554
15751423
15755111
15755414
15755451
15755495
15756641
15759592
15761162
15772716
15779359
15780258
15783781
15786767
15786900
15788125
15790978
15792543
15793752
15797709
15800881
15809336
15813526
15816680
15817126
15819302
15822869
15823637
15823936
15823997
15824885
15834370
15837054
15839814
15840133
15841380
15842338
15844186
15846491
15847297
15850446
15851576
15854682
15854831
15856349
15858586
15861892
15863502
15863671
15871806
15877830
15880251
15881116
15881569
15884150
15886046
15896962
15900344
15901028
15905408
15908056
15911727
15912732
15915522
15915675
15916952
15918048
15918869
15919990
15925704
15929806
15934839
15938263
15941019
15944200
15946877
15949549
15952439
15953372
15954981
15956264
15957182
15962056
15963084
15964270
15965186
15965580
15969137
15972738
15974807
15977169
15989720
15992275
15995299
15997324
15998462
16001131
16001664
16002778
16004514
16010728
16014811
16020336
16024675
16025775
16027322
16027791
16029383
16030501
16038208
16039383
16041301
16047068
16050248
16051711
16054401
16056842
16058139
16060423
16060599
16063320
16069071
16070273
16071114
16071746
16072062
16074897
16075334
16079375
16081752
16082198
16088515
16101294
16104005
16110332
16112905
16116439
16118200
16118234
16120557
16121928
16123004
16124385
16128725
16132553
16136855
16139149
16142384
16145592
16151161
16154299
16154719
16158177
16158303
16162385
16164563
16165522
16167688
16168621
16170623
16170853
16174298
16174775
16178296
16182309
16183528
16184346
16187679
16192469
16193647
16194166
16198837
16199827
16204775
16209963
16210007
16211083
16212909
16224488
16232255
16233133
16236052
16238092
16245346
16249841
16257552
16262014
16262189
16266404
16281106
16282421
16283732
16285488
16286322
16289386
16298853
16302526
16309080
16311840
16315607
16318694
16319177
16326621
16328643
16329480
16330117
16330420
16334632
16335222
16335578
16337656
16339242
16340334
16342594
16343208
16343759
16351063
16357574
16359801
16364996
16367082
16368551
16370324
16371491
16374057
16375660
16381038
16384384
16389101
16397669
16406929
16410212
16416584
16420872
16421240
16424405
16428773
16429476
16444730
16462321
16463348
16464179
16465291
16466654
16466956
16467505
16473748
16479418
16481960
16482146
16482897
16485416
16485871
16493517
16493736
16502940
16505206
16506503
16507488
16508435
16508728
16511340
16511854
16512193
16512976
16516930
16521801
16523545
16523953
16527692
16531244
16533679
16537563
16539234
16540312
16545432
16548369
16549977
16552194
16553535
16554278
16564179
16566722
16569792
16571274
16572744
16574322
16579047
16580680
16583610
16588062
16590971
16596481
16598791
16600558
16602751
16602923
16605098
16608197
16610755
16611374
16612962
16615135
16619658
16619934
16621442
16623269
16623304
16626225
16628698
16629078
16629522
16629533
16634077
16637932
16645596
16652535
16652777
16658021
16658497
16659162
16659923
16678933
16683855
16686005
16686375
16687211
16688319
16688439
16691459
16692520
16694397
16696578
16699027
16699649
16700767
16702055
16703006
16705520
16708136
16710648
16711503
16713995
16716558
16721300
16722018
16738679
16740261
16751822
16751873
16753230
16754942
16761860
16766386
16768300
16772178
16774152
16775654
16779479
16781063
16791429
16793499
16796796
16803116
16807615
16808065
16812911
16820373
16827449
16834406
16838056
16840952
16845522
16847238
16848902
16850376
16853877
16860109
16863648
16866799
16867850
16873577
16878138
16880971
16882153
16887809
16888951
16891687
16895346
16896700
16899015
16902498
16902630
16905045
16909970
16910562
16916517
16916862
16917414
16919842
16920109
16921755
16925403
16926436
16929651
16932471
16940484
16942071
16943240
16943891
16944991
16945687
16948860
16949998
16951036
16956013
16957567
16962394
16968405
16968912
16974628
16984545
16992223
16993983
16995326
17008801
17013471
17013777
17014599
17014736
17016610
17017980
17019611
17022673
17022953
17023994
17023996
17024163
17037504
17038497
17041677
17041825
17043385
17050298
17052499
17054911
17056674
17058151
17067061
17069571
17075519
17078880
17081431
17081728
17082293
17083924
17087511
17091199
17091232
17101247
17104508
17108036
17112188
17118677
17119445
17120266
17120657
17120729
17127141
17128246
17128979
17135748
17138894
17139470
17139606
17144942
17146619
17151601
17158727
17160493
17161772
17164694
17168401
17169480
17169716
17172513
17177089
17177554
17179383
17184893
17198447
17212913
17218484
17223142
17224127
17225394
17227413
17228664
17228929
17231352
17232441
17234470
17239293
17239586
17240241
17243356
17245836
17253745
17259264
17261113
17263973
17267424
17267720
17268700
17272063
17277444
17281165
17283143
17289229
17289245
17289707
17292316
17292641
17295167
17295797
17296193
17298458
17303732
17306448
17311659
17314560
17316324
17317565
17323593
17326053
17335223
17335477
17338903
17342640
17343878
17352146
17358586
17360267
17366569
17367856
17370774
17377668
17378323
17379273
17383813
17389670
17394297
17394664
17399402
17402758
17403067
17405261
17408013
17411969
17414302
17414495
17418124
17418653
17418808
17421634
17426367
17426995
17429858
17431327
17433347
17435367
17438022
17443447
17443890
17444727
17445571
17448916
17451650
17452227
17455268
17459083
17459319
17466970
17469405
17470107
17472851
17473966
17475554
17480356
17480671
17481271
17488062
17496214
17501751
17503109
17508633
17509879
17511323
17512546
17512610
17518148
17518693
17523393
17524059
17524597
17525845
17527086
17527674
17528840
17532302
17536708
17537138
17539137
17539340
17540120
17546531
17553531
17556168
17556940
17558143
17558728
17567954
17572097
17572623
17572854
17573050
17573272
17573585
17575478
17575580
17577112
17577554
17578804
17585262
17587952
17589670
17595143
17597060
17597077
17599766
17600090
17601633
17606850
17617605
17629534
17633900
17636575
17647942
17651950
17655168
17655916
17664520
17665487
17681559
17686246
17686575
17692169
17696412
17700610
17701205
17706707
17708329
17709104
17715050
17715263
17715478
17720688
17722943
17725524
17727966
17749797
17749915
17750882
17754386
17756064
17757588
17757725
17759397
17765193
17770015
17774309
17776956
17777953
17786653
17788246
17791613
17795831
17796737
17798344
17802331
17805008
17809758
17814450
17815378
17815603
17819867
17822888
17824381
17826569
17828559
17831667
17837109
17843664
17849227
17849379
17852271
17855744
17859902
17859991
17861855
17862058
17863055
17871238
17871279
17873052
17880083
17885450
17887076
17892817
17897006
17905879
17907613
17908938
17920382
17920499
17920588
17930700
17930766
17944555
17948289
17951085
17954572
17954971
17955545
17956834
17962577
17964843
17966348
17966605
17970288
17971935
17972862
17975601
17977349
17979913
17980866
17983018
17983122
17984124
17985143
17987288
17989343
17993675
17997168
18008978
18017854
18018733
18019327
18021952
18022956
18024393
18024846
18027545
18027828
18028452
18031945
18035418
18037559
18040795
18041457
18054883
18056224
18060135
18062728
18065357
18071206
18078129
18080504
18082545
18102546
18107129
18109164
18110430
18115645
18117901
18118357
18124285
18125077
18125410
18127022
18131853
18132292
18134223
18137400
18137615
18138420
18139390
18139691
18139933
18147231
18148702
18150945
18151186
18157153
18157205
18158173
18158414
18158637
18161530
18162881
18164684
18169101
18180339
18180938
18181366
18182325
18182828
18185249
18192113
18198515
18200120
18202116
18202383
18202817
18202906
18210345
18213188
18213265
18216484
18217639
18222984
18223335
18228591
18236345
18245702
18247681
18247724
18250729
18251273
18252198
18254147
18256415
18256864
18257079
18258304
18258694
18263345
18266402
18266573
18266893
18270077
18273544
18277411
18279484
18279969
18281778
18294121
18297634
18302775
18303303
18309661
18310941
18319464
18322266
18323666
18324893
18325654
18326786
18330581
18335493
18336463
18339411
18341111
18344791
18347922
18353434
18353510
18356223
18361609
18365887
18366257
18366801
18370680
18371861
18372277
18373970
18374819
18376165
18376380
18379741
18380334
18383606
18391042
18391281
18392278
18400005
18401001
18402802
18404626
18405402
18415308
18416188
18417399
18426373
18431521
18433548
18435180
18437541
18439357
18440232
18445333
18445762
18446683
18452744
18454815
18456429
18461525
18462573
18467392
18469365
18475045
18478413
18481696
18486095
18487584
18488051
18492971
18493077
18496473
18501323
18502281
18506601
18508143
18510671
18512157
18514059
18515850
18517373
18520300
18525075
18525965
18527531
18528357
18528585
18533732
18535062
18535987
18536362
18536380
18540435
18541444
18544482
18550271
18554026
18555197
18556887
18556981
18559513
18563375
18574086
18575200
18577439
18579662
18580047
18593121
18602223
18602929
18605582
18613794
18620339
18622027
18622519
18626133
18631331
18636355
18636481
18639793
18643885
18649822
18658263
18660498
18677355
18678070
18691342
18691369
18692452
18692873
18693620
18694439
18695643
18695828
18699144
18699869
18700974
18702555
18702582
18705710
18713411
18716437
18722722
18726386
18730731
18738585
18739046
18741653
18741739
18742589
18745213
18747577
18753682
18754644
18761370
18763520
18766943
18768881
18769256
18771742
18780413
18782367
18787854
18796954
18797180
18797833
18802923
18804231
18812729
18813553
18817748
18819100
18824992
18827758
18830162
18831770
18832106
18833253
18843372
18843377
18850042
18850368
18857190
18857596
18858424
18861614
18861855
18868151
18869575
18871021
18871683
18873053
18873979
18875143
18878417
18895964
18899559
18902154
18904716
18905356
18907636
18909714
18910663
18911891
18912220
18916740
18917913
18925664
18926958
18929898
18933531
18935603
18937355
18938723
18944704
18949378
18949433
18950744
18952431
18953068
18953111
18954920
18958591
18965499
18965556
18975761
18976871
18976944
18980581
18982591
18984052
18987975
18995953
18997283
19001759
19005700
19007833
19011280
19011933
19012276
19013666
19014596
19024060
19024080
19041866
19043405
19045589
19047183
19052629
19054436
19060948
19062543
19062827
19063683
19063921
19064037
19076047
19076330
19078346
19081923
19086790
19089371
19097703
19098813
19100706
19103393
19111936
19112815
19117564
19120324
19131834
19138465
19138578
19147415
19147875
19148507
19150171
19151785
19155766
19157211
19157279
19157820
19157936
19159013
19162212
19164228
19166690
19168851
19170190
19173275
19175457
19176237
19179339
19181349
19182812
19185257
19186102
19191178
19192999
19194349
19195660
19196617
19197229
19200407
19200833
19206340
19206634
19207911
19215659
19217507
19220792
19221472
19224441
19231095
19231690
19233038
19233247
19239891
19240584
19242516
19242592
19242876
19245408
19246285
19247513
19247973
19256094
19259867
19261917
19262352
19266087
19270820
19271170
19271522
19274634
19280583
19282785
19286577
19288202
19288603
19293925
19296837
19297106
19297249
19302599
19306454
19309856
19310253
19311177
19311816
19312874
19313810
19314206
19320295
19321958
19324005
19332268
19333319
19340032
19341150
19343638
19345953
19346746
19349159
19349416
19350711
19368073
19371671
19373996
19374123
19375283
19377451
19380178
19389604
19392039
19401908
19402578
19402697
19402762
19405399
19408588
19411550
19417449
19417678
19418978
19427102
19430868
19431117
19432699
19434633
19446263
19449492
19451699
19457461
19458246
19458434
19459328
19463134
19467172
19468705
19469088
19480993
19482176
19483138
19488462
19490303
19493615
19496884
19500849
19501423
19505967
19505987
19507644
19508928
19511653
19525516
19525750
19527767
19528464
19529812
19530494
19531338
19532457
19533724
19537319
19544519
19549354
19549803
19553502
19553941
19562835
19568292
19571300
19574702
19582238
19583721
19584259
19586112
19589671
19590289
19590915
19595690
19596865
19598291
19598681
19599516
19603105
19605912
19613023
19613897
19620164
19622514
19624676
19632609
19633134
19639508
19643265
19658751
19662803
19666141
19666949
19670828
19680817
19682331
19689742
19690075
19690290
19691825
19693811
19695950
19706463
19707824
19709731
19717772
19719402
19720798
19727698
19728888
19731032
19731603
19732642
19738739
19738772
19742702
19742975
19744163
19744234
19748698
19750096
19751994
19752199
19753870
19764488
19775104
19775469
19781301
19782116
19782270
19782307
19782541
19784904
19787891
19789116
19789146
19789655
19789775
19790002
19792536
19795499
19803673
19806911
19806966
19807442
19808347
19812856
19815816
19820128
19823880
19827510
19830825
19832557
19833367
19835722
19836414
19836978
19842071
19843706
19844523
19844673
19844917
19850030
19850763
19858087
19861663
19863633
19866468
19871871
19875461
19882391
19882562
19884509
19886780
19889892
19892746
19893411
19893968
19894037
19894548
19894782
19899084
19899958
19902556
19904236
19904617
19905699
19908745
19916934
19921723
19923136
19930177
19932544
19934545
19937224
19939549
19941428
19948957
19950812
19955167
19957627
19958708
19961448
19961527
19965848
19969052
19976909
19979088
19982672
19983148
19983444
19986085
19988505
19990653
19992214
19995591
20005025
20010358
20010706
20011880
20013246
20016305
20016453
20018632
20019428
20026138
20032541
20036010
20042870
20052982
20052988
20053347
20055505
20062470
20062644
20063284
20063563
20064436
20067046
20068165
20069016
20074640
20074653
20075432
20078463
20084526
20086267
20087042
20088957
20090611
20099188
20099637
20099872
20101535
20105180
20105383
20118198
20121393
20123481
20128519
20131037
20131881
20132751
20134314
20137995
20140051
20146166
20152699
20154800
20156005
20157119
20157409
20170174
20175337
20175970
20177171
20178144
20185708
20187275
20191072
20192180
20195722
20197034
20202572
20204905
20208124
20208930
20220707
20228298
20233005
20234137
20240294
20241241
20244304
20250537
20251687
20252632
20253063
20253692
20254408
20255178
20258161
20258163
20268508
20274120
20282399
20282554
20285198
20285765
20290712
20291199
20294404
20294488
20297866
20305968
20315436
20332942
20333445
20335390
20339176
20346315
20346886
20348113
20350944
20353521
20353670
20353961
20356874
20362362
20365111
20365248
20367187
20368500
20370252
20375877
20377369
20382079
20398317
20405393
20415082
20426829
20433528
20436696
20445545
20457021
20459076
20460511
20462634
20462996
20467860
20472266
20476590
20481665
20482089
20482174
20482240
20484250
20486018
20489468
20490833
20492427
20496579
20498196
20504447
20510573
20513945
20514969
20517349
20517416
20518286
20521568
20523940
20523982
20524409
20524580
20534455
20542939
20544810
20552974
20553673
20560801
20563429
20569529
20573640
20575202
20579830
20580966
20581973
20584048
20584510
20584864
20597715
20599505
20600324
20602544
20605541
20607266
20615977
20617299
20620746
20622927
20628497
20633725
20636605
20638723
20646404
20649177
20652632
20654751
20661281
20662510
20663497
20671531
20674422
20675800
20676636
20676675
20679176
20682787
20684266
20685794
20694535
20694548
20699947
20704352
20708049
20715159
20717286
20717625
20718033
20718960
20722612
20725231
20727049
20727684
20730646
20733997
20734246
20738177
20739607
20740205
20743019
20743978
20749768
20758179
20759658
20768511
20770140
20772499
20775426
20776353
20781551
20782696
20794341
20795500
20798845
20800073
20805604
20809058
20811168
20813811
20819625
20822266
20827006
20830730
20834736
20835928
20837339
20839033
20857087
20858870
20859599
20860957
20863916
20873176
20874743
20875872
20879801
20888105
20892550
20893849
20895970
20904211
20906042
20913830
20916061
20917581
20919076
20920626
20921617
20924158
20933984
20936412
20942569
20942658
20946016
20951485
20952221
20953998
20963808
20966924
20966945
20969418
20970485
20971433
20975995
20985485
20996996
20997814
21001943
21003203
21004234
21007059
21007752
21011790
21013075
21017909
21020483
21021086
21023539
21028752
21029092
21029355
21030151
21030267
21032252
21033925
21035825
21037812
21041305
21041373
21043679
21043833
21053581
21058100
21059141
21061215
21061370
21061513
21063803
21065875
21068260
21072757
21088277
21096383
21099122
21101730
21105103
21106355
21108333
21109473
21112595
21112820
21112848
21114637
21114970
21115226
21119182
21121971
21122147
21127929
21129208
21129925
21131450
21149234
21152137
21152859
21153463
21154148
21154923
21156576
21158038
21159600
21161600
21167179
21172891
21174199
21174767
21176080
21176283
21177680
21178851
21179970
21184676
21185201
21191700
21193767
21194073
21198419
21209654
21211482
21214619
21215166
21215377
21215548
21222565
21222571
21223759
21225242
21227866
21229905
21230470
21235361
21238648
21241485
21241728
21242720
21251696
21252763
21256558
21259408
21262015
21273076
21273438
21280052
21285730
21285811
21292078
21292999
21295835
21299471
21300553
21301452
21305033
21311703
21313588
21318246
21320495
21329389
21333784
21335971
21338414
21338528
21347755
21348684
21349886
21352146
21352618
21355015
21356680
21358907
21363511
21363750
21363823
21368571
21368941
21370425
21379777
21383250
21385249
21389282
21393014
21394647
21403943
21410149
21411510
21415330
21417372
21419892
21420152
21425947
21426183
21428205
21429378
21436177
21441948
21445233
21449678
21451083
21452766
21457586
21461694
21467722
21471731
21473884
21475976
21476054
21477777
21490763
21495380
21498706
21501180
21503830
21513187
21522981
21523283
21525073
21533602
21534692
21534695
21539009
21542818
21544187
21548189
21550064
21550118
21558112
21559993
21561014
21566415
21566629
21569810
21571951
21576362
21585655
21588735
21591509
21592051
21595009
21597086
21597247
21600299
21600457
21601590
21603537
21606693
21622078
21626750
21634092
21642166
21647575
21647849
21654806
21658193
21659505
21660549
21676806
21677063
21680521
21680999
21684089
21685889
21689695
21696471
21696792
21697301
21706354
21707456
21718762
21721245
21728852
21729154
21730789
21732436
21735213
21741654
21742647
21751233
21751252
21754256
21757238
21757992
21763419
21765308
21766124
21770014
21772554
21776949
21784842
21786050
21786113
21790078
21790586
21791944
21792001
21793696
21794512
21806228
21807250
21810895
21816477
21827010
21827599
21827947
21832901
21836417
21837019
21837332
21837760
21838831
21839844
21842266
21842493
21846311
21849845
21859194
21862001
21862601
21868847
21871495
21874742
21876908
21878816
21885299
21885777
21891758
21895815
21896485
21897088
21898120
21902690
21906944
21908785
21909080
21909337
21913091
21914259
21918754
21922075
21923380
21924192
21927734
21928634
21928960
21932084
21932275
21934324
21935818
21939331
21947759
21948536
21949499
21952736
21953443
21954620
21961777
21962338
21963132
21964827
21969427
21971227
21971780
21986700
21988786
21989803
21991234
21994158
21998220
22010357
22017694
22020874
22022080
22022857
22024852
22027996
22031567
22040860
22045939
22046911
22049849
22052616
22057037
22061434
22065866
22066090
22069974
22072144
22078508
22085100
22086154
22087341
22094574
22098376
22099547
22107717
22112695
22113657
22117011
22117369
22126191
22128265
22135309
22137515
22143373
22145187
22160651
22162221
22164921
22165341
22169094
22172605
22172946
22178989
22180755
22184563
22184752
22186311
22190440
22191143
22199109
22201797
22204285
22211344
22213974
22223307
22227750
22228838
22232616
22233908
22237316
22237898
22243600
22245018
22252604
22253109
22253518
22253742
22257388
22258294
22258690
22259232
22270710
22274166
22274322
22276350
22278555
22282595
22282677
22294063
22294671
22295268
22297564
22297809
22298478
22304477
22305249
22308890
22309609
22312509
22314414
22317200
22320913
22322003
22328322
22329040
22329193
22333763
22336674
22337374
22347813
22352411
22352644
22354440
22359857
22360593
22361587
22362740
22363324
22364637
22366917
22368213
22375612
22375706
22381905
22382706
22386102
22390200
22392231
22395402
22395624
22397066
22400448
22403116
22407139
22410788
22416945
22417429
22427851
22430435
22440286
22440511
22443391
22444622
22445674
22464186
22468699
22470869
22478332
22480643
22482803
22486328
22488507
22491316
22492339
22492664
22493178
22496514
22496902
22498730
22499101
22503167
22505332
22513665
22514135
22520464
22522647
22523177
22532612
22533932
22535395
22538725
22542699
22547715
22551034
22560032
22560753
22561113
22562843
22567363
22568110
22571005
22571006
22571834
22582460
22583234
22585144
22588651
22588706
22597926
22602655
22603855
22608019
22609213
22609502
22609941
22622623
22625236
22625657
22626648
22631718
22632325
22635809
22636581
22645862
22647985
22649791
22650679
22653639
22654090
22658210
22659029
22659399
22661462
22664011
22672047
22672915
22675338
22675873
22676961
22677942
22679346
22683817
22686286
22686369
22691374
22694530
22694851
22696765
22702596
22708544
22711590
22713346
22713974
22714655
22714754
22717211
22719613
22719847
22721230
22729151
22729362
22729965
22732329
22734083
22737360
22738522
22744339
22744922
22745110
22750377
22752113
22756073
22757777
22767491
22769138
22772888
22787857
22791154
22794079
22799458
22800925
22801890
22805497
22808974
22809522
22810541
22810667
22814824
22815685
22819498
22820050
22824058
22824453
22827125
22835119
22836397
22837146
22843535
22844256
22845332
22846562
22848315
22851277
22855416
22856813
22858372
22860908
22863993
22865863
22873774
22875367
22876134
22877833
22889900
22891391
22896720
22898813
22900103
22901662
22904745
22904942
22905438
22907302
22907643
22912243
22912499
22912765
22912842
22913987
22914133
22915077
22916268
22918852
22920812
22924865
22925343
22928448
22934637
22936988
22938135
22940963
22956285
22957057
22969669
22970532
22975740
22976300
22979763
22986427
22996928
23000136
23001666
23006027
23012003
23012667
23012757
23019217
23019364
23021108
23021951
23023791
23024424
23025065
23029560
23036492
23042895
23043068
23048526
23055624
23059723
23062458
23080434
23086254
23089691
23095167
23096788
23100757
23103188
23105581
23112805
23114385
23114973
23116953
23125215
23131318
23132171
23136836
23141191
23145829
23153233
23153318
23153742
23160131
23161080
23161146
23161662
23161664
23165674
23167462
23168478
23170809
23180816
23182104
23182778
23183243
23183616
23184215
23185172
23191008
23198722
23198842
23207494
23207563
23214032
23216168
23220643
23224745
23225650
23226461
23227146
23228139
23230215
23231238
23232224
23232720
23234109
23234991
23236606
23237138
23237873
23241177
23241359
23255924
23260990
23262816
23263149
23266986
23272927
23277299
23280156
23280810
23283094
23284873
23286813
23287394
23287467
23296372
23298267
23300512
23301720
23305385
23307157
23313518
23325781
23326344
23331224
23332871
23335372
23337974
23338161
23338878
23342190
23347459
23350743
23353717
23357080
23359142
23359964
23366448
23372935
23373268
23374864
23375423
23379352
23380336
23381425
23382036
23382390
23383428
23383993
23392863
23393287
23402629
23405762
23407001
23408561
23427141
23427397
23431176
23433205
23434004
23438588
23439216
23440940
23444121
23444723
23449852
23456782
23457486
23459393
23465160
23466026
23472572
23476981
23478047
23480988
23482867
23483177
23483354
23487232
23489051
23490831
23492876
23494378
23495303
23495889
23498086
23500344
23500592
23507927
23508680
23512482
23514034
23518228
23519245
23519661
23525525
23529841
23545366
23548974
23558064
23559010
23565797
23566223
23570946
23573363
23578477
23580229
23581395
23587665
23594696
23597979
23602809
23607147
23611520
23611959
23612927
23622788
23624525
23627295
23630681
23642864
23643048
23645694
23646982
23647511
23649739
23651284
23657772
23662497
23678294
23679086
23680819
23681108
23682087
23682624
23682810
23686716
23690756
23692362
23692614
23693319
23706840
23707764
23708503
23708687
23710555
23710688
23711709
23712093
23712682
23716102
23721115
23733302
23736824
23738075
23740610
23743660
23745019
23751201
23758232
23759146
23760658
23762109
23762883
23762939
23765275
23765972
23767555
23767717
23770980
23771024
23778027
23780693
23785046
23788505
23792891
23793195
23794522
23794843
23799000
23799640
23802986
23806673
23809650
23823613
23825289
23825307
23825984
23833843
23834217
23847887
23848489
23852197
23862062
23864597
23865318
23867874
23873076
23878009
23880269
23883621
23884144
23885303
23888719
23889894
23890297
23902258
23905472
23906151
23915239
23915667
23922936
23925174
23937638
23939583
23939991
23944917
23945248
23947019
23950329
23957739
23960334
23961324
23967180
23970381
23971371
23975771
23978132
23983015
23983534
23984200
23987294
23996414
23997454
23999682
23999724
24001734
24007159
24012617
24018364
24021694
24022998
24027982
24029185
24033020
24036194
24042495
24042646
24043405
24055587
24055600
24067528
24068859
24070192
24071234
24072765
24075825
24079238
24079973
24082171
24083554
24086372
24087917
24090245
24094572
24094778
24098082
24101995
24105773
24105817
24109464
24112134
24112347
24114188
24118218
24120776
24125973
24128484
24132175
24134050
24135187
24137033
24139649
24142936
24143764
24144726
24145884
24148482
24151548
24161557
24161982
24163631
24165375
24166447
24173853
24174825
24179215
24180027
24181304
24192874
24193857
24199065
24199226
24202057
24207281
24207353
24208957
24215152
24220880
24224221
24229710
24231188
24231792
24236890
24239428
24241370
24243694
24245080
24246254
24247605
24257138
24257401
24257555
24267167
24267858
24270133
24273513
24276913
24278704
24280636
24287681
24289782
24293760
24298689
24302565
24307775
24310098
24312328
24315307
24319971
24320527
24321785
24321944
24323116
24330001
24334407
24335950
24336627
24337561
24341388
24343998
24344605
24345998
24346182
24347091
24353958
24356345
24359062
24360164
24366343
24368749
24370280
24373454
24377447
24379787
24379896
24387982
24390535
24392659
24398054
24403409
24403811
24404903
24408140
24411751
24425458
24426460
24426932
24430515
24436973
24437164
24438628
24440633
24449753
24455354
24458789
24462423
24465745
24474096
24476836
24479039
24480408
24481714
24483193
24484161
24486125
24491185
24491703
24491755
24498197
24507095
24511666
24520908
24522874
24523847
24525480
24526571
24528494
24530041
24532933
24534191
24534587
24535193
24535393
24540102
24540793
24542442
24543864
24547515
24549664
24549734
24553393
24554401
24555823
24563556
24565878
24569362
24571834
24571957
24575812
24576709
24577318
24579464
24581249
24581803
24583625
24584178
24587895
24588810
24589455
24592147
24594067
24594606
24597379
24597408
24599539
24600551
24600558
24602304
24603071
24605295
24608553
24610114
24616986
24619053
24619247
24621014
24622155
24623118
24625999
24626717
24627869
24634186
24644490
24650372
24650814
24666324
24666649
24668818
24671158
24681634
24682752
24689144
24689851
24694108
24699177
24704779
24707519
24707886
24710324
24710799
24713809
24714349
24716933
24717093
24719474
24722228
24726507
24731080
24731272
24732151
24736028
24740654
24741165
24742512
24744311
24746107
24747613
24748181
24752819
24755263
24763436
24764679
24765496
24777089
24778542
24783392
24784699
24784734
24789737
24790024
24790078
24798558
24801943
24803836
24808622
24808752
24814940
24817579
24818544
24818634
24831005
24832691
24832819
24836992
24843839
24845246
24848104
24853577
24853894
24854637
24858651
24864293
24870177
24876428
24883406
24886021
24889714
24889863
24890788
24891765
24892390
24895245
24898376
24898541
24899057
24899344
24899939
24901022
24901218
24902023
24907641
24909659
24921806
24925028
24927708
24927981
24928856
24930508
24935172
24942112
24942455
24944455
24944748
24946641
24948577
24949506
24955291
24959290
24959939
24961731
24964104
24965259
24969193
24971121
24972709
24977440
24977635
24981187
24983353
24984054
24984839
24985737
24988209
24993686
24994835
24996701
25012447
25014063
25016158
25018149
25019236
25026100
25029876
25030641
25031308
25032626
25035051
25036364
25037093
25049833
25051391
25051714
25057647
25061720
25065500
25067503
25076632
25077142
25077852
25079573
25080360
25084051
25089604
25093310
25098436
25101597
25102019
25110886
25111438
25112855
25118084
25120953
25143988
25145373
25146892
25147352
25148949
25149633
25149872
25150861
25152380
25154540
25157966
25158191
25159605
25160632
25162796
25167371
25170949
25174514
25176753
25177408
25177955
25182512
25187213
25187833
25188400
25191302
25196491
25200441
25200883
25202609
25202934
25206026
25210060
25213530
25220560
25224005
25224700
25229780
25239610
25240579
25240651
25241948
25242723
25243835
25245487
25246809
25247457
25248346
25250011
25252002
25253347
25254111
25258707
25261120
25263822
25264063
25265760
25266512
25272518
25272836
25277566
25278480
25284345
25285420
25287490
25288406
25290984
25291160
25292173
25302484
25310277
25310381
25313208
25321976
25323957
25324663
25327845
25331195
25332494
25334423
25335852
25337783
25339870
25346708
25346815
25350390
25350535
25353223
25353649
25356528
25357213
25362234
25364081
25364679
25364698
25367286
25368907
25374268
25378177
25379680
25386543
25389039
25389293
25391255
25393919
25395603
25395911
25397910
25398663
25399817
25402081
25402271
25403880
25404542
25407139
25409723
25411539
25412518
25415036
25417059
25427430
25428541
25432525
25433124
25433540
25434111
25435423
25437810
25442906
25444118
25444934
25450780
25457221
25458307
25458945
25462165
25481553
25488575
25490271
25490778
25494509
25500058
25501250
25504204
25506433
25506961
25508215
25508888
25520905
25530906
25531301
25533385
25533957
25535340
25536710
25546757
25547646
25549462
25550149
25553593
25556796
25561867
25565031
25565457
25566803
25567156
25568133
25570645
25578048
25579426
25582429
25584604
25587590
25589081
25589357
25592149
25598831
25602972
25604899
25607366
25609768
25610125
25611980
25619783
25621055
25622635
25626528
25628152
25628644
25629652
25629925
25630585
25633894
25641487
25650420
25654561
25655998
25657081
25658108
25663067
25663709
25672503
25674002
25675581
25680451
25683173
25685616
25691901
25692767
25698551
25699368
25699751
25699876
25701419
25702174
25703206
25704754
25706411
25710120
25714324
25716440
25723039
25732850
25735811
25736539
25738061
25740742
25744535
25754022
25756683
25760949
25762134
25765288
25766357
25766538
25768555
25770957
25771785
25781955
25783680
25793622
25803370
25807996
25810197
25812283
25812378
25813989
25816426
25818452
25819225
25820349
25821593
25823452
25838261
25838838
25844271
25846038
25846973
25850685
25852877
25853214
25854380
25858325
25859286
25860850
25864597
25865444
25867282
25877163
25877834
25880261
25881563
25883055
25883286
25887151
25889105
25894275
25898223
25906071
25908707
25909403
25909939
25919507
25922607
25929312
25935358
25936108
25939424
25942305
25957720
25961004
25965299
25971246
25972772
25973879
25974705
25978516
25979326
25980235
25980382
25982906
25985807
