506153
506964
502467
495037
501817
502809
497472
496414
503673
502077
500810
501556
501260
493212
503260
502522
505282
504658
496793
496912
504056
505175
496247
502849
506250
497121
499024
499326
498236
499753
500204
500793
503535
501917
496420
504734
500436
498418
493074
495537
505499
493947
495729
495558
493096
499742
502722
505049
504442
500293
496271
503410
497169
502172
503497
496637
498435
500609
498665
508759
501810
488835
494336
497252
503402
507501
502062
502933
502306
493779
501690
503095
505109
498553
498506
499441
502892
493936
498531
502171
502471
494979
502817
505182
494438
497352
499653
500700
503845
499707
494351
502605
501475
500640
502745
492945
501387
495188
502721
501126
497914
499330
498237
502437
493461
506453
497559
497776
505271
499787
492149
496398
495671
502075
502724
499341
502475
495766
498772
501147
492782
504138
495649
501697
500962
501656
502646
498943
499165
500734
496960
507616
493149
493266
505970
504487
497278
500405
494409
498594
496906
498396
495520
497027
493326
498806
500198
494829
503171
499785
507281
495564
498714
499906
500130
500542
495800
504223
501140
503715
498084
502060
498576
497609
501192
498784
500234
501549
500505
496884
495392
507669
505032
500310
497088
497754
503972
496568
501084
502254
496705
503032
507296
498796
496483
503746
502015
497704
502284
498846
497322
501291
499001
502266
495264
497566
505535
502647
501319
498883
498457
496768
499866
501660
498493
492536
492988
500645
500689
500153
494376
502629
492671
505162
496134
503819
491957
501457
501179
497975
496091
506064
501694
502783
507119
497949
509707
502533
502489
495946
500600
500947
505817
491489
496855
500807
505775
498500
495258
501462
499268
501493
500134
497924
495745
496095
495747
497244
500886
491908
501440
492406
497095
499961
507668
498832
496131
493369
501526
499044
499865
497568
497466
497230
502090
500913
500987
497449
498174
494857
495351
501544
502781
501461
498193
504119
494251
500334
500161
507687
499373
506220
501329
504341
495753
499861
501019
496349
495178
499265
499635
497908
498791
504264
498661
501138
501642
503511
499821
498526
495092
499477
496413
505440
505108
500425
506181
499768
507507
503426
502641
498783
494640
499351
498280
499029
504215
495982
508041
501721
500072
503993
497148
496763
495519
504036
497251
503448
500013
496327
504690
502336
503419
502939
501211
495805
503474
504063
505130
497414
505635
499488
502562
493339
499590
495770
492873
501400
501102
498686
501109
504818
494446
496192
497182
508066
492147
496115
490166
501275
502037
498651
501893
496916
494738
501816
499399
505260
495791
498927
495857
505908
494553
500881
500868
500331
503285
502326
502969
498782
501653
499615
503187
499130
492726
495497
492440
506326
497958
499160
505292
502175
501524
498085
501808
504455
500264
501533
505291
496861
495893
502018
496744
503687
504980
503162
491848
501164
503376
502832
497105
497817
506415
498629
502909
503293
501855
505703
503704
499336
500297
497849
496370
498824
496728
508832
501978
502560
505867
492266
505798
500377
500540
497167
506932
499804
496367
498000
499651
505050
497810
500353
497712
493525
500842
508794
498307
500360
500147
503103
497894
501568
501154
497613
500603
500304
500352
502779
497896
492322
504221
502031
498009
503055
504436
505206
500294
503029
497012
503525
495971
505152
496098
505198
502974
503423
500089
498199
499758
500912
506043
502995
505795
493557
508771
499845
496658
504005
499985
497611
498022
500451
494867
502301
500714
494623
509288
503332
499364
497806
501279
501127
500309
493964
498242
502207
502226
495859
496082
500369
504079
499490
504976
503976
507552
499164
496790
504895
503509
498908
503694
494597
507224
499934
499009
500873
489727
503345
498914
503397
498138
500015
506339
499083
496493
493807
494221
496983
495398
498649
499624
494281
503054
505840
502241
498946
506460
500604
501534
498362
498395
505982
493089
501054
498778
499637
498938
492060
498115
494493
503537
500409
501038
492344
498538
501296
486881
499600
497037
497017
503086
495134
501230
496929
500044
513328
498134
497887
498079
494744
502066
501847
507989
503008
500530
501403
494046
499921
498375
502563
493576
500846
496056
499622
495666
498038
501569
495215
504088
503284
494962
496229
500852
500760
504753
500084
501828
495732
503123
500705
501886
498894
501315
500306
490832
504202
502982
504323
503237
501394
495808
496188
490413
495511
505063
501386
495061
505144
496030
497183
507946
497674
502631
501822
495689
501767
502131
489953
495703
500813
497885
498251
503280
498584
501321
501864
494551
502250
507055
501040
496577
505498
496593
498495
496613
499923
499902
496018
494876
503384
498091
499228
499828
502005
499683
499404
499358
498540
499295
506432
506662
508787
501799
497862
496502
499765
497328
497361
498831
504754
504849
500069
504719
493679
496592
503855
493661
499057
496933
497388
507730
498402
498899
504604
500539
496786
498817
502365
499766
495422
501859
502801
497557
501722
500593
498528
500879
501142
501497
493432
499951
494657
496974
501101
497662
499297
502061
497994
494750
499327
504926
500956
500320
496739
497261
500341
503557
493307
500381
498818
500290
499781
500786
499349
494780
502473
507203
502322
497552
502516
497173
495034
492894
499757
501256
500564
498018
497723
501483
500038
503286
498437
497126
506123
498342
503223
502653
501867
503064
502379
500438
499760
502592
502107
499069
495086
502194
505270
496449
506173
500513
501226
499965
491082
500226
496128
499407
498142
497176
502373
500666
499109
503514
498273
495657
497743
497489
499853
500432
498278
502648
505201
492016
511255
504807
495265
492999
500725
504954
496775
505264
494716
492321
497940
497848
501071
504026
505931
503889
498851
503933
497785
495977
498886
492992
507898
501806
504982
499092
507974
504345
503648
503754
506140
492460
490641
493913
500417
498821
502746
506668
497596
501303
505861
503608
498069
498625
502096
495502
494660
502456
501633
501232
494969
498873
499860
497511
500737
497717
497041
498757
496155
503895
499546
496145
504608
499013
495321
497602
500680
501477
508396
498238
504238
502553
498055
499447
499991
501223
491689
503666
509782
498074
502498
510548
502886
494161
497502
498640
497987
491206
497718
501606
495524
504951
506241
496312
496251
503254
499907
493264
497933
501350
497925
498185
499431
501298
493798
501480
497279
495441
508074
503248
501388
493658
494435
499790
499357
492329
499032
504615
505606
502168
498021
506701
503338
498108
495699
500376
502927
503957
496505
497282
492591
506011
497727
505134
496777
494388
495721
502038
497857
496072
498941
506600
492557
501344
497212
503837
494894
502157
496259
504190
501490
503069
503434
494104
496894
499369
495551
503601
494839
499352
494747
504720
501815
492242
502399
499511
502046
500393
495930
501511
499206
496667
498088
499808
500460
496446
505097
506622
508144
507472
501248
493785
498133
499181
498373
511368
505517
500787
500273
501043
498358
495650
497529
496187
503415
505511
499764
500803
499485
503667
504994
500727
505683
496833
498440
501846
503099
496684
503197
493496
500426
503102
499148
495888
494024
501234
505458
506974
501547
489366
494866
496303
499489
497290
501708
493197
499963
498898
501745
502797
503543
500798
498132
501316
505998
507451
501399
503603
500582
502212
499250
496966
503394
499956
504326
499654
497947
495683
497649
496650
498558
497140
499465
501925
499085
501737
494138
503184
492229
500357
504245
493486
501974
501644
502931
504350
497589
504925
498241
496358
494797
494942
496872
497747
508045
501180
501866
501863
496685
504324
493174
502187
505777
502694
504958
494497
510065
501838
496253
500363
488000
507478
498620
500247
500385
497254
501959
503528
501885
499839
499261
502914
498915
504930
491079
501391
498945
501618
498736
503153
500453
502504
495579
499612
499666
502358
496477
500935
496067
498930
494679
495904
505997
500518
500155
496748
500954
509072
505665
501122
499762
502070
497696
501401
502749
505439
498220
499050
498566
498984
499213
493013
499137
499987
493749
492595
495983
494467
498974
490458
500964
497055
503016
500442
509218
504169
503377
499038
497597
491770
503084
503697
499495
495696
497371
496531
498810
496272
503198
498857
493953
503082
502117
497224
494419
505169
492584
496603
501437
501422
505045
499397
503114
494570
500229
497327
505046
505920
501356
504957
496556
501145
498359
497939
493808
494564
501119
503659
504505
496649
496949
505701
494143
497419
506232
499113
501267
501056
501231
501033
491669
495072
497325
505423
501716
499541
496055
502469
504829
503721
496899
498438
503165
493234
500862
498460
496657
501278
504167
498388
494888
502042
497223
501874
510281
498735
494741
494262
495035
504366
498139
498744
502049
500455
497690
499645
498394
498628
498964
505391
496920
496762
493532
500870
496004
495073
500693
497316
499124
506559
499007
501099
494659
500827
503502
496697
497219
499117
504731
505398
495966
497385
504746
498512
500952
503945
507319
506557
500548
490819
499634
499723
497107
497715
507928
499276
493742
497759
501361
497920
506948
494821
499602
500635
500186
495268
499844
502340
500857
496086
502219
509608
504272
501510
509786
495228
499864
499380
500570
505071
500698
500537
500266
501445
502276
498795
497561
501985
499244
508052
497872
495282
495310
501413
501196
508028
498519
504340
500142
494352
494423
504158
502959
489470
502734
491268
498790
498498
499914
500820
502911
497982
494842
502527
499060
504478
499772
495710
496287
496013
496976
497700
500102
502926
497615
494868
505776
503149
495451
495975
496627
501451
498051
495209
504878
497067
500917
505136
498764
506148
500507
497103
505497
495219
497117
504008
503803
496443
500942
501892
501423
500909
492126
500613
506111
497124
501896
503307
498403
501785
505224
499006
509240
501984
501421
501135
502752
500208
501339
497330
494184
505705
496342
502044
501807
496630
501025
493357
506139
495780
496051
502032
490921
503596
498792
492567
495829
499246
498413
495371
503568
502986
500979
502130
502325
497583
500472
499342
509567
502027
501383
499119
499789
505156
493274
498536
498309
498786
502318
503737
501435
502762
493996
499756
498959
494443
501271
500742
502591
500288
490743
500300
504294
499917
502023
500199
499187
504940
496841
497389
500488
496224
500768
500940
498948
502571
496943
502987
505135
496238
496727
498023
501517
505723
494762
497029
501766
500301
495584
497819
501454
501374
498058
495356
499899
494358
502928
499553
502310
503544
500359
498383
501146
504041
490873
500951
500723
497197
505547
505087
498753
510043
500989
498272
495498
503288
506031
491322
499211
502957
500085
496826
507207
496823
494326
500911
501650
491679
494183
502534
501139
499984
503081
497163
497319
497260
505168
497269
496541
499674
504642
494133
503331
501415
499584
499868
494008
503969
495016
504450
494631
506811
503564
494767
504724
497766
506922
499926
499386
501443
496346
495709
498509
498669
492535
498713
498547
506074
500697
502206
501227
499456
499918
498706
497659
497780
502108
503005
506648
501677
497220
500592
499443
498167
506165
502185
506190
492522
492144
497247
507718
500207
503464
498765
494746
507040
505678
492412
495838
499719
500748
500829
504533
503143
496167
496666
499621
497931
498017
497881
506714
507392
504856
495493
494176
505529
504369
496263
504191
494902
497081
497927
496146
495253
495011
493948
502835
506108
498390
503063
502196
501820
510664
493698
503977
504728
501377
498456
499688
506764
496606
490964
503132
504100
505216
497853
497263
504242
497276
491856
499847
507701
506722
495038
500336
501141
493135
496332
499173
505770
493199
496436
504269
500611
500502
498146
495713
502068
500617
498423
503571
505917
503619
496917
506402
496628
493719
500178
498262
493917
507512
502442
503941
496557
497788
498434
512191
498228
503133
501755
496390
494752
497267
505150
503459
501093
500864
496591
500843
495124
496159
505277
497353
495566
504461
497286
498443
500236
494189
505051
495653
502766
493176
497415
508842
499648
496228
501120
497882
497950
500681
501912
496046
503507
502404
502642
499439
493821
501324
500025
501778
497640
504321
500258
503740
497716
508536
495768
500678
505582
499298
500986
502272
496405
498958
498057
500391
503188
496975
497898
501083
504640
496181
503927
499671
501921
503488
498739
502423
503385
493459
498742
500949
499798
497303
499617
506355
494846
495641
500994
501840
500818
500988
498732
499222
505831
496232
502445
504218
501615
492893
503461
503372
501685
511847
497228
505112
496821
496233
500682
502612
502020
499233
500125
498973
500806
493448
492855
498840
505583
497962
500093
498064
499531
499479
500253
498294
502344
494313
499423
501512
502561
495825
502861
498209
506725
496737
502427
495743
496930
503466
497285
495818
504990
500110
502235
499731
499552
504383
502257
502039
494186
499650
504748
508826
500797
504306
501418
500197
498904
504387
506265
499463
503732
501272
496635
500324
502650
501203
506096
497539
498672
501942
495972
501558
500589
503585
503087
496802
497507
505768
500254
497586
500327
492839
502375
502461
498258
499943
498482
