131962
118350
314412
908717
814531
693776
135162
908583
368664
194962
477765
101789
874178
496029
700752
271795
903873
633605
41988
872131
174428
933980
216624
465778
437868
203163
735603
908261
359226
475159
961149
603639
875325
555175
102185
452946
756194
317322
225449
251036
702905
411392
160990
679911
78973
430021
328471
661589
355777
782948
264286
688617
343209
969392
858431
485360
287796
139967
229150
702467
595159
85774
475262
509214
107225
528131
164986
674186
598256
582585
963900
715685
754209
721584
46585
590746
8477
789582
911498
421834
750299
407043
964081
945908
741600
331923
370636
722186
32446
664407
441470
336627
904210
778333
557358
224708
423193
899944
177966
208247
307770
635303
59761
658109
862574
738650
558288
329125
473350
360447
391375
848882
911728
216324
969510
257008
489004
77149
399825
608651
377006
173686
236732
697372
634333
565864
246899
988481
321354
24502
840039
564841
901486
650841
719323
