1758335
1872033
2148064
2213072
2247812
2297860
2322317
2322779
2391381
2422127
2471678
2471681
2471695
2500933
2559693
2615862
2616059
2616815
2619711
2625520
2630300
2637286
2637291
2637506
2691420
2781419
2781628
2781653
2782212
2788663
2796040
2796073
2796078
2806374
2806606
2813430
2820357
2820598
2821067
2823800
2838527
2839076
2839166
2862172
2862198
2984854
3024952
3024964
3025994
3026922
3031101
3032847
3043212
3115884
3116077
3154138
3178185
3179375
3182054
3194765
3194894
3197737
3198913
3199982
3200149
3216052
3220274
3224602
3225476
3228438
3320845
3320860
3327121
3329421
3335781
3342141
3343020
3343042
3343151
3348720
3357093
3358386
3358427
3358428
3358431
3359432
3359433
3499969
3525890
3548408
3548430
3552872
3566118
3578988
3578993
3588568
3592049
3606309
3621319
3622858
3646838
3649016
3655604
3663019
3671791
3671982
3677993
3680243
3707904
3721904
3729322
3736700
3737986
3742679
3742845
3781506
3781536
3782088
3799114
3810208
3814481
3834954
3848765
3852233
3855345
3857175
3860478
3864328
3864980
3881781
3881785
3883015
3883022
3883025
3883027
3883053
3883146
3884685
3900397
3916422
3938322
3973102
3978006
3978688
3978754
3986216
3986388
3997295
4011009
4011049
4059374
4136556
4157217
4178136
4179201
4179357
4179358
4179467
4179475
4179478
4197342
4203935
4205384
4226083
4231323
4240620
4240827
4241667
4255983
4258596
4259409
4263100
4263974
4286374
4318960
4318991
4321938
4329095
4330617
4336405
4356888
4418405
4418409
4418439
4419262
4420517
4420540
4427422
4429113
4439795
4439858
4447249
4457121
4495365
4497697
4500826
4500854
4500891
4516455
4543434
4551505
4585385
4652935
4674491
4677127
4677165
4677501
4678057
4678371
4683208
4683214
4683725
4684151
4684982
4688800
4688889
4689611
4689615
4689622
4689629
4691826
4693447
4693663
4693679
4703892
4704559
4708173
4712235
4717064
4719390
4719731
4722676
4726602
4733562
4733615
4740218
4761896
4776278
4780044
4785597
4802926
4802951
4802972
4812527
4813961
4813974
4815328
4815342
4815369
4815536
4815582
4815738
4817937
4819532
4819558
4819748
4824328
4827024
4827487
4910662
4930078
4937330
4947031
4948354
4964850
4970624
4971307
4972915
4980598
4985029
4986270
4986454
4986456
4992827
4999331
4999352
5007480
5009606
5010665
5014781
5034240
5042267
5052884
5052889
5052894
5056195
5056563
5057977
5069386
5070609
5071160
5076112
5086441
5092146
5101902
5106412
5106422
5111493
5111671
5111674
5111675
5112671
5112697
5122861
5122863
5130965
5139641
5141891
5145799
5150771
5150834
5150840
5155774
5158458
5159296
5163024
5163025
5163609
5163796
5163817
5164442
5169832
5171407
5171762
5175369
5175400
5175437
5176408
5205626
5233923
5241868
5246181
5266904
5291595
5292168
5326056
5326068
5331892
5331911
5331923
5333629
5336102
5347912
5354163
5355308
5357889
5358214
5358231
5358299
5358313
5358314
5381689
5387571
5396947
5397758
5397762
5406111
5412145
5419534
5435147
5448074
5452100
5452896
5453035
5453038
5453051
5453055
5472168
5472290
5475478
5479051
5480735
5480752
5483364
5484075
5487948
5487950
5488541
5490402
5490424
5490428
5492401
5493188
5493211
5493227
5512536
5512545
5512548
5512551
5513795
5524952
5527578
5534038
5535556
5535586
5549955
5551086
5559472
5567703
5572957
5574534
5591530
5592459
5592652
5593431
5593432
5593448
5593452
5594352
5597209
5597707
5600655
5609580
5613193
5617548
5618028
5618056
5618550
5618561
5619046
5619289
5626453
5626459
5626995
5628500
5630195
5633301
5637959
5645471
5660828
5670300
5673317
5686658
5699532
5702308
5709665
5719994
5725884
5751213
5755495
5759366
5759420
5760338
5760353
5760366
5761483
5761493
5761508
5762546
5762568
5762569
5762758
5762762
5762765
5769396
5773139
5773157
5773178
5773196
5775968
5776249
5777673
5791564
5864066
5865709
5865710
5865711
5865803
5867666
5867670
5869885
5870578
5870582
5870584
5870587
5871195
5871506
5875782
5875783
5877576
5877846
5878074
5879693
5879699
5879702
5880039
5880214
5880228
5881410
5882195
5882328
5882603
5883975
5883992
5888120
5888222
5888510
5888533
5888540
5888560
5889881
5890116
5890121
5892417
5892420
5892807
5892903
5893448
5893475
5895391
5895582
5898758
5907081
5915106
6010000
6020914
6020915
6021250
6021280
6024316
6024318
6029407
6037582
6066371
6067337
6070706
6072411
6072959
6075744
6080522
6084961
6086646
6089027
6090928
6099376
6101478
6116920
6116926
6116928
6117837
6118747
6119794
6119834
6122436
6123864
6124074
6126528
6141770
6141778
6141789
6141794
6159461
6161755
6163852
6163905
6167739
6167745
6170111
6170112
6170333
6175964
6175995
6176913
6178998
6179015
6188532
6191441
6197318
6198890
6200048
6200775
6201908
6202811
6206999
6208324
6209242
6209270
6209972
6210822
6212797
6214037
6215871
6215939
6216383
6217836
6217843
6219797
6220357
6221462
6223010
6224349
6224373
6224879
6224885
6225586
6227215
6227220
6227236
6231619
6231621
6231635
6231637
6231804
6231808
6231829
6232005
6236481
6236953
6237342
6242328
6243458
6243525
6246372
6246378
6246421
6246449
6246462
6260243
6268712
6275382
6276245
6281776
6281791
6281801
6286503
6286518
6288190
6296515
6296814
6296880
6303998
6304489
6304516
6308972
6308990
6309517
6309589
6312246
6313901
6313977
6315776
6315780
6320738
6321946
6332558
6352806
6353077
6368401
6377243
6379628
6382295
6395516
6396390
6396535
6430811
6430813
6434344
6434372
6434384
6434409
6435325
6439229
6448256
6450015
6461149
6461157
6461942
6466409
6472294
6472578
6478089
6478104
6478110
6478112
6478960
6480441
6480465
6480878
6481641
6481646
6482482
6489294
6490428
6492876
6500985
6509818
6511475
6511493
6513719
6513720
6515118
6522048
6524004
6524025
6524077
6534897
6539827
6539828
6539829
6540466
6541772
6543204
6549992
6553980
6554026
6558099
6560057
6561938
6563644
6563783
6563785
6564397
6575132
6580768
6581093
6581984
6583459
6588842
6593563
6597368
6608772
6609007
6609250
6609257
6609259
6609262
6609271
6609286
6610581
6610584
6610588
6616857
6619207
6620935
6622657
6626598
6626861
6627696
6630807
6631102
6631267
6632034
6632039
6634180
6636086
6636087
6636812
6639336
6641326
6641328
6646452
6646619
6648183
6648258
6651243
6654157
6654163
6654169
6654171
6655090
6655665
6665228
6669832
6670611
6671045
6671058
6671059
6671457
6671470
6671513
6673610
6677125
6677375
6683461
6684029
6684245
6692522
6694766
6695473
6695507
6695511
6695542
6698357
6700823
6701141
6702547
6703036
6703206
6703679
6703786
6703796
6703845
6709096
6711373
6713168
6714628
6714637
6715711
6715737
6717089
6722422
6726481
6726782
6726962
6728085
6728102
6728103
6729089
6730341
6730418
6730463
6730467
6730892
6741302
6741308
6741805
6741877
6742107
6742597
6744976
6745003
6748206
6748210
6748574
6749279
6749553
6753106
6754605
6758523
6758592
6758595
6766824
6773229
6774463
6774471
6774691
6775633
6775767
6775776
6776411
6777649
6777651
6777660
6778122
6778487
6778753
6778801
6780012
6784855
6784858
6784882
6786364
6790314
6790532
6790546
6791536
6800743
6801161
6801212
6808284
6808590
6813147
6813166
6813189
6813436
6815426
6815472
6815564
6817942
6819303
6820096
6820100
6820209
6820788
6820817
6821732
6821996
6823450
6823480
6823786
6823799
6824768
6824967
6827624
6829066
6829094
6831373
6831681
6841677
6845097
6845819
6851717
6851791
6851793
6851798
6855363
6856028
6857723
6858887
6858888
6858907
6942244
6954246
6969560
6982442
6991973
6993563
6997879
7011805
7023248
7024589
7025958
7026178
7027523
7027541
7027554
7029688
7030295
7031311
7031330
7031368
7033274
7036724
7042301
7043974
7045350
7046224
7046834
7049537
7050524
7054587
7055629
7056036
7063342
7063352
7063666
7064481
7064497
7066055
7066099
7068199
7069294
7074005
7077450
7082520
7082542
7085021
7085022
7085191
7085570
7085578
7085587
7087016
7087019
7087706
7088339
7090040
7090043
7090264
7090513
7091087
7091860
7092831
7092932
7093694
7093696
7094084
7094331
7094450
7095731
7096056
7097042
7098884
7104173
7105152
7105212
7105312
7105668
7105683
7105708
7107010
7107053
7112200
7116574
7117182
7118581
7124681
7129253
7132545
7135222
7139682
7139805
7141531
7142211
7143882
7145071
7156924
7157263
7158544
7162669
7162677
7163324
7163341
7163342
7171284
7179389
7183579
7185125
7185145
7185741
7191777
7198217
7203265
7207158
7208137
7208369
7208370
7208559
7211962
7214937
7222892
7226414
7227569
7227680
7227684
7227690
7228656
7228672
7228679
7239216
7246078
7246624
7246625
7246722
7246773
7252467
7262866
7268607
7269350
7270935
7283460
7283480
7285895
7287097
7301521
7302764
7302770
7303418
7310300
7320265
7320276
7320428
7321298
7321318
7321478
7322581
7331907
7331909
7333149
7333155
7333308
7333314
7335022
7336858
7339503
7341062
7341085
7341093
7344612
7346412
7346430
7348227
7354037
7360025
7360027
7363150
7366758
7366760
7368171
7374459
7374502
7381084
7382022
7382139
7384722
7384757
7389255
7398361
7398402
7403668
7404139
7404570
7405833
7410868
7412603
7415887
7416089
7419262
7419281
7423035
7423036
7426702
7428415
7429248
7434565
7434657
7434661
7434765
7434889
7435184
7437322
7444839
7446443
7446445
7447463
7476748
7480891
7480892
7484616
7484910
7504423
7506437
7507273
7508340
7510761
7511298
7512488
7516882
7518746
7518783
7520090
7522789
7524191
7529011
7529024
7529577
7530482
7530502
7530589
7530592
7530599
7531148
7531178
7531182
7532854
7532855
7533086
7533094
7533098
7533110
7533118
7533129
7533131
7533141
7534925
7534977
7535066
7538264
7538663
7549401
7549548
7551883
7551885
7559138
7561734
7561753
7563716
7563729
7563737
7563738
7564966
7565051
7565091
7569085
7569100
7569101
7569105
7569830
7570138
7570139
7570159
7570406
7575888
7582625
7582684
7584364
7584471
7585749
7585758
7586365
7587104
7595984
7597295
7602711
7603607
7609066
7613202
7613575
7613655
7616245
7617673
7617674
7623200
7624138
7627072
7627789
7628195
7628201
7632354
7637282
7641152
7642333
7642342
7642418
7642556
7642560
7642570
7642590
7643000
7645051
7645200
7645592
7645605
7645612
7645963
7645993
7646036
7646919
7647262
7648045
7648140
7650735
7652364
7652394
7652401
7652803
7653451
7653462
7659270
7659432
7662020
7662597
7664810
7664832
7665868
7666503
7666583
7667805
7669787
7672933
7673400
7674025
7675859
7675862
7676090
7678053
7678439
7678441
7680084
7686851
7686872
7693043
7693075
7696461
7696477
7697966
7698507
7699577
7701957
7703077
7715191
7723242
7723497
7723868
7723945
7723949
7723967
7724000
7729549
7729750
7729756
7733439
7733491
7734931
7736541
7736553
7736836
7737065
7743504
7746877
7756585
7756707
7756717
7760135
7763175
7767788
7768487
7768495
7774521
7774852
7776389
7779913
7780242
7780261
7788877
7789450
7789497
7794364
7800265
7801244
7802871
7803214
7803304
7803333
7803623
7806292
7806328
7806337
7806350
7806781
7806793
7806800
7806802
7806816
7818376
7824668
7834500
7834859
7834904
7838071
7838573
7841274
7841779
7841795
7841886
7843188
7843190
7843991
7844820
7845632
7845669
7845680
7845947
7847883
7848098
7849671
7849919
7850922
7850970
7851080
7852275
7852307
7852315
7852339
7853327
7853381
7853607
7853613
7853804
7853895
7853925
7856057
7857992
7857994
7860829
7860840
7861501
7861628
7861629
7862273
7862603
7863122
7863129
7863661
7863962
7863963
7867236
7868528
7871549
7871565
7873578
7874028
7874452
7874455
7875056
7876442
7876483
7876844
7877352
7878182
7881090
7881092
7881134
7881315
7881944
7881947
7882834
7882850
7883288
7883322
7884685
7884703
7884709
7885574
7885851
7886003
7886008
7886016
7886331
7886347
7886555
7887495
7887539
7887555
7887802
7887822
7887827
7887835
7888169
7888192
7890641
7890663
7891415
7891447
7891458
7891461
7892644
7892897
7893606
7893623
7896368
7897228
7897237
7897271
7898364
7898760
7900836
7900857
7901023
7901056
7901080
7902087
7903842
7905234
7905939
7906005
7906010
7906014
7907161
7908452
7915600
7915606
7916525
7916527
7916582
7916607
7916652
7916673
7922981
7925994
7928343
7928344
7928345
7931270
7934987
7939897
7942495
7942496
7947632
7947636
7947647
7960145
7964382
7964913
7968279
7968288
7968947
7969162
7969195
7969895
7970076
7970880
7971553
7971821
7971845
7971935
7972064
7972065
7972846
7975658
7976873
7977811
7978982
7981407
7987371
7989804
7991066
7992057
7996869
8000578
8002134
8002364
8002836
8006219
8007424
8007596
8010244
8011344
8012258
8012956
8017155
8017655
8017671
8018863
8019236
8019364
8019369
8020504
8020539
8020959
8021712
8022173
8022184
8022769
8022788
8022811
8024360
8025574
8025575
8025578
8028882
8028945
8031841
8032885
8038551
8038981
8039865
8040374
8042309
8042469
8043674
8046649
8047353
8047362
8047409
8055787
8055800
8055801
8056156
8056161
8056264
8056320
8056324
8060355
8064841
8066876
8069294
8071721
8071733
8072696
8073596
8075689
8076951
8083350
8085361
8088337
8090250
8093475
8095573
8096146
8098197
8098231
8098235
8098238
8098243
8098596
8100431
8100432
8101129
8101395
8101514
8104220
8104310
8107655
8111521
8112977
8119557
8119601
8119943
8120792
8120932
8122334
8122341
8122376
8122400
8123241
8123697
8123718
8123719
8123783
8125195
8125201
8125527
8126895
8129411
8129753
8133004
8135773
8135785
8137156
8146644
8148590
8148826
8151920
8151921
8153353
8155860
8162500
8166694
8167527
8167551
8168277
8171036
8173466
8173542
8175965
8175999
8177901
8178832
8178913
8179695
8180384
8180405
8180411
8180426
8180493
8181114
8181118
8181518
8185066
8188908
8188915
8190216
8190234
8192017
8194015
8194027
8194030
8195889
8200712
8200825
8201588
8201896
8212376
8212954
8212986
8212998
8213336
8213584
8213724
8213732
8217468
8217493
8217495
8218588
8218615
8219730
8219776
8219958
8219963
8219974
8219979
8220599
8220621
8220684
8220689
8221274
8221283
8221286
8221306
8221339
8221355
8221382
8222341
8227918
8228187
8230145
8230292
8230340
8231370
8231433
8232400
8232449
8235541
8235553
8237631
8240110
8244503
8244522
8250954
8250955
8250958
8251009
8251889
8252850
8252889
8252896
8252904
8252930
8252932
8253464
8253494
8257771
8257887
8257910
8257916
8258653
8258688
8258691
8288207
8288354
8289015
8289306
8289700
8289958
8289967
8289974
8293191
8294669
8294934
8295483
8295621
8295710
8295711
8296428
8297104
8297409
8297486
8299856
8299864
8300124
8306214
8313380
8313423
8319507
8320491
8322101
8322121
8322206
8323157
8323722
8325215
8325443
8326526
8327046
8327047
8327077
8327466
8328723
8330692
8333157
8334360
8334367
8334386
8334543
8334544
8334557
8334560
8336032
8336033
8336087
8336452
8336750
8336910
8337195
8337597
8337600
8337602
8337610
8337628
8337653
8339485
8339508
8339977
8341038
8341220
8341393
8342740
8342756
8342955
8343352
8343419
8344734
8344937
8350582
8350594
8350912
8350924
8351391
8351948
8357107
8357117
8357121
8357130
8357132
8359952
8360137
8360176
8360533
8360938
8362162
8362309
8362429
8364363
8364761
8368095
8368351
8369806
8369812
8369816
8369830
8374634
8378715
8379856
8380927
8382457
8387335
8387726
8388199
8389493
8390014
8393991
8399060
8399067
8399108
8403273
8403289
8404271
8409046
8409047
8409183
8409425
8424665
8431162
8439493
8449158
8454697
8458750
8459303
8459333
8459339
8459774
8459798
8462700
8463276
8475554
8476369
8477506
8479584
8480276
8480767
8482913
8482921
8486718
8486860
8486924
8488644
8490330
8491158
8491174
8491209
8491215
8491792
8491794
8493512
8493524
8494411
8495483
8495513
8495711
8496134
8496137
8497314
8505410
8506129
8506142
8506380
8506389
8507247
8507249
8507513
8507547
8509323
8509346
8509373
8509375
8509467
8509491
8509493
8509848
8511954
8512436
8514030
8514032
8515440
8516216
8522092
8522106
8523545
8524090
8529956
8531767
8531960
8531967
8532014
8532106
8535542
8539026
8539035
8539039
8550891
8550892
8552269
8552479
8558465
8558587
8561775
8562880
8563067
8563072
8563086
8564501
8568676
8570688
8570703
8571569
8571575
8573458
8574273
8574541
8574714
8576066
8580765
8580803
8580808
8581001
8581711
8582828
8583539
8583878
8584108
8584340
8584603
8585268
8585282
8585833
8585845
8585851
8585959
8587725
8588487
8589261
8589573
8594710
8594713
8596572
8597848
8598236
8598924
8601190
8601261
8601328
8601529
8601715
8602830
8602832
8606627
8636052
8636745
8637841
8637856
8639391
8640807
8641015
8641319
8641429
8641435
8641436
8644578
8650020
8653832
8653921
8653928
8653943
8654574
8656463
8657733
8658062
8658440
8658459
8658522
8658550
8658584
8666349
8666566
8666587
8666600
8666773
8666775
8667478
8669447
8669514
8669760
8679887
8679888
8681231
8681234
8681243
8681340
8681343
8683372
8683380
8685739
8689006
8689164
8689197
8691843
8691849
8691850
8691852
8692937
8693545
8694863
8695364
8696956
8701858
8702313
8702411
8703259
8703283
8705084
8705192
8707008
8707020
8707144
8707149
8707174
8708213
8709011
8710076
8710077
8710217
8710636
8710638
8710812
8710815
8711498
8712292
8712301
8714109
8717653
8717661
8717665
8721116
8721497
8721507
8724603
8726706
8726760
8727780
8727875
8727968
8727971
8728243
8728251
8728258
8728814
8729268
8731633
8731634
8731656
8732285
8732784
8732787
8732808
8732810
8732815
8732817
8733329
8735976
8737770
8738214
8738217
8738425
8738465
8738585
8739437
8739699
8739708
8742795
8742810
8743605
8745441
8745788
8746612
8746624
8747776
8759946
8760839
8760849
8760870
8762185
8775030
8775031
8786785
8791983
8792125
8792282
8794622
8802914
8805522
8806198
8806206
8807856
8807866
8813237
8814198
8814669
8815069
8816879
8816891
8818333
8818385
8819248
8819266
8820034
8820037
8820173
8821092
8822279
8822283
8823475
8823483
8823494
8823520
8823964
8824361
8824377
8824519
8825541
8825547
8825625
8825718
8828268
8828402
8829805
8830807
8831679
8832329
8832445
8832458
8834314
8836346
8836716
8837244
8838298
8838553
8838846
8838855
8841550
8842680
8842682
8843911
8844067
8860238
8860738
8860742
8860750
8865373
8867172
8870447
8872078
8872323
8873403
8875204
8875215
8875782
8876123
8876130
8877030
8877563
8880524
8880537
8884411
8885129
8885146
8885159
8885179
8885203
8886504
8886530
8887343
8889174
8889272
8889993
8891247
8892383
8895896
8898423
8898707
8899706
8900519
8900721
8900777
8901221
8901942
8902556
8902564
8903007
8903909
8905219
8905220
8905230
8905753
8907832
8907906
8912759
8912776
8912785
8913025
8913058
8913650
8913935
8914264
8916097
8916099
8916112
8916119
8916140
8918424
8918439
8920287
8923507
8924285
8926060
8926090
8926101
8926108
8928740
8929174
8929503
8929522
8932551
8934814
8935832
8936277
8936306
8936311
8936614
8936621
8936631
8936739
8936746
8936763
8936764
8936774
8937563
8937574
8937579
8937615
8938785
8940779
8942784
8943136
8948963
8953396
8953402
8967674
8970919
8972820
8972994
8973012
8974523
8974553
8974571
8977022
8977765
8981701
8985177
8988152
8988301
8988517
8989120
8989131
8989249
8990418
8990431
8990752
8993290
8996293
8998126
8998170
9000284
9000902
9000926
9000992
9001336
9001341
9001524
9002202
9002334
9003686
9008990
9010252
9010717
9012332
9012385
9012463
9012874
9014937
9015033
9015459
9015463
9015654
9015795
9015801
9016048
9016723
9016951
9016979
9018769
9018892
9018934
9018940
9018946
9019033
9019165
9021331
9021389
9024007
9024011
9027099
9027322
9028734
9028759
9029912
9029913
9029915
9030969
9032140
9034670
9034687
9035741
9035747
9035750
9035756
9037099
9037258
9037528
9037530
9037537
9037880
9037887
9037916
9039720
9041269
9041330
9042778
9042786
9042812
9048568
9048571
9048611
9049544
9049775
9049780
9052152
9052401
9052405
9053692
9054537
9061494
9061533
9061538
9061727
9062442
9062555
9062903
9062904
9062927
9063168
9063358
9063633
9064663
9064733
9065352
9065361
9066387
9066468
9066674
9067234
9069792
9071452
9071459
9071482
9078475
9078744
9085629
9086316
9089018
9095981
9101777
9102072
9102113
9102250
9102695
9103372
9103921
9106346
9106385
9106860
9109460
9110789
9110808
9111017
9111435
9113755
9116392
9117909
9118547
9122253
9122371
9123238
9123909
9126134
9126422
9126434
9127996
9129431
9129454
9129470
9130253
9130276
9132420
9133302
9137022
9139175
9142210
9142524
9142532
9142853
9143180
9145704
9146032
9148168
9149545
9150452
9150641
9156006
9156159
9156189
9156796
9161605
9161636
9173205
9174524
9175032
9175351
9178376
9181603
9181780
9182786
9183621
9183906
9186237
9186273
9188197
9190343
9191843
9192774
9193906
9196098
9196102
9197724
9197728
9200929
9201541
9205386
9207097
9208316
9208520
9211189
9211484
9213048
9215536
9219244
9225482
9225528
9225651
9225746
9227278
9228443
9229668
9231283
9232645
9234076
9237385
9237695
9243147
9244952
9249675
9249966
9256939
9259411
9259417
9259847
9261406
9261691
9286359
9286379
9289557
9291107
9291148
9291150
9294634
9294636
9300698
9302586
9302795
9302805
9302817
9302832
9303298
9303850
9303878
9305034
9305056
9309518
9313105
9313522
9313528
9313745
9313750
9316067
9318372
9318382
9319471
9320580
9321885
9322159
9322601
9324483
9327143
9327168
9327285
9327337
9327847
9327856
9327869
9327902
9329896
9338410
9338418
9338627
9342002
9347698
9348375
9359083
9361484
9365821
9373270
9378211
9382866
9382877
9389309
9389316
9395584
9395617
9406512
9407130
9408089
9409192
9412271
9412397
9412748
9419950
9421698
9425314
9430237
9430252
9432508
9432527
9433099
9437537
9437804
9437832
9440515
9440516
9440518
9440628
9440906
9442470
9443645
9443662
9443679
9449156
9454520
9456295
9461193
9462421
9462443
9462445
9462456
9464137
9464161
9464194
9465531
9466682
9471801
9471806
9473853
9477267
9478846
9484689
9484849
9485043
9485221
9485222
9485251
9485702
9485704
9485784
9487725
9488554
9489415
9490719
9491793
9492549
9492826
9492869
9492873
9494030
9496962
9497219
9498218
9498226
9503805
9505188
9505547
9508034
9508091
9508215
9508499
9527224
9527234
9527243
9527252
9527283
9528619
9530973
9531141
9533112
9533446
9533456
9534452
9534458
9534954
9536882
9536885
9537250
9537251
9537440
9537444
9539574
9541233
9543236
9545401
9553315
9553340
9554964
9557030
9557534
9557701
9557981
9558001
9558007
9558361
9559611
9560357
9560425
9561223
9561584
9561588
9561642
9561649
9561655
9562999
9563000
9563001
9564659
9565268
9565286
9567546
9567899
9567900
9567923
9567935
9568288
9568298
9568443
9568453
9568466
9568487
9568575
9570399
9573343
9574109
9574545
9574840
9574849
9575421
9575474
9580192
9583487
9585974
9589296
9591801
9591805
9593292
9593406
9593408
9597225
9599389
9599395
9599401
9599412
9600526
9601190
9602360
9607683
9615292
9617012
9617014
9617631
9624865
9627143
9627409
9637910
9637924
9637933
9639516
9639555
9640804
9640807
9641628
9642087
9642098
9642123
9642163
9650889
9651592
9652605
9654256
9654261
9654265
9654269
9654274
9658286
9658323
9660592
9662118
9677089
9678949
9679787
9679914
9679931
9680051
9680054
9680621
9682221
9692919
9692925
9695232
9695421
9695424
9695427
9698068
9698080
9699215
9703101
9704907
9706683
9706712
9708077
9712537
9713181
9715696
9716067
9743047
9746944
9752316
9752353
9752755
9760930
9767214
9767238
9767506
9769974
9770633
9773266
9773669
9773884
9774041
9774545
9774557
9774569
9775089
9775131
9775134
9776432
9777580
9777641
9778119
9779605
9782072
9782097
9782100
9782671
9782676
9784834
9790494
9795080
9813168
9813237
9815803
9816526
9816955
9822743
9824965
9825608
9827367
9827369
9833585
9838182
9838600
9853176
9854357
9856165
9857753
9858027
9867633
9870733
9873994
9886606
9887239
9898797
9901310
9915930
9916160
9917237
9917240
9917250
9917664
9918525
9918648
9922217
9922218
9922223
9922230
9926695
9928570
9930188
9933684
9933921
9934204
9934252
9934253
9935206
9936275
9943180
9944777
9945321
9945526
9946237
9956848
9960264
9960293
9961151
9968202
9968231
9968959
9969458
9970263
9970887
9971225
9972234
9972237
9973259
9974025
9974829
9978049
9988877
9991110
9992805
9993088
9995909
9996066
9996394
9997280
10002312
10002322
10002337
10002493
10013342
10015050
10016125
10016132
10016637
10018254
10018309
10018318
10018947
10018962
10020921
10021766
10021769
10021788
10022011
10022980
10023304
10023350
10023351
10023358
10023632
10024252
10024261
10024270
10024429
10024807
10028093
10037807
10037808
10038144
10038150
10038160
10040945
10044717
10044755
10044759
10054686
10054801
10054813
10060426
10060430
10060822
10075863
10078175
10078176
10081826
10083144
10083159
10083168
10083190
10094522
10097123
10116728
10125330
10127843
10129354
10130921
10137403
10137641
10139883
10139923
10140654
10141853
10142024
10146922
10146931
10146968
10146977
10146978
10147797
10147803
10147809
10148223
10148740
10156191
10156193
10156863
10156873
10159264
10159311
10159974
10160313
10160315
10161603
10168025
10177186
10177192
10181345
10182670
10182671
10182675
10182697
10184288
10185378
10185383
10185419
10185451
10185564
10187217
10187589
10187599
10187614
10187903
10187906
10187981
10188261
10188313
10189063
10189170
10189333
10193363
10193534
10196696
10196734
10202542
10202560
10202595
10203683
10206003
10211558
10216231
10217250
10217562
10217585
10217591
10220931
10222075
10225390
10231411
10233041
10234228
10234294
10237908
10240739
10243086
10243637
10244280
10250557
10252610
10257058
10262657
10262931
10263221
10263298
10263624
10264463
10264484
10266411
10275194
10280900
10283142
10283165
10283176
10283180
10284725
10284834
10286939
10289506
10289722
10292023
10297721
10298079
10298181
10298205
10298206
10298461
10302758
10303043
10308163
10310234
10310978
10312342
10312348
10313034
10313492
10315747
10315781
10315795
10315828
10315860
10315870
10316607
10316736
10319699
10335251
10341685
10341736
10341866
10342998
10348545
10360574
10360575
10361092
10361114
10361123
10373985
10373996
10374266
10374434
10376560
10376562
10376607
10376614
10376616
10376624
10381409
10390271
10401683
10403730
10406536
10406542
10406549
10406555
10406563
10406571
10409774
10411060
10412452
10412496
10413298
10425451
10426876
10427512
10431290
10432819
10433545
10435237
10435241
10435258
10436758
10441971
10442668
10442711
10442716
10450453
10450954
10453090
10454743
10455059
10455102
10455221
10455222
10455245
10455337
10455352
10455834
10455892
10460134
10463291
10463905
10466312
10467681
10467701
10481395
10497828
10497834
10506739
10506797
10508525
10508654
10509783
10515067
10515075
10515089
10515111
10515112
10515843
10519316
10519565
10523027
10527721
10532421
10535500
10535548
10535552
10535564
10543608
10547486
10547506
10547847
10547859
10547860
10551046
10551056
10551572
10551576
10552443
10552544
10552549
10552573
10552624
10555020
10555024
10555250
10555780
10555811
10564823
10566107
10566779
10568652
10570088
10570910
10570918
10570922
10571317
10571591
10571635
10571727
10573782
10574582
10574584
10574585
10575583
10578594
10588463
10588748
10589008
10589078
10589107
10591223
10591778
10591802
10592551
10593451
10593586
10593685
10594095
10595908
10596344
10608998
10611966
10612833
10613117
10622002
10622499
10624683
10624968
10650895
10662444
10665614
10676794
10676802
10676990
10690842
10698033
10708278
10709242
10712251
10712253
10712421
10712425
10714370
10714611
10714632
10715448
10715848
10715855
10716191
10716200
10716201
10716212
10716825
10717367
10717375
10717377
10719606
10721374
10722155
10722187
10722200
10736274
10742991
10749836
10754631
10759258
10762801
10763031
10763037
10793202
10829472
10829602
10829609
10831408
10831690
10831692
10838940
10838941
10838947
10838960
10838969
10841671
10841675
10841702
10841708
10845455
10846413
10847143
10863332
10864421
10864540
10864628
10874511
10876088
10876090
10878181
10878189
10878607
10881866
10882147
10882156
10887397
10887894
10894473
10903876
10904104
10912373
10917411
10919341
10927527
10929123
10929553
10933223
10933528
10933992
10934878
10936554
10936653
10938429
10947732
10948092
10949997
10950831
10950840
10950849
10950861
10951704
10953324
10953325
10953379
10953858
10953875
10956865
10958753
10958754
10958757
10958761
10958771
10961326
10961384
10964758
10964782
10964800
10965212
10967121
10968439
10975282
10980088
10988990
11004204
11011667
11012620
11012669
11027786
11029972
11032030
11032091
11032127
11032822
11038070
11038261
11038282
11038289
11039388
11039484
11039490
11040151
11044172
11049439
11049481
11049585
11053469
11058382
11064538
11065487
11065489
11065584
11065590
11068812
11069682
11069703
11070211
11077690
11081535
11081586
11082728
11086066
11092538
11093525
11095033
11095203
11095213
11095216
11096413
11096654
11097034
11097049
11097057
11097061
11102245
11104584
11104589
11109895
11110172
11110585
11119235
11119761
11124569
11124570
11124572
11124575
11125468
11126094
11131953
11132474
11133705
11133714
11136460
11137054
11137086
11139816
11139822
11139888
11151707
11151751
11154582
11155376
11155390
11163319
11165190
11171713
11173375
11177424
11178093
11180657
11181204
11183210
11183213
11203523
11205449
11214517
11216087
11247562
11359720
11363678
11366753
11372938
11376490
11379733
11380428
11381413
11381453
11381681
11382352
11382448
11382453
11383162
11384625
11384711
11384754
11384761
11386394
11387771
11388087
11389355
11389680
11390321
11390332
11392528
11392555
11392837
11393512
11393889
11393914
11396530
11396551
11397722
11400623
11410436
11410622
11410836
11412166
11415043
11415079
11417179
11418425
11418445
11423763
11423789
11423795
11423798
11423803
11424035
11425435
11431535
11432981
11434863
11436086
11436115
11436116
11437571
11437589
11437598
11437602
11437606
11437611
11448262
11450134
11450312
11451730
11457458
11461460
11461467
11472557
11475851
11477454
11481104
11481161
11481212
11481213
11481709
11485486
11491711
11495301
11496093
11496103
11497277
11497935
11521650
11522636
11522638
11526988
11535320
11535833
11535842
11535869
11537923
11538857
11539162
11546306
11550875
11553122
11555226
11555395
11555938
11555962
11564252
11565459
11567246
11567974
11567975
11570492
11573429
11573440
11576578
11580858
11581566
11582210
11583578
11583884
11586145
11586192
11586193
11587801
11594119
11603756
11612743
11620908
11626485
11636309
11637144
11647763
11650299
11650879
11654591
11654592
11654598
11657729
11662493
11670048
11673963
11675117
11675124
11678301
11683174
11691842
11691871
11691874
11691875
11696007
11697640
11703064
11705842
11706430
11710489
11712850
11713531
11714457
11719316
11719507
11722159
11723164
11723339
11723366
11727453
11731257
11732178
11734365
11734475
11735201
11735223
11735228
11735439
11735560
11735803
11736320
11744038
11749280
11752234
11756048
11764121
11766938
11766941
11780000
11780275
11782855
11782875
11786751
11791015
11791264
11792118
11792922
11798964
11816998
11817018
11824771
11825854
11828144
11829860
11830772
11830981
11831985
11837975
11849684
11849705
11851840
11855110
11855551
11858199
11858530
11870035
11879610
11879883
11896919
11929361
11930607
11930830
11930954
11930968
11931877
11933409
11933416
11933621
11937739
11942173
11944609
11944614
11944774
11946683
11947483
11951664
11953423
11954285
11955481
11956543
11957100
11957107
11967222
11971667
11974176
11974381
11974402
11979225
11982814
11983574
11985370
11986009
11986327
11986338
11986340
11986357
11986837
11989971
11991903
11991947
11993932
11997726
11997751
11999045
11999510
12001188
12001201
12006334
12008457
12014032
12033043
12035096
12050059
12051353
12051642
12068467
12071957
12072527
12083544
12091915
12092065
12101330
12109950
12111451
12122573
12124326
12132822
12139584
12153635
12156613
12252984
12252986
12255531
12261038
12261359
12269896
12269944
12274657
12274670
12275482
12278216
12280394
12280403
12281150
12282072
12284192
12304418
12306771
12308035
12308037
12324489
12324501
12326173
12327978
12328870
12334903
12337045
12337232
12338325
12352101
12358601
12368221
12373674
12389003
12389006
12389007
12389014
12389030
12389311
12391536
12400816
12410252
12416514
12420925
12424212
12426105
12426290
12426294
12426550
12426931
12426942
12427619
12427634
12431023
12432899
12437736
12446184
12451520
12451632
12451792
12451796
12454332
12454849
12454852
12454870
12454892
12454894
12460308
12536714
12542033
12564159
12567178
12570174
12570175
12573598
12612056
12644219
12646124
12655913
12657357
12665722
12680188
12681860
12683503
12690775
12696797
12698792
12700766
12701112
12704317
12705269
12705320
12720740
12726520
12726857
12728969
12755578
12757050
12801905
12804026
12805359
12805717
12806462
12807836
12807854
12808007
12809466
12811789
12816432
12823443
12832432
12849285
12972082
12972230
12972389
12975003
12977962
12979250
12979483
12979529
12979537
12979546
12980536
12980546
12980666
12981405
12981406
12981658
12982245
12984887
13002301
13025224
13026184
13052522
13052552
13052753
13053064
13056142
13058636
13061323
13061337
13063357
13063360
13063609
13065208
13073522
13099794
13110085
13112571
13120668
13124834
13124961
13131325
13133879
13138151
13140427
13140759
13140767
13141149
13141176
13150835
13164921
13176589
13178627
13178633
13178663
13186995
13189997
13192589
13209123
13211055
13267634
13290165
13290170
13295485
13332916
13334317
13338492
13342715
13357661
13363255
13363395
13364016
13415292
13415313
13416435
13416448
13418072
13419312
13422920
13429038
13429052
13429321
13429877
13474546
13483788
13512094
13533337
13535634
13540700
13560477
13576917
13580748
13598343
13604761
13620014
13620031
13620057
13626474
13632575
13678303
13678494
13679196
13680105
13680361
13680947
13684656
13689385
13694211
13694779
13695213
13706934
13723580
13724505
13895194
13904790
13914422
13917217
13917689
13927003
13927006
13927727
13927739
13929899
13930742
13931198
13944899
13962782
13971355
13980341
13982180
13987509
13991432
13992832
14010020
14014873
14022332
14040245
14076974
14126511
14133207
14133744
14150400
14173820
14229061
14257558
14263056
14263864
14284204
14377306
14525407
14636375
14783043
