69885
69888
69890
69891
70030
95087
98536
111330
111366
111373
111389
114805
114846
114898
135496
135515
135518
186650
187188
187212
192381
235147
235169
236701
236707
236712
236723
237642
282141
282143
282154
298060
298194
298779
300009
300025
300028
300615
309343
309360
320635
320978
329760
329764
367499
368624
368634
368701
369227
369246
396315
433171
435789
437716
618577
618589
618590
619104
679199
701547
706276
764839
764844
764863
767078
770855
770868
770874
774389
787637
787673
838104
838110
838122
864505
866320
880968
882678
963244
963246
983361
1010618
1019385
1019429
1020628
1023925
1025519
1026685
1057125
1057140
1057490
1057501
1076669
1078632
1079996
1080018
1080042
1090572
1090574
1097625
1097678
1097776
1097777
1098034
1102717
1102769
1103030
1104808
1104868
1117618
1131336
1131352
1131388
1131508
1147177
1147229
1169104
1169117
1169121
1169126
1172742
1172745
1178636
1191711
1206830
1208517
1208518
1208519
1208571
1224464
1224498
1228932
1228938
1251760
1252035
1345264
1345273
1345290
1348046
1406970
1413751
1421260
1423859
1423891
1423900
1423904
1451138
1451150
1451889
1495085
1497561
1497580
1497629
1501501
1502604
1503628
1503870
1504799
1505756
1509949
1510734
1511559
1515762
1518499
1539389
1565132
1565154
1565160
1588423
1591612
1591618
1617797
1617805
1617833
1617842
1681512
1681516
1689403
1708911
1711166
1715000
1715001
1724341
1726663
1748884
1772290
1775401
1861839
1863460
1864583
1933379
1975799
1976526
1976536
1980528
1983549
2026673
2027979
2029925
2033208
2033239
2033920
2038922
2038936
2038942
2041732
2042168
2042230
2049940
2049971
2050068
2050084
2050092
2088316
2112140
2228932
2229004
2230200
2267577
2267610
2294920
2300160
2302923
2302941
2302968
2376626
2383098
2385319
2398303
2398311
2405022
2449156
2449161
2449168
2480600
2480700
2496164
2496166
2496218
2496221
2496222
2496251
2500891
2510287
2510310
2511705
2511891
2526848
2529367
2560586
2560596
2560611
2565387
2567634
2567670
2567676
2578742
2578754
2578768
2581484
2581496
2583165
2583195
2583216
2585897
2587826
2591691
2591721
2600124
2618151
2674831
2674873
2679522
2679538
2679542
2679543
2697141
2699589
2712822
2714210
2714211
2714362
2714367
2714396
2714508
2741071
2742971
2744379
2744561
2768354
2769958
2770224
2779435
2883349
2899708
2899767
2904119
2936223
2938872
2939719
2942262
3011092
3033796
3064309
3094329
3149968
3182109
3182118
3182143
3182147
3187789
3308666
3308693
3308702
3309506
3309508
3309516
3326673
3337185
3340824
3340850
3392617
3416052
3463322
3492405
3492416
3502040
3502047
3502048
3502052
3502063
3503529
3503530
3560461
3560467
3579370
3599681
3601105
3601106
3604365
3606469
3608623
3688202
3693063
3816824
3823022
3823028
3852094
3852134
3873865
3884296
3885350
3885473
3885873
3887265
3887298
3888899
3890422
3906285
3906286
3906302
3920179
3921401
3937501
3967237
3967527
3967570
3986155
3987461
3987473
3987474
3987520
3988517
4053720
4084453
4104343
4104870
4106101
4109979
4110768
4111207
4128379
4139486
4139489
4151093
4154623
4164182
4178867
4209026
4209892
4221062
4221372
4221376
4221377
4281402
4281444
4287684
4287687
4289013
4289019
4289158
4289188
4289198
4306173
4306184
4306192
4311275
4341705
4347603
4364980
4370709
4370720
4392071
4396236
4468827
4468828
4498156
4524508
4524525
4530121
4579946
4580889
4580992
4583353
4620767
4620802
4620809
4620817
4620818
4620827
4655555
4656397
4657878
4657961
4657995
4658634
4671390
4703661
4703665
4718630
4750704
4756833
4756838
4774709
4796395
4845877
4845889
4860723
4900768
4909395
4910188
4910217
4921483
4922971
4923004
4923005
4923006
4923009
4923606
4977089
4984289
4984329
5019741
5053657
5053668
5053676
5057712
5125078
5126660
5162961
5162975
5163295
5164214
5164274
5188222
5195926
5196744
5201345
5226019
5226028
5227917
5228002
5229834
5230111
5245232
5261147
5382160
5382161
5382175
5382178
5387930
5414944
5414946
5439925
5440593
5440622
5450378
5474533
5474551
5474554
5475198
5475200
5475610
5488788
5488790
5488804
5488805
5488810
5512988
5527927
5564585
5564586
5571321
5623021
5715715
5738343
5738348
5738352
5761415
5784797
5784886
5787434
5787552
5829906
5831920
5929772
5929775
5931236
5932621
5932742
5957423
5961910
6015836
6015844
6036759
6131026
6132734
6220641
6227244
6229030
6253194
6254975
6254989
6274224
6274225
6286354
6286358
6286763
6289852
6289937
6334051
6334057
6342377
6342390
6403394
6406166
6406170
6423851
6426264
6430588
6435430
6435438
6435447
6435458
6453334
6453337
6528132
6529987
6529988
6529995
6530021
6563141
6563155
6563246
6563266
6563697
6563775
6571867
6571888
6604716
6604724
6604762
6607185
6612676
6614311
6703196
6703198
6711743
6719607
6719609
6775409
6776639
6782826
6782879
6782925
6796669
6802350
6802353
6816382
6819799
6819843
6819848
6819939
6819941
6851957
6853429
6859152
6890941
6896997
6905280
6905359
6905364
6967896
6971697
6971710
6972963
6972981
6973106
7001534
7003524
7013620
7017707
7017710
7017713
7017716
7018091
7023915
7023917
7023919
7023924
7023928
7023934
7074209
7076346
7106818
7123480
7124874
7191043
7191052
7204924
7204938
7213896
7214365
7217322
7217583
7217638
7217894
7246355
7246371
7253778
7269911
7294793
7314429
7315953
7315957
7369007
7371291
7371321
7371356
7407943
7407988
7408001
7410519
7411081
7411963
7412286
7415592
7415806
7417502
7428846
7436304
7469764
7469766
7469771
7469776
7521825
7522182
7522188
7522193
7545146
7545610
7545628
7545752
7545765
7573576
7573619
7574116
7574133
7615961
7617059
7617125
7674807
7687993
7691517
7732047
7732594
7732596
7732612
7774856
7774887
7775109
7777764
7855491
7855495
7855510
7855511
7855516
7855531
7855592
7873464
7886101
7888282
7917407
7917414
7950226
7954398
7961338
7962551
7965910
7967262
7967401
7967795
7969057
7971624
7972033
7989982
8052314
8052318
8054633
8066209
8067128
8082004
8082040
8155898
8170930
8190088
8190321
8229527
8229530
8233416
8233421
8305091
8305259
8305350
8305425
8307927
8309180
8310620
8343819
8343820
8343832
8346324
8346540
8349686
8350305
8359619
8379204
8379209
8380165
8380337
8434196
8434205
8434207
8501543
8502084
8505749
8506580
8506881
8531257
8531284
8531287
8536032
8536085
8549482
8549488
8579343
8616995
8617013
8617238
8630854
8630866
8630872
8630885
8630920
8630928
8719929
8719930
8744053
8750595
8750596
8750598
8772882
8774287
8779314
8781203
8781305
8781901
8781917
8782070
8786077
8786085
8786089
8786095
8801314
8801315
8801337
8801426
8802134
8802135
8802255
8802260
8802307
8802337
8802339
8802342
8802351
8808623
8808640
8808644
8808688
8808726
8808735
8808744
8808747
8810675
8810795
8826213
8826228
8841705
8841708
8847729
8847758
8848779
8848781
8848782
8848793
8848803
8848807
8848833
8860692
8860995
8862048
8862862
8863334
8864863
8875335
8875473
8885492
8885508
8892037
8911898
8961580
8961584
8961587
8971561
8979830
8979949
8981884
8982349
9009314
9009339
9011823
9011825
9013085
9013130
9013335
9013606
9023038
9023541
9024092
9024102
9052384
9053419
9053447
9053699
9053703
9053857
9054013
9054510
9054522
9055125
9055141
9055420
9066317
9068075
9068078
9068091
9069192
9070112
9070387
9071456
9071471
9071473
9071816
9071822
9071827
9071835
9072016
9072264
9072268
9072278
9072553
9083572
9107217
9107222
9166726
9166727
9166731
9166844
9201229
9202814
9203063
9205288
9206704
9212143
9212202
9212219
9212244
9212354
9212386
9212422
9212460
9274503
9274945
9277298
9277335
9277471
9294289
9312149
9312158
9312161
9352140
9352141
9352142
9352146
9352177
9352205
9352212
9352219
9352226
9352233
9352263
9355821
9386302
9386358
9387677
9388541
9389807
9392134
9393080
9403649
9403664
9403727
9406109
9428636
9429195
9465732
9465735
9465762
9465785
9465789
9465820
9466503
9473206
9509049
9511337
9512119
9512123
9526965
9526996
9527000
9527011
9527160
9527924
9528315
9529675
9530788
9531429
9531440
9531441
9531538
9531729
9546539
9546588
9559773
9662476
9682301
9682634
9682647
9682668
9682711
9682894
9743440
9743912
9745732
9747740
9747936
9756098
9756113
9789515
9790138
9821880
9822120
9884566
9884575
9884599
9884601
9898060
9898237
9898468
9898842
9902739
9902741
9923941
9929605
9929623
9929739
9930701
9962313
9962325
9962333
9962357
9963279
9967100
10001249
10001257
10001280
10018333
10054521
10054527
10119691
10183828
10186052
10186074
10186075
10186076
10186086
10214076
10214081
10223462
10223463
10223471
10223511
10237673
10252568
10252574
10252576
10252587
10252601
10252618
10252876
10265796
10280272
10280276
10281355
10281356
10282730
10293462
10335675
10338737
10340564
10341066
10341145
10342346
10345085
10390664
10391708
10391724
10391768
10422855
10436388
10510596
10567933
10582449
10644748
10644754
10644761
10680909
10691115
10712902
10715024
10716470
10725135
10743059
10743070
10743078
10743090
10751649
10788910
10803495
10803500
10815350
10862996
10871468
10871489
10872263
10872265
10872815
10926660
10937955
10937956
10937961
10937971
10937987
10951233
10954278
10954980
10955079
10955096
10955104
10955121
10975191
10986025
11110628
11110630
11110631
11110646
11155740
11203331
11203338
11211818
11213213
11214502
11254416
11254857
11254858
11255813
11256723
11271421
11274942
11287456
11287466
11302826
11302897
11313549
11315700
11335709
11349064
11360205
11403648
11404514
11449991
11452337
11452343
11452588
11457437
11457447
11457780
11457786
11463072
11474969
11475231
11475233
11475236
11479419
11479783
11479805
11569703
11569747
11590876
11590892
11592388
11592404
11592879
11593207
11597909
11599475
11605071
11607838
11644525
11650665
11650674
11669921
11708439
11802487
11802575
11806060
11806074
11850136
11851550
11851551
11851565
11853726
11906804
11906836
11909304
11909551
11914241
11915546
11915562
11915601
11935492
11935513
11954443
11983212
11983252
11987543
11991314
11991315
12049350
12131900
12204729
12215509
12215552
12216161
12216197
12216198
12216208
12216209
12227572
12227579
12242836
12242839
12243202
12243204
12243210
12243211
12246171
12246425
12251262
12251263
12251266
12357054
12360774
12360777
12360778
12360799
12363337
12373310
12373319
12391891
12394186
12420629
12421070
12421169
12472629
12495845
12504809
12504917
12504920
12506001
12516456
12542470
12542555
12573069
12613935
12615674
12627603
12627922
12627947
12627951
12627955
12654306
12661644
12661678
12662570
12662583
12711562
12715876
12730180
12801996
12802001
12802532
12802858
12804185
12804232
12804896
12823823
12823832
12823838
12823843
12827771
12831116
12831119
12831127
12831281
12852208
12858619
12858624
12896704
12900064
12932927
12934033
12934973
12935072
12965006
12974298
12974302
12974334
12977238
12977456
12988050
12988140
12988157
12988165
13088720
13088725
13088930
13106616
13106623
13110748
13113194
13119555
13119719
13121296
13124348
13148332
13148357
13148511
13148512
13148947
13149022
13149125
13161790
13198008
13198014
13235433
13235440
13245037
13250077
13258521
13376527
13379773
13379794
13383469
13383488
13385725
13387995
13388000
13394934
13394955
13399659
13399661
13416088
13416096
13430530
13441364
13441373
13517197
13517201
13517211
13544752
13559928
13568413
13568426
13568429
13614809
13625406
13714167
13741478
13741508
13741528
13741533
13747507
13747516
13786706
13791111
13792705
13802670
13807598
13807618
13807626
13849271
13863093
13864206
13867612
13877684
13887310
13902721
13902722
14021170
14021849
14021924
14027886
14028935
14030020
14030029
14030031
14030032
14049046
14103643
14149474
14149498
14149519
14151074
14151084
14151199
14196694
14201071
14221934
14225568
14226080
14227033
14227134
14227226
14268609
14268653
14294049
14294105
14295618
14321923
14321984
14337423
14337602
14337620
14337667
14337706
14361261
14361964
14386001
14386005
14386006
14386007
14386019
14453013
14455116
14455967
14455979
14456727
14458822
14461023
14497837
14530151
14557518
14557748
14559491
14564941
14577875
14577890
14584761
14585765
14602082
14602135
14603559
14603988
14603990
14603993
14604595
14692180
14696177
14723139
14723140
14723173
14723216
14723220
14724223
14730003
14733625
14734603
14741977
14742628
14744490
14745327
14749476
14750817
14784059
14784091
14784104
14784109
14784119
14787057
14788214
14795556
14818066
14822823
14844673
14864630
14864631
14864639
14886197
14947740
14947753
14947816
14947820
15008995
15009023
15009139
15009152
15009161
15010283
15045234
15046277
15046751
15047441
15049339
15049341
15049382
15106640
15107304
15107324
15150619
15159929
15163608
15189610
15189617
15189624
15189637
15189642
15226164
15226205
15226320
15226506
15226518
15226546
15265626
15276850
15276897
15276903
15276985
15277170
15277203
15333953
15333954
15334026
15348670
15356859
15356864
15356867
15356877
15410260
15420559
15420918
15449929
15453952
15473113
15509302
15509310
15509312
15509314
15509345
15509346
15553803
15553804
15595497
15597913
15603158
15603165
15604363
15604364
15605259
15622761
15623578
15666752
15675314
15675376
15675876
15675878
15676428
15676643
15677190
15684798
15703040
15750814
15850366
15850373
15850375
15880391
15881596
15881601
15908493
15908501
15908502
15908508
15908509
15908514
15912675
15932619
15932666
15949181
15973267
15973280
16010880
16011379
16011383
16011390
16011429
16013493
16051186
16063165
16063195
16076143
16087861
16111491
16128634
16128640
16144558
16144569
16144594
16144595
16144599
16144604
16144614
16151002
16260381
16262508
16262944
16262945
16275370
16280452
16280596
16292596
16322921
16322958
16358293
16358724
16358730
16359077
16359981
16360516
16360575
16390582
16409823
16413193
16413199
16413214
16413231
16413253
16413258
16559595
16608535
16609038
16609045
16615288
16656022
16656025
16656038
16656061
16656069
16657541
16659971
16726848
16727668
16728712
16752299
16752565
16857372
16908442
16909803
16913916
16975616
16978676
16979759
16983389
16995224
16995239
16995254
17032556
17163452
17163456
17163549
17168843
17168848
17206786
17206789
17206800
17206848
17209250
17209269
17210876
17266989
17266998
17267007
17267025
17301815
17302634
17303513
17305388
17334036
17334047
17334117
17334124
17360426
17360428
17360440
17360452
17370492
17407741
17410650
17410652
17411206
17437896
17486241
17491473
17557219
17576193
17587465
17639091
17651102
17708618
17714004
17773601
17773604
17773631
17774356
17798031
17799335
17799437
17799440
17799464
17799470
17799486
17836884
17836900
17836902
17837131
17850271
17851304
17851305
17871005
17875216
17915493
17915508
17930033
17930040
17930320
17930502
17951057
17989292
17989381
17989433
17989442
17991968
18038578
18038590
18038611
18092103
18108693
18108789
18111483
18112206
18133200
18154609
18168327
18169907
18169952
