500170
495199
502416
505529
499182
494500
502289
499389
504579
496465
503481
498120
493912
499716
502231
504387
503796
497815
504831
506150
501067
496834
497963
500431
504825
496100
497838
503721
503450
492410
501301
500031
502236
502457
500678
494397
498478
498127
496935
503663
495791
506593
507992
510399
497699
495678
496621
499855
497403
505922
508015
502458
501316
496575
503502
500017
494470
498359
496107
492387
501907
497862
498805
495062
497368
499517
502409
501449
498329
498217
504046
499779
498348
498252
502974
501260
495003
498790
502921
506445
501974
497635
491245
489530
498225
509775
503478
499466
500574
501204
499573
501651
500246
494472
496654
490386
508118
501812
494830
495316
507131
497081
496649
489901
499344
495777
501524
502889
501911
499201
503889
499715
499935
508535
500041
504514
504547
503790
496407
502952
495737
502343
504600
498766
492784
498718
505780
497126
501402
493859
497903
500909
501242
500285
502292
502720
493195
497865
503071
501530
501174
505565
499565
499740
507289
499421
501683
501405
497129
499317
503452
495346
499450
495042
502531
493009
499045
502032
504390
506112
494844
488113
501511
501217
504659
503301
507482
495973
504153
500453
498115
498550
500552
503565
501274
505102
508411
500695
497625
505391
502518
500846
503777
498483
498584
497627
504829
500123
502679
494530
500665
497020
504758
497967
500942
507875
496068
494061
505138
499475
501496
506279
492683
500478
500072
499819
494528
501249
497112
494504
502037
506609
502480
501652
501584
495632
500915
493698
503500
499402
501223
496543
494634
497035
505234
500793
497231
501820
503975
497236
495485
500079
497767
495012
498519
493811
496635
501307
501945
504249
500880
496528
508610
502713
497337
496133
508280
501741
499148
497447
506583
496478
504958
496050
503007
495844
501851
501370
497564
495117
495004
505106
494317
496707
505703
495087
499878
503347
501633
502211
511433
494611
497321
505967
497701
497770
501410
500607
498146
501521
498619
498555
501312
494666
497428
498534
500999
500366
496622
496368
499534
500058
495135
501092
492551
503939
496477
500434
508793
505683
499763
501311
495462
500438
503683
495094
495444
498214
503691
504133
503752
501590
499745
497958
501280
496735
498387
500044
500923
499940
497649
497906
503621
500775
496931
498376
504823
509967
503087
504235
503119
503238
491088
493486
498906
502643
502060
493505
506206
497047
497519
501031
492188
502946
502744
504389
499130
503877
506786
493596
499133
504611
501361
500403
500721
501194
503506
495566
503323
492394
493714
503404
496750
501418
497599
498649
507470
501484
501969
501183
498307
497711
499487
496202
499177
504775
505120
491516
501684
506566
497858
499770
498969
495214
501268
504432
493278
498992
500900
501425
501426
491111
502883
500099
500928
497833
499279
498821
500383
502459
501547
498929
496512
498104
501645
497473
493146
502498
501692
503345
497286
504164
502783
500801
497775
503977
503834
505051
494840
494463
504108
501411
499251
506673
500376
499736
496078
500080
509905
502776
500850
503060
505806
497914
502666
493636
497416
501713
504075
496143
502384
502850
496726
497946
502515
505786
501761
497215
498613
495488
497695
500814
495146
497460
499417
505011
501828
500535
502467
499400
494418
492530
500232
501722
498530
493153
498686
506985
497464
494035
492743
503649
495433
499384
497132
505578
498033
502981
505705
494998
496684
493781
498699
491916
501748
509059
499009
503049
501133
500267
500255
500937
507803
494626
500280
508089
498042
499375
495624
498204
500272
501448
503186
505939
499853
503581
497544
498111
506045
505345
510313
500591
497591
493808
499905
500899
498572
500825
500048
501564
500081
502658
496320
504585
496288
504858
509061
500226
495506
496234
501270
492441
502097
500583
496425
495733
493328
498295
503813
498667
508415
501112
498910
501292
501579
500219
491673
495765
506210
501637
495677
501481
501208
493935
503182
508467
500342
499971
504057
496280
502824
498706
497621
503027
506626
500037
498701
493330
497987
499585
502379
501562
496354
507382
503026
495662
490393
505030
500210
499260
503211
504720
501016
497266
504383
495218
498811
499926
500306
498407
506543
499881
497981
504094
509355
497588
509942
489969
501129
498151
504702
504425
503455
498012
502994
501347
506597
508599
497867
498327
496661
498647
500975
488825
504868
504915
505233
500173
503176
507535
497391
502076
503093
498993
500877
505486
496632
500392
500932
500927
501575
499489
500985
507436
495507
500388
495975
507634
502718
499721
501225
492543
504587
499017
499278
501699
504031
505325
497827
503541
499313
499858
500517
501541
501005
497394
492981
492181
506637
503085
494289
500729
502914
500011
499557
496997
500338
500530
500642
496894
499615
496567
500497
499265
502638
496811
502561
494279
495585
498503
497332
505409
496716
498717
498497
495091
491501
505319
498351
491865
495893
495591
491255
495803
501353
499295
495903
501913
499059
497816
499838
500125
495400
498193
497546
493122
505568
504413
501281
507037
506654
500929
503866
502426
497225
498621
506598
495981
506291
498816
498034
493167
500374
493301
500855
496492
501942
494657
505651
503776
501680
504021
503697
499762
502708
501392
501956
501877
494566
507372
497706
499673
498346
495478
499302
499300
502846
497377
500056
503530
490675
502075
503160
501790
500704
495563
505457
503806
495802
502089
501216
506029
496432
504290
497764
496055
499725
498861
494934
497836
499683
499440
504157
502112
495805
503438
498086
502897
489066
497823
501937
495940
506408
493663
505459
501247
505891
500467
501838
493092
503690
496177
509985
499674
502852
491528
494508
503461
500859
500978
505581
499772
500778
494762
501855
506097
496670
503763
496355
497786
496457
501113
499102
501440
497433
500446
505885
501784
498255
499379
492395
500681
504764
497238
497785
503143
495469
496909
501341
493676
500476
495827
498626
504559
504834
504891
499621
502748
503716
496939
504116
494537
498094
501060
502296
501056
499476
499217
504214
498390
505637
504410
502604
499503
498665
499058
507899
499328
491251
502551
500047
502128
498632
499771
498930
497273
511186
504292
500337
495471
502455
499975
501052
501338
502627
501362
501039
502818
494468
493053
503018
491091
498862
503358
504222
507954
504969
499405
501185
510863
501072
504696
498241
494079
493313
497452
495408
499938
494897
505579
504551
500541
499120
501366
500592
500886
500832
502481
497575
499208
497637
500812
500203
507591
505790
498957
501921
497077
505436
504710
503961
500587
496959
500061
502355
501172
500116
499587
505612
507797
499362
502961
500969
494755
495204
500115
498921
504520
500055
495999
502828
497853
505396
500404
500599
496758
499387
497510
502148
501176
500795
493388
500722
494540
508028
495053
508273
500013
499065
499942
502558
500085
500161
492758
503241
504952
502694
495571
496034
497257
499584
499462
505435
504310
502741
507113
499088
503855
501264
502126
497060
494342
502393
503067
497556
502939
498517
495610
497870
497412
498692
496573
500749
496195
506335
495484
493726
492839
494242
503002
503593
498834
507264
504001
497511
498141
495580
495845
504297
510022
501401
501403
495333
498791
501694
506166
495899
495463
495261
505582
495900
490920
499194
502295
500961
497766
503490
498775
499125
504245
506324
497654
498711
492155
502745
497267
497553
499210
501695
508113
495806
500597
499258
499668
499435
499123
495929
506900
503995
498887
506562
497996
501368
496119
497924
497100
498634
502151
496749
501210
502592
496200
501679
503544
497177
506502
499562
494452
503571
504879
503618
501256
498405
496669
502794
494858
504869
498293
498607
504536
505980
503638
496496
495085
505158
503013
498782
499070
498451
503983
500523
497282
494637
494488
496222
498771
497336
503965
496339
492705
499347
507455
498320
502104
497531
502811
504194
494750
501050
498520
499484
503416
501199
495208
504165
503289
498335
497083
496651
498026
502936
504042
498336
497164
498694
500766
496664
498243
502661
500705
496531
502920
497483
498723
495372
501984
504946
498378
500198
505552
503599
497149
498911
504997
503070
494912
495065
499444
498444
504830
504944
503368
495156
501066
508856
496793
506756
502878
497071
498383
499206
501298
494336
509636
506354
499544
500120
496010
499880
505782
500653
494964
497316
499551
501414
496244
501319
500263
497944
496613
503386
501704
501094
499171
494706
502543
498531
499135
498433
495238
492922
502753
496190
494758
499535
499230
501954
502103
501826
496845
503383
493462
492187
495998
499190
499764
499607
495187
503128
496193
498864
491871
501843
500360
505503
496489
495413
499121
501644
491769
495914
500548
504013
492339
498888
506467
501045
498174
500689
507735
508829
499162
497075
493969
495401
494959
499712
499936
503118
497913
504662
506241
495212
501275
501905
496433
496145
492704
495544
498448
497608
507348
495629
504653
499875
495240
493293
498894
503262
496810
497066
494496
506690
499371
500295
502549
503823
499513
503139
495947
495492
492293
497016
497521
498254
492137
496123
503406
492004
496008
498757
501289
507071
498897
496534
500688
496763
504227
498964
507852
510294
500482
496372
496146
499706
502997
503017
503044
504949
496189
502869
499608
502616
500422
498633
498418
500465
503343
505085
502406
499455
497896
495385
501177
501095
501166
504501
507799
494799
500501
500901
493915
495009
503430
502007
500898
499925
498060
495750
507214
503291
499679
499826
496525
498849
499239
499869
498660
496779
503133
496732
496085
494610
502056
494716
499326
501780
502338
498737
495986
505057
495139
500921
502527
505086
498681
496279
492211
495479
504085
494414
508259
501091
504561
496699
499099
500891
498160
499794
498143
497241
499467
491704
501830
496367
491512
506783
507312
494422
497927
498474
502266
495203
503467
496292
493385
501466
498275
496043
500252
500916
498976
500384
498340
498678
502020
499335
498325
494961
506143
497113
496258
499116
493379
500443
496633
500341
498349
501916
502902
502675
495728
503498
503171
492233
501359
501646
499590
495265
498317
502752
500919
491517
505050
499808
505084
500860
504424
502383
495233
505224
506328
495953
508258
498728
495603
501064
501483
500096
505725
504526
503318
494937
501635
499267
500182
500546
496580
508965
502989
501608
497143
493551
492419
504624
491671
497805
496704
501884
507017
497538
500023
500312
493429
498967
501736
508230
505018
501263
496977
503317
498122
510842
502823
502424
500071
494855
498276
492114
497023
505150
498987
501729
502778
505140
502052
499605
497952
499542
502430
501258
504050
500679
502417
497246
498434
500083
501779
498179
501427
500677
502224
497216
502387
494569
501930
507453
499898
499456
496801
503277
500308
502015
503735
494437
503424
499815
496206
508313
496482
496156
500925
496864
499901
500943
503279
496806
499719
502844
496961
493419
501655
502807
505048
495780
492885
504832
504890
498303
500104
501454
497735
500238
504816
501616
496138
496379
499902
499832
500712
498803
504096
494080
502331
500995
500613
501614
500398
508969
499626
498154
503057
508354
494347
495223
496549
501923
501250
500869
498290
505003
497435
502039
500716
504060
500524
493939
504496
487780
496595
501881
497667
494383
492959
498835
500000
502001
505422
505214
496510
505024
504698
492288
498698
488279
495407
498326
496420
496163
497491
509381
500963
499885
504883
506740
498664
498774
493056
509894
499458
494780
500789
502241
503326
504112
503375
503079
502372
499040
503307
496484
499250
500638
499849
505061
502626
501293
500237
500138
500481
504321
501621
495962
499530
502603
495073
495090
501198
501953
500872
494206
501840
501128
498945
499618
506508
509342
499014
504014
500028
495906
501550
491953
495558
507136
500313
502120
501909
498666
494970
498182
496751
501612
492561
502453
497745
502565
493530
501295
494551
495412
499850
495547
510405
491905
508246
506047
499471
490401
503914
500261
500220
494380
507302
495926
501959
507268
509317
491268
506364
501978
491966
500576
498641
489866
495928
501146
500823
498514
497151
499200
509334
501233
511209
495456
497108
494913
502154
501816
501352
500243
495773
502578
497304
500092
508373
500053
507937
497171
501195
504808
499523
501894
506780
501883
501447
503233
500805
500625
498883
499311
494770
498709
503489
501599
499337
498933
502474
494778
504979
509852
495272
498749
495925
496547
501686
487919
501512
501121
492362
500325
495595
498282
500019
499033
504578
500101
494246
497517
506270
500646
500714
501018
502303
493360
501962
498017
501455
496351
499246
497298
499625
504523
499964
504689
487375
499681
500046
501566
497675
504744
500358
505129
499141
503331
498260
509185
498181
510389
497485
501257
504257
500609
503316
500304
500102
500836
501038
498308
503240
501634
504163
500580
493285
494701
495418
502443
499370
498538
491209
504368
502179
500922
499642
493757
501034
495267
498157
497109
499612
506392
501437
498058
515025
504951
493834
492837
498150
495619
504218
501997
494796
499759
510275
501057
499025
509154
499128
509345
494834
503174
498313
501558
486569
496239
489899
495368
499857
502014
496284
508296
503095
507669
497074
504838
502004
497629
502975
498070
499497
508863
499782
488930
501630
504856
501251
495284
502315
496381
501601
505609
