233535
736257
298458
677903
189856
932223
612586
956390
997537
587917
671191
911442
297333
530759
493759
512779
859887
815757
854942
515430
375038
84490
694203
995787
333042
609407
982707
548123
827213
843143
780690
366145
723364
572484
15566
213024
951330
425182
160769
83316
538817
858239
354675
806374
292812
142933
643662
839160
608405
189065
709220
937297
96531
16491
461082
307077
918695
753484
206627
273411
308543
592817
889515
510907
441947
970855
291740
383767
626243
643930
513433
194244
960312
436274
783035
89688
465831
197267
772620
863220
680819
784162
169963
274258
466543
702925
270331
529614
702565
312165
370229
738960
909336
249751
780066
659163
919443
864616
84937
703585
235952
181908
454331
182660
331697
145128
436589
399023
867533
628541
391589
72005
538097
302923
611409
951006
500399
960215
944929
738311
53576
336582
314020
874364
758352
360119
213489
610050
873843
407015
461033
102582
44091
900990
565844
239195
173961
117898
232338
661010
469413
474727
155509
547459
467540
985593
591920
527483
576081
285786
658135
66280
866044
948498
83778
718362
697817
560919
770723
407361
364910
689955
145484
384840
15996
554264
894248
72310
570485
515761
604323
726183
295089
400040
679861
600071
77240
453903
628905
119400
267661
165467
482492
240952
203421
85942
766740
608092
264652
613548
913087
354145
240535
118558
724959
555778
987114
671531
789491
809728
571787
170475
299628
653377
147546
672297
70669
376629
953319
431507
864504
485957
987261
469316
285039
302565
431829
373137
9654
325295
998526
415851
975210
29409
276315
270509
463801
728704
432612
950595
269244
358818
232121
591038
210970
292559
508984
368889
968890
46715
637331
245456
462167
412617
551351
376577
207529
977040
837969
653060
709000
806469
172483
829227
908396
637646
470493
986276
556673
74738
672083
615152
330033
183505
35213
568553
312984
614124
344291
946307
261796
752486
15057
157744
224796
459418
132617
151954
738535
893406
298934
801197
917806
917125
551768
436418
294351
944428
436184
148025
115669
492459
202839
54939
346344
474665
521298
117444
365573
226035
22650
644776
275386
217251
627696
187154
263166
409757
634461
741096
548060
875798
381431
653348
876064
577920
911128
210385
288320
116325
889545
896701
96596
848720
655022
675038
459074
142193
660674
525764
670896
912976
274390
930127
368836
29743
950707
431785
966218
536481
221377
798382
376408
749806
204760
176200
11213
674488
866217
408650
426897
510848
841473
765728
928689
915436
160992
676691
809740
593971
889543
352837
53259
977053
905599
539275
813601
455170
774327
256543
868868
790832
205492
885714
962309
729116
900040
950951
900661
197508
129093
654431
779523
126321
445909
206447
565806
203547
830088
655218
210050
377241
841767
76482
572752
214489
546543
553649
640648
902904
655713
432391
637846
941003
425743
879081
6107
615233
44818
504649
343243
959087
861451
90659
793473
78374
424417
619810
262692
949910
146095
685845
199149
239502
482510
118773
694475
214855
519754
420612
219291
980749
994367
963516
553804
968183
716097
915438
479783
423330
760968
958633
516600
451824
593093
236656
925286
216170
606371
731422
178144
724475
471984
650323
638913
389947
582315
181309
73392
450225
477257
784146
931931
502261
323391
57409
395285
891685
401928
825044
760220
438519
58781
971789
142278
52837
41323
944862
808925
732742
793126
472714
222357
934160
793992
247763
522950
966619
744392
930262
916854
215836
161541
107474
545495
928079
723560
713978
771042
605901
165330
3337
238343
565922
126276
341140
205035
803359
640476
135836
205165
437490
800001
737505
121793
963933
894793
381862
633077
322773
80533
29184
721218
974533
838990
180958
647408
918588
852503
287483
474669
276647
915905
631906
400791
572649
805440
648851
385046
959347
904733
355248
254261
548391
650083
571209
770348
796229
983160
398447
145325
121726
91909
576911
959047
571626
77879
344226
310659
458300
228413
361193
161403
260581
402237
733920
68228
215212
959006
549485
655408
124768
208210
917317
789144
302121
800541
793498
185537
476963
556000
4553
522472
542757
693872
318289
818038
906941
839321
344141
481281
171209
643047
142391
529474
245176
396495
63561
761115
940961
43316
608176
382526
600101
191947
430376
166176
170199
808584
164308
55836
614792
796576
989527
859332
478764
898976
136872
436156
601781
607842
702185
803521
658828
705929
422158
693222
221090
582565
261364
733444
478118
20279
561045
833359
320221
685075
559646
305060
566468
331971
91828
378467
562860
217035
374648
139219
206981
919016
42392
767654
709504
997290
109409
764525
974590
295806
41139
484712
740443
221527
137565
851121
624558
549665
518926
659977
312216
513222
906977
269297
232386
977878
242243
9637
509546
657810
616811
402865
576572
187324
419920
632848
770668
699331
679451
401926
845508
161678
788437
300828
906382
790338
403227
144510
460633
331501
210913
264938
559168
345136
512778
683661
138540
709090
688211
281516
334049
830176
967415
769380
599221
246934
215511
191727
172596
807704
127082
668670
559119
388760
920164
879830
703372
674728
109343
599116
743344
505334
477399
491619
107878
679325
882505
801738
648435
334756
759718
651978
356046
633685
775313
171571
335316
369538
702373
757706
227425
915800
520424
834240
790928
200190
327515
934805
785132
278468
130516
255250
953288
919720
127030
29722
187073
1356
143811
943563
669029
319008
544549
611432
44926
239220
990105
295044
161294
520490
156372
679952
42044
401683
841700
215797
558950
342117
256139
99654
355025
259980
688146
922369
262711
276369
725798
346993
934080
993564
350610
66008
359986
470053
418296
620373
77798
853280
944447
490483
973698
909068
523938
534055
706472
815809
776942
991441
470427
328110
276516
972417
696182
135698
258534
290930
893551
172158
918288
493494
941397
831514
73693
102772
607585
545298
527349
345458
297793
684537
323776
9933
564280
487354
83844
233296
630487
260090
304945
978187
430442
324003
114519
26348
563072
871003
582680
277898
542086
535785
402515
649796
102885
304268
748370
202047
113480
687370
49421
59546
931907
705963
55176
345608
428626
744132
538875
47568
341907
835424
731922
259293
449364
89609
373847
382037
848521
809827
600574
217243
732804
699426
869738
291589
421898
37883
775189
919572
390352
741666
576602
771332
492977
353559
151928
532446
534124
715580
816194
76616
235902
310196
646606
217469
37425
127786
907526
93975
968279
778405
34946
715806
438249
984115
50457
889620
624078
730236
484355
415110
219146
284634
147186
653395
952832
886056
620605
410577
207244
980435
850321
518758
81426
195034
180957
16889
473619
848234
559509
360954
754560
257715
463748
507265
215731
641861
322752
90257
739779
507069
686990
274055
422497
803564
747813
11688
177069
174526
691275
387025
580687
732982
629766
748246
115569
360350
783924
798720
738042
149119
832859
320507
187049
309624
973276
822746
270932
71738
84772
983663
158907
524370
86291
495486
475052
267025
954316
449099
665914
917383
273938
297267
565988
670060
341819
573352
257170
495461
528536
451659
723744
189044
57770
726780
825275
417507
886906
347279
831685
217229
669207
910627
708966
394122
160003
355624
835947
306625
622148
470723
823810
677179
679049
923699
783633
84440
331119
137840
206388
806164
36731
900052
953050
977540
531683
895380
13633
583386
481047
912482
726060
702252
910980
55481
50281
8819
224841
291463
551194
570797
371267
880575
978079
301966
300943
625092
148535
275777
462423
439762
326700
302236
133041
193517
251833
843040
569290
411618
415699
995552
770199
859923
736331
352252
344157
759395
513375
18104
807380
466215
952673
540214
454005
162260
644023
902096
241032
901837
43081
881265
653543
313885
692067
912654
105316
942183
638708
692072
791178
802918
938593
451356
987542
900614
245289
310617
79905
6796
897589
49524
769657
126152
520107
579785
198845
540471
943740
660495
493239
660288
795314
192439
328140
875596
827861
244855
296910
622004
901445
381600
416786
686596
637061
352552
929043
123119
196275
212406
176880
838456
971212
213683
962208
568954
279820
912189
253401
29616
486458
334584
312568
622460
652768
230231
734267
577462
300737
571926
452114
328764
960582
860328
660609
247011
118533
727985
35867
83495
18862
912180
685939
687662
645627
182967
132755
348003
137715
905959
361300
696830
323922
336972
297436
492872
279427
637800
644683
520793
917323
116093
185446
498231
677742
981821
388553
211903
946062
799926
946702
402882
855682
850503
967893
875324
528241
915356
720255
504416
836682
314802
286974
330381
289767
215677
760363
352716
49005
25458
177150
204114
450562
492559
954396
177217
431021
81568
136152
218935
692929
909862
119024
13400
415031
118578
138080
598714
750965
572402
247291
230480
667365
324273
543040
414784
589446
989109
820512
526226
480389
437750
347840
172831
796798
805347
41104
237144
852990
264839
556333
751953
17762
321517
895712
260203
619397
143826
70254
334721
148485
345488
379762
372597
855788
819371
686901
163524
967009
702731
180367
321025
50122
801433
370541
85004
93021
982997
241918
157428
881475
214784
259138
235026
289405
834145
476364
567616
469139
889366
781989
783125
684020
996786
65204
930919
379323
40253
47460
270091
132732
747690
72454
791031
322502
216028
249023
99863
216501
831122
816931
72724
779008
86483
76811
672333
221847
805034
906510
394094
77834
846176
695105
137172
801857
35289
139410
801936
55863
876947
78197
126402
461662
402058
431784
491680
561443
862253
881637
72676
423464
616683
932475
701418
43123
175363
528894
752737
458259
672398
347249
829375
697296
499154
899005
118080
233307
868492
251359
8675
905289
654818
234606
520743
525742
544056
235868
362892
924670
452564
388940
528966
423685
169145
859639
513641
109288
586469
404118
479798
533048
335022
973596
143823
78589
338752
472239
485685
310233
549831
648996
846400
236252
884893
13755
527904
431544
909245
296583
917746
122432
347261
323095
34730
789374
202382
15752
17863
658691
885294
262935
951187
621960
258723
73184
77012
78514
541330
981967
887058
181715
449462
290631
131463
206520
924052
33211
42449
321472
759480
676054
670119
442709
487518
469822
466555
559571
25436
48936
467970
404109
473019
168886
196213
143060
266872
299348
392390
256647
168996
615145
537388
941193
583502
95985
293529
472048
973303
255589
683257
561155
144031
181993
572201
692676
693575
304084
780493
985745
30712
26022
194020
941831
179342
336526
730019
200301
780723
742139
758695
30098
95197
227292
297327
478588
167710
267548
206004
521838
965984
95625
875735
458390
246039
395434
257639
917698
62364
377316
906784
785628
69846
256555
909379
886086
410061
300951
868342
434650
829049
150967
673509
953565
69712
299665
894678
611835
554925
93458
424692
699022
505015
871813
390605
356276
252828
134192
677785
149358
429318
551178
363590
724302
710830
856369
466039
740276
76054
255315
297738
439856
928718
839179
98365
815102
738604
134498
692338
558882
940024
456939
909587
272493
290758
790386
144737
781781
393343
21892
468816
536901
482656
308585
135817
94155
898878
437612
6344
397720
483985
998501
947822
100605
559733
31167
344612
281074
622747
100576
469849
843983
378159
2730
268606
61712
320097
338119
92382
33006
752583
644130
634327
177334
656784
595592
460396
261755
312346
149498
593350
383792
668607
614099
859560
558936
858056
84866
190696
839277
402784
563376
630281
76308
589827
288874
256871
610059
34632
701620
910564
93471
38797
556722
214093
261906
272048
476294
588065
837711
200842
592076
246326
21425
8538
10140
803367
389517
712370
78384
303591
974688
200541
70888
717062
754716
23001
893055
964266
602354
897448
353514
176772
38987
755679
736639
329749
63022
408043
680957
789140
344282
704787
595104
755167
403569
94610
597608
139470
907192
321051
455013
481438
956765
251365
400823
794450
334736
189912
494843
988257
766770
760962
874505
8251
846050
435841
301287
315977
167401
39572
689324
169581
411377
155901
100515
783255
472692
989809
639056
115179
845920
303537
145380
470463
339592
570278
866605
349478
217569
858550
129714
921894
57533
409581
776202
92821
638399
752249
452501
173916
306863
300814
327539
802464
134583
584479
967060
933914
424871
105820
204036
635819
900212
944012
528447
330276
454989
910446
805651
65693
144426
982490
957419
626213
874740
777428
611895
134515
666830
391012
407391
886614
969857
793623
537442
206835
483530
123796
487874
3638
49743
632206
933893
189906
169506
697829
472987
24971
490839
766938
520701
548566
317971
742621
486666
241724
638929
905162
945255
33618
181626
230293
171389
847190
109314
720491
836484
813151
818287
887727
653616
541520
719304
54540
625367
31107
961883
756770
637710
261469
241028
418213
44510
486583
128557
835425
748921
639437
686299
110988
841216
164359
638095
57244
676625
463862
484039
195521
221592
906767
213207
972421
22337
627574
815998
884027
564924
804062
65162
881228
700492
16756
643478
99787
402858
826133
161280
563617
586143
776849
662892
567107
330031
556771
377365
126920
821117
429796
145363
468723
368930
38634
325700
13691
919593
469668
120104
490658
58115
238083
210692
255420
118319
582749
717319
159042
628015
439624
641387
924433
89230
934842
89216
232775
899868
425295
80856
702900
930435
394154
291585
767215
198508
241379
169909
918117
278933
730159
127381
270102
613203
469380
316410
624950
20878
916008
420312
935374
263115
774824
627633
741873
678609
369485
526814
132997
868888
867828
758008
631974
299096
519587
443670
586508
997691
943466
369378
611273
25221
834367
728307
976373
188859
475183
375807
712823
409094
390489
431771
720375
91505
826096
53691
444991
369880
648687
307613
837553
55877
537759
233199
821584
469875
470924
776215
83588
253565
20694
709016
302637
801952
113464
103873
620046
231042
942332
220668
555712
484301
953615
878910
651495
962294
549279
657263
870317
687484
215678
742958
383684
835341
154975
90976
621696
66328
770194
246474
173450
513142
768132
541638
442640
179261
172308
322465
