1454482
1455830
1456043
1458907
1459036
1460096
1460101
1460330
1460690
1460922
1461396
1461427
1461667
1461721
1461862
1461916
1462248
1462642
1462685
1462854
1463183
1463458
1463819
1463828
1463828
1463853
1463967
1464194
1464243
1464534
1464592
1464732
1464839
1465147
1465209
1465328
1465475
1465668
1465805
1465842
1465918
1465988
1466104
1466122
1466164
1466236
1466275
1466449
1466501
1466604
1466615
1466630
1466655
1466671
1466731
1466763
1466836
1467129
1467150
1467155
1467278
1467314
1467385
1467387
1467641
1467981
1468076
1468320
1468377
1468389
1468449
1468512
1468674
1468735
1468743
1468749
1468801
1468807
1468929
1468988
1469012
1469078
1469153
1469265
1469293
1469314
1469383
1469488
1469565
1469617
1469641
1469674
1469685
1469695
1469720
1469774
1469796
1469874
1469990
1469996
1470007
1470024
1470044
1470064
1470065
1470195
1470248
1470254
1470260
1470266
1470284
1470287
1470330
1470378
1470498
1470547
1470558
1470638
1470710
1470790
1470818
1470852
1470864
1470878
1471046
1471056
1471062
1471081
1471147
1471157
1471176
1471195
1471212
1471220
1471266
1471306
1471380
1471442
1471460
1471519
1471594
1471676
1471688
1471925
1472021
1472052
1472056
1472059
1472095
1472105
1472187
1472270
1472286
1472302
1472320
1472327
1472329
1472348
1472351
1472352
1472417
1472480
1472483
1472490
1472495
1472509
1472519
1472545
1472618
1472665
1472682
1472699
1472703
1472721
1472732
1472733
1472773
1472818
1472829
1472830
1472885
1472888
1472924
1473008
1473029
1473077
1473115
1473173
1473270
1473296
1473308
1473324
1473357
1473358
1473359
1473391
1473404
1473413
1473418
1473447
1473466
1473491
1473531
1473548
1473600
1473691
1473746
1473756
1473762
1473781
1473808
1473813
1473854
1473868
1473870
1473880
1473884
1473898
1473921
1473947
1473957
1473981
1473988
1474003
1474010
1474025
1474028
1474032
1474040
1474070
1474079
1474102
1474114
1474121
1474134
1474211
1474263
1474265
1474281
1474287
1474301
1474306
1474311
1474316
1474337
1474367
1474386
1474413
1474439
1474447
1474463
1474465
1474466
1474511
1474513
1474526
1474530
1474541
1474553
1474590
1474684
1474698
1474705
1474714
1474715
1474733
1474821
1474830
1474839
1474925
1474953
1475024
1475036
1475046
1475116
1475137
1475143
1475189
1475198
1475282
1475317
1475324
1475328
1475414
1475415
1475430
1475435
1475442
1475458
1475466
1475473
1475491
1475501
1475526
1475536
1475548
1475576
1475578
1475598
1475600
1475626
1475627
1475632
1475693
1475745
1475750
1475765
1475862
1475871
1475893
1475900
1475906
1475916
1475955
1475961
1475978
1475985
1476000
1476002
1476055
1476061
1476071
1476078
1476098
1476105
1476115
1476150
1476152
1476158
1476175
1476229
1476265
1476266
1476388
1476404
1476413
1476442
1476478
1476497
1476502
1476546
1476581
1476586
1476596
1476601
1476611
1476617
1476624
1476629
1476659
1476683
1476686
1476698
1476702
1476714
1476718
1476740
1476752
1476762
1476770
1476784
1476850
1476855
1476869
1476873
1476873
1476893
1476898
1476904
1476938
1476940
1476959
1476971
1476986
1476994
1477008
1477045
1477051
1477071
1477077
1477083
1477086
1477090
1477105
1477115
1477121
1477128
1477136
1477137
1477162
1477171
1477173
1477187
1477229
1477246
1477271
1477295
1477296
1477297
1477299
1477301
1477302
1477370
1477372
1477384
1477400
1477425
1477431
1477435
1477438
1477440
1477464
1477477
1477488
1477524
1477525
1477530
1477539
1477546
1477594
1477597
1477605
1477618
1477630
1477632
1477657
1477672
1477681
1477689
1477730
1477810
1477825
1477834
1477854
1477861
1477876
1477905
1477913
1477924
1477932
1477936
1477957
1477960
1477966
1477977
1477993
1478003
1478019
1478050
1478059
1478070
1478079
1478088
1478089
1478104
1478112
1478118
1478123
1478131
1478176
1478190
1478195
1478206
1478211
1478214
1478216
1478234
1478236
1478260
1478263
1478283
1478294
1478300
1478302
1478307
1478337
1478360
1478361
1478362
1478365
1478390
1478410
1478427
1478434
1478437
1478443
1478446
1478474
1478486
1478494
1478513
1478522
1478537
1478548
1478562
1478589
1478592
1478606
1478615
1478644
1478655
1478656
1478659
1478676
1478677
1478714
1478718
1478733
1478748
1478780
1478802
1478804
1478822
1478825
1478828
1478842
1478846
1478854
1478872
1478882
1478896
1478903
1478910
1478913
1478929
1478957
1478959
1478973
1478974
1478982
1478984
1478993
1478994
1479020
1479026
1479031
1479034
1479040
1479069
1479070
1479071
1479074
1479076
1479082
1479092
1479098
1479124
1479134
1479168
1479172
1479186
1479198
1479207
1479218
1479230
1479264
1479286
1479308
1479315
1479325
1479328
1479338
1479379
1479403
1479412
1479421
1479437
1479443
1479451
1479464
1479465
1479468
1479484
1479501
1479502
1479515
1479528
1479532
1479547
1479548
1479552
1479559
1479563
1479578
1479579
1479593
1479598
1479607
1479608
1479616
1479665
1479699
1479723
1479745
1479749
1479753
1479761
1479777
1479786
1479788
1479805
1479806
1479832
1479843
1479853
1479857
1479880
1479894
1479927
1479928
1479943
1479955
1479960
1479983
1479996
1480002
1480003
1480011
1480013
1480023
1480026
1480045
1480049
1480056
1480059
1480061
1480063
1480083
1480100
1480114
1480119
1480139
1480158
1480160
1480168
1480173
1480185
1480186
1480188
1480224
1480259
1480263
1480291
1480317
1480323
1480327
1480350
1480364
1480370
1480375
1480383
1480389
1480403
1480408
1480411
1480417
1480418
1480419
1480453
1480564
1480566
1480568
1480580
1480600
1480601
1480614
1480638
1480642
1480652
1480654
1480667
1480675
1480677
1480694
1480705
1480706
1480713
1480717
1480739
1480744
1480753
1480754
1480756
1480759
1480763
1480772
1480791
1480794
1480795
1480801
1480802
1480811
1480846
1480848
1480850
1480855
1480859
1480863
1480863
1480882
1480892
1480897
1480918
1480932
1480938
1480961
1480972
1480975
1480990
1480994
1481000
1481004
1481008
1481034
1481051
1481053
1481056
1481067
1481074
1481077
1481078
1481086
1481089
1481093
1481102
1481118
1481139
1481144
1481153
1481156
1481170
1481179
1481180
1481181
1481183
1481186
1481222
1481244
1481265
1481271
1481276
1481279
1481284
1481288
1481307
1481324
1481339
1481370
1481382
1481401
1481405
1481409
1481434
1481436
1481438
1481474
1481475
1481485
1481493
1481498
1481508
1481516
1481519
1481526
1481531
1481533
1481542
1481547
1481591
1481600
1481613
1481617
1481622
1481628
1481638
1481641
1481656
1481659
1481683
1481711
1481712
1481731
1481734
1481740
1481748
1481749
1481755
1481779
1481782
1481802
1481818
1481820
1481826
1481850
1481863
1481868
1481893
1481923
1481934
1481939
1481952
1481971
1481977
1481982
1481989
1482001
1482016
1482018
1482052
1482055
1482057
1482060
1482063
1482079
1482086
1482088
1482104
1482118
1482119
1482133
1482139
1482155
1482159
1482173
1482179
1482181
1482186
1482191
1482199
1482200
1482201
1482204
1482214
1482221
1482232
1482239
1482251
1482277
1482289
1482298
1482318
1482323
1482326
1482329
1482331
1482351
1482352
1482361
1482365
1482377
1482394
1482414
1482417
1482423
1482430
1482434
1482444
1482450
1482453
1482455
1482470
1482470
1482484
1482488
1482493
1482515
1482516
1482518
1482524
1482525
1482537
1482540
1482558
1482574
1482581
1482594
1482595
1482616
1482623
1482624
1482633
1482650
1482672
1482675
1482680
1482722
1482723
1482732
1482737
1482743
1482785
1482788
1482810
1482812
1482822
1482829
1482832
1482838
1482850
1482858
1482861
1482864
1482866
1482867
1482868
1482871
1482872
1482892
1482893
1482907
1482929
1482937
1482938
1482940
1482954
1482961
1482966
1482980
1482991
1483004
1483013
1483028
1483031
1483036
1483051
1483052
1483057
1483067
1483074
1483084
1483088
1483119
1483122
1483147
1483149
1483169
1483180
1483212
1483218
1483219
1483257
1483265
1483266
1483296
1483318
1483333
1483338
1483340
1483341
1483353
1483356
1483362
1483363
1483365
1483366
1483367
1483372
1483373
1483376
1483385
1483407
1483411
1483412
1483420
1483424
1483427
1483438
1483452
1483454
1483458
1483463
1483466
1483472
1483476
1483488
1483490
1483491
1483495
1483512
1483522
1483525
1483531
1483531
1483536
1483538
1483539
1483540
1483541
1483543
1483547
1483551
1483588
1483592
1483596
1483601
1483602
1483614
1483635
1483641
1483645
1483650
1483658
1483664
1483665
1483671
1483673
1483674
1483679
1483684
1483689
1483691
1483696
1483698
1483720
1483741
1483750
1483755
1483768
1483769
1483783
1483784
1483785
1483797
1483799
1483803
1483809
1483817
1483823
1483844
1483848
1483856
1483871
1483876
1483878
1483880
1483883
1483894
1483907
1483913
1483915
1483916
1483918
1483924
1483930
1483932
1483943
1483959
1483962
1483973
1483973
1483976
1483977
1483989
1483991
1484013
1484019
1484022
1484054
1484058
1484061
1484064
1484067
1484068
1484072
1484079
1484080
1484086
1484106
1484119
1484122
1484123
1484127
1484133
1484134
1484138
1484154
1484164
1484188
1484189
1484194
1484195
1484202
1484204
1484205
1484220
1484221
1484224
1484225
1484232
1484242
1484255
1484257
1484267
1484268
1484275
1484279
1484286
1484289
1484292
1484317
1484329
1484346
1484348
1484370
1484372
1484377
1484386
1484388
1484393
1484394
1484397
1484399
1484400
1484401
1484403
1484419
1484421
1484427
1484428
1484429
1484429
1484440
1484469
1484490
1484503
1484510
1484514
1484519
1484543
1484549
1484551
1484570
1484572
1484578
1484582
1484589
1484591
1484596
1484599
1484607
1484616
1484621
1484637
1484653
1484661
1484667
1484672
1484678
1484691
1484693
1484714
1484718
1484719
1484720
1484721
1484732
1484737
1484743
1484745
1484762
1484764
1484772
1484782
1484786
1484824
1484838
1484847
1484850
1484853
1484854
1484857
1484865
1484872
1484893
1484911
1484924
1484927
1484955
1484958
1484960
1484961
1484962
1484971
1484972
1484976
1484977
1484982
1484983
1484992
1485003
1485012
1485013
1485014
1485019
1485022
1485047
1485050
1485051
1485053
1485057
1485065
1485080
1485081
1485085
1485092
1485105
1485106
1485109
1485111
1485112
1485113
1485115
1485116
1485120
1485136
1485140
1485155
1485170
1485186
1485189
1485190
1485191
1485193
1485197
1485216
1485221
1485227
1485233
1485234
1485242
1485256
1485259
1485261
1485264
1485277
1485295
1485297
1485311
1485321
1485324
1485330
1485333
1485337
1485343
1485349
1485354
1485362
1485370
1485371
1485373
1485396
1485397
1485400
1485407
1485409
1485419
1485468
1485473
1485474
1485484
1485500
1485501
1485509
1485515
1485519
1485536
1485543
1485545
1485551
1485561
1485567
1485571
1485592
1485613
1485621
1485624
1485627
1485628
1485647
1485649
1485664
1485670
1485673
1485683
1485684
1485685
1485689
1485697
1485701
1485707
1485709
1485710
1485714
1485721
1485722
1485728
1485751
1485753
1485763
1485772
1485791
1485793
1485806
1485811
1485814
1485815
1485823
1485826
1485827
1485835
1485841
1485843
1485844
1485848
1485849
1485866
1485877
1485880
1485891
1485896
1485900
1485910
1485918
1485920
1485926
1485932
1485933
1485934
1485955
1485961
1485972
1485978
1485979
1485985
1486002
1486003
1486007
1486010
1486011
1486014
1486019
1486030
1486051
1486068
1486078
1486094
1486100
1486108
1486134
1486137
1486139
1486147
1486151
1486165
1486171
1486176
1486177
1486193
1486196
1486197
1486215
1486221
1486223
1486225
1486231
1486234
1486235
1486237
1486240
1486244
1486252
1486257
1486262
1486263
1486268
1486271
1486286
1486289
1486303
1486310
1486318
1486337
1486346
1486347
1486352
1486356
1486368
1486383
1486384
1486385
1486409
1486438
1486440
1486448
1486449
1486456
1486463
1486465
1486466
1486475
1486498
1486505
1486519
1486528
1486536
1486544
1486548
1486550
1486553
1486554
1486555
1486563
1486576
1486578
1486580
1486591
1486599
1486605
1486612
1486620
1486624
1486637
1486657
1486658
1486671
1486673
1486682
1486688
1486707
1486708
1486711
1486714
1486717
1486732
1486733
1486735
1486736
1486741
1486743
1486747
1486755
1486759
1486765
1486770
1486776
1486778
1486781
1486782
1486800
1486801
1486819
1486821
1486823
1486827
1486830
1486833
1486848
1486856
1486871
1486876
1486878
1486880
1486889
1486893
1486903
1486910
1486917
1486929
1486934
1486939
1486946
1486952
1486959
1486964
1486965
1486981
1486982
1486991
1486992
1487000
1487010
1487011
1487028
1487029
1487033
1487034
1487046
1487048
1487050
1487052
1487078
1487079
1487085
1487088
1487095
1487110
1487117
1487122
1487128
1487138
1487141
1487161
1487163
1487181
1487185
1487186
1487200
1487206
1487215
1487219
1487221
1487223
1487225
1487227
1487240
1487246
1487247
1487252
1487274
1487276
1487284
1487288
1487289
1487294
1487299
1487302
1487317
1487321
1487333
1487337
1487339
1487340
1487345
1487352
1487354
1487355
1487367
1487374
1487376
1487378
1487397
1487400
1487405
1487409
1487414
1487438
1487443
1487450
1487453
1487456
1487459
1487462
1487464
1487479
1487507
1487509
1487514
1487518
1487519
1487525
1487538
1487542
1487550
1487559
1487561
1487563
1487566
1487571
1487576
1487577
1487579
1487580
1487581
1487583
1487584
1487585
1487613
1487616
1487629
1487632
1487642
1487652
1487679
1487683
1487683
1487701
1487711
1487712
1487721
1487724
1487725
1487734
1487735
1487758
1487759
1487760
1487764
1487776
1487792
1487793
1487800
1487811
1487813
1487814
1487819
1487821
1487831
1487837
1487846
1487846
1487848
1487855
1487857
1487861
1487862
1487867
1487870
1487873
1487894
1487899
1487920
1487924
1487932
1487934
1487944
1487953
1487954
1487956
1487962
1487963
1487971
1487976
1487977
1487989
1487990
1487991
1488007
1488009
1488011
1488012
1488019
1488039
1488046
1488058
1488062
1488071
1488098
1488107
1488108
1488109
1488114
1488134
1488135
1488143
1488148
1488154
1488155
1488157
1488161
1488164
1488169
1488175
1488179
1488193
1488212
1488213
1488214
1488220
1488235
1488254
1488257
1488273
1488275
1488289
1488295
1488300
1488304
1488308
1488318
1488323
1488363
1488367
1488368
1488381
1488391
1488396
1488399
1488409
1488411
1488416
1488419
1488422
1488423
1488424
1488441
1488453
1488459
1488466
1488471
1488483
1488489
1488501
1488503
1488511
1488512
1488515
1488525
1488532
1488548
1488554
1488557
1488559
1488561
1488564
1488570
1488575
1488586
1488589
1488591
1488594
1488595
1488597
1488598
1488599
1488607
1488609
1488612
1488619
1488621
1488623
1488626
1488638
1488641
1488656
1488657
1488660
1488663
1488667
1488679
1488684
1488689
1488690
1488692
1488695
1488698
1488707
1488717
1488720
1488726
1488739
1488740
1488751
1488756
1488760
1488763
1488766
1488772
1488776
1488788
1488789
1488799
1488801
1488805
1488810
1488812
1488817
1488826
1488833
1488836
1488838
1488840
1488844
1488849
1488851
1488854
1488869
1488871
1488874
1488877
1488880
1488889
1488894
1488900
1488902
1488913
1488914
1488915
1488927
1488928
1488933
1488936
1488945
1488949
1488952
1488963
1488970
1488979
1488981
1488982
1488987
1488996
1489003
1489004
1489010
1489023
1489038
1489047
1489050
1489054
1489064
1489074
1489075
1489091
1489098
1489103
1489104
1489109
1489113
1489130
1489134
1489146
1489152
1489154
1489156
1489159
1489163
1489165
1489169
1489180
1489182
1489192
1489197
1489201
1489212
1489218
1489224
1489235
1489241
1489248
1489249
1489262
1489280
1489283
1489284
1489290
1489303
1489306
1489308
1489311
1489312
1489318
1489331
1489334
1489338
1489347
1489351
1489353
1489366
1489368
1489374
1489382
1489389
1489417
1489422
1489423
1489427
1489430
1489434
1489436
1489439
1489440
1489446
1489453
1489459
1489466
1489484
1489487
1489498
1489499
1489503
1489504
1489511
1489526
1489528
1489529
1489533
1489544
1489556
1489558
1489568
1489576
1489583
1489586
1489587
1489594
1489607
1489609
1489610
1489612
1489614
1489617
1489619
1489627
1489631
1489632
1489639
1489644
1489649
1489654
1489658
1489659
1489682
1489686
1489694
1489696
1489707
1489716
1489718
1489721
1489728
1489732
1489733
1489737
1489741
1489747
1489754
1489759
1489760
1489767
1489775
1489777
1489778
1489779
1489789
1489795
1489796
1489801
1489807
1489810
1489812
1489814
1489815
1489829
1489830
1489835
1489853
1489863
1489881
1489906
1489907
1489908
1489921
1489924
1489929
1489932
1489935
1489938
1489945
1489953
1489963
1489967
1489982
1489994
1489999
1490000
1490001
1490003
1490024
1490025
1490026
1490041
1490043
1490047
1490053
1490062
1490067
1490073
1490075
1490078
1490079
1490086
1490100
1490106
1490117
1490123
1490145
1490150
1490162
1490168
1490173
1490174
1490175
1490183
1490186
1490201
1490209
1490214
1490215
1490224
1490241
1490242
1490243
1490246
1490250
1490256
1490261
1490278
1490291
1490300
1490303
1490322
1490328
1490332
1490335
1490340
1490362
1490367
1490375
1490381
1490384
1490387
1490388
1490393
1490411
1490425
1490431
1490443
1490444
1490449
1490461
1490465
1490470
1490472
1490477
1490478
1490480
1490484
1490486
1490489
1490493
1490503
1490505
1490509
1490510
1490514
1490515
1490517
1490519
1490520
1490524
1490525
1490527
1490529
1490533
1490537
1490540
1490545
1490557
1490558
1490562
1490569
1490572
1490575
1490583
1490597
1490606
1490612
1490616
1490620
1490628
1490644
1490661
1490665
1490676
1490678
1490690
1490695
1490705
1490713
1490714
1490722
1490726
1490729
1490734
1490734
1490757
1490769
1490770
1490780
1490782
1490784
1490786
1490790
1490793
1490794
1490799
1490817
1490834
1490836
1490837
1490840
1490841
1490845
1490855
1490866
1490876
1490892
1490905
1490914
1490915
1490919
1490921
1490923
1490944
1490966
1490974
1490976
1490978
1490988
1490990
1491000
1491015
1491021
1491048
1491056
1491064
1491072
1491078
1491086
1491088
1491093
1491100
1491106
1491107
1491112
1491113
1491123
1491146
1491150
1491151
1491152
1491159
1491160
1491176
1491178
1491181
1491182
1491185
1491195
1491204
1491210
1491212
1491246
1491247
1491255
1491259
1491262
1491263
1491265
1491289
1491290
1491304
1491315
1491319
1491335
1491336
1491369
1491375
1491376
1491384
1491389
1491394
1491397
1491402
1491408
1491417
1491427
1491429
1491432
1491438
1491444
1491445
1491447
1491448
1491460
1491461
1491463
1491466
1491467
1491472
1491475
1491483
1491484
1491498
1491502
1491511
1491522
1491527
1491532
1491535
1491537
1491552
1491559
1491561
1491562
1491563
1491565
1491584
1491603
1491606
1491608
1491610
1491614
1491617
1491620
1491624
1491627
1491632
1491634
1491636
1491637
1491645
1491646
1491648
1491649
1491654
1491658
1491690
1491693
1491704
1491707
1491710
1491716
1491721
1491723
1491725
1491728
1491734
1491747
1491749
1491751
1491768
1491770
1491772
1491774
1491775
1491783
1491788
1491790
1491792
1491795
1491797
1491800
1491806
1491807
1491810
1491821
1491828
1491836
1491837
1491841
1491848
1491851
1491861
1491862
1491867
1491868
1491873
1491875
1491879
1491880
1491885
1491887
1491889
1491903
1491908
1491914
1491929
1491937
1491947
1491957
1491964
1491968
1491976
1491983
1491984
1491986
1491993
1491994
1492001
1492003
1492018
1492026
1492028
1492036
1492043
1492054
1492063
1492065
1492070
1492077
1492081
1492084
1492085
1492095
1492100
1492117
1492119
1492129
1492133
1492142
1492150
1492151
1492152
1492156
1492158
1492161
1492162
1492165
1492172
1492183
1492187
1492190
1492195
1492203
1492215
1492219
1492221
1492227
1492234
1492253
1492262
1492268
1492276
1492287
1492293
1492304
1492308
1492310
1492312
1492322
1492323
1492337
1492359
1492363
1492367
1492368
1492378
1492383
1492387
1492394
1492400
1492405
1492412
1492414
1492420
1492425
1492432
1492434
1492435
1492436
1492437
1492443
1492445
1492447
1492451
1492454
1492456
1492464
1492468
1492469
1492474
1492484
1492492
1492493
1492499
1492500
1492505
1492509
1492521
1492536
1492539
1492541
1492544
1492549
1492557
1492560
1492562
1492563
1492564
1492565
1492570
1492580
1492590
1492591
1492595
1492596
1492597
1492602
1492604
1492605
1492607
1492611
1492619
1492622
1492629
1492631
1492635
1492639
1492645
1492659
1492668
1492674
1492676
1492678
1492680
1492698
1492701
1492707
1492710
1492715
1492717
1492721
1492722
1492731
1492735
1492737
1492747
1492766
1492773
1492778
1492780
1492781
1492793
1492795
1492796
1492811
1492814
1492822
1492823
1492825
1492829
1492831
1492834
1492837
1492847
1492848
1492852
1492858
1492873
1492877
1492880
1492893
1492898
1492919
1492922
1492929
1492933
1492943
1492956
1492959
1492966
1492969
1492971
1492982
1493000
1493004
1493008
1493025
1493032
1493033
1493034
1493043
1493052
1493053
1493060
1493061
1493063
1493064
1493076
1493079
1493086
1493087
1493090
1493092
1493098
1493112
1493114
1493121
1493125
1493126
1493130
1493133
1493139
1493140
1493157
1493168
1493169
1493177
1493184
1493192
1493193
1493194
1493199
1493202
1493210
1493213
1493214
1493219
1493227
1493235
1493236
1493238
1493245
1493252
1493253
1493262
1493263
1493264
1493265
1493267
1493272
1493278
1493281
1493284
1493287
1493298
1493303
1493304
1493305
1493310
1493315
1493321
1493327
1493329
1493331
1493335
1493338
1493341
1493342
1493343
1493350
1493376
1493383
1493406
1493414
1493423
1493429
1493434
1493435
1493437
1493439
1493444
1493449
1493460
1493464
1493465
1493470
1493473
1493477
1493481
1493488
1493491
1493494
1493498
1493499
1493508
1493524
1493529
1493530
1493532
1493547
1493561
1493567
1493570
1493581
1493587
1493598
1493605
1493607
1493621
1493632
1493633
1493640
1493642
1493645
1493648
1493651
1493652
1493662
1493678
1493684
1493689
1493704
1493705
1493718
1493722
1493727
1493728
1493729
1493731
1493747
1493750
1493753
1493755
1493757
1493759
1493764
1493768
1493774
1493775
1493779
1493784
1493794
1493798
1493805
1493806
1493807
1493816
1493822
1493824
1493836
1493837
1493856
1493858
1493864
1493876
1493878
1493884
1493885
1493889
1493896
1493898
1493899
1493900
1493906
1493914
1493915
1493916
1493921
1493926
1493932
1493935
1493937
1493939
1493942
1493943
1493951
1493955
1493958
1493963
1493973
1493980
1493983
1493988
1493998
1494003
1494008
1494014
1494015
1494017
1494022
1494030
1494032
1494034
1494035
1494050
1494054
1494061
1494063
1494071
1494072
1494077
1494080
1494089
1494095
1494098
1494099
1494102
1494106
1494112
1494116
1494121
1494123
1494141
1494145
1494152
1494160
1494163
1494164
1494168
1494173
1494188
1494189
1494190
1494204
1494209
1494212
1494223
1494235
1494245
1494251
1494253
1494258
1494262
1494265
1494270
1494273
1494274
1494278
1494279
1494284
1494287
1494303
1494308
1494313
1494336
1494343
1494355
1494359
1494361
1494363
1494364
1494370
1494372
1494375
1494385
1494387
1494389
1494390
1494393
1494394
1494407
1494420
1494426
1494428
1494429
1494432
1494436
1494439
1494445
1494449
1494451
1494452
1494466
1494474
1494481
1494483
1494484
1494492
1494498
1494499
1494505
1494517
1494529
1494530
1494533
1494539
1494543
1494548
1494549
1494551
1494554
1494562
1494564
1494568
1494574
1494575
1494592
1494593
1494596
1494600
1494603
1494629
1494630
1494638
1494641
1494646
1494649
1494650
1494653
1494658
1494662
1494665
1494670
1494674
1494687
1494690
1494691
1494693
1494694
1494695
1494703
1494705
1494730
1494750
1494754
1494757
1494758
1494762
1494780
1494787
1494794
1494804
1494812
1494815
1494817
1494818
1494819
1494831
1494832
1494834
1494861
1494865
1494868
1494879
1494896
1494898
1494900
1494901
1494906
1494917
1494924
1494925
1494929
1494945
1494946
1494949
1494954
1494960
1494962
1494967
1494974
1494977
1494983
1494994
1494999
1495000
1495002
1495004
1495005
1495015
1495026
1495027
1495028
1495036
1495044
1495048
1495052
1495055
1495057
1495058
1495061
1495067
1495076
1495077
1495083
1495084
1495097
1495098
1495099
1495101
1495103
1495117
1495118
1495119
1495123
1495131
1495134
1495141
1495142
1495160
1495171
1495172
1495173
1495174
1495175
1495187
1495205
1495212
1495224
1495226
1495229
1495230
1495244
1495246
1495261
1495292
1495296
1495298
1495308
1495314
1495315
1495319
1495329
1495330
1495336
1495348
1495357
1495358
1495362
1495381
1495383
1495395
1495399
1495403
1495407
1495409
1495410
1495411
1495412
1495413
1495419
1495421
1495423
1495434
1495435
1495444
1495452
1495457
1495461
1495473
1495474
1495475
1495480
1495489
1495495
1495496
1495501
1495503
1495507
1495509
1495510
1495518
1495523
1495532
1495535
1495544
1495567
1495576
1495580
1495604
1495608
1495612
1495616
1495623
1495624
1495628
1495631
1495635
1495653
1495664
1495669
1495670
1495675
1495677
1495682
1495683
1495685
1495689
1495690
1495694
1495696
1495699
1495704
1495707
1495713
1495716
1495723
1495725
1495729
1495732
1495747
1495752
1495754
1495757
1495759
1495760
1495764
1495765
1495775
1495789
1495798
1495804
1495807
1495821
1495823
1495825
1495827
1495831
1495846
1495849
1495856
1495858
1495859
1495862
1495869
1495886
1495887
1495893
1495895
1495897
1495899
1495903
1495905
1495911
1495916
1495924
1495928
1495930
1495933
1495948
1495952
1495956
1495957
1495962
1495963
1495969
1495974
1495981
1495988
1495997
1496000
1496001
1496002
1496007
1496009
1496014
1496015
1496017
1496018
1496019
1496021
1496028
1496034
1496042
1496054
1496056
1496063
1496067
1496076
1496081
1496085
1496087
1496100
1496101
1496113
1496117
1496133
1496138
1496143
1496144
1496170
1496175
1496189
1496197
1496198
1496200
1496203
1496213
1496214
1496223
1496252
1496255
1496258
1496259
1496266
1496270
1496271
1496275
1496276
1496279
1496282
1496299
1496305
1496314
1496328
1496330
1496340
1496343
1496349
1496350
1496351
1496362
1496365
1496370
1496373
1496374
1496394
1496397
1496400
1496402
1496405
1496408
1496409
1496416
1496422
1496431
1496432
1496436
1496450
1496457
1496461
1496473
1496478
1496485
1496507
1496512
1496516
1496529
1496539
1496541
1496551
1496554
1496555
1496565
1496569
1496592
1496613
1496614
1496615
1496617
1496624
1496628
1496631
1496634
1496636
1496639
1496642
1496653
1496662
1496666
1496673
1496680
1496691
1496700
1496701
1496702
1496713
1496723
1496727
1496730
1496747
1496757
1496760
1496762
1496773
1496775
1496777
1496779
1496785
1496787
1496792
1496796
1496804
1496810
1496812
1496814
1496818
1496828
1496836
1496842
1496844
1496851
1496861
1496869
1496876
1496895
1496896
1496911
1496915
1496918
1496920
1496921
1496956
1496974
1496977
1496979
1496992
1497006
1497008
1497009
1497022
1497033
1497037
1497045
1497056
1497059
1497062
1497065
1497066
1497072
1497078
1497079
1497098
1497102
1497115
1497124
1497126
1497136
1497138
1497147
1497150
1497159
1497163
1497166
1497168
1497172
1497173
1497179
1497193
1497194
1497195
1497198
1497219
1497228
1497229
1497231
1497232
1497240
1497249
1497257
1497258
1497263
1497266
1497267
1497275
1497278
1497281
1497283
1497287
1497290
1497291
1497295
1497298
1497307
1497313
1497328
1497342
1497346
1497348
1497349
1497365
1497367
1497368
1497375
1497381
1497384
1497394
1497407
1497411
1497412
1497416
1497426
1497436
1497438
1497445
1497450
1497451
1497452
1497468
1497474
1497485
1497486
1497503
1497504
1497517
1497529
1497537
1497540
1497542
1497543
1497548
1497560
1497568
1497575
1497579
1497586
1497592
1497596
1497611
1497621
1497649
1497660
1497661
1497664
1497670
1497679
1497680
1497692
1497694
1497709
1497721
1497738
1497744
1497750
1497751
1497759
1497772
1497773
1497778
1497782
1497806
1497812
1497829
1497831
1497839
1497843
1497846
1497852
1497858
1497866
1497869
1497874
1497878
1497885
1497890
1497897
1497905
1497910
1497913
1497918
1497928
1497942
1497947
1497951
1497953
1497961
1497972
1497981
1497982
1497996
1498003
1498014
1498015
1498018
1498019
1498024
1498032
1498034
1498036
1498041
1498053
1498056
1498060
1498065
1498072
1498073
1498078
1498088
1498097
1498098
1498104
1498105
1498113
1498129
1498139
1498144
1498147
1498160
1498161
1498163
1498165
1498170
1498179
1498185
1498190
1498192
1498204
1498207
1498232
1498260
1498295
1498296
1498318
1498326
1498336
1498337
1498347
1498350
1498356
1498359
1498361
1498363
1498365
1498371
1498373
1498393
1498398
1498400
1498404
1498406
1498408
1498418
1498429
1498439
1498443
1498447
1498460
1498479
1498482
1498484
1498485
1498493
1498500
1498501
1498503
1498505
1498512
1498513
1498519
1498527
1498532
1498549
1498554
1498556
1498566
1498584
1498586
1498587
1498590
1498595
1498597
1498600
1498603
1498609
1498633
1498636
1498639
1498644
1498648
1498652
1498656
1498661
1498662
1498663
1498674
1498678
1498692
1498694
1498715
1498725
1498727
1498729
1498733
1498734
1498744
1498745
1498753
1498754
1498758
1498777
1498784
1498792
1498801
1498805
1498806
1498807
1498809
1498820
1498823
1498826
1498827
1498830
1498832
1498834
1498858
1498862
1498863
1498875
1498882
1498885
1498888
1498894
1498896
1498897
1498902
1498907
1498915
1498918
1498921
1498923
1498924
1498945
1498954
1498959
1498964
1498980
1498981
1498991
1498998
1499000
1499003
1499011
1499023
1499054
1499055
1499065
1499067
1499077
1499079
1499083
1499085
1499094
1499111
1499115
1499116
1499119
1499123
1499128
1499148
1499149
1499150
1499158
1499159
1499160
1499161
1499176
1499182
1499190
1499197
1499199
1499200
1499205
1499209
1499218
1499219
1499232
1499236
1499241
1499244
1499247
1499251
1499267
1499302
1499303
1499312
1499319
1499320
1499326
1499330
1499344
1499365
1499379
1499381
1499383
1499390
1499395
1499399
1499404
1499409
1499418
1499426
1499430
1499436
1499438
1499440
1499449
1499451
1499459
1499474
1499478
1499479
1499480
1499493
1499501
1499510
1499511
1499513
1499515
1499522
1499543
1499547
1499548
1499556
1499558
1499581
1499583
1499584
1499585
1499587
1499591
1499595
1499596
1499601
1499605
1499614
1499632
1499646
1499668
1499669
1499677
1499682
1499689
1499693
1499694
1499698
1499699
1499720
1499731
1499746
1499755
1499764
1499775
1499779
1499785
1499786
1499792
1499797
1499811
1499823
1499848
1499855
1499858
1499865
1499882
1499891
1499911
1499921
1499939
1499945
1499948
1499970
1499976
1499986
1499990
1499992
1499999
1500035
1500052
1500055
1500056
1500065
1500067
1500082
1500083
1500085
1500099
1500118
1500126
1500127
1500130
1500143
1500144
1500146
1500156
1500167
1500173
1500174
1500181
1500189
1500201
1500202
1500215
1500216
1500221
1500226
1500227
1500228
1500230
1500241
1500244
1500248
1500250
1500266
1500276
1500278
1500283
1500310
1500312
1500320
1500329
1500334
1500336
1500341
1500346
1500349
1500350
1500354
1500359
1500362
1500364
1500366
1500374
1500376
1500377
1500383
1500391
1500394
1500397
1500402
1500403
1500405
1500407
1500424
1500433
1500446
1500451
1500457
1500463
1500485
1500487
1500496
1500502
1500507
1500517
1500518
1500520
1500539
1500540
1500549
1500556
1500558
1500562
1500564
1500575
1500589
1500590
1500602
1500610
1500619
1500625
1500630
1500633
1500647
1500654
1500661
1500671
1500675
1500696
1500699
1500700
1500710
1500723
1500724
1500737
1500738
1500740
1500766
1500770
1500772
1500795
1500803
1500811
1500813
1500818
1500823
1500832
1500845
1500851
1500853
1500864
1500866
1500867
1500888
1500891
1500899
1500900
1500913
1500919
1500923
1500926
1500932
1500938
1500939
1500944
1500945
1500947
1500961
1500962
1500969
1500980
1500981
1500991
1500992
1500998
1500999
1501024
1501026
1501030
1501035
1501036
1501045
1501052
1501055
1501059
1501063
1501070
1501082
1501084
1501087
1501095
1501101
1501116
1501117
1501119
1501136
1501141
1501145
1501150
1501151
1501156
1501159
1501161
1501169
1501186
1501189
1501190
1501192
1501238
1501250
1501262
1501263
1501282
1501286
1501301
1501303
1501315
1501316
1501319
1501323
1501332
1501340
1501346
1501350
1501365
1501368
1501370
1501395
1501420
1501422
1501428
1501451
1501456
1501457
1501464
1501465
1501487
1501512
1501523
1501538
1501561
1501579
1501585
1501588
1501595
1501602
1501604
1501610
1501622
1501628
1501633
1501640
1501647
1501653
1501657
1501667
1501673
1501691
1501693
1501708
1501723
1501739
1501768
1501771
1501772
1501776
1501786
1501814
1501823
1501829
1501831
1501853
1501867
1501872
1501878
1501879
1501885
1501891
1501900
1501904
1501905
1501914
1501917
1501918
1501919
1501924
1501933
1501943
1501945
1501950
1501954
1501955
1501960
1501981
1501990
1501999
1502002
1502012
1502019
1502035
1502049
1502063
1502083
1502089
1502091
1502093
1502094
1502101
1502115
1502119
1502121
1502127
1502140
1502142
1502153
1502154
1502156
1502159
1502166
1502169
1502174
1502184
1502191
1502226
1502228
1502237
1502249
1502258
1502269
1502277
1502285
1502296
1502304
1502327
1502332
1502332
1502337
1502339
1502349
1502355
1502387
1502398
1502416
1502423
1502436
1502439
1502441
1502444
1502451
1502458
1502461
1502462
1502464
1502470
1502476
1502479
1502494
1502503
1502505
1502508
1502512
1502521
1502528
1502539
1502547
1502557
1502567
1502568
1502573
1502578
1502579
1502583
1502589
1502598
1502599
1502609
1502619
1502621
1502637
1502640
1502641
1502643
1502645
1502654
1502664
1502671
1502688
1502692
1502699
1502714
1502718
1502731
1502737
1502753
1502756
1502764
1502769
1502779
1502780
1502783
1502787
1502798
1502801
1502804
1502825
1502828
1502830
1502844
1502849
1502851
1502874
1502875
1502877
1502884
1502885
1502897
1502927
1502929
1502932
1502935
1502940
1502946
1502959
1502974
1502986
1502989
1503035
1503044
1503061
1503075
1503091
1503094
1503125
1503127
1503132
1503146
1503164
1503169
1503182
1503187
1503192
1503197
1503198
1503199
1503204
1503225
1503228
1503230
1503237
1503240
1503249
1503256
1503267
1503279
1503286
1503298
1503302
1503314
1503315
1503321
1503339
1503344
1503347
1503352
1503372
1503373
1503377
1503380
1503382
1503411
1503412
1503419
1503423
1503431
1503435
1503443
1503449
1503460
1503468
1503473
1503483
1503484
1503485
1503491
1503513
1503515
1503516
1503520
1503529
1503533
1503544
1503556
1503575
1503595
1503601
1503607
1503611
1503612
1503619
1503624
1503640
1503653
1503656
1503657
1503663
1503675
1503691
1503704
1503713
1503717
1503728
1503730
1503731
1503743
1503749
1503760
1503762
1503775
1503780
1503791
1503806
1503806
1503809
1503822
1503836
1503847
1503861
1503868
1503870
1503872
1503873
1503874
1503882
1503892
1503919
1503922
1503930
1503931
1503934
1503945
1503950
1503952
1503957
1503965
1503989
1503990
1504000
1504001
1504005
1504008
1504014
1504019
1504055
1504085
1504097
1504126
1504129
1504137
1504154
1504160
1504171
1504172
1504175
1504178
1504194
1504201
1504207
1504222
1504233
1504237
1504254
1504255
1504275
1504276
1504277
1504283
1504286
1504292
1504315
1504334
1504335
1504347
1504373
1504379
1504386
1504403
1504405
1504426
1504443
1504448
1504452
1504458
1504459
1504460
1504469
1504472
1504486
1504491
1504495
1504503
1504513
1504519
1504544
1504561
1504577
1504586
1504591
1504593
1504596
1504616
1504619
1504624
1504645
1504650
1504651
1504655
1504658
1504662
1504668
1504700
1504711
1504721
1504731
1504748
1504762
1504777
1504789
1504793
1504794
1504802
1504807
1504813
1504822
1504827
1504839
1504843
1504844
1504846
1504860
1504862
1504869
1504883
1504940
1504943
1504959
1504972
1504973
1504989
1505008
1505012
1505014
1505015
1505025
1505033
1505035
1505039
1505050
1505058
1505072
1505074
1505082
1505088
1505091
1505102
1505112
1505118
1505120
1505132
1505134
1505144
1505153
1505159
1505167
1505175
1505185
1505202
1505214
1505215
1505221
1505236
1505240
1505242
1505243
1505259
1505270
1505273
1505274
1505322
1505329
1505335
1505346
1505352
1505359
1505363
1505397
1505398
1505403
1505421
1505423
1505424
1505425
1505428
1505432
1505434
1505452
1505474
1505479
1505482
1505494
1505496
1505519
1505532
1505546
1505556
1505558
1505579
1505580
1505583
1505595
1505602
1505613
1505619
1505621
1505629
1505633
1505638
1505647
1505654
1505660
1505677
1505681
1505692
1505694
1505720
1505724
1505735
1505743
1505744
1505753
1505755
1505758
1505780
1505793
1505801
1505810
1505868
1505870
1505875
1505889
1505892
1505898
1505901
1505902
1505908
1505909
1505919
1505923
1505936
1505944
1505971
1505972
1505973
1505979
1505983
1505999
1506006
1506021
1506033
1506034
1506047
1506048
1506086
1506108
1506110
1506115
1506142
1506149
1506154
1506157
1506168
1506172
1506175
1506182
1506187
1506193
1506199
1506206
1506209
1506212
1506217
1506248
1506250
1506252
1506275
1506287
1506291
1506326
1506332
1506336
1506346
1506350
1506358
1506360
1506362
1506371
1506372
1506378
1506379
1506384
1506417
1506419
1506425
1506430
1506436
1506438
1506446
1506477
1506483
1506485
1506496
1506500
1506502
1506524
1506526
1506531
1506533
1506534
1506539
1506543
1506553
1506554
1506556
1506561
1506567
1506579
1506601
1506614
1506625
1506647
1506657
1506677
1506680
1506690
1506691
1506696
1506700
1506706
1506732
1506735
1506742
1506765
1506770
1506771
1506772
1506785
1506793
1506796
1506802
1506806
1506836
1506862
1506868
1506903
1506910
1506923
1506937
1506984
1506990
1507052
1507054
1507065
1507090
1507108
1507109
1507135
1507139
1507146
1507161
1507181
1507185
1507199
1507201
1507202
1507207
1507209
1507220
1507231
1507241
1507243
1507245
1507277
1507287
1507299
1507335
1507353
1507355
1507367
1507372
1507386
1507423
1507458
1507488
1507490
1507506
1507510
1507513
1507521
1507541
1507588
1507607
1507625
1507626
1507628
1507683
1507689
1507692
1507694
1507706
1507723
1507792
1507830
1507851
1507867
1507869
1507888
1507990
1508001
1508010
1508026
1508055
1508101
1508122
1508139
1508157
1508174
1508185
1508186
1508187
1508204
1508208
1508213
1508234
1508243
1508248
1508267
1508269
1508272
1508288
1508296
1508312
1508315
1508317
1508326
1508337
1508371
1508375
1508390
1508414
1508459
1508477
1508480
1508514
1508524
1508574
1508574
1508597
1508622
1508661
1508662
1508665
1508675
1508685
1508687
1508702
1508741
1508742
1508762
1508765
1508779
1508791
1508810
1508827
1508829
1508858
1508865
1508881
1508890
1508913
1508919
1508921
1508935
1508953
1508959
1508965
1508979
1508981
1509008
1509045
1509094
1509097
1509101
1509109
1509118
1509119
1509126
1509141
1509150
1509153
1509154
1509162
1509163
1509164
1509166
1509174
1509177
1509179
1509195
1509196
1509211
1509213
1509224
1509229
1509243
1509249
1509259
1509266
1509268
1509270
1509272
1509280
1509292
1509313
1509316
1509318
1509330
1509333
1509340
1509367
1509399
1509410
1509415
1509423
1509453
1509457
1509464
1509466
1509479
1509488
1509508
1509520
1509523
1509536
1509557
1509559
1509562
1509565
1509566
1509568
1509583
1509591
1509603
1509618
1509619
1509631
1509635
1509655
1509662
1509666
1509675
1509681
1509694
1509698
1509703
1509749
1509758
1509791
1509795
1509799
1509808
1509810
1509821
1509843
1509847
1509865
1509873
1509885
1509895
1509898
1509902
1509910
1509912
1509916
1509928
1509939
1509942
1509943
1509981
1510004
1510028
1510030
1510049
1510054
1510056
1510058
1510087
1510109
1510112
1510132
1510144
1510173
1510184
1510185
1510198
1510237
1510286
1510327
1510350
1510362
1510397
1510406
1510417
1510463
1510505
1510509
1510519
1510533
1510587
1510616
1510620
1510658
1510664
1510696
1510712
1510763
1510781
1510796
1510800
1510817
1510824
1510844
1510853
1510876
1510894
1510959
1511001
1511012
1511019
1511054
1511055
1511063
1511109
1511113
1511114
1511173
1511220
1511233
1511253
1511281
1511294
1511325
1511327
1511330
1511334
1511348
1511380
1511423
1511432
1511435
1511449
1511467
1511469
1511491
1511502
1511508
1511509
1511511
1511550
1511551
1511563
1511568
1511598
1511610
1511614
1511619
1511622
1511631
1511641
1511645
1511654
1511664
1511669
1511678
1511680
1511681
1511727
1511742
1511751
1511757
1511769
1511817
1511844
1511847
1511850
1511863
1511866
1511878
1511893
1511896
1511910
1511933
1511944
1511949
1511955
1511986
1512025
1512041
1512104
1512265
1512283
1512293
1512368
1512381
1512405
1512416
1512458
1512460
1512486
1512496
1512516
1512568
1512663
1512666
1512673
1512694
1512714
1512727
1512743
1512772
1512791
1512803
1512822
1512831
1512837
1512857
1512863
1512874
1512875
1512887
1512907
1512923
1512964
1512973
1512977
1512988
1513073
1513087
1513092
1513101
1513142
1513174
1513229
1513231
1513245
1513271
1513313
1513341
1513359
1513396
1513413
1513421
1513446
1513449
1513463
1513470
1513479
1513503
1513510
1513541
1513545
1513552
1513560
1513615
1513745
1513753
1513843
1513891
1513899
1513935
1513936
1513941
1513973
1513977
1514046
1514049
1514056
1514068
1514142
1514154
1514194
1514201
1514213
1514256
1514259
1514282
1514358
1514366
1514405
1514406
1514407
1514417
1514469
1514493
1514509
1514517
1514578
1514592
1514610
1514633
1514679
1514720
1514755
1514768
1514850
1514906
1514963
1514975
1514994
1515004
1515025
1515125
1515126
1515161
1515165
1515172
1515191
1515197
1515303
1515351
1515500
1515501
1515514
1515567
1515628
1515682
1515702
1515764
1515800
1515825
1515844
1515865
1515884
1515906
1516021
1516066
1516069
1516144
1516183
1516221
1516224
1516244
1516271
1516314
1516317
1516418
1516438
1516472
1516600
1516643
1516742
1516817
1517097
1517192
1517359
1517363
1517432
1517480
1517502
1517556
1517670
1517711
1517823
1517869
1517877
1517893
1517962
1518044
1518049
1518083
1518098
1518109
1518164
1518215
1518235
1518256
1518299
1518325
1518356
1518437
1518466
1518517
1518549
1518615
1518778
1518792
1518815
1518865
1518879
1518911
1518917
1518944
1518946
1518988
1519100
1519102
1519194
1519210
1519211
1519233
1519257
1519355
1519363
1519369
1519449
1519545
1519560
1519585
1519639
1519656
1519692
1519812
1519814
1519851
1519863
1519958
1519987
1520052
1520053
1520109
1520251
1520334
1520390
1520421
1520462
1520495
1520529
1520554
1520677
1520817
1520854
1520895
1521058
1521061
1521117
1521177
1521215
1521246
1521717
1521720
1521850
1522015
1522142
1522472
1522655
1522842
1522896
1522909
1522962
1523046
1523091
1523195
1523239
1523283
1523291
1523328
1523489
1523727
1523775
1524204
1524239
1524307
1524437
1524520
1524537
1525344
1525542
1525613
1525813
1525985
1526312
1527261
1527381
1527511
1527515
1528898
1529978
1530564
1531339
1534025
