32881
46495
49046
64654
64661
68772
70403
72107
72838
145488
194953
207994
227965
237036
261157
307240
336663
355686
355699
355729
426982
443855
443859
474571
492744
494318
495453
498910
504805
525403
532053
532055
538248
538252
538685
546436
560712
560727
573859
573867
573871
588766
597368
597837
636902
636904
636971
650406
661136
661139
692883
693272
695375
696375
702670
708473
708475
710956
732614
743194
749606
753663
762298
769470
784573
803936
804777
809446
809986
809990
815399
820921
820926
836680
836688
839543
841896
858972
873919
881436
883141
883155
895470
900096
938356
938357
1027856
1030406
1030415
1062414
1086656
1095575
1117928
1117985
1188729
1294222
1294292
1316226
1357933
1357960
1359862
1372903
1411327
1411339
1411369
1441733
1482938
1495929
1567255
1567277
1595879
1607179
1643105
1665083
1666661
1712623
1718595
1726293
1726319
1739274
1970999
1991969
2017663
2022625
2060769
2073430
2073889
2081499
2081529
2081540
2081561
2097244
2129808
2137575
2139731
2178999
2184914
2188317
2188332
2195552
2198126
2198956
2201942
2201957
2217413
2231091
2256670
2259773
2260065
2299103
2299104
2299117
2307105
2335811
2356294
2358785
2361130
2368057
2369562
2439856
2447616
2452287
2452725
2454026
2454302
2559188
2565463
2565464
2565648
2579966
2758529
2762182
2777566
2777567
2944692
3057365
3072581
3102909
3103786
3108512
3121225
3121227
3121279
3139437
3199842
3199845
3211330
3224803
3227950
3297325
3353429
3353435
3353468
3353473
3354426
3371934
3428968
3495144
3504280
3532362
3532366
3535870
3580891
3580894
3605025
3605048
3605089
3645984
3718306
3718307
3724077
3730488
3755395
3784266
3802739
3814915
3814980
4003957
4003970
4004089
4004090
4004104
4004682
4006387
4006424
4008636
4012993
4074739
4082666
4098127
4098677
4108587
4117470
4166220
4166258
4192827
4199412
4227810
4258845
4273424
4350429
4421741
4450177
4450180
4451228
4454595
4508410
4591405
4620584
4628502
4630345
4707922
4744584
4754299
4754300
4754322
4777735
4797341
4861766
4870437
4870456
4872647
4905830
5099050
5212714
5215279
5215291
5231315
5232404
5241240
5273186
5273204
5284146
5287794
5332253
5332273
5352646
5370948
5398831
5415508
5519809
5578721
5578724
5595434
5628261
5631698
5631701
5631708
5631710
5632076
5652822
5652827
5652846
5668737
5669766
5701427
5701447
5701653
5701658
5701659
5701668
5713865
5741233
5792625
5800806
5802382
5834259
5835573
5836037
5841300
5851621
5851629
5858036
5870176
5873869
5876557
5883129
5898193
5931003
5958196
5978455
5993421
6013803
6053085
6057202
6061905
6142102
6212350
6225687
6242058
6306469
6319252
6325333
6350116
6357197
6364058
6414078
6435921
6435924
6435930
6437841
6450156
6451690
6468883
6491573
6514051
6517528
6518660
6518664
6539546
6540332
6606681
6611011
6613466
6613468
6619960
6627201
6630731
6630732
6630768
6630785
6662355
6663178
6670660
6680250
6702640
6711820
6751372
6794840
6829954
6831050
6831070
6869394
6874461
6877800
6877816
6877820
6881699
6886257
6890662
6904416
6916269
6949070
6950315
6951928
7007797
7015286
7016545
7025069
7025072
7025099
7027562
7027639
7027847
7028609
7028918
7028955
7029996
7029997
7030087
7031504
7031506
7033761
7034173
7035938
7036305
7036326
7037830
7040619
7053773
7054798
7169206
7196969
7200438
7204355
7208976
7211397
7214441
7231036
7236373
7257099
7268977
7318939
7325008
7334890
7337356
7339650
7344533
7356977
7359527
7460558
7471138
7496047
7498357
7499551
7500442
7504307
7509397
7524698
7524713
7524716
7548122
7548123
7553944
7598611
7616480
7640365
7663556
7663561
7680668
7680670
7685868
7689500
7691150
7707088
7718821
7732628
7734703
7736238
7739113
7747716
7777362
7847939
7869835
7870151
7870152
7889428
7910347
7922443
7937633
7966997
7967020
7991840
8032721
8037284
8037290
8048318
8052118
8063287
8066064
8068881
8069225
8098926
8102199
8102205
8102208
8102211
8102223
8129996
8172974
8248104
8258085
8261848
8266731
8293215
8313128
8332516
8350144
8359197
8384224
8384229
8403057
8403745
8440096
8440728
8442258
8443396
8443475
8444189
8444677
8444930
8445321
8445322
8446652
8447519
8449053
8449626
8449988
8501976
8501980
8501988
8502001
8502004
8503393
8504185
8538754
8538756
8559368
8561437
8579186
8610658
8610661
8624206
8697544
8732152
8755158
8755159
8755173
8755177
8766743
8770117
8770123
8807243
8830435
8831213
8831214
8831228
8832589
8834969
8834975
8837339
8869557
8911257
8928258
8929332
8930336
9035449
9048205
9048208
9049088
9059075
9075372
9120022
9122130
9122153
9128708
9164898
9164908
9164923
9180585
9180586
9190715
9190958
9193238
9203924
9203928
9271584
9271585
9280936
9298027
9298033
9298042
9309701
9330023
9340328
9345152
9347757
9379754
9384808
9435395
9435458
9440060
9444055
9444058
9444069
9444079
9457441
9457452
9464757
9470908
9470946
9508170
9524254
9535563
9535565
9535601
9535603
9538448
9538463
9544299
9562233
9564797
9568629
9599830
9609730
9638584
9651369
9677333
9700232
9721379
9751048
9759507
9759532
9774344
9774358
9803360
9805957
9805981
9807350
9812374
9825687
9842095
9842373
9849485
9855033
9882222
9882255
9885220
9905197
9907846
9907847
9907850
9908892
9910322
9910358
9920806
9942361
9952768
9952783
9952788
9952811
9952826
9952832
9955367
9956588
9956598
9986165
9993732
9997517
9998990
10006051
10035274
10036643
10036654
10050032
10052396
10059610
10074132
10074155
10089915
10093310
10093327
10112337
10128207
10128884
10143030
10160700
10171118
10180855
10232304
10256622
10257109
10269407
10269421
10269444
10269461
10273306
10276511
10362825
10370112
10372326
10372628
10379765
10400072
10448932
10472546
10474686
10477530
10480517
10511136
10527858
10535378
10551198
10551674
10559701
10561893
10565444
10572411
10585605
10587797
10587856
10593225
10593872
10600391
10621417
10627281
10632383
10633716
10636194
10655814
10659397
10659421
10684209
10735588
10738244
10770466
10804390
10805349
10805353
10807145
10807156
10816153
10818911
10821497
10824340
10834450
10836163
10836484
10845192
10845242
10876474
10885641
10915369
10916611
10919543
10934614
10938780
10939285
10946007
10948104
10948106
10954278
10956512
10962035
10965559
10965946
10970148
10988443
10989353
11006029
11006358
11013585
11013597
11013604
11038408
11044572
11045736
11049881
11049907
11050111
11050119
11050123
11050128
11050140
11050144
11055150
11067093
11067889
11073448
11074684
11079626
11080324
11084740
11084758
11085871
11085881
11086716
11086731
11087630
11088381
11088574
11088909
11089230
11089287
11089288
11089317
11089654
11090589
11098996
11112017
11113692
11116462
11136511
11158384
11161523
11163073
11164541
11164544
11175487
11176175
11176198
11177408
11177418
11177422
11188949
11196892
11206600
11209330
11211988
11222081
11225873
11240428
11265640
11268681
11269572
11270113
11270280
11271680
11278360
11278976
11279350
11294166
11294181
11294845
11299071
11319966
11324353
11326622
11326736
11326849
11327516
11332106
11335870
11350818
11353720
11362124
11366405
11366959
11367220
11368150
11368983
11369841
11371813
11378852
11380779
11392262
11398213
11399280
11399327
11402334
11435949
11435952
11446507
11452916
11456779
11469960
11481056
11487861
11487862
11501542
11530765
11531138
11532084
11534518
11534520
11547326
11547347
11570550
11576455
11578838
11579165
11589849
11606153
11626187
11631124
11641359
11642660
11654623
11655105
11667598
11668801
11669744
11673097
11683567
11702112
11703516
11703551
11704512
11704763
11705493
11706168
11706247
11706332
11707401
11707548
11710099
11710100
11710185
11710891
11711090
11724191
11726241
11726392
11726606
11727895
11729058
11729397
11730664
11730826
11730901
11731351
11731386
11732846
11733247
11733352
11733539
11733737
11735560
11736898
11736963
11737753
11737828
11737829
11737833
11738185
11743904
11750830
11751068
11751073
11754826
11754973
11761900
11761920
11764691
11766381
11769625
11769626
11769630
11770233
11770984
11781847
11786263
11786761
11788002
11789449
11795431
11795720
11796356
11796693
11796717
11814188
11823380
11828178
11828476
11828511
11830284
11836170
11854408
11858433
11858434
11865497
11870376
11873855
11880084
11883777
11885482
11886336
11891245
11897295
11898055
11900957
11903468
11903483
11916094
11928378
11928873
11928931
11930386
11931413
11931884
11934431
11936653
11939558
11940321
11940435
11949062
11950668
11955499
11955728
11958545
11959257
11960073
11961398
11961664
11963160
11963172
11963318
11964619
11964749
11967771
11971758
11983651
11996161
11997528
12002017
12002019
12002520
12012877
12026531
12026534
12027281
12027294
12028679
12028693
12028696
12028712
12029299
12029738
12032057
12039735
12041899
12043633
12046933
12047464
12047475
12050900
12052462
12052491
12052507
12055036
12057232
12057853
12059531
12059845
12061277
12062835
12062864
12062883
12069744
12069762
12072591
12074771
12082665
12108353
12136524
12146338
12151480
12151547
12152160
12152163
12153251
12153259
12153268
12153297
12153564
12153597
12153602
12158340
12161158
12161213
12162255
12163730
12165326
12169809
12175389
12176633
12176657
12188569
12188574
12188578
12202826
12203380
12203407
12218046
12218069
12218076
12219365
12221437
12252460
12262598
12263430
12264323
12275761
12275787
12281981
12282011
12289884
12290603
12290634
12292294
12292391
12292399
12292695
12293215
12294996
12295012
12295017
12300422
12300472
12347560
12347596
12388540
12402507
12438648
12449016
12449017
12454598
12455214
12455311
12455556
12457012
12459216
12460188
12467842
12472897
12487734
12494183
12494200
12506400
12508201
12515431
12515434
12515437
12515439
12515470
12521112
12522871
12525655
12525658
12535680
12539634
12539636
12545855
12546192
12546387
12559289
12565165
12593503
12593506
12593511
12597709
12607405
12607480
12621214
12624215
12632390
12633020
12637860
12660753
12660778
12664746
12675884
12697897
12719134
12729284
12729290
12729511
12729733
12729780
12729782
12729893
12729900
12729911
12729919
12729939
12768521
12790809
12790811
12790822
12792098
12792103
12792113
12804628
12805177
12805181
12805321
12805812
12806239
12809424
12811118
12815851
12845819
12846763
12848063
12848100
12851027
12853085
12862090
12869213
12869251
12870417
12871462
12871580
12871585
12871593
12877744
12877745
12881528
12883871
12885585
12885689
12885908
12886096
12886346
12887367
12887370
12892217
12895657
12897071
12897088
12909045
12913809
12915484
12921123
12923985
12924418
12938168
12938171
12939899
12942444
12971698
12976385
12977302
12981632
12981686
13000384
13001916
13011656
13022579
13044748
13056354
13056359
13083052
13086569
13094340
13099802
13100021
13126201
13126208
13126219
13126936
13144513
13168649
13192917
13213146
13226922
13304942
13319464
13328265
13328275
13353412
13370358
13370369
13370380
13380918
13389164
13394924
13394925
13408680
13408710
13417659
13424928
13446088
13496116
13496118
13503884
13504202
13505319
13511575
13511786
13528661
13528670
13529068
13533197
13538701
13538702
13538726
13539489
13539550
13539709
13540902
13564050
13570458
13571077
13575229
13577625
13583533
13622213
13622235
13622250
13629036
13629761
13629763
13629767
13629779
13630385
13630427
13634312
13649681
13652079
13666450
13666495
13672337
13696263
13699962
13719353
13719364
13719365
13738327
13762706
13765504
13797450
13801830
13875995
13877541
13877643
13878073
13878987
13879004
13879010
13917839
13933215
13933216
13933217
13933238
13933248
13934017
13934068
13972319
13972452
13972462
13982180
13982186
14037461
14037500
14052040
14100046
14100051
14100341
14139807
14166577
14183015
14210812
14210825
14243223
14249542
14261215
14265685
14270480
14310887
14327593
14441731
14541932
14562029
14574839
14575708
14575715
14575774
14575937
14576756
14577560
14577743
14578766
14594726
14599439
14600381
14607205
14610429
14616619
14664790
14669872
14669997
14670864
14674494
14674515
14674517
14674529
14674536
14674543
14679091
14701067
14702480
14703989
14703990
14704695
14709873
14734436
14757269
14757704
14768897
14776669
14781338
14791012
14796607
14796621
14796817
14796822
14797932
14802690
14811600
14811623
14812614
14820360
14833334
14856194
14884623
14903684
14903690
14904075
14915796
14918533
14920613
14929297
14952180
14970235
14970278
14970472
14971777
14977055
14994221
15003498
15006023
15006035
15029421
15030562
15042788
15051825
15051827
15051828
15065355
15094951
15097433
15097461
15115429
15131257
15131267
15132799
15143739
15154771
15164041
15164878
15165481
15180011
15200596
15203905
15203923
15203945
15204648
15252459
15257519
15276875
15276917
15276967
15277085
15291668
15291670
15291671
15295775
15311227
15311248
15311253
15319596
15357687
15357699
15371364
15371371
15372532
15394914
15428516
15475246
15480175
15487470
15515171
15515201
15516538
15516644
15516689
15517476
15519674
15520645
15522231
15523023
15523038
15523054
15523055
15526810
15527377
15529658
15530490
15530506
15534822
15539279
15539429
15580748
15580768
15584303
15643830
15644238
15662435
15692400
15701145
15710376
15711064
15745854
15768573
15769842
15804322
15804336
15809125
15817199
15833987
15871996
15871999
15900752
15907115
15917248
15919770
15919842
15927643
15933003
15933011
15933023
15933675
15936492
15997190
15997201
15997205
16021634
16021637
16023452
16031369
16038197
16043800
16043830
16051233
16063062
16067007
16067102
16074670
16122342
16142036
16142045
16152720
16173121
16173127
16173130
16203998
16217718
16225018
16242984
16245909
16245910
16246387
16248614
16274937
16310963
16338059
16382939
16382960
16382961
16392112
16410058
16425024
16545739
16545748
16547041
16547747
16624314
16624323
16634724
16653241
16654886
16658258
16668499
16672728
16676316
16676319
16677436
16688274
16710614
16746955
16768593
16778949
16780709
16780711
16862831
16870158
16870175
16871864
16914876
16925627
16974519
16974530
16983823
17000274
17000693
17018251
17039835
17042931
17047394
17049407
17049415
17049438
17050739
17050918
17057336
17057343
17059425
17068075
17080922
17080923
17101432
17144225
17168130
17168663
17178981
17180912
17180916
17210326
17222552
17235392
17245180
17247947
17247951
17248749
17272700
17274163
17274174
17274177
17290818
17298178
17304824
17304829
17318782
17324118
17327243
17347179
17350514
17363131
17366317
17373651
17373667
17375922
17375927
17375957
17375960
17379332
17386778
17386790
17407297
17407300
17415216
17432420
17433055
17437892
17456698
17462098
17466994
17466998
17467004
17468189
17469544
17480710
17480727
17480729
17480766
17508183
17513081
17517262
17517274
17518326
17518336
17518338
17522084
17522087
17522895
17522899
17527118
17529607
17529608
17529625
17575133
17577505
17591502
17597055
17597064
17597810
17614507
17637643
17646654
17647589
17705660
17714657
17716734
17718477
17718480
17722135
17730101
17730134
17733455
17733485
17733521
17733533
17733538
17738589
17750755
17788692
17823610
17838228
17838237
17838445
17840295
17844297
17846480
17877782
17903583
17908672
17917559
17921632
17922517
17947360
17947369
17947374
17947387
17947392
17953681
17953686
17974033
18031292
18055164
18063647
18077584
18097506
18116817
18134635
18136748
18153001
18158000
18161974
18170302
18171415
18172826
18175081
18175120
18184643
18184648
18201608
18211475
18211789
18212536
18232858
18233197
18241619
18246417
18250575
18256494
18290749
18293205
18320047
18330380
18340115
18347927
18347967
18353410
18353424
18369074
18376872
18377609
18476671
18478690
18618908
18618952
18645769
18663822
18698757
18750185
18752416
18752424
18752445
18762426
18762444
18762452
18802537
18804589
18829940
18830357
18853101
18853814
18853839
18892925
18924135
18931644
18931663
18932054
18932068
18934614
18936915
18952592
18952596
18985474
19004592
19014289
19017958
19027524
19028794
19038240
19043933
19043939
19082124
19092740
19121689
19121690
19121691
19121727
19121732
19154213
19154214
19182314
19189333
19202063
19202757
19204129
19212487
19231171
19284769
19354369
19409911
19409914
19412183
19412294
19413364
19414178
19415969
19422222
19422423
19422429
19424196
19440380
19444539
19453548
19454086
19454114
19482089
19499418
19521037
19524514
19545272
19556901
19575493
19641116
19653685
19667587
19667615
19667630
19733121
19752820
19752823
19752828
19770845
19772423
19780603
19780624
19780625
19790642
19836478
19838582
19838798
19848604
19848638
19861408
19861410
19871114
19901768
19905931
19961142
19961366
19981834
19990022
20005865
20089527
20092173
20100360
20105165
20105166
20113822
20151923
20215961
20235550
20243164
20243171
20243194
20256495
20262110
20269996
20277128
20291071
20291519
20302035
20318269
20363936
20373057
20373066
20403856
20403862
20404311
20404332
20427426
20435442
20435444
20459435
20473322
20473331
20492097
20520270
20527034
20543859
20603506
20603663
20603665
20649344
20673192
20681608
20697538
20754966
20799309
20811592
20879201
20882834
20882835
20882840
20884629
20895033
20902058
20905293
20905300
20905340
20905344
20914830
20924226
20943697
20950476
20951917
20980646
20989681
21029152
21054355
21066242
21067244
21067257
21067258
21068877
21106196
21110259
21111491
21169093
21216273
21241461
21265155
21284432
21298738
21298749
21304125
21315231
21315253
21315260
21317206
21319051
21319052
21319939
21319941
21320395
21348402
21348436
21381303
21389400
21420351
21430511
21448672
21469568
21498492
21506988
21519497
21535215
21543801
21545022
21545028
21545055
21552000
21552020
21552022
21603919
21607245
21643251
21696785
21696801
21696811
21729521
21740926
21748272
21748837
21809981
21831424
21832261
21832264
21861115
21896501
21908312
21908318
21923729
21938111
21944501
21959900
21968622
22012768
22012783
22016235
22016244
22049440
22049492
22066145
22066783
22094443
22094460
22097194
22114625
22115454
22133089
22135451
22139680
22144860
22162897
22171815
22174785
22175005
22192494
22259197
22260925
22313225
22336391
22336757
22336764
22337211
22337226
22381546
22401894
22401912
22402848
22508371
22578770
22599233
22621711
22632946
22637309
22667978
22667994
22668012
22686225
22687636
22689480
22689555
22703159
22710394
22772236
22778688
22822029
22838256
22838394
22845998
22848657
22853743
22856486
22861956
22868116
22868132
22876907
22895781
22934013
22938132
22938136
22938138
22960042
22962767
22962769
22978144
22980160
22981516
23005292
23024427
23024429
23029074
23039007
23039016
23039932
23057397
23060230
23065047
23065054
23068752
23069091
23134805
23192961
23202015
23229402
23259700
23259982
23283034
23322925
23349040
23412607
23517630
23518676
23534917
23593741
23593745
23661391
23661404
23661768
23678430
23680119
23680120
23711635
23714977
23736719
23736725
23736726
23736728
23748886
23755505
23814654
23815699
23827552
23828363
23841286
23868027
23876371
23881354
23889174
23891076
23893365
23895899
24004565
24020931
24024407
24029325
24029346
24048453
24078184
24095745
24102094
24102103
24110978
24116220
24141995
24160347
24163767
24163774
24192776
24240932
24246346
24342139
24384189
24384199
24384208
24385754
24417407
24498215
24498217
24582381
24651798
24657751
24761410
24779920
24787852
24840772
24842974
24850361
24907553
24909236
24936028
24971898
25039790
25039791
25039792
25103020
25117385
25121657
25140021
25146805
25149700
25155185
25156545
25165284
25168481
25234919
25258867
25277169
25277222
25279483
25283813
25283842
25284482
25285181
25285764
25288333
25288341
25289933
25382767
25408350
25431133
25440476
25478417
25486769
25496980
25539925
25540538
25676280
25680485
25714176
25726601
25734361
25767012
25768370
25798624
25809813
25809831
25861103
25883758
25883795
25884388
25885646
25885665
25889460
25902161
25905343
25907436
25936215
25936230
25952049
25964425
25979749
25985653
25990494
26004258
26009780
26038972
26046363
26055791
26063883
26069091
26069878
26069890
26069893
26069894
26080322
26085381
26086213
26096620
26107284
26121338
26138126
26183790
26211564
26238392
26239897
26247003
26252794
26265081
26267888
26269520
26269978
26276180
26276182
26290986
26327310
26484823
26490509
26500230
26512561
26512947
26528973
26537845
26537852
26572768
26599594
26600406
26601470
26611121
26611125
26611158
26611159
26673092
26684779
26684781
26732545
26764872
26766704
26771409
26847454
26849983
26894116
26900388
