146076
202661
202712
239570
239574
240604
240913
241270
446125
595133
595148
595207
595547
595762
595900
595906
595954
595996
596038
596093
596321
596363
596628
596674
596709
596720
596724
596743
597465
597812
597901
598386
598548
598554
598720
598902
598915
599299
599377
599571
599584
599588
599677
599854
599915
599962
600074
600145
600151
600152
601160
601171
601212
601508
601750
601903
601958
602062
602111
602116
602537
602600
603213
603253
938728
1077205
1077822
1077823
1078239
1079012
1079275
1079547
1081140
1081158
1082295
1082979
1085064
1085098
1085358
1109735
1483059
1500262
1671350
2415897
2417048
2417134
2417144
2417165
2417181
2417317
2553260
2553435
2553470
2553475
2553527
2553542
2553831
2553876
2553878
2553881
2553906
2553916
2553936
2553976
2554072
2554216
2554938
2554954
2554983
2555481
2555488
2555506
2555596
2555607
2556602
2556643
2556656
2556664
2556692
2556722
2556877
2556938
2557056
2989988
3035652
3035657
3035690
3035961
3035991
3035992
3267803
3382154
3539321
3539324
3539342
3539364
3585417
3898529
3938479
3938492
3938498
3938658
3938848
3939574
3939715
4502814
4546411
4595137
4754916
4823562
5754017
5759102
5759118
5759236
5759261
5968520
6020059
6021342
6021381
6021397
6021419
6021445
6022289
6023226
6084436
6134806
6302839
6302844
6302845
6302849
6303048
6303076
6303085
6303088
6303108
6303115
7128234
7201279
7201300
7201304
7201306
7201311
7201327
7201333
7201904
7202595
7202636
7202638
7202646
7202653
7308685
7308688
7308694
7651438
7651455
7651491
7651706
7651712
7651821
8068302
8213577
8213582
8213646
8213903
8348286
8348596
8348603
8348651
8348655
8348659
8721064
9160439
9160451
9767898
9767901
9767907
9861088
9908037
10508859
10758578
10838858
11433104
11433218
11433233
11433255
11433294
11474180
11494255
11494281
11507882
11507923
11507930
11560293
11763021
11763028
11763035
11763042
11763063
11763068
11905971
12270639
12276362
12277205
12333651
12573396
12679924
12849827
13085743
13516534
13807195
13835777
13836356
13836391
13836451
13839528
13839536
13839541
13909912
14689303
14689403
14694432
14694567
14694569
14694805
14695065
14695654
14834592
14834619
14834722
14835010
14835015
14835069
14835293
14835303
14836492
14837257
14837414
14837899
14839558
14839957
14839968
14839975
14839998
14840046
14840254
14840469
14840533
14840568
14840622
14840632
14840755
14840789
14841590
14841599
15134394
15135139
15164339
15453483
15453489
15453531
15453628
15453653
15453656
15453781
15453856
15453940
15455050
15455152
15455704
15455812
15456102
15456220
15456262
15456379
15456415
15456508
15457077
15457078
15670440
15670441
15670449
16505649
16765847
16773468
16802175
16802194
16886966
16886968
16887881
16909993
17104788
17104919
17104926
17104984
17104995
17286792
17417020
17417454
17417622
17501655
17948058
18405821
18587569
18587587
18587612
18587693
18587792
18588081
18589684
18589686
18589782
18589933
18590227
18590327
18590653
18590808
18591774
18592066
18592166
18592422
18592461
18744696
18995666
19103701
19263088
19263123
19263299
19263315
19263323
19263485
19263542
19263687
19263794
19263833
19263838
19263843
19263852
19263867
19263982
19264249
19264254
19264257
19264322
19264338
19264348
19265012
19265043
19265045
19265387
19265404
19265503
19265631
19265691
19265705
19265785
19265800
19266800
19267072
19267093
19267288
19267299
19268025
19285511
19285770
19285823
19285845
19285862
19287925
19288020
19489658
19515277
19515281
19515297
19515351
19515383
19515389
19515391
19515416
19516161
19516357
19516386
19516614
19516628
19516629
19516636
19516654
19516983
19516984
19516986
19517115
19517861
19519319
19519322
19519410
19519433
19519470
19519484
19519488
19519594
19590202
19590789
19635451
19932592
19932810
19932811
19933040
19933162
19933509
19933511
19933512
19933523
19933524
19933559
19933566
19933568
19933596
19933601
19933603
19933611
19933724
19933755
19933862
19933865
19933866
19933891
19933894
19933895
19933900
19933905
19934033
19934042
19934285
19934297
20011655
20011811
20012378
20014244
20014262
20014411
20015195
20015208
20015285
20015527
20015578
20015958
20016054
20016137
20016163
20018141
20195413
20216613
20216614
20216618
20216624
20286346
20571785
20574597
20855741
20855753
20856394
20856395
20856458
20856955
20856995
20857221
20857256
20857262
20857341
20857395
20857410
20857424
20857733
20858001
20858004
20858772
20858784
20859244
20859276
20859288
21213159
21213226
21216191
21216624
21216635
21411649
21536469
21807500
22334972
22866341
23227411
23227495
23227762
23227782
23227802
