0.02702702702702703
0.02564102564102564
0.01818181818181818
0.017241379310344827
0.01818181818181818
0.020833333333333332
0.014705882352941176
0.02127659574468085
0.029411764705882353
0.0196078431372549
0.047619047619047616
0.02
0.037037037037037035
0.023809523809523808
0.03125
0.022222222222222223
0.020833333333333332
0.027777777777777776
0.024390243902439025
0.025
0.038461538461538464
0.021739130434782608
0.018518518518518517
0.015873015873015872
0.02040816326530612
0.016666666666666666
0.023255813953488372
0.019230769230769232
0.018518518518518517
0.018518518518518517
0.017543859649122806
0.02631578947368421
0.02631578947368421
0.016666666666666666
0.02
0.018518518518518517
0.019230769230769232
0.02631578947368421
0.019230769230769232
0.022727272727272728
0.018518518518518517
0.022727272727272728
0.030303030303030304
0.01818181818181818
0.022222222222222223
0.020833333333333332
0.02702702702702703
0.02857142857142857
0.02127659574468085
0.016666666666666666
0.02702702702702703
0.019230769230769232
0.017857142857142856
0.0196078431372549
0.027777777777777776
0.02
0.017543859649122806
0.01818181818181818
0.017241379310344827
0.01639344262295082
0.030303030303030304
0.02127659574468085
0.023255813953488372
0.047619047619047616
0.017241379310344827
0.02127659574468085
0.01818181818181818
0.029411764705882353
0.02127659574468085
0.02702702702702703
0.01639344262295082
0.022222222222222223
0.034482758620689655
0.015151515151515152
0.0196078431372549
0.019230769230769232
0.014705882352941176
0.021739130434782608
0.041666666666666664
0.025
0.034482758620689655
0.016666666666666666
0.022727272727272728
0.01818181818181818
0.030303030303030304
0.025
0.022222222222222223
0.022727272727272728
0.022222222222222223
0.021739130434782608
0.023809523809523808
0.018867924528301886
0.025
0.017857142857142856
0.014492753623188406
0.037037037037037035
0.024390243902439025
0.01694915254237288
0.03333333333333333
0.014925373134328358
0.017241379310344827
0.01639344262295082
0.0196078431372549
0.021739130434782608
0.021739130434782608
0.043478260869565216
0.022222222222222223
0.029411764705882353
0.02127659574468085
0.025
0.020833333333333332
0.018518518518518517
0.037037037037037035
0.02
0.017241379310344827
0.02857142857142857
0.019230769230769232
0.021739130434782608
0.025
0.023809523809523808
0.029411764705882353
0.021739130434782608
0.01694915254237288
0.025
0.034482758620689655
0.018867924528301886
0.023255813953488372
0.02127659574468085
0.03571428571428571
0.023809523809523808
0.01694915254237288
0.015873015873015872
0.014705882352941176
0.0136986301369863
0.027777777777777776
0.029411764705882353
0.022222222222222223
0.01818181818181818
0.016666666666666666
0.029411764705882353
0.03225806451612903
0.030303030303030304
0.018518518518518517
0.034482758620689655
0.016129032258064516
0.025
0.027777777777777776
0.021739130434782608
0.018518518518518517
0.020833333333333332
0.03333333333333333
0.015873015873015872
0.021739130434782608
0.02631578947368421
0.022222222222222223
0.018867924528301886
0.02
0.04
0.019230769230769232
0.01818181818181818
0.02040816326530612
0.02127659574468085
0.02702702702702703
0.02702702702702703
0.029411764705882353
0.015873015873015872
0.014285714285714285
0.021739130434782608
0.02127659574468085
0.023255813953488372
0.02702702702702703
0.017857142857142856
0.021739130434782608
0.02127659574468085
0.023809523809523808
0.02127659574468085
0.01818181818181818
0.02702702702702703
0.019230769230769232
0.024390243902439025
0.02
0.02564102564102564
0.02
0.0196078431372549
0.01639344262295082
0.016129032258064516
0.01818181818181818
0.015873015873015872
0.02631578947368421
0.02040816326530612
0.03225806451612903
0.019230769230769232
0.03225806451612903
0.0196078431372549
0.017857142857142856
0.018867924528301886
0.030303030303030304
0.020833333333333332
0.02857142857142857
0.019230769230769232
0.021739130434782608
0.016129032258064516
0.024390243902439025
0.030303030303030304
0.02127659574468085
0.019230769230769232
0.03125
0.02702702702702703
0.03571428571428571
0.023809523809523808
0.018867924528301886
0.015384615384615385
0.019230769230769232
0.01818181818181818
0.022222222222222223
0.03125
0.018518518518518517
0.02857142857142857
0.02857142857142857
0.021739130434782608
0.023809523809523808
0.019230769230769232
0.023255813953488372
0.041666666666666664
0.02631578947368421
0.017543859649122806
0.038461538461538464
0.022222222222222223
0.018518518518518517
0.018867924528301886
0.024390243902439025
0.02702702702702703
0.017241379310344827
0.02040816326530612
0.01694915254237288
0.023255813953488372
0.02127659574468085
0.022222222222222223
0.021739130434782608
0.019230769230769232
0.023809523809523808
0.018867924528301886
0.025
0.02040816326530612
0.018867924528301886
0.016666666666666666
0.017241379310344827
0.02631578947368421
0.023809523809523808
0.02040816326530612
0.022222222222222223
0.023255813953488372
0.017543859649122806
0.0196078431372549
0.034482758620689655
0.024390243902439025
0.027777777777777776
0.02631578947368421
0.018518518518518517
0.023809523809523808
0.016666666666666666
0.027777777777777776
0.017543859649122806
0.03571428571428571
0.02040816326530612
0.029411764705882353
0.02702702702702703
0.022727272727272728
0.023809523809523808
0.017857142857142856
0.02
0.018518518518518517
0.025
0.02702702702702703
0.03125
0.018867924528301886
0.015151515151515152
0.027777777777777776
0.01818181818181818
0.018867924528301886
0.034482758620689655
0.03333333333333333
0.017241379310344827
0.027777777777777776
0.023255813953488372
0.018518518518518517
0.014705882352941176
0.018867924528301886
0.025
0.017857142857142856
0.0196078431372549
0.021739130434782608
0.024390243902439025
0.017543859649122806
0.02040816326530612
0.02702702702702703
0.022222222222222223
0.027777777777777776
0.01639344262295082
0.01818181818181818
0.022727272727272728
0.03125
0.024390243902439025
0.023255813953488372
0.023255813953488372
0.02
0.03333333333333333
0.024390243902439025
0.016666666666666666
0.029411764705882353
0.02127659574468085
0.023809523809523808
0.027777777777777776
0.02631578947368421
0.02702702702702703
0.034482758620689655
0.016666666666666666
0.014285714285714285
0.030303030303030304
0.022727272727272728
0.023255813953488372
0.02857142857142857
0.25
0.58
1.6818181818181819
2.787878787878788
9.320754716981131
19.72
36.57575757575758
47.142857142857146
95.61363636363636
130.42857142857142
81.29787234042553
112.375
90.65116279069767
54.0
38.56410256410256
26.046511627906977
15.066666666666666
3.7586206896551726
1.5365853658536586
0.7741935483870968
0.2
0.043478260869565216
0.0196078431372549
0.01818181818181818
0.021739130434782608
0.016666666666666666
0.024390243902439025
0.02857142857142857
0.030303030303030304
0.016129032258064516
0.034482758620689655
0.021739130434782608
0.018867924528301886
0.017241379310344827
0.01639344262295082
0.02040816326530612
0.023255813953488372
0.01639344262295082
0.022727272727272728
0.02857142857142857
0.037037037037037035
0.022222222222222223
0.02
0.015873015873015872
0.02631578947368421
0.014084507042253521
0.018518518518518517
0.02040816326530612
0.04
0.019230769230769232
0.019230769230769232
0.01694915254237288
0.03571428571428571
0.01818181818181818
0.019230769230769232
0.018518518518518517
0.0196078431372549
0.02564102564102564
0.02040816326530612
0.016666666666666666
0.017857142857142856
0.021739130434782608
0.027777777777777776
0.02857142857142857
0.015384615384615385
0.016129032258064516
0.03333333333333333
0.0196078431372549
0.022222222222222223
0.029411764705882353
0.018867924528301886
0.02
0.03125
0.03225806451612903
0.02
0.022727272727272728
0.02857142857142857
0.021739130434782608
0.02040816326530612
0.030303030303030304
0.034482758620689655
0.029411764705882353
0.021739130434782608
0.02631578947368421
0.017543859649122806
0.01818181818181818
0.01818181818181818
0.025
0.0196078431372549
0.030303030303030304
0.018867924528301886
0.027777777777777776
0.01694915254237288
0.01694915254237288
0.022727272727272728
0.017543859649122806
0.0196078431372549
0.023255813953488372
0.016129032258064516
0.018867924528301886
0.029411764705882353
0.017543859649122806
0.034482758620689655
0.015151515151515152
0.018518518518518517
0.02702702702702703
0.023255813953488372
0.016666666666666666
0.038461538461538464
0.0196078431372549
0.022222222222222223
0.017857142857142856
0.015873015873015872
0.01818181818181818
0.02127659574468085
0.02127659574468085
0.02857142857142857
0.027777777777777776
0.024390243902439025
0.029411764705882353
0.020833333333333332
0.02
0.017241379310344827
0.020833333333333332
0.016666666666666666
0.019230769230769232
0.03125
0.01639344262295082
0.027777777777777776
0.029411764705882353
0.02040816326530612
0.018867924528301886
0.02702702702702703
0.017543859649122806
0.022222222222222223
0.01818181818181818
0.020833333333333332
0.022727272727272728
0.01639344262295082
0.017543859649122806
0.016666666666666666
0.0196078431372549
0.019230769230769232
0.025
0.02
0.03333333333333333
0.02127659574468085
0.03225806451612903
0.030303030303030304
0.022222222222222223
0.025
0.03225806451612903
0.016666666666666666
0.017241379310344827
0.02040816326530612
0.015384615384615385
0.020833333333333332
0.02564102564102564
0.02127659574468085
0.0196078431372549
0.023255813953488372
0.018867924528301886
0.0196078431372549
0.025
0.034482758620689655
0.02702702702702703
0.019230769230769232
0.02040816326530612
0.023809523809523808
0.02857142857142857
0.022727272727272728
0.02702702702702703
0.023809523809523808
0.015873015873015872
0.018518518518518517
0.023809523809523808
0.024390243902439025
0.02857142857142857
0.022727272727272728
0.021739130434782608
0.02631578947368421
0.020833333333333332
0.022222222222222223
0.022222222222222223
0.019230769230769232
0.014925373134328358
0.029411764705882353
0.02127659574468085
0.023255813953488372
0.017543859649122806
0.016129032258064516
0.02127659574468085
0.02702702702702703
0.012987012987012988
0.029411764705882353
0.02040816326530612
0.021739130434782608
0.016666666666666666
0.01818181818181818
0.034482758620689655
0.014705882352941176
0.022222222222222223
0.016129032258064516
0.02127659574468085
0.03333333333333333
0.023255813953488372
0.019230769230769232
0.015625
0.029411764705882353
0.016129032258064516
0.029411764705882353
0.020833333333333332
0.02702702702702703
0.015625
0.015625
0.03333333333333333
0.02631578947368421
0.02127659574468085
0.014925373134328358
0.02127659574468085
0.02702702702702703
0.029411764705882353
0.041666666666666664
0.02631578947368421
0.027777777777777776
0.02857142857142857
0.023809523809523808
0.016129032258064516
0.02127659574468085
0.018867924528301886
0.022222222222222223
0.03125
0.02564102564102564
0.02564102564102564
0.01639344262295082
0.022222222222222223
0.025
0.02
0.023809523809523808
0.02
0.02631578947368421
0.03571428571428571
0.02631578947368421
0.021739130434782608
0.022727272727272728
0.020833333333333332
0.02702702702702703
0.014705882352941176
0.015873015873015872
0.02702702702702703
0.017857142857142856
0.023255813953488372
0.024390243902439025
0.027777777777777776
0.015873015873015872
0.02040816326530612
0.02857142857142857
0.0196078431372549
0.047619047619047616
0.03125
0.02702702702702703
0.02127659574468085
0.02564102564102564
0.016666666666666666
0.027777777777777776
0.02
0.02
0.03125
0.025
0.015151515151515152
0.02127659574468085
0.034482758620689655
0.03571428571428571
0.015625
0.015873015873015872
0.023809523809523808
0.02
0.019230769230769232
0.017543859649122806
0.025
0.02702702702702703
0.023809523809523808
0.04
0.02702702702702703
0.034482758620689655
0.019230769230769232
0.017241379310344827
0.02127659574468085
0.03125
0.019230769230769232
0.017241379310344827
0.022727272727272728
0.02040816326530612
0.018867924528301886
0.016666666666666666
0.027777777777777776
0.021739130434782608
0.022222222222222223
0.017543859649122806
0.02564102564102564
0.034482758620689655
0.015384615384615385
0.020833333333333332
0.02127659574468085
0.022727272727272728
0.041666666666666664
0.022222222222222223
0.020833333333333332
0.014084507042253521
0.02631578947368421
0.024390243902439025
0.02040816326530612
0.02857142857142857
0.016666666666666666
0.018867924528301886
0.02
0.029411764705882353
0.02631578947368421
0.02631578947368421
0.01639344262295082
0.017543859649122806
0.02040816326530612
0.017241379310344827
0.037037037037037035
0.018518518518518517
0.023255813953488372
0.02631578947368421
0.03571428571428571
0.02702702702702703
0.02631578947368421
0.01639344262295082
0.029411764705882353
0.020833333333333332
0.02857142857142857
0.02564102564102564
0.02127659574468085
0.022222222222222223
0.025
0.019230769230769232
0.023255813953488372
0.020833333333333332
0.020833333333333332
0.020833333333333332
0.017241379310344827
