3891973
3895992
3920351
3933293
3947977
3966624
3976192
3997850
3999460
4029469
4035429
4061083
4075995
4086580
4103658
4132260
4148647
4161299
4165849
4176274
4201821
4217383
4225622
4251742
4262797
4270978
4286695
4308184
4320841
4342423
4347429
4365447
4377329
4394725
4404245
4420716
4437337
4465497
4475106
4493374
4512826
4520195
4537695
4547888
4553002
4566303
4586332
4595593
4625786
4643398
4652052
4667990
4682530
4692677
4693214
4708320
4715572
4723062
4729480
4742549
4742824
4760514
4761704
4763469
4773834
4783062
4791089
4798161
4798455
4814369
4819175
4823808
4829385
4837262
4843554
4856395
4857934
4860336
4861144
4876422
4878524
4893545
4899646
4916442
4920724
4927581
4929340
4936443
4937368
4954888
4956793
4962575
4962902
4973541
4983940
4992232
4992258
5003321
5018284
5025465
5033934
5046700
5046706
5053472
5065374
5075774
5075946
5092613
5093186
5101716
5109661
5114614
5125766
5127721
5128900
5138203
5138563
5144554
5144558
5144950
5163418
5166435
5176766
5178166
5184715
5187815
5191076
5212637
5216105
5223589
5225889
5245263
5245275
5255397
5255668
5262269
5273666
5286540
5289316
5297523
5298266
5299851
5316512
5317061
5317151
5325446
5330899
5339596
5353310
5353350
5367367
5369545
5379894
5381820
5391591
5393181
5397497
5402305
5412917
5414446
5425540
5429986
5431574
5431848
5443100
5443307
5444147
5464540
5464733
5478520
5480038
5480068
5486336
5490708
5498317
5508265
5509709
5519003
5527374
5527524
5535918
5537488
5547312
5548813
5564492
5573895
5574123
5575725
5587434
5587455
5597000
5597497
5599681
5599966
5608599
5610352
5618848
5624196
5624198
5632300
5640976
5642858
5645987
5646015
5646052
5666226
5666348
5666358
5683978
5686331
5687595
5687597
5688974
5699303
5705008
5707088
5711521
5711527
5723393
5723734
5726679
5730605
5741226
5743182
5743203
5743255
5752360
5752551
5758562
5760812
5766389
5766674
5771794
5772859
5773427
5773861
5785582
5791186
5795560
5796168
5797567
5808453
5813491
5815421
5815624
5815626
5816238
5826973
5841668
5845490
5845505
5846697
5847244
5849250
5849253
5864528
5864769
5865238
5867971
5885034
5885042
5885053
5885058
5901604
5905562
5908637
5914822
5916557
5928106
5931276
5940845
5946087
5949041
5952855
5962817
5967327
5967337
5980244
5981467
5982018
5985997
5988840
5990016
5991085
5991252
6001037
6002867
6006170
6010020
6010672
6019413
6019419
6019485
6031304
6031348
6036194
6036861
6040475
6044537
6049366
6052761
6053082
6061619
6061667
6082199
6082396
6083152
6088267
6090652
6093319
6100835
6105163
6106037
6108999
6129535
6129538
6129541
6129550
6136686
6136691
6138738
6142152
6143731
6150256
6150259
6151281
6152047
6158846
6179294
6179296
6181841
6185437
6185457
6187872
6189074
6202254
6202259
6202474
6212709
6218827
6218841
6219110
6219666
6225602
6232318
6232657
6233938
6238251
6238597
6241802
6242754
6242805
6254351
6256476
6256486
6258905
6265722
6266365
6268124
6268126
6274342
6289474
6289475
6290852
6291062
6297048
6297170
6308396
6313990
6314130
6314751
6315657
6320096
6321781
6324162
6326063
6329345
6334218
6342886
6342915
6342918
6342919
6347511
6347519
6348166
6348183
6348184
6356126
6357183
6357900
6358306
6358312
6362465
6367393
6371400
6375315
6376469
6376476
6379104
6379148
6379950
6392103
6393528
6394164
6397778
6400818
6405431
6406130
6406138
6417334
6417346
6423170
6423189
6423201
6424907
6434235
6434237
6434907
6434917
6437308
6437355
6439191
6440737
6440757
6441353
6447389
6448589
6448612
6450756
6451638
6455358
6457511
6460280
6466090
6472078
6472080
6475203
6490063
6492249
6494307
6494368
6494404
6495099
6505325
6505326
6505662
6505668
6505678
6510805
6516579
6517262
6518870
6538667
6538858
6539560
6540469
6540725
6541311
6549027
6553931
6554613
6554679
6562926
6562932
6562934
6563843
6564753
6565800
6565840
6572068
6573469
6577644
6581867
6587132
6591618
6593653
6596071
6598498
6598510
6606588
6608602
6609438
6610505
6612926
6613463
6614653
6623086
6623234
6623393
6626007
6628966
6637981
6637989
6638774
6643241
6651220
6653025
6657748
6658039
6668700
6668701
6669218
6669240
6669249
6677306
6678395
6678514
6678602
6694078
6702680
6705193
6706704
6708271
6720707
6720837
6720844
6722643
6722925
6722927
6726700
6726731
6727649
6729734
6729751
6741522
6741530
6741739
6745114
6750810
6751487
6757887
6766670
6772376
6774618
6774641
6774652
6774656
6776201
6777239
6780509
6780950
6783598
6783929
6796368
6797095
6802031
6804503
6804509
6804939
6806498
6806783
6808055
6812978
6812993
6815249
6815268
6815840
6820964
6832860
6834201
6835570
6835790
6837135
6837153
6837166
6839371
6839389
6839410
6839428
6842200
6842481
6843905
6857390
6858565
6858582
6858599
6864076
6869440
6871215
6879932
6879941
6879944
6879947
6881191
6884612
6888127
6888377
6894463
6895031
6895247
6902967
6902969
6903586
6910820
6913098
6913364
6920429
6921574
6924155
6924480
6924497
6924565
6924579
6924580
6938488
6939351
6944882
6944897
6944907
6960879
6962125
6962348
6962472
6962486
6963395
6964927
6964934
6965139
6968503
6972275
6972313
6972317
6982244
6982359
6982371
6983483
6983507
6984256
6985156
6985291
6985390
6985800
6987613
6988049
6994746
7003078
7003591
7003600
7003627
7005681
7006615
7006920
7017247
7022445
7022587
7022744
7025084
7032493
7032770
7033183
7041833
7042359
7045475
7046461
7046463
7056236
7056257
7057379
7057392
7059016
7060256
7062283
7063094
7063098
7071447
7077481
7085175
7087408
7089103
7089386
7092207
7092364
7092692
7093578
7095268
7095740
7099123
7100328
7100500
7103148
7104248
7105162
7105860
7108363
7109966
7113616
7113673
7113724
7113725
7114221
7117998
7120459
7120980
7124957
7130026
7130033
7130074
7134239
7134255
7135237
7138652
7139333
7140259
7145118
7145309
7147961
7154717
7156577
7157415
7157542
7157559
7157679
7157682
7158249
7159849
7167596
7167601
7167606
7170907
7171275
7172689
7177471
7180079
7180755
7180763
7182413
7182423
7187794
7189149
7189272
7190998
7191678
7193349
7194538
7205909
7210478
7212725
7214829
7214998
7215541
7215565
7219306
7219886
7223598
7223599
7223605
7226736
7232998
7237545
7237736
7237757
7237764
7238863
7238959
7238965
7239626
7243647
7253944
7253977
7264872
7265490
7266449
7267552
7268192
7268664
7269053
7274039
7275169
7275236
7278083
7278089
7278132
7278160
7278173
7291231
7293543
7293544
7297194
7298512
7298527
7298536
7298558
7299800
7299804
7301426
7301430
7304631
7305243
7309088
7310799
7312873
7314679
7316455
7316484
7317849
7322309
7322953
7325468
7325839
7333663
7339472
7344252
7348094
7352082
7352128
7356201
7358159
7360040
7361746
7365361
7366026
7367721
7368885
7368886
7368905
7375699
7377752
7382200
7387799
7388073
7388363
7388440
7388766
7389605
7389626
7400087
7400091
7401321
7401328
7401331
7401333
7401359
7401452
7402991
7408767
7410642
7412260
7415756
7415993
7416276
7416324
7416325
7417278
7420052
7424486
7426922
7426927
7427087
7428996
7429796
7433977
7436169
7439645
7442620
7442769
7442985
7443588
7443599
7443717
7454715
7454945
7456022
7456025
7456035
7456449
7457310
7457433
7461002
7461003
7461008
7461015
7467213
7467508
7467673
7468440
7468445
7470586
7472492
7472493
7473218
7475742
7477732
7477734
7479545
7479555
7479869
7480684
7480700
7482258
7482302
7484402
7485497
7490208
7493653
7496240
7496281
7501547
7502018
7502449
7503712
7508747
7510482
7515588
7516517
7516710
7517489
7517490
7517506
7517510
7518410
7521267
7521765
7524713
7536590
7536596
7537132
7538637
7540332
7543438
7548096
7549023
7549923
7552016
7553278
7559677
7561688
7564664
7566577
7571702
7572651
7572653
7572748
7572754
7575976
7576846
7576867
7577375
7584854
7586925
7587182
7588181
7588189
7593768
7595151
7595510
7597997
7598054
7598178
7598462
7600387
7601528
7602599
7604129
7609007
7609398
7609871
7611827
7622741
7622742
7623077
7623107
7626143
7626145
7629308
7629510
7632683
7632702
7636456
7636457
7640123
7641716
7642017
7642197
7643320
7643337
7643338
7644324
7645576
7645653
7645698
7645702
7646127
7657853
7659974
7661307
7661665
7662410
7663784
7663802
7663955
7665414
7667737
7672380
7679116
7679819
7680832
7682483
7682488
7682492
7682496
7682501
7686513
7686550
7688014
7688285
7688287
7697498
7697535
7698136
7698384
7698567
7700245
7700247
7700959
7705997
7706027
7706333
7706346
7707315
7707514
7710171
7711613
7711641
7713920
7714228
7718269
7718283
7718310
7718477
7718523
7718679
7720878
7722473
7722499
7722689
7727269
7730047
7731270
7731299
7731300
7732755
7732773
7732782
7732786
7732790
7732795
7743446
7745318
7745496
7746914
7756209
7756222
7756223
7756578
7756583
7756686
7756742
7756746
7761394
7761894
7761898
7761906
7766529
7768328
7771603
7773234
7773479
7774559
7777090
7777206
7777229
7777235
7777972
7778007
7778010
7783696
7787839
7787840
7790142
7791121
7791353
7791354
7791543
7794946
7797921
7805876
7807104
7812770
7813200
7814084
7814593
7816528
7816688
7817893
7820868
7821572
7821581
7821628
7823999
7824313
7824321
7824642
7824969
7827493
7827821
7829957
7831334
7832241
7832430
7837795
7837948
7837978
7838585
7840099
7840706
7841722
7841741
7841779
7843685
7847135
7852712
7854385
7855761
7856635
7857245
7859795
7860628
7865945
7866037
7866041
7866145
7866269
7866564
7868702
7880979
7881022
7887106
7888090
7889700
7889720
7889805
7890756
7891321
7892814
7893042
7898363
7900657
7902754
7902807
7906641
7906647
7909013
7909014
7909235
7914069
7917485
7917514
7918372
7925423
7925452
7926180
7926679
7927484
7928108
7928446
7930280
7930661
7930671
7933767
7935870
7935924
7936944
7937039
7937132
7937135
7937407
7937415
7937422
7937978
7938432
7940931
7940932
7941163
7941171
7941175
7941187
7941195
7941206
7941208
7941218
7943002
7943054
7943143
7946341
7946740
7952734
7952967
7953013
7953021
7953030
7954020
7954030
7954150
7954889
7954890
7955142
7955729
7958371
7971302
7972136
7972145
7972154
7972166
7973009
7974629
7974630
7974684
7975163
7975180
7978170
7980058
7980059
7980062
7980066
7980076
7985738
7997142
7997377
7997620
7997627
7997629
7997632
7997641
7997656
7999079
7999823
8001187
8001193
8001879
8002337
8004592
8004626
8004640
8004673
8004705
8004715
8005452
8005581
8008544
8017867
8018029
8020617
8021194
8023407
8023429
8024465
8025100
8025180
8026402
8029415
8033028
8037383
8037863
8037891
8038385
8038396
8038881
8039124
8041797
8041887
8045232
8049098
8050554
8057134
8057178
8057520
8058369
8058509
8060688
8061360
8063233
8064669
8065491
8065499
8065503
8065898
8066172
8066216
8066308
8068363
8069163
8069165
8069166
8070164
8073175
8075548
8075624
8077423
8077427
8082385
8086139
8087716
8087718
8089809
8089817
8090235
8092297
8092644
8093468
8093480
8094632
8106802
8107695
8107705
8107726
8109041
8113985
8113991
8114910
8114912
8114967
8114992
8115037
8115058
8121366
8124379
8126728
8126729
8126730
8130958
8132487
8133213
8134905
8134909
8134926
8136426
8141639
8142336
8142379
8142384
8148357
8148384
8148666
8149341
8149718
8149743
8152359
8152380
8153551
8156452
8164061
8170759
8170770
8171040
8171208
8173334
8173336
8173381
8173388
8173390
8173398
8175859
8176044
8176083
8176440
8176845
8178069
8178216
8178336
8180270
8180668
8184002
8184258
8185713
8185719
8185723
8185737
8190541
8194178
8195448
8195777
8196155
8196174
8196237
8196265
8196299
8204064
8204281
8204302
8204315
8204488
8204490
8205193
8207162
8207229
8207475
8211578
8211685
8211848
8215878
8216049
8219211
8219249
8225057
8225075
8225110
8226198
8228518
8236428
8236429
8236435
8236448
8236457
8239159
8239163
8239190
8239196
8242943
8243901
8244631
8245849
8245893
8247878
8251672
8251697
8252991
8253456
8255134
8255147
8260280
8262403
8274575
8276218
8276219
8276220
8276312
8278175
8278179
8280394
8281087
8281091
8281093
8281096
8281704
8282015
8285889
8286722
8286746
8287472
8290231
8292661
8292737
8295160
8295194
8297096
8298027
8298108
8298890
8299579
8299600
8299606
8299621
8299688
8300309
8300313
8300713
8304818
8304856
8305192
8305748
8306062
8310899
8310905
8311416
8311842
8312673
8316491
8316580
8319113
8322340
8322517
8323523
8324358
8324643
8326974
8327010
8328934
8331080
8332580
8333511
8334643
8337778
8337791
8337799
8337800
8339028
8339113
8339153
8343147
8343162
8343163
8343167
8343892
8344200
8344201
8344221
8344468
8350028
8350229
8350235
8353918
8353970
8355410
8357020
8357032
8357315
8357544
8363983
8367356
8367794
8367954
8368148
8368326
8368327
8368356
8368807
8368809
8368889
8370830
8371659
8372520
8373824
8374898
8375654
8375931
8375974
8375978
8377135
8383738
8383851
8384614
8384922
8395402
8395980
8396012
8396024
8396362
8396610
8396750
8396758
8399433
8399434
8401951
8404888
8404899
8408037
8412317
8413025
8413669
8415037
8415343
8417604
8417651
8417652
8419431
8422944
8425471
8425755
8426754
8427567
8427769
8427825
8428269
8428990
8429604
8429612
8430055
8430957
8432267
8432268
8432278
8432801
8435625
8435631
8436128
8436200
8436430
8436920
8439299
8439326
8442529
8442533
8442897
8443602
8443876
8445845
8446119
8446561
8448443
8451103
8451128
8451245
8451297
8451807
8451816
8451829
8451862
8453856
8459437
8459908
8460308
8462118
8462130
8463572
8463624
8464487
8464505
8465273
8465276
8465412
8466331
8467518
8467522
8468714
8468722
8468733
8468759
8471191
8471691
8471707
8472899
8473272
8473400
8473405
8474540
8474575
8474995
8475748
8476209
8476220
8476805
8476824
8476847
8478396
8479610
8479611
8479614
8482918
8482981
8485877
8487505
8488267
8489041
8489353
8494490
8494493
8496352
8497628
8498016
8498704
8500970
8501041
8501108
8501309
8501495
8502610
8502612
8504179
8504234
8504243
8504872
8504887
8506846
8507691
8507694
8507713
8507936
8508905
8509229
8509275
8509276
8509283
8509557
8510177
8510186
8510195
8510354
8510732
8514018
8518369
8518471
8518759
8518782
8518789
8518809
8520130
8520365
8520370
8522666
8522669
8523056
8523152
8523697
8523724
8525640
8525831
8529330
8530808
8531073
8531622
8531760
8531849
8531850
8532567
8533243
8533548
8533625
8535995
8536003
8536263
8542353
8545832
8546692
8546701
8546735
8547828
8548224
8550300
8550321
8550487
8550520
8550544
8551551
8553306
8554698
8555403
8555469
8555474
8555478
8556625
8557916
8563286
8564064
8565839
8565869
8565880
8565887
8568519
8568953
8569282
8569301
8572330
8574593
8575611
8576056
8576085
8576090
8576393
8576400
8576410
8576518
8576525
8576542
8576543
8576553
8577342
8577353
8577358
8577394
8578564
8579725
8579732
8579767
8579791
8580632
8581088
8581109
8581110
8581174
8582586
8582592
8582918
8584286
8586802
8587144
8590395
8592307
8596119
8596208
8596215
8596230
8596861
8598531
8602924
8602943
8609375
8609376
8609379
8609430
8610310
8611271
8611310
8611317
8611325
8611351
8611353
8611885
8611915
8619229
8619329
8619333
8619340
8620025
8620702
8620705
8622028
8622797
8622800
8622972
8623593
8624291
8624298
8624317
8624330
8625309
8625389
8625425
8626161
8630582
8631907
8631908
8631912
8631934
8633525
8634615
8634620
8634656
8634688
8634801
8636454
8636826
8636836
8636851
8637140
8637143
8637218
8637498
8637550
8639515
8641759
8642466
8642500
8642504
8642535
8645350
8647816
8648134
8649540
8650029
8650199
8650672
8650779
8650789
8650838
8655692
8658935
8659630
8660615
8660655
8660883
8661554
8661650
8661655
8662364
8663827
8663913
8663956
8663963
8665596
8666973
8667289
8668557
8668882
8669523
8669534
8673961
8674492
8677858
8677867
8678526
8678741
8678774
8679474
8679655
8680459
8681132
8681400
8681424
8681514
8681643
8681644
8682425
8685237
8686452
8687390
8688561
8691180
8691428
8692431
8692479
8692589
8693784
8693816
8693824
8693848
8694836
8694890
8695116
8695122
8695313
8695404
8695434
8697566
8699501
8699503
8702338
8702349
8703010
8703137
8703138
8703782
8704112
8704631
8704638
8705170
8705471
8705472
8707958
8707959
8707960
8709618
8710227
8710245
8712505
8712858
8712859
8712882
8712894
8713247
8713257
8713402
8713412
8713425
8713446
8713534
8715358
8718302
8719068
8719504
8719799
8719808
8720380
8720433
8725151
8726501
8728335
8728403
8728847
8730300
8730307
8731587
8731946
8731991
8735158
8735660
8738361
8738866
8738882
8738973
8740275
8740277
8741078
8741907
8742719
8742756
8742767
8743034
8744970
8745185
8745961
8748869
8748871
8748913
8749094
8749723
8749726
8750613
8750629
8751067
8751101
8752464
8752482
8752488
8753353
8753630
8753782
8753787
8753795
8754110
8754126
8754334
8755274
8755318
8755334
8755581
8755601
8755606
8755614
8755948
8755971
8758420
8758442
8759194
8759226
8759237
8759240
8760423
8760676
8761385
8761402
8762742
8762757
8763623
8763629
8765512
8766327
8766595
8766768
8768120
8772819
8772857
8772862
8773055
8773765
8774882
8775593
8775932
8776162
8776394
8776657
8777322
8777336
8777887
8777899
8777905
8778013
8780295
8780304
8781089
8781559
8781604
8782125
8782296
8782342
8783608
8783623
8783860
8785027
8785028
8785144
8785189
8785508
8785510
8786942
8786954
8786958
8786965
8786986
8787877
8787901
8787970
8789072
8794049
8795020
8795475
8795573
8796421
8796445
8798246
8798354
8800170
8800182
8800306
8800311
8800336
8801375
8802173
8803238
8803239
8803379
8803798
8803800
8803974
8803977
8804660
8805454
8805463
8807271
8810815
8810823
8810827
8813275
8813276
8813298
8813927
8814426
8814429
8814450
8814452
8814457
8814459
8814971
8817618
8819412
8819856
8819859
8820067
8820107
8820227
8821079
8821341
8821350
8824437
8824452
8825247
8826831
8828996
8836910
8836935
8838559
8840625
8841129
8841296
8841576
8841596
8841602
8841956
8843206
8843952
8844020
8844818
8845179
8845183
8845237
8845244
8845250
8846110
8846116
8846119
8846125
8847468
8847627
8847897
8847899
8847906
8848249
8848256
8848285
8850089
8851638
8851699
8853147
8853155
8853181
8858937
8858940
8858980
8859913
8860144
8860149
8862521
8862770
8862774
8864061
8864906
8866461
8866486
8866488
8867581
8867608
8868723
8868769
8868951
8868956
8868967
8868972
8869592
8869614
8869677
8869682
8870267
8870276
8870279
8870299
8870332
8870348
8870375
8871334
8881671
8881695
8881963
8884431
8885090
8887723
8888126
8888341
8888498
8889002
8889014
8889026
8889546
8889588
8889591
8890889
8892037
8892098
8892576
8893528
8893547
8893756
8894174
8896494
8899131
8900648
8901286
8904992
8905110
8905977
8906648
8908873
8909161
8909173
8910735
8912170
8912193
8912209
8913281
8913284
8913505
8913754
8914328
8915101
8916072
8916173
8916935
8916937
8917325
8917572
8917691
8918972
8919297
8920283
8922125
8927414
8928393
8928453
8928553
8928909
8928924
8928949
8930251
8930294
8932123
8932367
8932900
8933845
8935843
8937901
8938372
8938770
8939804
8939812
8939837
8939840
8941149
8941347
8943003
8943244
8943254
8943435
8943437
8944617
8944643
8944772
8946973
8948219
8948242
8949226
8949377
8949382
8949710
8950107
8950123
8950265
8951287
8951293
8951371
8951464
8954014
8954148
8955551
8956553
8957425
8958075
8958191
8958204
8960060
8964853
8964976
8965018
8965024
8965030
8965117
8965249
8967415
8967473
8970091
8970095
8973183
8973406
8974818
8974843
8975996
8975997
8975999
8977053
8978224
8980754
8980771
8983856
8983910
8984828
8984843
8984856
8985973
8985983
8985998
8987036
8987058
8987059
8987248
8987252
8987255
8993886
9002081
9002084
9002108
9003590
9004560
9009896
9010008
9010168
9010172
9012708
9013225
9013228
9013246
9013268
9013270
9017237
9018418
9018427
9018503
9018641
9018645
9018655
9018675
9019085
9021136
9021285
9021677
9021690
9021697
9022048
9022078
9022121
9023004
9023347
9024130
9024225
9024856
9024872
9025071
9025468
9025535
9026850
9027053
9032698
9032710
9033028
9033040
9033507
9034064
9039223
9039233
9039237
9039246
9039248
9047404
9047642
9049884
9049924
9050655
9051854
9052025
9056923
9056932
9056969
9056978
9056979
9057798
9057804
9057810
9058224
9058741
9062314
9062815
9064951
9066604
9066920
9066963
9067082
9067083
9067106
9067198
9067213
9067695
9067753
9071995
9075152
9075766
9078861
9078872
9079439
9079780
9079787
9080687
9081220
9084181
9084194
9088068
9088786
9088803
9088816
9088836
9088860
9090161
9090187
9091000
9092831
9092929
9093650
9094904
9095094
9095097
9096274
9104370
9105089
9105102
9105340
9105349
9106207
9106209
9106473
9106507
9108283
9108306
9108333
9108335
9108427
9108451
9108453
9111708
9113806
9114379
9116430
9116464
9116468
9116471
9116476
9116829
9118664
9118665
9119362
9119628
9119747
9123003
9126576
9128260
9128277
9130889
9131600
9135473
9135475
9136066
9137927
9137949
9137953
9139926
9140780
9143926
9144393
9145018
9146852
9146855
9147083
9149046
9149432
9149434
9151077
9157844
9157865
9158908
9159177
9161135
9161282
9161330
9162360
9162423
9163390
9163439
9166531
9166543
9168621
9170517
9175821
9177083
9177548
9179163
9179216
9179294
9179705
9181768
9181864
9182290
9182294
9182485
9182626
9182632
9182879
9183554
9183782
9183810
9191329
9191368
9191373
9191562
9192277
9192390
9192738
9192739
9192762
9193003
9193193
9193468
9194498
9194568
9195187
9195196
9196222
9196303
9196509
9197069
9206692
9207656
9210665
9210667
9210835
9210839
9212784
9213025
9213046
9213862
9214262
9214269
9214605
9214614
9214615
9214626
9217357
9218986
9219016
9219023
9219425
9220073
9220084
9223322
9223692
9224220
9225274
9225529
9225822
9225831
9228526
9229656
9229658
9230887
9231043
9233765
9234923
9235650
9236783
9237686
9241874
9243199
9244117
9244145
9244847
9245697
9247672
9249400
9249575
9249602
9253689
9257493
9258414
9260601
9260711
9261437
9261459
9261464
9261675
9261796
9262039
9262556
9268056
9268057
9269850
9270120
9270348
9271967
9271973
9271976
9272313
9272488
9272502
9273684
9274469
9274602
9274877
9276249
9276266
9277578
9281165
9281582
9281588
9281805
9281810
9284127
9286432
9286442
9287531
9288640
9294119
9294812
9295908
9295923
9297458
9298874
9299082
9299386
9299496
9299502
9299503
9302645
9306840
9308126
9309432
9313323
9313333
9313337
9313419
9313427
9313459
9314261
9314269
9314273
9314307
9314391
9316067
9325150
9329028
9329048
9329389
9329401
9329402
9332588
9332598
9333114
9333118
9333985
9334086
9334091
9334115
9334166
9336894
9338758
9338795
9340102
9342801
9344203
9349023
9349036
9349589
9350494
9350514
9350601
9350604
9350611
9351160
9351190
9351194
9352922
9359327
9360561
9360569
9360789
9361731
9361865
9361874
9362509
9363747
9363749
9363758
9364220
9364585
9364851
9364899
9366110
9370393
9370439
9370562
9370657
9372189
9373354
9374579
9376194
9377556
9378987
9382296
9382606
9385628
9385652
9386158
9386164
9386865
9388494
9388499
9388515
9392898
9392900
9392914
9392916
9393083
9393087
9393108
9393284
9397620
9397633
9397954
9400492
9403495
9405328
9405372
9407486
9408104
9408128
9408194
9408538
9408543
9408726
9409404
9409536
9414603
9414625
9417104
9417105
9417274
9417653
9417661
9417670
9419099
9419102
9419789
9420422
9422251
9425518
9425676
9425709
9428355
9428361
9428362
9428364
9429449
9430057
9431375
9431876
9433468
9440986
9441128
9441192
9442912
9444598
9445426
9445442
9445477
9445483
9446060
9446062
9447780
9447792
9448679
9449751
9449781
9449979
9452078
9452152
9457005
9457022
9457031
9457271
9457304
9457896
9458181
9458510
9460343
9460345
9460358
9460365
9460386
9462670
9462685
9464533
9467418
9467459
9467461
9470945
9470947
9477009
9478897
9479106
9479116
9479128
9479143
9479609
9480161
9480189
9481345
9481367
9486533
9487825
9490846
9490862
9492875
9493325
9493749
9493752
9494353
9495739
9495780
9496141
9496649
9497637
9499433
9500072
9500390
9500401
9500403
9500420
9500900
9502171
9503828
9503846
9506072
9506073
9507471
9512026
9515271
9517172
9517346
9517364
9518875
9518905
9518923
9521374
9522117
9527886
9527900
9527909
9529492
9529531
9530780
9530783
9531604
9532063
9532074
9532099
9532139
9538751
9538752
9538754
9538757
9539650
9540276
9546135
9546656
9547887
9547896
9550642
9551236
9551268
9554343
9554511
9556482
9556816
9556826
9557822
9557828
9558324
9560252
9560255
9560620
9560621
9560810
9560814
9562944
9564603
9567544
9567563
9567586
9567833
9569823
9569869
9569961
9572339
9573700
9574493
9574497
9574606
9575185
9575214
9576129
9576393
9576896
9577883
9579391
9579561
9579571
9579574
9580771
9581012
9581392
9581407
9581415
9581419
9586603
9588942
9588947
9598678
9600489
9600682
9600689
9600736
9600828
9604264
9607748
9607757
9607761
9608443
9609158
9609168
9609174
9609197
9609299
9610338
9610756
9614702
9615369
9616771
9619179
9627210
9627216
9627222
9627224
9628143
9628718
9641138
9641356
9641370
9645264
9647157
9647342
9647346
9647602
9647983
9647994
9648671
9648686
9652075
9653951
9658393
9658677
9664188
9664203
9664209
9664211
9665059
9666540
9666564
9666977
9667740
9667745
9669248
9675985
9676044
9677724
9677831
9679109
9679118
9679725
9680464
9682142
9683947
9684839
9690872
9692237
9692276
9692751
9695351
9696906
9696926
9700802
9705066
9705315
9706169
9706973
9713015
9714844
9715393
9721284
9721551
9721579
9724262
9724263
9724265
9724375
9724653
9731623
9733670
9736476
9736482
9736489
9736495
9736503
9736511
9739633
9739976
9740066
9740095
9740385
9743054
9743090
9743099
9743112
9743543
9743555
9743562
9743564
9743578
9752338
9754444
9754926
9756520
9756522
9757930
9758706
9764582
9764596
9766035
9766580
9779673
9779820
9780481
9780772
9781166
9781424
9781433
9781440
9787079
9787089
9787104
9787260
9798109
9799817
9800892
9800899
9801404
9805631
9806446
9807583
9809661
9810353
9810844
9812990
9812998
9816022
9817177
9817288
9817292
9817298
9818264
9818280
9818287
9828405
9832541
9832914
9832994
9835584
9837012
9837013
9842539
9843477
9845875
9847980
9850547
9850763
9853064
9858762
9859120
9859222
9859246
9859247
9859502
9866836
9871440
9872219
9872653
9872666
9872667
9873065
9873078
9873121
9874633
9876469
9879114
9880673
9880696
9880704
9884223
9886023
9886041
9892394
9892396
9895927
9895955
9895967
9895992
9896908
9900812
9905762
9905764
9907175
9913463
9913506
9920088
9921026
9921143
9926157
9926215
9927943
9928072
9929201
9936110
9936670
9937775
9939323
9947733
9949329
9949759
9953429
9953734
9954198
9955084
9956760
9956859
9960188
9967151
9972947
9973242
9973283
9973420
9973865
9977849
9977857
9977871
9977893
9977894
9978625
9982098
9982347
9985809
9989261
9989814
9989844
9989850
9990285
9990309
9993211
9993787
10002294
10002315
10002940
10008330
10009905
10010260
10013867
10013898
10013935
10014906
10021101
10021104
10021108
10027377
10029727
10031455
10033177
10037118
10037381
10038216
10041232
10041235
10041244
10043486
10048390
10048394
10048424
10049247
10049912
10050251
10050253
10051541
10057963
10067124
10067130
10073430
10073460
10073661
10073972
10077050
10079544
10082231
10082245
10088597
10089890
10089931
10089932
10089935
10090936
10090937
10110109
10110394
10110654
10110724
10110753
10112869
10116295
10116307
10117678
10127166
10129112
10129348
10134469
10135697
10135719
10135721
10135732
10137413
10137437
10137470
10138807
10139958
10147448
10147773
10148664
10150139
10155522
10160243
10160514
10160537
10160543
10163883
10165027
10168342
10174363
10175993
10177180
10177246
10184425
10184680
10185051
10185128
10185132
10185150
10185183
10191272
10198134
10198680
10198681
10198778
10198829
10204211
10204237
10204243
10204246
10204251
10204483
10205883
10211983
10213429
10214828
10214832
10214839
10214846
10217043
10218664
10218880
10218896
10225582
10226073
10226100
10230556
10230574
10231101
10231173
10233830
10236138
10239980
10239987
10241288
10241306
10243089
10245087
10245099
10245102
10246961
10252319
10252382
10252388
10257322
10260006
10260844
10264572
10264573
10265157
10265531
10266073
10266081
10266083
10268312
10270080
10270861
10270893
10270906
10285789
10288066
10289861
10291321
10291330
10292404
10292430
10293782
10299115
10306397
10306428
10317997
10319316
10319824
10320143
10326242
10331172
10331173
10331174
10331811
10333117
10334549
10345886
10345887
10347230
10347233
10347242
10347339
10347342
10349371
10349379
10356734
10356766
10360152
10360168
10361657
10362198
10363268
10365648
10366768
10371567
10374054
10377376
10379881
10379885
10381372
10381486
10381488
10384696
10391601
10393198
10393742
10393947
10394658
10410595
10410827
10414070
10414076
10414229
10414235
10416503
10416707
10419376
10419671
10421235
10423723
10427431
10436475
10436661
10436875
10438205
10441082
10441118
10443218
10444464
10444484
10447747
10447762
10449434
10457759
10458058
10458124
10465459
10465472
10466284
10469018
10471196
10471205
10471952
10472874
10474994
10485837
10486410
10486457
10491324
10497225
10498204
10505775
10505781
10508088
10508277
10508280
10508283
10510924
10510936
10512071
10514581
10514639
10518013
10518037
10518055
10518467
10520376
10521694
10526252
10526255
10526504
10528103
10536417
10550632
10553186
10557458
10559734
10560066
10560074
10560456
10560483
10572810
10573875
10574031
10574032
10574141
10574149
10574152
10584701
10584752
10584882
10586014
10591561
10598442
10604802
10605681
10605703
10605812
10611381
10621575
10621586
10621738
10622608
10622628
10622788
10623891
10625731
10625800
10628366
10629089
10629518
10635306
10644820
10644823
10644824
10644831
10644847
10645128
10647353
10647574
10647922
10648536
10650639
10650796
10650996
10656601
10658198
10666740
10667727
10671790
10672832
10673239
10679667
10682134
10682159
10682162
10682733
10682738
10684896
10692430
10693226
10693365
10693368
10693381
10693385
10703741
10704846
10705033
10705038
10705052
10706467
10710642
10713969
10715629
10715636
10715659
10722652
10722921
10729806
10730493
10732414
10734578
10734584
10734590
10734601
10735715
10736379
10737549
10743116
10749639
10751301
10755350
10756019
10758789
10758792
10759513
10759525
10761685
10762528
10762984
10766673
10781546
10781558
10782588
10783516
10787695
10790639
10790765
10791116
10798318
10800066
10806731
10811176
10813685
10813890
10813911
10818734
10822323
10829982
10833402
10834124
10840022
10840096
10840098
10840103
10840575
10845006
10846247
10846431
10846433
10852804
10859412
10860206
10860220
10868149
10869938
10870356
10884932
10886113
10887445
10887470
10887491
10897046
10898480
10898493
10898654
10907861
10908279
10908330
10915402
10915708
10923300
10923447
10925782
10925784
10933037
10935633
10935652
10936253
10938866
10939679
10943370
10944244
10951420
10958838
10966216
10967502
10974035
10974055
10981808
10982891
10988175
10991765
10992557
10992567
10993741
10994399
10995925
10995929
10996155
10996685
10996716
11005728
11009548
11009879
11011416
11014940
11015269
11015288
11018667
11020383
11021295
11021504
11022508
11028805
11034177
11034214
11034616
11042791
11045816
11046097
11046106
11051347
11051844
11071907
11071917
11071926
11071935
11071966
11073302
11074683
11074861
11074864
11074865
11075861
11075887
11085591
11086224
11097782
11100295
11105867
11107500
11112924
11115702
11116290
11120349
11123681
11124543
11125739
11126801
11127358
11127365
11134693
11134716
11141598
11143289
11145499
11152311
11153445
11155893
11157083
11157125
11157229
11161113
11166026
11170363
11175063
11178142
11178190
11178194
11178206
11183866
11186213
11186764
11187407
11198038
11199281
11199287
11199935
11206817
11212229
11213934
11214482
11217267
11223478
11226387
11232264
11236112
11237634
11243422
11247725
11247778
11254381
11260900
11266154
11267731
11278672
11286135
11287088
11287137
11289878
11293421
11293651
11293657
11320486
11320695
11320720
11321279
11326394
11328399
11328751
11330652
11336191
11342673
11352248
11352521
11358417
11358421
11358432
11382018
11382049
11384996
11394476
11394643
11396207
11396282
11399267
11401514
11401517
11401531
11413640
11418212
11421504
11424181
11429216
11430715
11434633
11434702
11434705
11446724
11448396
11450039
11468203
11468390
11469483
11473325
11473326
11474758
11477265
11483905
11494287
11494350
11501741
11503350
11503355
11512930
11516411
11526145
11529147
11531739
11545038
11545049
11551481
11551488
11557123
11562903
11563240
11565352
11568328
11569697
11569717
11583411
11588155
11594119
11596552
11597814
11605304
11608272
11609139
11609423
11619207
11619227
11622405
11623190
11626680
11627250
11635453
11639361
11640699
11653423
11657425
11657432
11664988
11668754
11674307
11684318
11685629
11691045
11691941
11698822
11698873
11700015
11703353
11710275
11714441
11714568
11727923
11729961
11729967
11729997
11736411
11737839
11738049
11740503
11750953
11750954
11751090
11751332
11763610
11765214
11765216
11766234
11779295
11779330
11783828
11792805
11800254
11805195
11806248
11808374
11809433
11813549
11818380
11825757
11825790
11825795
11828869
11833681
11837390
11838946
11849138
11850104
11857335
11858542
11860329
11869525
11869647
11877614
11886187
11898324
11898326
11901818
11909596
11912413
11912416
11917237
11928601
11934819
11939614
11947358
11953855
11961791
11964769
11976837
11979024
11982244
11993027
11993862
12004481
12005490
12007016
12016234
12016523
12035850
12037326
12048715
12053388
12054407
12059253
12065515
12069926
12071855
12078448
12079897
12088608
12088631
12088647
12104246
12106085
12111414
12118349
12121144
12121616
12130398
12138721
12146374
12146375
12149798
12163652
12164526
12164671
12182751
12184683
12197169
12197174
12202489
12213139
12213147
12213335
12225632
12230218
12235552
12240675
12241138
12259252
12259274
12263716
12275037
12279766
12297673
12297690
12297716
12304555
12311746
12324330
12329183
12332605
12337671
12351702
12360944
12378307
12380908
12389055
12397917
12409030
12411431
12414790
12426600
12447758
12447788
12455167
12458774
12467324
12480251
12482028
12488346
12500318
12502944
12514970
12516101
12523471
12528519
12532194
12538076
12551911
12561714
12565612
12573027
12582037
12583360
12597983
12608312
12624664
12627683
12633725
12633891
12648823
12649942
12662571
12669288
12678451
12680937
12690559
12690580
12709577
12709578
12717316
12726912
12736125
12745114
12755866
12757338
12782957
12795573
12807238
12826154
12840023
12846108
12870077
12880759
12902137
12906731
12921115
12938637
12945252
12957801
12963212
12984858
12999049
13015689
13026827
13041641
13060242
13070159
13084284
13097884
13104493
13120406
13139759
13147282
13164347
13178975
13208350
13211082
13223599
13247158
13263174
13273668
13291192
13310418
13322847
13338952
13352426
13364586
13376022
13390560
13412939
13424852
13434240
13446461
13464322
13478154
13488132
13505486
13524899
13536234
