9411768
9497731
14843186
4205534
1649668
3894022
390385
10943746
11774564
10694408
6633291
1343224
10383673
6461288
2604991
6276568
4180701
4395998
13188658
3283175
12625664
14486911
1604810
3281659
1392845
13295826
1758697
14896867
1432020
12769842
14925176
10627536
13484764
12915929
3714201
3991235
9627806
13202136
5272184
12851106
6499286
365246
12812896
1836055
8849859
3920969
5608235
2995473
2868934
2910458
3359626
3778678
3092730
5759198
468666
5501598
7910422
3193230
9086136
1575595
10035693
14969230
14642941
5862360
2867345
3349578
14015112
8207390
1767854
1364599
3516016
13072234
7960153
11716230
13919931
1323255
1964382
6884299
11344099
1344757
14120077
2444605
689911
6531239
294526
577663
13914956
2697133
7433257
6237894
4984743
10245970
11691948
5349514
1479714
3952521
330021
13353381
13417556
8365384
10278160
4227356
2402874
9952328
13671269
2243958
795402
8070912
2437912
9042493
7310278
1519460
13392732
12197249
9542381
5384358
98666
2225231
2901324
6388680
1187614
6003051
8472457
8913404
13671678
14722195
1773224
1212629
1339543
10481622
7621228
10643733
9433252
9811525
6572327
14874350
5943201
3140397
8945168
11292596
13346426
3967884
13783758
4069008
2138002
7564205
5604234
4165646
12585924
13172271
6539967
7821085
10063591
1173375
12048386
4796759
1133069
10931132
2867054
2175396
3897555
7475506
14496828
594749
2696676
2338956
4536105
7599190
1583031
8006374
9110405
11139044
8409752
9876887
7870920
8513181
12933420
6071663
6545217
12341865
6061737
11563098
13771809
12196206
14122893
9691895
795852
11187437
13203196
1946974
7183377
2753690
2848700
8160271
7546600
5853886
12198376
10652494
1792955
1663920
13525378
628004
546455
14085877
12925171
10063544
1147567
14004598
11129500
4938006
9360288
2235041
12447880
10490551
10957778
5899493
4978101
14570829
5894571
13513953
4459923
5074551
3232559
13159650
14388543
10079139
3977511
9627723
9493592
1742195
8369985
1029535
457293
6746781
10325912
13623367
7159725
14420387
8363728
862399
3207296
2087435
9052522
650760
12112463
14572882
1257411
5662772
1607153
12985799
8283091
10057290
8502800
14815353
4922598
13225661
1322971
2018127
10761958
10947257
5537789
13796410
1324497
11156008
12345621
5026201
493018
2083696
5925972
3742003
2674228
14258622
13302379
7180109
256226
2203753
11415942
7661041
13291073
908095
8321921
185720
4713479
3449431
7216050
14872286
4358510
129596
2278672
12640577
3822303
8141932
13618252
10964578
4740214
356465
12727873
7083141
318428
12543760
8634975
2373789
1796036
1886892
10402538
2870338
12275425
8654679
12480720
11945886
1380991
6385909
1858209
6981276
12464324
7975316
1970129
4112251
12613338
10227622
4877585
14343314
180093
2474855
6096688
11016136
3289622
3845161
5921492
14422707
2745338
12089650
8764712
4701627
14882893
13695356
12883418
2289593
5649914
4672355
9206122
6482787
12102298
13710541
14810129
12990739
6882405
5703918
9783689
5124284
10057939
932114
13377864
972318
3095170
9748162
13599492
889007
12480562
6891113
5322023
2882882
3244901
9504465
7568612
12725007
10381615
4734813
14696638
13275596
1849098
4429562
11292469
11694931
5312915
7649346
12498884
3326602
830261
388317
6063979
12458651
12384533
2394456
9773998
4226677
6885142
4989992
14673520
9176416
422329
14975076
4867499
8509820
5398993
8607920
2034374
4369010
4360964
11087990
872148
10691041
7159830
10002527
7397081
6982
5018792
7416294
10636032
4265861
5305966
12627936
7016786
14279791
4495217
12117064
2877982
7109200
6635232
12892961
11738476
13745456
13845941
5639688
2748610
2984238
14660402
13025227
12631571
415627
4953347
2878956
2137629
9620104
13406537
12493134
450927
12578908
5221126
13283208
7790984
3612594
14535592
1760321
14381967
10000785
9030604
2972012
11516395
11358375
2240245
8785698
4479134
822468
1331882
7955204
2851710
12628869
11697031
287053
2967618
13832139
2598724
586851
8208757
11600035
12905520
9885493
29983
10982237
13772357
2043290
7775670
13239874
8110846
10185854
13887302
7143304
14410788
3750345
14598495
806104
2157998
4671580
6262158
1395466
11177116
12399444
13724374
506934
7258581
10317312
7490972
2344299
9187040
14762833
12486717
7605247
3776335
7679197
13106454
2639362
5376386
4041493
12239887
9296756
6128701
11873873
10604365
4738796
6918892
10646806
11588531
1272497
4830071
1471649
6628504
7903451
12931616
2398666
10914881
2935267
14607992
11690603
1560453
1585471
11348242
11148412
14638491
266347
13675082
4518256
14204850
14486141
6496021
12346176
8180309
13898992
13379534
8483949
1534464
7356225
12907183
9053274
3301843
12549916
6654077
12129561
610372
5273177
7948812
12046899
1571030
9199487
7236697
13696721
6943342
4156768
429136
2743235
14964968
12264673
3643597
5777918
14926759
12679384
14570961
4490640
4688338
12371651
4740358
3351323
636411
7317490
3259068
13149489
11058305
2068952
6292198
14924503
11717571
11457388
5282781
10432001
6970618
11112140
12941113
10390318
13008194
8597710
9113784
13962029
2828221
8500903
11582339
11966119
8226290
853729
11558529
7563484
11481807
11964686
2629426
11895066
13825050
10846373
4966289
6423321
11646562
11883326
9961225
12798740
4947380
1088426
14053683
796281
10706721
7587920
4621303
5480390
13978438
14604353
740625
14003471
6452550
7239002
1508026
13166754
13280566
6121027
4170119
11439314
353384
3364755
8912636
6745210
1688070
10013067
11046308
6527103
4496484
8805543
13920870
10397701
5505073
12897333
13308016
6543045
718440
10283688
8718799
183642
10659177
10303580
1845386
6724873
11216154
11658208
6748986
9242221
5347581
12234756
6684245
7681426
12011575
10516987
1391417
7005495
155295
2160481
7900046
10938395
8594899
4312777
64760
5829638
13470158
3815110
11599455
1202551
14648337
5644363
8434465
13745730
7249402
3879090
4797580
9661732
3213608
9433683
8812898
4240912
9209011
7807592
53168
10769025
14650427
720133
2395458
5413403
10692730
9030579
14468445
8908258
12198148
1182956
9285145
9722475
14419738
9353223
3139651
10644739
11323206
5850802
1790189
4581297
7925193
10632800
10533612
6582753
9567343
7929064
10330128
11285164
7903626
6515201
7475066
14687054
12028337
57546
1224422
5464096
12612924
10722180
7036323
9821470
6469910
9944626
1151347
8114135
9431731
826145
3430451
13493519
4204228
1846920
58281
11311222
14453782
10101106
13301581
1355513
5275911
11070033
708580
10797922
10025699
4939441
8729970
477900
7210728
14798868
8451974
3859800
4860053
3774318
9695028
435041
12233573
7583552
2278440
4516454
11516054
1212256
10121482
7193888
1032729
11920547
1759983
14818840
4679814
8275450
8895501
2060812
8184019
5280074
6855792
9158577
8933155
13993503
3261372
14914790
7150811
12119776
5537528
12773062
10388383
1594665
14035448
13963371
13211948
11805750
7155355
5824149
7888684
12613982
13556051
6565172
778053
6477837
3479907
14523266
870615
1986418
483056
2075843
1931418
5321023
14462440
12154985
7353713
8728391
4249321
10375108
3232821
4766577
6924093
11591148
14345366
6966784
1426740
13331668
3875015
14885825
7173800
7103087
209770
1984933
11695715
14314439
4921259
12330336
10934185
9498204
11550239
8490944
7684441
5047070
10248172
1196607
11471195
193250
3926843
2002934
13938279
7588488
5769980
14756386
6061148
6290911
8986278
6077452
6751786
8891182
9046475
9868637
7815100
7432780
9570197
1404425
8668966
3786717
6894185
8954168
4947000
9451374
343462
11276297
2792828
830932
2145674
6053730
7136290
14844275
9929547
8311125
4652462
8243393
512679
4451882
6778020
6278615
10305817
9010802
14261925
12946574
5358893
7262783
13361107
2144444
13619906
7599315
3330305
1092535
10162036
6620654
11222421
2080873
14712290
2302038
14210979
13541976
119363
2544181
12261742
11292633
8585891
8915148
9859352
7096952
11992939
8569167
8496880
13797174
13762833
4445409
8956946
7342834
6952893
11617477
6890484
4149250
10397136
12823717
7120609
9956406
58096
6661770
11951914
1947650
11016688
2284401
8913862
209516
10967999
8303428
9096556
7581729
4435420
14028967
10857672
10674206
8103720
12968712
100190
8266025
1703885
2816860
2066592
1094910
344013
9668202
12530580
6296609
1459113
1171479
2215923
492061
2300349
3672129
5722786
9336044
10135289
8832419
2583784
1911781
14750271
10015167
4704642
8532410
1792026
7680155
940304
9484653
6951979
4071662
6660002
8295155
4353565
13190510
14277252
9826612
14857045
1502059
2633519
4916337
2373578
6003176
9220906
10102496
5389441
4339769
4033483
343359
5483114
12867840
2239819
886425
2248576
5889685
10974425
6427095
9362266
5610713
9671384
9833720
2235447
756526
11939289
8370326
14895792
3857805
7741993
4249368
13581655
8779464
1356682
12512275
13560935
9486103
2093455
11296532
13367749
6916294
1635073
11023296
1987450
11728719
10450947
12352743
14591441
10372423
6688750
9195765
8240077
3532445
4449262
13429646
11183437
5775285
2000393
3244563
9516650
12057862
9044937
6400522
12616763
14013347
4140342
14786293
3097075
11093902
4607014
2587200
13541568
6790852
11899842
8106188
10711526
7432740
1463451
3796527
5198902
8611243
5698845
713564
3955355
14133842
9294922
1919012
11844721
4842325
9289634
676884
13833052
14697842
11672162
9090222
12013883
5531313
3621366
13777100
8200907
5111451
4798296
2424759
12933235
689442
10524553
4475744
184013
1947476
8769792
11806420
12934598
12974595
12993301
13876331
12265026
9390497
13813074
9455175
7292347
5605332
8414468
2490289
5021476
373243
12171473
1856108
10036906
13408938
8414652
7963898
7192230
1907983
2594606
8672127
3202340
3246413
5282448
4462728
14114096
13601970
4687219
11229544
6470307
13686462
11889131
5675936
1151630
1479268
13165146
10023650
10460358
4681132
4818242
10972135
4855791
3136349
13750379
12656133
7639286
9340921
7093236
12007239
10431955
5898357
10192290
8644108
3706368
13559806
11646321
1376333
8340662
11575437
13007369
13611466
14057899
545563
9337230
3902849
7140991
3975952
10168030
4475868
9308995
10511812
5594146
9188730
12758420
4081136
4717479
6463628
8880786
7506709
10395629
13659345
6784383
11484206
9057907
13467075
315939
6498466
11597085
4055880
14773812
268901
9656207
13444734
11186051
5942343
10569969
737622
11953658
6932057
8874145
4516197
11788189
11351075
3660355
3703699
122238
7293375
2105377
3469657
14516065
1713272
6927702
7122318
7209472
9325192
4309606
1032403
4660969
7830154
2847647
2001161
14651882
2737940
8880537
2203067
4584175
3383072
8056251
3449881
4136179
7794976
2655102
3975621
3005190
1738954
7175065
7435340
11548945
2463483
1859987
9623247
5411713
6680588
10651563
11819305
1997820
6180649
1302033
6329468
14656013
12520148
12810519
50430
8614553
8190806
1924316
7902814
4266402
8825978
7190342
7334075
10570931
1532900
6947399
7995100
2382174
9498459
2208416
10292231
4537872
1805534
401809
11696476
750483
14692849
11129644
2565996
13194091
12800194
11750193
11887745
13963203
10985661
5118971
12568420
5597954
10662167
8355340
12999435
13307815
10532189
2479453
13719748
937811
5049770
12937026
5267846
7866620
6465395
9790795
7769107
5527385
10435697
8855595
12701184
9160207
13979803
12860378
14485121
4894396
6375683
14805201
1532587
12959509
7431452
6731265
11234150
13843658
2811124
8597067
5058138
7905687
9319020
6346303
10509282
5529564
14116286
8412143
10231012
4157708
3706535
4702392
4211757
12462315
9845240
316450
1938741
12407085
7943438
411822
2535042
8881438
9665601
5668866
4787905
1720024
4592895
8566031
1148588
9386953
1004941
12953960
4201216
4295974
14291984
1392717
8619049
1360777
14932133
11812841
7757415
1137780
7466180
1981580
8385859
12051124
11545478
11970891
14845537
13101966
399284
2976485
7427687
5276698
9813569
12244736
363777
4520977
10624334
3238655
10054156
2597232
8146144
14399755
13989689
1866497
5760958
9339662
10557329
6472282
8479589
12916922
14983245
4843615
8818818
6478879
4865450
11064080
11592089
1714423
8306263
11536328
12162007
13828974
1979612
3775396
13573742
6196292
10010280
8544864
5610836
12472845
8097062
10580641
7000502
9456392
4689359
11165143
1072001
8937912
9055554
755152
4907906
2056844
3514741
127988
14030699
2712390
6643180
2412441
4695040
13046785
5523313
11803298
10240357
10935871
8827380
14983612
11358678
5714382
6110741
7972915
14472134
5158856
11509487
149360
7932757
3582958
5192682
8669486
13987969
11921199
246790
10343239
3447707
8158549
1178929
885011
6853165
13112066
8598108
9266199
8097243
3944824
2444940
8485293
7112274
10684489
3220683
8122513
14746439
9516646
8819176
7944247
9469622
7839545
1937345
12732327
6593974
8691078
10987247
11999204
1329796
13598091
7683446
9303313
12134041
1169052
12469418
12771943
12183446
6482285
6666227
12988160
5825043
8834756
3010669
7565806
6451142
10267144
935825
6334624
1366160
10361330
12457654
1718669
10575878
9117005
284199
9385267
1362952
2430916
2710979
5948432
3537771
1485095
4303439
3312956
7744914
7233525
6278342
14061561
11834621
282492
4245031
12916160
1335829
7625679
6509406
9353824
2906738
917052
1413939
11410955
11231471
4194814
13527887
11741658
8140448
156041
14123411
3027176
8221934
14556005
4058778
12884709
2353221
6878463
9902991
12415685
231393
4463434
7935085
7054472
12843851
9151862
13354877
9066600
14813
6539731
2794905
1371425
11420909
3747654
76216
10291743
3134154
5417982
6968314
13160424
8070727
3832495
7047540
1187805
5389
687570
13044547
8106675
11569919
12271420
2851750
12147969
8453804
5351480
3551256
2207142
110537
13416367
14292803
13255147
14830266
9432444
11733871
1813488
14254643
12466422
5621998
3414040
7394467
13543877
14765493
11865037
7497593
6320513
13623033
8373865
6180430
14706200
6131796
8297871
6750947
14466316
12720770
3485051
7465151
12230982
2075902
9612845
9671864
6948238
8264789
3000199
11086316
8778775
4524597
12883733
7617766
3722808
11166488
9595596
4194494
9584799
11395613
7758592
4718363
4263877
13436476
5424722
12557049
2076030
14348712
3429610
11121985
2372219
11262369
9960102
9228508
1492902
14188309
1136592
11274455
1813342
14179112
9401556
4678366
170080
5499086
3827052
3019461
1466874
7849591
11243667
5777529
8893557
8257041
4422975
8271334
6214578
13284545
10495407
2379545
10453521
2980554
14691066
3519496
12499307
13220404
3654064
1041012
14990547
9606980
12244077
7769462
8819840
460776
11130115
10460998
14939253
3872790
2593277
5924717
145580
10426707
8777048
13053917
6619142
9196931
7810529
6112960
10381705
7992531
5571582
13025456
10059158
9123593
5087242
854195
5876487
11288773
14690837
8347656
2355520
5290948
1340653
11567232
11455010
8428694
8499562
12999162
13635126
12849160
4050858
3303626
11709960
4679975
12162745
3406382
14733919
10433458
7034174
496217
14186712
5639488
7518567
10644311
7936531
6961329
7886691
4175278
7412254
11052087
5692927
12727502
2661876
9650238
10524491
13711296
2542374
6089640
6232807
7024941
4643249
8236285
2897865
5539387
7107356
8086204
7518067
5314138
13365493
6423526
5747314
14148780
1180248
4284738
7866183
12785116
7853281
1866748
9092263
8555021
10468066
6926204
3433948
168180
11864310
11537419
4081742
13917602
6815076
9664671
7440095
11974753
4281555
8707160
4544413
1072098
10434402
219166
7183725
8351300
1430434
8951667
12752788
2628288
7516120
3140380
7835013
9530187
14974119
4150766
1682900
8651430
3713044
9005643
2689292
12200430
12770968
10259768
13538363
2790025
3524308
7931406
14106054
9091310
12099819
14882428
9583169
2992182
5376083
7934736
7873246
3960875
11350558
4104883
14623119
6909172
2905221
3060588
12513650
6857368
11545994
7585026
2606214
5169649
10628941
4727969
541345
4950725
8128065
7724611
13582078
10229512
14048829
9612662
7752671
14943742
10246015
5134714
2897002
1742047
14579313
3233730
