52371
146903
266896
271012
349173
369056
569859
887431
1017525
1145000
1621602
1857782
2036934
2239332
2269160
2797095
3610421
3629172
3689892
3689894
4008794
4008869
4207488
4275599
4331901
4394093
4404114
4731221
4813714
5067132
5414642
5434064
5791164
6118419
6160389
6365916
6523665
6635755
6737534
6980809
7277294
7431230
7431233
7721277
7754637
7957522
8225568
8337245
8384217
8799608
9402587
9519527
9553791
9657807
9775326
10035561
10157063
10282278
10282281
10868010
10947800
10947813
11135222
11217120
11217349
11217696
11217744
11217750
12240307
12337873
12340994
12349743
12349780
12415985
12650742
12650744
12806567
12940018
12940024
13083289
13201138
13259048
13259050
13304667
13322649
13326265
13406266
13406374
13445786
13445809
13546466
13807146
14028665
14062188
14102104
14138603
14144864
14327593
14335199
14377748
14611217
14611564
14785589
14878619
14878639
15082017
15137077
15206449
15244176
15300152
15358138
15439963
15672991
15676393
15692400
15826597
15856213
16031832
16205234
16221591
16221596
16264720
16371668
16543368
16554283
16567189
16810457
16982230
17032617
17301625
17416973
17503569
17602764
17602771
17861013
17861025
18067262
18168881
18276019
18331120
18445508
18548283
18649213
18651957
18694657
18711212
18857896
18926415
18980747
18981179
19180059
19252105
19442049
19447577
19498525
19558215
19752772
19777253
19806382
19877853
19937126
19965460
19997729
20061860
20171791
20200357
20608674
20622770
20627800
20672719
20795846
20801676
20987906
21033526
21093297
21146476
21179001
21249913
21299806
21316688
21316720
21389894
21399789
21428558
21475024
21479407
21508707
21598064
21607197
21773920
21852242
22053468
22074427
22106672
22115789
22212779
22218100
22784569
22833621
23027088
23130755
23197884
23232113
23310583
23382704
23602628
23774446
23891866
23992300
24104014
24151849
24241579
24356566
24459020
24476945
24514611
24601157
24679930
24717020
24888625
24921515
24963497
25035583
25053045
25074758
25109313
25267118
25418773
25422480
25422485
25434286
25649426
25720179
25844612
25879192
25967559
25968670
26070421
26070438
26100332
26213453
26242271
26289122
26290033
26540593
26561852
