462
1369
1741
2343
2550
2894
3546
3900
3933
4584
5028
5706
6204
6878
6888
8647
9051
9599
9712
11065
11097
11981
12149
12365
12542
12636
12801
13612
15326
16123
16364
16388
16511
17366
18155
18997
20041
20088
20849
21865
22672
23921
23941
24477
25015
25700
26718
26720
26872
26984
27209
27324
27378
27548
28856
30366
30858
30952
31051
31844
32348
32606
32752
33325
34226
34972
35249
35625
35635
35832
36421
36660
36852
36937
37290
38379
38459
39710
39866
40162
40841
41321
41608
41638
41844
42153
43171
43235
43677
43996
44087
44175
44379
44558
44990
46020
47783
47910
48286
48635
48661
48888
50134
50376
50515
51349
51444
51641
51692
51945
53273
53408
53967
54366
54928
55332
55766
56196
56878
57507
57705
57909
57949
59481
60151
60211
60256
60290
61388
61543
61854
62914
63391
63878
65234
65386
66729
66773
67910
68054
68200
68611
68755
68923
69280
70359
70899
71464
72627
72729
72820
73900
73954
74326
74457
75408
75679
75743
76492
77813
78973
79017
79075
79318
79440
79722
79747
80706
80995
81208
81219
81558
82166
82266
82456
83366
83443
86751
87649
87891
88116
90878
91244
91379
91548
91633
91656
92257
92566
92576
93398
93493
93739
93875
93906
94389
94408
95130
95495
96042
97729
97794
97870
99140
99187
99502
99632
100031
100457
100714
101771
102742
103007
103704
104287
104427
105220
105484
105671
105722
106238
106995
108236
108383
109050
109585
111637
111971
112273
112412
113045
113316
114324
115679
116685
117528
117626
118239
118721
118789
119378
119530
119592
119938
120672
120926
121219
122506
123846
124436
124634
126067
126271
127049
127289
127425
127865
127934
128359
129045
129076
129489
129504
129908
130910
130959
130963
131243
131655
132446
132628
132675
133474
133486
133653
134810
135241
135358
135656
135741
136104
136370
136751
137067
137678
138055
138534
138615
139320
140197
140626
140640
140988
141339
141398
142090
142613
142642
142732
142972
143043
143341
143430
143706
143946
144211
145452
145518
145940
146142
146460
146970
147262
147555
147876
147964
148204
148220
148427
148630
148858
149095
149184
149327
149753
150228
150586
152187
152238
153896
154075
155254
155631
155635
155657
155872
156102
156475
157151
158760
158854
159500
159789
159792
160036
160515
160815
161340
161389
161792
162005
162465
162775
163741
164425
164448
164997
165611
166263
166313
166699
167367
167898
168283
168425
169122
169267
169452
170063
170980
171033
173660
173789
174105
174445
175496
175863
176313
177079
177590
177707
178230
178325
178602
180731
180804
180926
182294
183346
183725
184586
185251
185349
186494
187032
187909
188099
188955
189198
189261
189297
189775
190395
190808
192200
193060
194122
194269
194929
195183
195527
195633
195685
196080
197376
197563
198079
198084
198316
199103
199153
200354
200969
201551
201933
202285
202734
205478
206539
207064
207067
207383
207941
207950
208247
208279
208303
208601
208733
208783
210645
211050
211438
212024
212699
212759
212990
213028
213533
213858
214399
214458
215081
215824
216410
216485
217394
218992
219093
220159
220249
220984
221401
222758
222779
223954
224516
225518
225708
226574
227003
227167
227259
227924
228186
229132
229147
229216
230765
230942
233033
233875
234977
235030
236583
236950
237117
237338
237695
237748
238176
238399
238509
238591
239494
239676
240076
241201
242328
242646
242854
243436
243536
243688
243776
244220
246407
247016
247036
248550
248828
248964
249617
249648
249690
249953
251111
251775
252415
253639
254603
254984
255128
255220
256483
257337
257493
257686
259245
260399
260612
261556
262411
262419
263263
263814
263822
264154
265259
265731
266307
266468
267434
267655
267984
268106
268452
269117
269992
270315
270400
270695
271165
272599
273071
273174
273197
273302
274235
275434
276201
276387
276463
277021
277700
279017
279061
279530
279577
279716
280138
280541
282008
282524
283343
283919
284821
285300
286149
287006
287330
288905
288952
289339
289656
290771
290961
292972
293708
294654
295205
295636
295797
295816
296004
296076
296098
296118
296533
296542
297470
297696
298427
298589
298842
298851
299093
299180
299702
300040
300308
301031
301531
302111
302126
302532
303116
304639
304954
305320
305762
305793
305976
305999
306050
308010
308599
309298
309325
309644
310884
311022
311226
312388
312631
313224
315530
315732
315940
316484
316489
316821
316981
317107
317455
317466
317685
317725
317987
318456
318908
319204
320538
322020
323406
323795
324258
324563
324696
325263
325385
325880
325942
325954
326040
326457
327070
327097
327813
327925
328045
328569
328882
329675
330338
331185
331967
332133
332474
332750
332980
333073
333268
333621
333896
334061
335054
335744
336527
336645
337743
337971
337994
338209
338540
339624
339965
340421
340955
343347
343986
344363
344748
345397
346121
346127
346180
346772
346894
347044
347888
348339
348387
349068
349158
349918
349940
350543
351151
351603
351790
352395
352717
352720
352941
353111
353757
355006
355016
355376
357106
357615
359240
359820
359899
360498
360524
360536
360976
361024
361536
362302
362359
362658
363358
363743
363936
364558
364917
366144
366214
366701
367026
367239
368055
368122
368368
368505
369771
370029
370714
370991
371055
371128
371136
372016
372401
372451
373154
374018
374231
374402
375214
377504
378038
378835
381586
381873
382541
382943
383290
383403
383836
384406
384467
385499
386451
386549
386590
386728
387078
387421
387817
388256
388600
389862
390353
390373
390790
391294
391523
392125
392181
392713
393019
393720
394365
394656
394768
395829
395843
396329
396929
397561
397685
397855
398797
399357
399541
401133
401658
401791
402120
402789
403008
403033
403371
403394
403395
403556
403895
403927
404963
406894
406999
407589
407710
408224
409113
409374
409574
410180
411199
412390
412759
412851
413326
413606
414374
415623
415929
416022
416023
417102
417157
417279
417301
417750
418333
418959
420405
420801
421235
421416
422647
423965
424869
424972
425200
426291
427575
428063
428701
430845
431120
436095
436821
437899
437998
438052
438632
439677
439751
440541
440826
441011
442497
442949
443376
443488
444051
444079
444622
444794
447087
447193
447387
447805
448135
448152
448456
448894
450542
450621
451313
451612
451702
452288
452389
453075
453961
454631
455065
455486
456824
458111
458260
458323
459095
459640
460551
460793
462955
463738
463752
464029
464168
464967
465194
465429
465470
465494
466163
466563
467028
467959
469386
469898
470509
470590
470645
470920
472671
473034
473098
473153
473606
473698
474227
474735
474955
475407
476130
476359
476386
477890
478124
478804
478995
479106
479459
483348
483964
484601
484702
485467
485503
486137
486572
486614
486748
488847
489707
490363
490714
490898
491259
491415
492038
492430
492487
492829
493393
494094
494101
494323
494652
494677
494899
495141
496557
499107
499430
500153
501611
501843
502008
502200
502224
502274
502309
502487
502708
502857
503643
503680
503746
504699
504856
505628
506128
507085
507777
508732
509178
509468
509834
510218
510342
510508
510623
510779
511003
511990
512657
513157
513688
513854
514136
514276
514350
514408
514554
516151
516291
516496
516628
516709
517142
517409
517848
517872
518287
518813
519166
519287
519471
519996
521204
522024
522250
522460
522626
522855
522922
523357
523361
523397
523577
524375
525240
525525
526544
527743
527746
527993
528002
528079
528383
529504
529509
529510
530238
530278
531650
532455
533769
534601
535123
535268
535516
536179
536411
536859
537329
537436
538729
539429
540221
540477
541310
541984
542185
542437
542699
543390
544300
544477
545057
548706
549093
549335
550052
550079
552096
552470
553051
553886
553930
554748
555800
557359
557508
557779
559156
559377
559443
559610
559623
559752
561983
562731
562917
563169
563341
563997
564499
564518
565365
565420
565860
566152
566457
566697
567911
568124
568258
568377
570480
571100
571958
574849
575453
576006
577329
577924
579220
579977
580381
580502
580735
581599
581942
583016
583191
583356
583648
583847
583969
586710
586899
587905
588532
588876
589040
590347
590757
590963
591429
591927
592472
594216
594269
594281
594404
594592
594776
595364
595404
595580
596644
597072
597398
597924
599237
600242
600393
601824
601884
601978
602829
603311
603555
605197
605639
605918
606614
606850
607789
607916
608146
608520
609070
609260
609963
610168
610366
610455
610607
610839
611126
611921
612212
612264
612507
613484
613785
615161
615271
615374
615561
615907
616043
616795
617271
617294
617727
617906
618103
618980
619077
619490
620250
620876
621139
622661
622936
623268
623777
624575
626606
627338
627818
630597
630609
631041
631501
632049
633376
633713
633833
634349
634452
636301
636604
636659
637188
637926
638124
638203
638616
640169
640711
640867
641330
642276
642610
642795
642808
643066
643118
643973
644291
644737
645120
645801
645878
646881
647267
647359
647773
647950
647962
648974
649075
649185
651043
651560
653644
653680
654386
658116
658127
658669
658702
659655
659768
661897
662621
662757
662765
663502
663533
663718
665156
665259
665733
665973
666174
666432
667562
667708
667823
668113
669046
669593
670489
670558
671424
673190
673327
673434
674150
675533
675873
676918
677132
677362
677841
678172
678697
679126
679390
679446
680433
680640
682290
682453
683029
683312
683704
683710
685159
685844
686535
687038
687906
690707
690773
691683
692014
693135
693804
694291
694402
694812
694998
695432
695647
696951
698041
698464
698884
699017
699188
699355
701010
701392
701413
701612
702229
702867
704895
705091
705402
705464
705722
706158
706390
706682
709170
709538
709991
710213
710366
710953
711435
712370
713708
714729
715237
715844
716014
716988
717839
718590
720312
720986
721125
721503
722025
722214
722301
722675
722683
724293
725594
725757
726283
726701
726830
726977
728655
728932
729809
730341
731645
731775
731930
732250
733180
733675
734424
735040
735045
735752
735950
738126
738681
738830
738837
740143
740542
740695
740938
742759
742851
742914
743498
743554
744180
744679
744718
745598
745649
748005
748126
748490
748800
749002
749907
750730
750815
751874
752701
753070
753522
753615
754503
754667
754805
754819
756548
756582
757180
757494
757533
757901
758992
759003
759154
759262
760019
760810
761688
762709
762852
763004
763218
763422
763607
763675
764251
765106
765281
765672
766882
766913
767663
767682
767893
767937
769531
771389
771603
772341
772418
772599
772849
773621
774437
775267
775449
775596
775959
776118
776233
776314
776630
777034
777613
777753
777957
778253
778713
779262
780752
780823
781443
782207
782468
783009
783034
783199
783917
784492
784690
784774
785333
785374
785448
785781
785970
786001
786273
786502
786663
787361
787699
788427
789079
789534
789561
789886
789975
790237
790829
790925
791277
791289
792098
792237
792330
792348
793055
793526
794554
795227
795259
796247
796574
796893
797205
797447
798133
798191
798341
798586
798994
799169
799377
799597
800225
800555
801842
802038
802229
803230
804219
806035
807129
809970
810284
810413
810940
811597
812452
812511
812871
813150
814301
814678
814761
817469
817537
818400
818752
819418
820252
820349
821120
821544
822225
822400
822431
822709
823974
825495
825578
825999
826119
826165
826208
826464
827147
827202
827420
827665
828860
831455
832555
832996
833505
833811
833974
834238
834421
834503
834761
835317
835322
835505
835575
837192
838640
839128
839180
839978
840382
840958
841727
843326
843952
844313
844358
845418
846152
848255
848709
849131
849285
850945
851961
852200
852278
852549
852587
854255
855106
855122
855883
856036
856622
857226
857608
857641
857875
858870
859384
859825
860267
860586
860916
861372
862232
864654
864678
864975
865453
865877
865914
866749
866890
866986
867390
868011
868249
868398
868806
869400
870396
870596
871355
871677
872329
873406
873689
876225
877472
878941
879748
879921
880363
880806
882047
882821
882848
884486
885377
885627
885850
886018
886054
886698
886970
887151
887708
887953
888249
888289
888326
888556
888641
888707
889261
889507
890033
891020
892198
893120
893356
893887
895567
895909
896408
896458
896793
897428
897729
899830
900738
900911
901472
901724
901874
901886
902152
902251
902877
903136
903512
903771
903904
903964
904385
904700
904798
905398
905460
907295
908017
908025
908374
908572
909626
909732
909999
910132
910863
911262
911780
912292
912416
912847
913315
913889
914165
914420
914725
914817
914907
915337
915930
917173
917266
917775
918188
920004
920579
920715
920786
921511
921661
921946
922828
922974
923642
924102
924434
924991
926881
928708
928948
929000
929359
929642
929875
930483
931312
932067
932457
932706
932811
933904
935033
935050
935400
935566
937777
939313
939318
939474
939576
939609
940348
940550
941093
942231
942313
943071
943630
944050
944289
946910
947009
947109
948368
948728
948800
949070
949473
949628
949652
949976
950305
950331
951036
951105
951345
953164
953282
953607
953921
954229
956857
958090
958732
958923
959761
960986
961583
961710
962057
962180
962939
962950
963799
964204
964768
965706
965873
966047
966687
966898
967256
967409
967571
968469
968535
968585
968735
968826
971067
971359
972397
972474
972738
973487
973749
974532
974828
976966
977106
977178
977851
977856
978740
978985
979775
980308
982054
983129
983421
983579
983936
984374
985587
986793
987556
988049
988076
988217
988775
989857
990325
991424
992415
992741
993156
993228
993765
994078
995040
995246
996509
999821
1000197
1000372
1000681
1001436
1002978
1003647
1004157
1004576
1005676
1005713
1005747
1006573
1007663
1007727
1007919
1008585
1009915
1009944
1010238
1010514
1010738
1010766
1011354
1011618
1011664
1013083
1013323
1013598
1015002
1015200
1015338
1016526
1017028
1017393
1017450
1017803
1017860
1018826
1018932
1018989
1019995
1020134
1020384
1021178
1021910
1022164
1022673
1022737
1023156
1023329
1023936
1024137
1024948
1025085
1025165
1025356
1026129
1026829
1026895
1027893
1027944
1028329
1028471
1028709
1029191
1029591
1029794
1029839
1030685
1031294
1031945
1033924
1034245
1035640
1035797
1035807
1036292
1037161
1037190
1038077
1038456
1039011
1039399
1040779
1040840
1042686
1043154
1043188
1043598
1044168
1044213
1044723
1044765
1046360
1046648
1047010
1047665
1047712
1048083
1048932
1052623
1053775
1054981
1055479
1056465
1056975
1057351
1058101
1058172
1058680
1059473
1060375
1061820
1062179
1062365
1062396
1062447
1063112
1065766
1066231
1067563
1067742
1067756
1068192
1068524
1068544
1068678
1069178
1069182
1070019
1070913
1071994
1072444
1072474
1072940
1073062
1074452
1076245
1076363
1077276
1078080
1078292
1079072
1079128
1079409
1079625
1081745
1081938
1082086
1082766
1083489
1083937
1084172
1084338
1084459
1084683
1085880
1086017
1087637
1088308
1088371
1088399
1088688
1088861
1089325
1091012
1091252
1091419
1091718
1091825
1091899
1092083
1092290
1092504
1092646
1092678
1092781
1092937
1093553
1093582
1093883
1095879
1096205
1096450
1096561
1097342
1097801
1097874
1097879
1098180
1098332
1098424
1099809
1100076
1100727
1101410
1101586
1102375
1102788
1102878
1102883
1103706
1104498
1104507
1105463
1105576
1105621
1105968
1106043
1106189
1106755
1107011
1107100
1107862
1107908
1108320
1108458
1108962
1109235
1109733
1110169
1110246
1110753
1110961
1112002
1112152
1112795
1113034
1113326
1114041
1114456
1115351
1116195
1116317
1116366
1117267
1117808
1119264
1119403
1119701
1119903
1120421
1120521
1121371
1122324
1124729
1125569
1125638
1125880
1126414
1127131
1127658
1127705
1128001
1128017
1128129
1128452
1128638
1130044
1130780
1130895
1131180
1131205
1131400
1131708
1132003
1132717
1133333
1133849
1134623
1134774
1134890
1134997
1135046
1135369
1135716
1136132
1136356
1137472
1137803
1137869
1138505
1138793
1139368
1140716
1140932
1141203
1141262
1141538
1141790
1142289
1142302
1142919
1142953
1143052
1143453
1143660
1144533
1144557
1144682
1144684
1145110
1145285
1146962
1147859
1147973
1148362
1148591
1148789
1148916
1149097
1150665
1151451
1152018
1152200
1152337
1153343
1153713
1154145
1154565
1155420
1155422
1156828
1157242
1157594
1157978
1158211
1158827
1158976
1159413
1160205
1160555
1160660
1162318
1162995
1163596
1163826
1163860
1164458
1164607
1164863
1164954
1165621
1165750
1166168
1166255
1166801
1167347
1167407
1168354
1168393
1168882
1168934
1168977
1169660
1170251
1170577
1170874
1171068
1171521
1171732
1172129
1172983
1174142
1174742
1174966
1175798
1176546
1176693
1177264
1177502
1177538
1177760
1178366
1178911
1179260
1179950
1180241
1180508
1180649
1181239
1181328
1181604
1182585
1182870
1183350
1183734
1183745
1183867
1184062
1184138
1184695
1186837
1187391
1187467
1188099
1188316
1188359
1189061
1189253
1189377
1189673
1189741
1190701
1191896
1191928
1192241
1192313
1192504
1192752
1194382
1194433
1194627
1195688
1195974
1195981
1196853
1197080
1198131
1198902
1199897
1200323
1200484
1200716
1201550
1201575
1202088
1202408
1202947
1203109
1204188
1205761
1205872
1205907
1206015
1206025
1206719
1207352
1207509
1207594
1207627
1208061
1208245
1208497
1208769
1209087
1209298
1209571
1209770
1209802
1209834
1210608
1211228
1211771
1211972
1212020
1212275
1213126
1213415
1214232
1214543
1214936
1215111
1215184
1215605
1216034
1216374
1216945
1217040
1218881
1219021
1219800
1220642
1220907
1221082
1221809
1222290
1222389
1222669
1222923
1224133
1224153
1224885
1225732
1226503
1226628
1226768
1226896
1226947
1227373
1227683
1227707
1228300
1228773
1229022
1229239
1229651
1229658
1229774
1230664
1230785
1230869
1231191
1231988
1233488
1234314
1234961
1235752
1236740
1236893
1237361
1238328
1238785
1239917
1240246
1240657
1240685
1240742
1240769
1242730
1242861
1243137
1243231
1243798
1245405
1245459
1245638
1245862
1247490
1247834
1247931
1249029
1249254
1249787
1250036
1250832
1251096
1251641
1252391
1252407
1252438
1252911
1254186
1254492
1254540
1254643
1255910
1256087
1256699
1257053
1257579
1257584
1257949
1258240
1258830
1258926
1259352
1260835
1262133
1262166
1262310
1262484
1262710
1263332
1263628
1263752
1264072
1264327
1264339
1265637
1267353
1268705
1269237
1269313
1269933
1270696
1270706
1270856
1271439
1272529
1273159
1273824
1273907
1274410
1274769
1276792
1277252
1277610
1277756
1278283
1278334
1278940
1279379
1280438
1281264
1281376
1281648
1281889
1281911
1282183
1283484
1284248
1285064
1285535
1285693
1286034
1286320
1286841
1287476
1288241
1288265
1288293
1288388
1289208
1289334
1290149
1290232
1290563
1290577
1291307
1291863
1292188
1293271
1293815
1294995
1295510
1296370
1296405
1296519
1296685
1298646
1298780
1299176
1300491
1300987
1301475
1301707
1301754
1302769
1305145
1305595
1305694
1306600
1308564
1309154
1309391
1309539
1310172
1311309
1311717
1311832
1312005
1312029
1312285
1312355
1313298
1313671
1314303
1315420
1315830
1316436
1317026
1318323
1318511
1318550
1318689
1318878
1319549
1319620
1320839
1321055
1321367
1321827
1322052
1322488
1323158
1323330
1324175
1324858
1325168
1325762
1326004
1326314
1326464
1326845
1327368
1327948
1327962
1328875
1330684
1331238
1331276
1331572
1332193
1332446
1334104
1334129
1334256
1334402
1334550
1334750
1334949
1335725
1336498
1337170
1337526
1337576
1337714
1337852
1338446
1341630
1342069
1343580
1344081
1344496
1344952
1345179
1346045
1346510
1347043
1347170
1348125
1348220
1348222
1348520
1349585
1350650
1351349
1351690
1351814
1352095
1352943
1352989
1353432
1354301
1354523
1354860
1355365
1355873
1355916
1356434
1356557
1357027
1357135
1357918
1358638
1359177
1360079
1361952
1363527
1363706
1364855
1365128
1365619
1365941
1366327
1366505
1367665
1367717
1367912
1368204
1368652
1369140
1369202
1370153
1371765
1372661
1372801
1372964
1373099
1373477
1373851
1374178
1374795
1375776
1376013
1376061
1376331
1377265
1377526
1378517
1378562
1379046
1379919
1380625
1380986
1381182
1381223
1381405
1382417
1382623
1384867
1385008
1385092
1385573
1385625
1386124
1386352
1386545
1386670
1386820
1387452
1387485
1387852
1387931
1388042
1388362
1388591
1389083
1389763
1389918
1389940
1390204
1390340
1390353
1390528
1391621
1391624
1391791
1392006
1392217
1392900
1393109
1393901
1393939
1394030
1395185
1397653
1397706
1399111
1399763
1400155
1400956
1401685
1402022
1402395
1402555
1404431
1404986
1405565
1405688
1406367
1406814
1407425
1407797
1407937
1409067
1409207
1409276
1410071
1410236
1410449
1411770
1412640
1412975
1413228
1413475
1413588
1414524
1414957
1415086
1415105
1415173
1415330
1416081
1416713
1416986
1417929
1418235
1418416
1419065
1419742
1420051
1420364
1421111
1421817
1422762
1423101
1424130
1426742
1426814
1426833
1427256
1427531
1427746
1428201
1429082
1429343
1429375
1429462
1430037
1430429
1431563
1431945
1432211
1433503
1433539
1433776
1434056
1434988
1436987
1438144
1440686
1440784
1443202
1443431
1443944
1444217
1446192
1446591
1447929
1448251
1448403
1448752
1449351
1450307
1451639
1452256
1452652
1453129
1454121
1455461
1455509
1455677
1455964
1456204
1456313
1456674
1456775
1457580
1458033
1458050
1458209
1458403
1458609
1459614
1459763
1459851
1459894
1459921
1459961
1460008
1460199
1460267
1462010
1462769
1462872
1463143
1463741
1464161
1465323
1465944
1466214
1466591
1466861
1467802
1468017
1468354
1468432
1469192
1469685
1470667
1471465
1471864
1471948
1472096
1473145
1473177
1473485
1473559
1473672
1473801
1473859
1473995
1474422
1474995
1477112
1478225
1478460
1479091
1479814
1479894
1480528
1480932
1481581
1481876
1484154
1484197
1484904
1485669
1487070
1487257
1487447
1488757
1488989
1489082
1490981
1491184
1491709
1492262
1492645
1493126
1493432
1493471
1493903
1494276
1496366
1497606
1497823
1498397
1498428
1498846
1498883
1499797
1501163
1502392
1504178
1504983
1505347
1505698
1505735
1505746
1505825
1506673
1507589
1507849
1508269
1510148
1510342
1513131
1513636
1514439
1514865
1516578
1517222
1517239
1517256
1517261
1517273
1518142
1518975
1520267
1520993
1521744
1521793
1522339
1522551
1522552
1522856
1523026
1523282
1524224
1524595
1524781
1524998
1525249
1525751
1526043
1526330
1526384
1527421
1527509
1528967
1529140
1529381
1529615
1530552
1530655
1531460
1531932
1532249
1532763
1533948
1533974
1534174
1534476
1534680
1535053
1535503
1535752
1536987
1537483
1537647
1538544
1538789
1539061
1539098
1539119
1540550
1540819
1540898
1541177
1541358
1542020
1542517
1542732
1543453
1544384
1544528
1544661
1544871
1545044
1545669
1546709
1546996
1548705
1549143
1550483
1550667
1551200
1551222
1551478
1552568
1553489
1553603
1554125
1554165
1554360
1554672
1555511
1555731
1555742
1556271
1556367
1556515
1556598
1557261
1557539
1557993
1558182
1560688
1560828
1561207
1561265
1561566
1562026
1562098
1562241
1562486
1562795
1562965
1563508
1564324
1565455
1565986
1566160
1566700
1568613
1569031
1569372
1569889
1569900
1569954
1570019
1570610
1570803
1571154
1572029
1572552
1572799
1572966
1573337
1573717
1574128
1574362
1574500
1574823
1575692
1577338
1577825
1577977
1578140
1578425
1579768
1579857
1579870
1580339
1580797
1581239
1581245
1581375
1581397
1581525
1581888
1583385
1583675
1583895
1584872
1585882
1586044
1586530
1587437
1587464
1588111
1589652
1589714
1590433
1590620
1590719
1590897
1591581
1591881
1594424
1594562
1594630
1595238
1595399
1596284
1596907
1597166
1597282
1597531
1598199
1599426
1600085
1600811
1601107
1601464
1601518
1601544
1602146
1602167
1602858
1602865
1603387
1603466
1603491
1604128
1604195
1605865
1606859
1606994
1607214
1607282
1608874
1608928
1609268
1609622
1610015
1610775
1611738
1612207
1612665
1612885
1612935
1612986
1613187
1613195
1614308
1615498
1615898
1616328
1616903
1617060
1617268
1617291
1617733
1618733
1620069
1620184
1620628
1620700
1621688
1621761
1622067
1622329
1622614
1623434
1623522
1624707
1624881
1625024
1625179
1625640
1625810
1626064
1626825
1627355
1627688
1627887
1628144
1628249
1629233
1629243
1629380
1629630
1629685
1630032
1630136
1630732
1630821
1631296
1631380
1631485
1631563
1631807
1632238
1632455
1633414
1633511
1633947
1634253
1634257
1634424
1634671
1634700
1634768
1636082
1636931
1638166
1639131
1639333
1640016
1640998
1641107
1642992
1643681
1645439
1645467
1645471
1645528
1645621
1645690
1646042
1646743
1647381
1647547
1647760
1648008
1648406
1648514
1648799
1649025
1649336
1649905
1650062
1651656
1651838
1651956
1653363
1653888
1654090
1654285
1655174
1655387
1657762
1658209
1658478
1659333
1659607
1659809
1660841
1660888
1662060
1662146
1662319
1662404
1662695
1663476
1664952
1666836
1666913
1666991
1667054
1669194
1669285
1669602
1670241
1670309
1670447
1670492
1671779
1671914
1671985
1672223
1672322
1672536
1672593
1672711
1673162
1673460
1673470
1674326
1674617
1675001
1675089
1675171
1675974
1676046
1676280
1676507
1676707
1677721
1678235
1678387
1678816
1679430
1680213
1680400
1680475
1683309
1684219
1684229
1684244
1684297
1684448
1684475
1684727
1684728
1685175
1685883
1686489
1686796
1686907
1686940
1687124
1687845
1688575
1689423
1689794
1690002
1690209
1690252
1690758
1691197
1692979
1693453
1694230
1694328
1694992
1695177
1695757
1696558
1697131
1697503
1697810
1698230
1698297
1698424
1698789
1699921
1700554
1700609
1702710
1702881
1703678
1704047
1704273
1705886
1706211
1707281
1707496
1707570
1707952
1708307
1708486
1708645
1709087
1709099
1709958
1710013
1710025
1710144
1710185
1710621
1710649
1710691
1711383
1711438
1711462
1712339
1712369
1712632
1712843
1713461
1713516
1713555
1713577
1713808
1716004
1716742
1716969
1717100
1717746
1718526
1718632
1719126
1719282
1719525
1719996
1720106
1720288
1721968
1722192
1722728
1724210
1724391
1724494
1724649
1725306
1725418
1726375
1726455
1727723
1728130
1728730
1728771
1728845
1728950
1729311
1729662
1729766
1729956
1730051
1730448
1730584
1732009
1732380
1732922
1733389
1733481
1733660
1733690
1733821
1734674
1736039
1738132
1739066
1740469
1740839
1741170
1741776
1742565
1742968
1743026
1743715
1743953
1744600
1745259
1745658
1746676
1746725
1748151
1748584
1748618
1748750
1748773
1748805
1749151
1750398
1750539
1751445
1751988
1754043
1754192
1754869
1755028
1755348
1755769
1755810
1755934
1756161
1756602
1756670
1756851
1757042
1757554
1757722
1757800
1757910
1758297
1758705
1759529
1759679
1760053
1760145
1760212
1761356
1761660
1761983
1763525
1763944
1765534
1766111
1766894
1766929
1767085
1767304
1769183
1770211
1770784
1771360
1772889
1773137
1773225
1774347
1774367
1774886
1775545
1775732
1776210
1776802
1777473
1777511
1778294
1778582
1779432
1779556
1780052
1780978
1781487
1781951
1782827
1782960
1784788
1787563
1788968
1789066
1790227
1790688
1790984
1791037
1791191
1791784
1792770
1793157
1794123
1794374
1794726
1794973
1796512
1796542
1799536
1799660
1800432
1800850
1801155
1801231
1801967
1802862
1803641
1803908
1804031
1804301
1805858
1805927
1806276
1807106
1807371
1807443
1808050
1808194
1808282
1808751
1809199
1809536
1810636
1810809
1811271
1811645
1813479
1815375
1815406
1815428
1815786
1816156
1816452
1816591
1816863
1817432
1818041
1818750
1819053
1819407
1820244
1820516
1820591
1821135
1821760
1822127
1823074
1823869
1823874
1824481
1824716
1824739
1825054
1825507
1825527
1826740
1826844
1826897
1827303
1827442
1827474
1827886
1827931
1828659
1828994
1829058
1829155
1829265
1829445
1830034
1831088
1832085
1832255
1833187
1833413
1836121
1837127
1837593
1838119
1838160
1838258
1839691
1841137
1841163
1841529
1841688
1842051
1842279
1842737
1842984
1843076
1843556
1843828
1844586
1845862
1846100
1846556
1846760
1847214
1848293
1848676
1848831
1849521
1851240
1851710
1851820
1852665
1852694
1853472
1853496
1853890
1853962
1854093
1855467
1855559
1855808
1856170
1856617
1856660
1857779
1859464
1860386
1860527
1860876
1860908
1860984
1861157
1861174
1863300
1863345
1863689
1863974
1863986
1864111
1865234
1865390
1865553
1866306
1867134
1867514
1867867
1868514
1868773
1869181
1869276
1870604
1870699
1871029
1871907
1871945
1872409
1872721
1873075
1873146
1873261
1873312
1873773
1875600
1876023
1876382
1877420
1877627
1878689
1878918
1879457
1879661
1879733
1882208
1882940
1883014
1883579
1884738
1884789
1884823
1885116
1885731
1886092
1886609
1886720
1888431
1888498
1888557
1889045
1890211
1890230
1890752
1891729
1892270
1892287
1892587
1893173
1894114
1894214
1894428
1894467
1894709
1894955
1895465
1895959
1896519
1896649
1896772
1897048
1897363
1897382
1898116
1898838
1898853
1899728
1900395
1900516
1900690
1901060
1902453
1902599
1902932
1903192
1903913
1904129
1904288
1907277
1908387
1908703
1910320
1910730
1910854
1910863
1911159
1911176
1911575
1912063
1912461
1914297
1914785
1914869
1915431
1916378
1917579
1918213
1918512
1918557
1919696
1919720
1920158
1920695
1921095
1921894
1922616
1922980
1923052
1923106
1923977
1924229
1924716
1925178
1925380
1927009
1927500
1927569
1927861
1927990
1928066
1928206
1929529
1930408
1930850
1931134
1931820
1932215
1932317
1933423
1934962
1936051
1938803
1939895
1940279
1941371
1941576
1941637
1942006
1942135
1942305
1942476
1942863
1943499
1944678
1944827
1944848
1945300
1945620
1945631
1945762
1947055
1947365
1947490
1948030
1948197
1948261
1948430
1948570
1949197
1949376
1951274
1951309
1951734
1951814
1951818
1952285
1953750
1954577
1954608
1955412
1957231
1957517
1957745
1958039
1958884
1958956
1959019
1960302
1960631
1960765
1960893
1961055
1961919
1962091
1962698
1963393
1963712
1964202
1964591
1964758
1965068
1966512
1966660
1968447
1968562
1969187
1969366
1969854
1969930
1970174
1970843
1971002
1971989
1972350
1972689
1973001
1973283
1975080
1975334
1975872
1975923
1976231
1977274
1977316
1977765
1978917
1979164
1979337
1979994
1980288
1980379
1981457
1982513
1983126
1983182
1983296
1983530
1983659
1983778
1983846
1984100
1984191
1984218
1985344
1986544
1987745
1988489
1988708
1989344
1989569
1990019
1990108
1990901
1991067
1991237
1991244
1991324
1991348
1991463
1991642
1991644
1992094
1993182
1993329
1993395
1993594
1993783
1994328
1995579
1995778
1995950
1996332
1996542
1996926
1997027
1997368
1997413
1998098
2000054
2000295
2001211
2001427
2001563
2001867
2002932
2003732
2004382
2004719
2006294
2006376
2006974
2007494
2007616
2007679
2008630
2008785
2008872
2009073
2009768
2010243
2010256
2010643
2011135
2012219
2012830
2013482
2013965
2013973
2014719
2015379
2015876
2016006
2016174
2016360
2016650
2016684
2017924
2018145
2019176
2020024
2021850
2021941
2022632
2025265
2025427
2026481
2026642
2026731
2027102
2027173
2027743
2027792
2027907
2028670
2029097
2030378
2030819
2030923
2031984
2032070
2032911
2033201
2034521
2035067
2035102
2035167
2035573
2036900
2037887
2038028
2038275
2038850
2039861
2040295
2040822
2041021
2041903
2042026
2042273
2042838
2042867
2043147
2045970
2047556
2049014
2049887
2050384
2051183
2051562
2051723
2051924
2052345
2052457
2052961
2053031
2053334
2053340
2053721
2054648
2055824
2056321
2056651
2056690
2057299
2057537
2057737
2058115
2060257
2061202
2061833
2062247
2062440
2062813
2063060
2063067
2063801
2064200
2064347
2064529
2065782
2066027
2066129
2067421
2068541
2068963
2069071
2069638
2071063
2071940
2072281
2072596
2072840
2075289
2077134
2077481
2077680
2077878
2078073
2078465
2078648
2079612
2080486
2081559
2082133
2082325
2082554
2084920
2085627
2085950
2085979
2086310
2086367
2086404
2086506
2086560
2086865
2087130
2087730
2088105
2088159
2089355
2090610
2090618
2091075
2091394
2092124
2092683
2093524
2095063
2095125
2095818
2096219
2096901
2097224
2097350
2097373
2097420
2097585
2097671
2098765
2098830
2100790
2100809
2101516
2101930
2103023
2104042
2104078
2104421
2105466
2106268
2106298
2106325
2107051
2107090
2107527
2108037
2108626
2109180
2110318
2110538
2110644
2111164
2111332
2111571
2111636
2111844
2112527
2112688
2113502
2114268
2114381
2114449
2116386
2116410
2116412
2117062
2117535
2120484
2121023
2121350
2122196
2123973
2124745
2125638
2126016
2126863
2127667
2128579
2128827
2129117
2129651
2130068
2130141
2130642
2130907
2132055
2132459
2132742
2132843
2133994
2134243
2134404
2135768
2135772
2136258
2136831
2136910
2136969
2137043
2137203
2137453
2137549
2138078
2138876
2139632
2140085
2140207
2141780
2141948
2142459
2142925
2143253
2145074
2145432
2146030
2147481
2148324
2148835
2149206
2149952
2151213
2153394
2153807
2154818
2154976
2154996
2156149
2156924
2157331
2157575
2157771
2158421
2159111
2159143
2159587
2159889
2160832
2161137
2161525
2161539
2161566
2161742
2162331
2162811
2162913
2164031
2164045
2164068
2164485
2164544
2164742
2164745
2164880
2164916
2165128
2165196
2166879
2167077
2167337
2168204
2168485
2169123
2169602
2169778
2169792
2169798
2171093
2171915
2172033
2172288
2172996
2173055
2173276
2173616
2174808
2175316
2176516
2176682
2176939
2177117
2177481
2177502
2177576
2178422
2178493
2178608
2178709
2179680
2179872
2180481
2181087
2181768
2182788
2183500
2183833
2183864
2185778
2186576
2187636
2188103
2188702
2189318
2189516
2189789
2189949
2190506
2191324
2191963
2193141
2195236
2195399
2195656
2195963
2196568
2197581
2198336
2198470
2199242
2200352
2200555
2200563
2200606
2200779
2200846
2200993
2201595
2201626
2202135
2202267
2202336
2203459
2204161
2204410
2204451
2204820
2205296
2205810
2205877
2205901
2206336
2206509
2207734
2208066
2208509
2208838
2208888
2209790
2210233
2210604
2211226
2212155
2212394
2212506
2212532
2212699
2213738
2213778
2215585
2216079
2216612
2216678
2216865
2217348
2217534
2217988
2218903
2218971
2219600
2220025
2220671
2221168
2221531
2222097
2222429
2223783
2223834
2224322
2224538
2225036
2225606
2225978
2226812
2227321
2228776
2228835
2229924
2230182
2230992
2231298
2231912
2232223
2233039
2234610
2236173
2236767
2236867
2237009
2237056
2237375
2237666
2238920
2238948
2239345
2239427
2240023
2240068
2240162
2240501
2241510
2241561
2241773
2242006
2242182
2242877
2242957
2243852
2244231
2244541
2245073
2245288
2245506
2245516
2246619
2246820
2246980
2247086
2247349
2247907
2248165
2248723
2248737
2248793
2249322
2249830
2250511
2250777
2251151
2251507
2251677
2251715
2252095
2253736
2253797
2253961
2254055
2254484
2255845
2256866
2257785
2257824
2258639
2259149
2259382
2260798
2260868
2261911
2261955
2262785
2263464
2264707
2265293
2266068
2267728
2268002
2268287
2269104
2269387
2270387
2270941
2271124
2271333
2271705
2271967
2272408
2273010
2274263
2275287
2275395
2275420
2276626
2276880
2277378
2278627
2278952
2279318
2279597
2280144
2280295
2280806
2280882
2280906
2280921
2281757
2282459
2282820
2283033
2283042
2283425
2283750
2284802
2285157
2285536
2285791
2286423
2286427
2286505
2286565
2286636
2286985
2288013
2288121
2288186
2288220
2290393
2290985
2291019
2291091
2291206
2291286
2291802
2292869
2294460
2295128
2295268
2298434
2299370
2299490
2299655
2299847
2299890
2300068
2300193
2300456
2300812
2301520
2302100
2302127
2304069
2304926
2304957
2305191
2306017
2306501
2306559
2306926
2307503
2307690
2308643
2309008
2309293
2309502
2309846
2310012
2310014
2311037
2311834
2313060
2313858
2314856
2315485
2315487
2315593
2315666
2315747
2316147
2317693
2319191
2319527
2319777
2320345
2320439
2320977
2321859
2323439
2324231
2325426
2325580
2326170
2326927
2327366
2327681
2328704
2328822
2329460
2329963
2330026
2330071
2330156
2330446
2330662
2331292
2331632
2332526
2332780
2333391
2333503
2333783
2334271
2334904
2335156
2335322
2335552
2335818
2336080
2336397
2336614
2336975
2337058
2338341
2338486
2339589
2339947
2341308
2341767
2341971
2342253
2342661
2343528
2345002
2345653
2346096
2346383
2346406
2346518
2346598
2346989
2348458
2348586
2349097
2349300
2349673
2350300
2351153
2351357
2352386
2354341
2354645
2354833
2354950
2355094
2355466
2355712
2357213
2357248
2358868
2358870
2359974
2360242
2361559
2362401
2363356
2363992
2365226
2365396
2365408
2365602
2366660
2366729
2367054
2367589
2367675
2367720
2368520
2369286
2369845
2370194
2371031
2371075
2372146
2372274
2374955
2376518
2377149
2380123
2381255
2381261
2381335
2381734
2382488
2382820
2383174
2383849
2383984
2384655
2384862
2384904
2385699
2386383
2386952
2387661
2387788
2388401
2388678
2388684
2391091
2391174
2392050
2392202
2392610
2392762
2393225
2393295
2393344
2393921
2395082
2396189
2396575
2396739
2397175
2397728
2398849
2399204
2399443
2399833
2401305
2401976
2402911
2404350
2404636
2404848
2406434
2406550
2406571
2406696
2407185
2407446
2407757
2408316
2408385
2409229
2409230
2410143
2410386
2410546
2411195
2411399
2411514
2414641
2414870
2414944
2415649
2415930
2416107
2416328
2416687
2417096
2417168
2417677
2418443
2419158
2419283
2420196
2420418
2422044
2422313
2423803
2423907
2423925
2424314
2424506
2425585
2425742
2426221
2426385
2427135
2428163
2428952
2429929
2431116
2431537
2432366
2432448
2434032
2434219
2435038
2435142
2435182
2435916
2436514
2437028
2437900
2438355
2438374
2438967
2440909
2441032
2441122
2441163
2441263
2441695
2441730
2441931
2442105
2442904
2443371
2443387
2443417
2443599
2444742
2444787
2444987
2445223
2447696
2447734
2448472
2448505
2449093
2449164
2449480
2449489
2449512
2450354
2450374
2451186
2451327
2451400
2453809
2454044
2454371
2455289
2455926
2456776
2457544
2458659
2459287
2459726
2460265
2460371
2461286
2461666
2463016
2463274
2463297
2463630
2463715
2463717
2464003
2464767
2466016
2466127
2466718
2466764
2467086
2467522
2467561
2467588
2468986
2469275
2469897
2469906
2470233
2471016
2471150
2471410
2471758
2473159
2473222
2473724
2473827
2474337
2474653
2474697
2474707
2475238
2475689
2476075
2476159
2477408
2477414
2477977
2478117
2478514
2478606
2478738
2478906
2479870
2480271
2480298
2480376
2480847
2481466
2481729
2482269
2482443
2483108
2483384
2484009
2484033
2485314
2485375
2485700
2486619
2487100
2487219
2488354
2488940
2489531
2489650
2489953
2490001
2490412
2490707
2491028
2491863
2492361
2492548
2493497
2493553
2494015
2494604
2495222
2497093
2497617
2497835
2498065
2498379
2498958
2499065
2499250
2499646
2499916
2499932
2500076
2500121
2501713
2501940
2502910
2503226
2504983
2505436
2505905
2505930
2506413
2506626
2507187
2507227
2507668
2507718
2507764
2508792
2509149
2509215
2510321
2511053
2511709
2511820
2512818
2512993
2513029
2513121
2513472
2513517
2513897
2514359
2516822
2517743
2518658
2520430
2520645
2520734
2520976
2521387
2521419
2522276
2522435
2522564
2522932
2524716
2525122
2525283
2525562
2525817
2525838
2525981
2526109
2526138
2526630
2526653
2527917
2528174
2528719
2528944
2529943
2530478
2531788
2533768
2535747
2537262
2537414
2537575
2537650
2538614
2539139
2540716
2541796
2541888
2541991
2542112
2542467
2542757
2542775
2544281
2544785
2545223
2545234
2545516
2546301
2546356
2546608
2547685
2547813
2549119
2551460
2551840
2552298
2552431
2552618
2552781
2554240
2554648
2555376
2555550
2555932
2557099
2557115
2557240
2558391
2559034
2559298
2559472
2559761
2559835
2560054
2560521
2561535
2561630
2561765
2561861
2562362
2562493
2562545
2562869
2562891
2562953
2562956
2563018
2563270
2563402
2563727
2563775
2564580
2564665
2565955
2566403
2566524
2567832
2568905
2568924
2570163
2570224
2570632
2570726
2571227
2572656
2572666
2572696
2574561
2574571
2574700
2575140
2575849
2575935
2576267
2576367
2576698
2576846
2577291
2578384
2579083
2579325
2579810
2580181
2581127
2581342
2582114
2583134
2583525
2583866
2584559
2585278
2586401
2587107
2587157
2587421
2587793
2587888
2587940
2588145
2588195
2588445
2588752
2588809
2588836
2588984
2589036
2589107
2589144
2589377
2589637
2589741
2589879
2592213
2592532
2593328
2593629
2594026
2594549
2594713
2594722
2594965
2594998
2596220
2596653
2597441
2598000
2598006
2598173
2598392
2599364
2599466
2599536
2599623
2599645
2600952
2601121
2601945
2603926
2605624
2605947
2607338
2607537
2607672
2607796
2608041
2608219
2608330
2608476
2609072
2609175
2609494
2609593
2609780
2610511
2610895
2611369
2611519
2612086
2612927
2613578
2614168
2614537
2614630
2615728
2617371
2617916
2618216
2618336
2618522
2618755
2619973
2620748
2621034
2621754
2622072
2622466
2622819
2622859
2622883
2623218
2623623
2623676
2623712
2623952
2624617
2625033
2626364
2627033
2627082
2627446
2627605
2628217
2628419
2629009
2629641
2630782
2632238
2632280
2632927
2634606
2634721
2634815
2635135
2635794
2635858
2636469
2636992
2637053
2637073
2639029
2639077
2639415
2640083
2641384
2641979
2642696
2642720
2644053
2645249
2645967
2646349
2646533
2646735
2646817
2646852
2647525
2647679
2647691
2648998
2649577
2650179
2651069
2651407
2651737
2653864
2654128
2654190
2654445
2655834
2657087
2657285
2657689
2658334
2659011
2659817
2660073
2660095
2660424
2660990
2661290
2661746
2662102
2662248
2662380
2662660
2662969
2662985
2663059
2664653
2665970
2666574
2667190
2667709
2668025
2668678
2668866
2669455
2669626
2670583
2670891
2671570
2672054
2672736
2672756
2673087
2673335
2673528
2673906
2673931
2674222
2674288
2674383
2674756
2675376
2675708
2676287
2676610
2676987
2677023
2677161
2677598
2677661
2678882
2679132
2679469
2679667
2680600
2680743
2680775
2680777
2680940
2681893
2682755
2683035
2683241
2683616
2683948
2684035
2684440
2684726
2684921
2685545
2685763
2685822
2685829
2685834
2686401
2686689
2686754
2686907
2687457
2687489
2688793
2688987
2689992
2689998
2690272
2690293
2690725
2690976
2691558
2691819
2692938
2693110
2693192
2693765
2693913
2694603
2694695
2695030
2695925
2697837
2698521
2698997
2699254
2699942
2700273
2700361
2700883
2701739
2701771
2701777
2702757
2703367
2704252
2704259
2704456
2705268
2706226
2706293
2706860
2706876
2707153
2707188
2707299
2707568
2707737
2707938
2709109
2709213
2709466
2709484
2709618
2709657
2709851
2709973
2709985
2710203
2710390
2710392
2710467
2711564
2712930
2713392
2714082
2714797
2716198
2717185
2717202
2717787
2717821
2717985
2718482
2720244
2720504
2720623
2720912
2721211
2722558
2722695
2723885
2724311
2724906
2724940
2725030
2725808
2726285
2727468
2727796
2728537
2728895
2729613
2729784
2730124
2730457
2730508
2731697
2731705
2731846
2732198
2732431
2732452
2732822
2733165
2733246
2734167
2734235
2734310
2734620
2734756
2734942
2734987
2737143
2737385
2738736
2738808
2738968
2739846
2741091
2741174
2741627
2742156
2742261
2742336
2743201
2743472
2744126
2745152
2746728
2746975
2748722
2749076
2749092
2749218
2749864
2750727
2751271
2752526
2752988
2753890
2753936
2754482
2754503
2755123
2755334
2755740
2756006
2756391
2756487
2756527
2756953
2757318
2757602
2757611
2757918
2758032
2758972
2759527
2759585
2760638
2761415
2761770
2761845
2762669
2763148
2763366
2763473
2763489
2763698
2763998
2764006
2764154
2764380
2764636
2766037
2766323
2766350
2766535
2766583
2767592
2767833
2768215
2768645
2768733
2769525
2769550
2769660
2770225
2771273
2771634
2772767
2773853
2773866
2774578
2777004
2777028
2778278
2778479
2779333
2779602
2780256
2780289
2781202
2781939
2782146
2782253
2782396
2783150
2783162
2783210
2784070
2786648
2786854
2788006
2789327
2790015
2790132
2790247
2791079
2791351
2791822
2792338
2792897
2793445
2793600
2794107
2794506
2796953
2797697
2797760
2798132
2798136
2798205
2798541
2798983
2799516
2799581
2799672
2799801
2800244
2800403
2800977
2801205
2801304
2801916
2801992
2803033
2803331
2803792
2804214
2804340
2804645
2804786
2804896
2806345
2806568
2807284
2807882
2808281
2808429
2808800
2808813
2809111
2809116
2809392
2809822
2809839
2809917
2811409
2811652
2812168
2812350
2812501
2812870
2812996
2813303
2813487
2813924
2813956
2815417
2815595
2815746
2817547
2818220
2818591
2820553
2820589
2823702
2823938
2824428
2824533
2824778
2825130
2825407
2826235
2827326
2827623
2827747
2827807
2828358
2828433
2828495
2828706
2829115
2829156
2829923
2830006
2830048
2830174
2830878
2833545
2834466
2834911
2836367
2836942
2837040
2839268
2839802
2840061
2841165
2841458
2841916
2841978
2842004
2842190
2843340
2844073
2844919
2845124
2845150
2845234
2845531
2845597
2845811
2846804
2846807
2847463
2847476
2847636
2848044
2848348
2849065
2849698
2849781
2850102
2850197
2850708
2851250
2851270
2851767
2852673
2853032
2853594
2853611
2853617
2853871
2854789
2854829
2854854
2859510
2859570
2860637
2861205
2861758
2863214
2863336
2864295
2864745
2865157
2865643
2866142
2866525
2867310
2869001
2869089
2870222
2871829
2872188
2872903
2873212
2874291
2874368
2875018
2876363
2878614
2878744
2879384
2879428
2879512
2879589
2880398
2880637
2881404
2881505
2882062
2882372
2882773
2883503
2883513
2883841
2883956
2883986
2884138
2884352
2886267
2886384
2886570
2887603
2887850
2888040
2890007
2890773
2891435
2891704
2891707
2891999
2892176
2892318
2892321
2892527
2893227
2893345
2893474
2893986
2894133
2895545
2896910
2897865
2897867
2898015
2899029
2899367
2899522
2900076
2901212
2902221
2902874
2903482
2903834
2903874
2904018
2905078
2905242
2906259
2906302
2906651
2907037
2907268
2907462
2908094
2908377
2908467
2908740
2909408
2909511
2909627
2909705
2910192
2910344
2910355
2911204
2911298
2912160
2912712
2913174
2913592
2913732
2914094
2914168
2914578
2914793
2914858
2914949
2915270
2915412
2915485
2917430
2918686
2919067
2920278
2920533
2920707
2921314
2922072
2922173
2923436
2924368
2924646
2925278
2925298
2925515
2928199
2929592
2930021
2930209
2930516
2930903
2931163
2931308
2931443
2932048
2933198
2933704
2933846
2933905
2934208
2934337
2934380
2934401
2935029
2936415
2936641
2936712
2936950
2937092
2937372
2937588
2937712
2937824
2939431
2939667
2939742
2940851
2941263
2941407
2944262
2944524
2944731
2945425
2945492
2945636
2946105
2946744
2946958
2948251
2948601
2948607
2948753
2948947
2949377
2949513
2950329
2950558
2950617
2951491
2951690
2952230
2953174
2953652
2954127
2954255
2955256
2955602
2955925
2958344
2958904
2959233
2959912
2960261
2960394
2960838
2960850
2961461
2961479
2962455
2963828
2963989
2964155
2966558
2967033
2967532
2968263
2969867
2970331
2970792
2971544
2971947
2972095
2972099
2972213
2972337
2973929
2974590
2974684
2975048
2975910
2976937
2976964
2977442
2978201
2978907
2978990
2979863
2980003
2980621
2980684
2980971
2981192
2981195
2981268
2981583
2981825
2982080
2982215
2982515
2982555
2982777
2983413
2984523
2984614
2984724
2985089
2985629
2986194
2986382
2987132
2987361
2987497
2988616
2989225
2989405
2989901
2990142
2990213
2990655
2990964
2991492
2991860
2991951
2992100
2992134
2992147
2992594
2993000
2993828
2994018
2994522
2994568
2995165
2995733
2995999
2996186
2996566
2998884
2999649
