6794370
6796497
6797054
6797066
6798022
6800406
6800538
6801020
6801641
6802364
6802993
6803210
6803321
6804164
6804270
6804896
6805661
6805861
6806030
6806030
6806573
6806767
6806814
6807256
6807448
6807739
6807894
6808554
6808743
6811232
6811954
6812160
6812360
6812399
6812617
6812768
6813490
6813694
6813710
6813724
6813908
6813982
6814335
6814463
6814688
6814907
6814995
6815240
6815323
6815364
6815483
6816098
6816295
6816679
6817075
6817400
6817815
6818042
6818373
6818382
6818768
6819051
6819352
6819455
6819577
6819686
6819790
6819886
6819895
6819994
6820004
6820118
6820140
6820207
6820236
6820370
6820378
6820457
6820480
6820593
6820620
6820621
6820628
6820679
6820701
6820751
6820782
6820818
6820912
6820915
6820922
6820955
6821050
6821102
6821151
6821198
6821224
6821345
6821362
6821370
6821408
6821429
6821456
6821512
6821528
6821607
6821708
6821712
6821787
6821849
6821909
6821926
6821969
6822045
6822061
6822087
6822103
6822156
6822235
6822270
6822331
6822469
6822550
6822575
6822579
6822663
6822694
6822873
6822949
6822950
6822970
6822995
6823243
6823619
6824044
6824053
6824064
6824099
6824146
6824202
6824311
6824331
6824336
6824410
6824447
6824622
6824630
6824778
6824796
6824838
6824987
6825381
6825434
6825462
6825736
6825995
6826029
6826080
6826083
6826157
6826165
6826267
6826315
6826359
6826420
6826458
6826512
6826760
6826834
6826886
6826901
6826902
6826978
6827008
6827126
6827209
6827221
6827361
6827387
6827456
6827466
6827671
6827870
6827939
6828043
6828197
6828214
6828278
6828297
6828394
6828411
6828493
6828580
6828671
6828679
6828738
6828818
6828834
6828857
6828968
6829009
6829083
6829109
6829126
6829132
6829305
6829387
6829390
6829404
6829421
6829560
6829598
6829610
6829643
6829736
6829765
6829919
6830241
6830381
6830398
6830592
6830599
6830627
6830906
6831496
6831553
6831636
6831780
6831842
6831877
6831936
6832032
6832033
6832089
6832093
6832102
6832103
6832107
6832143
6832150
6832181
6832194
6832200
6832210
6832213
6832221
6832240
6832270
6832297
6832318
6832323
6832408
6832409
6832434
6832447
6832473
6832546
6832547
6832563
6832616
6832650
6832662
6832681
6832688
6832691
6832705
6832709
6832764
6832784
6832844
6832845
6832851
6832895
6832901
6832925
6832945
6832952
6832967
6832968
6832977
6832979
6832983
6832989
6833006
6833024
6833029
6833047
6833049
6833130
6833144
6833146
6833159
6833160
6833188
6833235
6833252
6833262
6833293
6833309
6833342
6833359
6833363
6833370
6833395
6833447
6833468
6833472
6833490
6833509
6833518
6833528
6833541
6833557
6833586
6833616
6833617
6833623
6833626
6833636
6833642
6833653
6833728
6833739
6833774
6833822
6833872
6833881
6833900
6833914
6833944
6833972
6833994
6834019
6834021
6834068
6834108
6834131
6834143
6834154
6834182
6834224
6834266
6834307
6834308
6834317
6834333
6834352
6834366
6834407
6834408
6834437
6834476
6834490
6834512
6834561
6834562
6834587
6834638
6834679
6834710
6834721
6834732
6834738
6834741
6834844
6834895
6834904
6834924
6834929
6834930
6834991
6835025
6835050
6835056
6835059
6835071
6835091
6835123
6835133
6835134
6835149
6835178
6835182
6835192
6835201
6835208
6835233
6835261
6835302
6835318
6835340
6835353
6835387
6835450
6835479
6835481
6835501
6835511
6835544
6835627
6835638
6835644
6835653
6835667
6835691
6835755
6835778
6835787
6835817
6835849
6835881
6835893
6835932
6835941
6835953
6835972
6835994
6836042
6836048
6836095
6836109
6836166
6836172
6836209
6836249
6836279
6836317
6836356
6836363
6836390
6836460
6836501
6836562
6836576
6836614
6836631
6836697
6836742
6836749
6836754
6836772
6836773
6836880
6836887
6836933
6836949
6836977
6837048
6837064
6837073
6837093
6837105
6837121
6837241
6837249
6837265
6837281
6837285
6837327
6837336
6837337
6837354
6837362
6837367
6837372
6837424
6837454
6837462
6837502
6837526
6837589
6837601
6837611
6837617
6837672
6837700
6837712
6837720
6837758
6837786
6837809
6837854
6837857
6837925
6837946
6837956
6837965
6838004
6838075
6838134
6838191
6838211
6838226
6838234
6838266
6838277
6838290
6838317
6838323
6838368
6838372
6838375
6838407
6838419
6838425
6838436
6838440
6838458
6838516
6838562
6838590
6838601
6838614
6838620
6838622
6838781
6838809
6838856
6838876
6838877
6838884
6838887
6838892
6838894
6838956
6839011
6839037
6839038
6839069
6839111
6839268
6839285
6839296
6839301
6839331
6839417
6839420
6839443
6839449
6839468
6839478
6839527
6839650
6839669
6839686
6839706
6839817
6839843
6839855
6839888
6839930
6840040
6840069
6840140
6840146
6840169
6840201
6840212
6840283
6840313
6840339
6840395
6840406
6840445
6840461
6840518
6840536
6840572
6840595
6840599
6840603
6840604
6840656
6840683
6840697
6840701
6840815
6840868
6840913
6840951
6840977
6840998
6841134
6841136
6841175
6841232
6841270
6841277
6841278
6841348
6841391
6841395
6841416
6841428
6841448
6841463
6841480
6841484
6841497
6841500
6841576
6841607
6841614
6841621
6841781
6841830
6841860
6841944
6841967
6841990
6842056
6842116
6842150
6842167
6842190
6842212
6842236
6842397
6842404
6842422
6842463
6842467
6842474
6842504
6842516
6842568
6842628
6842663
6842675
6842708
6842772
6842877
6842919
6843009
6843039
6843051
6843138
6843147
6843150
6843164
6843185
6843209
6843384
6843385
6843428
6843436
6843465
6843521
6843537
6843584
6843699
6843748
6843821
6843919
6843931
6844023
6844058
6844091
6844173
6844187
6844244
6844309
6844479
6844513
6844514
6844592
6844651
6844662
6844668
6844691
6844693
6844695
6844820
6844974
6845107
6845123
6845155
6845208
6845323
6845352
6845525
6845602
6845616
6845639
6845644
6845668
6845677
6845725
6845730
6845740
6845741
6845751
6845757
6845760
6845766
6845772
6845782
6845785
6845793
6845817
6845823
6845829
6845843
6845876
6845879
6845881
6845899
6845900
6845921
6845924
6845934
6845937
6845947
6845949
6845957
6845986
6846001
6846003
6846022
6846025
6846028
6846031
6846033
6846058
6846062
6846073
6846074
6846096
6846097
6846118
6846141
6846166
6846176
6846187
6846204
6846221
6846246
6846251
6846281
6846296
6846297
6846312
6846320
6846324
6846327
6846330
6846333
6846380
6846388
6846405
6846407
6846419
6846424
6846437
6846440
6846452
6846465
6846471
6846474
6846494
6846496
6846497
6846511
6846519
6846549
6846566
6846574
6846626
6846627
6846671
6846690
6846702
6846705
6846711
6846718
6846731
6846736
6846747
6846757
6846771
6846783
6846805
6846809
6846841
6846845
6846856
6846865
6846869
6846871
6846872
6846891
6846906
6846919
6846920
6846942
6846948
6846960
6846986
6847005
6847011
6847012
6847013
6847023
6847029
6847044
6847112
6847117
6847137
6847165
6847174
6847175
6847176
6847214
6847219
6847231
6847240
6847250
6847251
6847260
6847261
6847293
6847312
6847325
6847328
6847331
6847346
6847387
6847392
6847406
6847413
6847454
6847477
6847492
6847545
6847572
6847574
6847576
6847581
6847583
6847592
6847603
6847604
6847605
6847615
6847620
6847623
6847658
6847668
6847675
6847677
6847682
6847683
6847685
6847695
6847699
6847719
6847748
6847749
6847771
6847774
6847794
6847821
6847825
6847829
6847839
6847881
6847890
6847910
6847914
6847917
6847919
6847927
6847928
6847932
6847935
6847936
6847940
6847955
6847965
6848013
6848031
6848055
6848091
6848101
6848107
6848115
6848124
6848128
6848134
6848154
6848161
6848162
6848163
6848194
6848204
6848208
6848211
6848214
6848218
6848241
6848243
6848244
6848254
6848286
6848308
6848320
6848351
6848362
6848376
6848378
6848386
6848400
6848444
6848476
6848506
6848513
6848517
6848553
6848559
6848579
6848590
6848613
6848621
6848625
6848638
6848659
6848674
6848685
6848688
6848697
6848715
6848716
6848748
6848753
6848760
6848763
6848766
6848776
6848783
6848803
6848817
6848819
6848833
6848840
6848857
6848866
6848868
6848878
6848883
6848904
6848917
6848920
6848922
6848928
6848969
6848985
6848988
6849003
6849007
6849037
6849044
6849054
6849074
6849075
6849080
6849081
6849098
6849099
6849128
6849145
6849158
6849162
6849170
6849184
6849192
6849196
6849215
6849222
6849230
6849266
6849286
6849303
6849344
6849385
6849414
6849417
6849421
6849433
6849436
6849443
6849445
6849447
6849462
6849472
6849487
6849505
6849522
6849531
6849536
6849560
6849595
6849600
6849604
6849606
6849613
6849633
6849638
6849678
6849692
6849708
6849710
6849712
6849719
6849728
6849730
6849753
6849775
6849793
6849799
6849804
6849810
6849815
6849816
6849822
6849839
6849850
6849853
6849876
6849877
6849881
6849953
6849956
6849978
6850011
6850013
6850045
6850054
6850067
6850068
6850069
6850076
6850107
6850111
6850116
6850132
6850160
6850173
6850203
6850249
6850257
6850287
6850305
6850306
6850312
6850386
6850388
6850401
6850409
6850412
6850417
6850424
6850456
6850464
6850468
6850470
6850492
6850504
6850520
6850522
6850558
6850601
6850605
6850631
6850633
6850639
6850661
6850664
6850666
6850690
6850692
6850693
6850706
6850741
6850764
6850771
6850780
6850794
6850801
6850813
6850825
6850830
6850834
6850842
6850861
6850894
6850898
6850912
6850917
6850928
6850956
6850957
6850991
6851004
6851011
6851012
6851013
6851041
6851041
6851047
6851065
6851083
6851105
6851136
6851147
6851159
6851162
6851195
6851226
6851237
6851252
6851261
6851277
6851285
6851293
6851297
6851303
6851310
6851314
6851332
6851362
6851428
6851458
6851462
6851464
6851490
6851512
6851524
6851533
6851546
6851584
6851586
6851593
6851601
6851610
6851629
6851638
6851673
6851686
6851712
6851720
6851732
6851738
6851764
6851784
6851840
6851841
6851842
6851866
6851868
6851909
6851916
6851920
6851934
6851935
6851953
6851954
6851957
6851962
6851980
6851984
6851985
6852003
6852005
6852015
6852018
6852040
6852056
6852060
6852073
6852078
6852079
6852092
6852095
6852101
6852107
6852113
6852125
6852134
6852137
6852140
6852156
6852160
6852167
6852172
6852183
6852193
6852204
6852210
6852231
6852242
6852268
6852273
6852278
6852315
6852328
6852355
6852387
6852399
6852402
6852403
6852418
6852430
6852460
6852464
6852480
6852493
6852511
6852567
6852576
6852578
6852580
6852589
6852619
6852647
6852652
6852682
6852684
6852699
6852701
6852719
6852722
6852740
6852747
6852750
6852796
6852800
6852806
6852831
6852868
6852904
6852927
6852936
6852957
6852961
6852963
6852965
6852975
6852979
6853004
6853043
6853044
6853080
6853134
6853136
6853144
6853149
6853150
6853168
6853197
6853209
6853238
6853240
6853249
6853256
6853277
6853279
6853292
6853293
6853324
6853330
6853377
6853386
6853453
6853476
6853516
6853519
6853546
6853572
6853586
6853604
6853625
6853641
6853665
6853687
6853688
6853709
6853710
6853711
6853761
6853773
6853815
6853821
6853832
6853870
6853873
6853901
6853913
6853925
6853964
6853969
6853975
6853976
6854008
6854038
6854062
6854068
6854086
6854092
6854134
6854164
6854169
6854198
6854205
6854238
6854255
6854259
6854275
6854286
6854293
6854311
6854313
6854334
6854344
6854347
6854370
6854378
6854390
6854413
6854434
6854450
6854511
6854519
6854556
6854568
6854622
6854626
6854677
6854695
6854713
6854725
6854796
6854865
6854905
6854921
6854929
6854932
6854953
6854982
6854995
6854999
6855043
6855148
6855162
6855203
6855208
6855213
6855225
6855227
6855303
6855330
6855339
6855348
6855357
6855379
6855403
6855405
6855415
6855427
6855436
6855442
6855448
6855492
6855512
6855517
6855524
6855530
6855583
6855585
6855601
6855607
6855612
6855633
6855634
6855644
6855648
6855650
6855686
6855712
6855725
6855734
6855775
6855812
6855816
6855844
6855877
6855894
6855899
6855912
6855947
6855959
6855970
6855984
6856011
6856032
6856053
6856061
6856064
6856081
6856100
6856101
6856102
6856140
6856147
6856161
6856189
6856195
6856221
6856245
6856250
6856267
6856290
6856297
6856298
6856304
6856306
6856357
6856396
6856410
6856428
6856434
6856439
6856492
6856512
6856532
6856545
6856558
6856560
6856583
6856589
6856599
6856602
6856602
6856610
6856612
6856615
6856618
6856623
6856624
6856632
6856633
6856640
6856645
6856650
6856651
6856664
6856674
6856679
6856703
6856706
6856707
6856710
6856713
6856714
6856717
6856719
6856733
6856734
6856735
6856739
6856741
6856765
6856766
6856767
6856785
6856815
6856839
6856841
6856842
6856850
6856854
6856859
6856868
6856876
6856889
6856889
6856907
6856914
6856924
6856929
6856939
6856941
6856942
6856949
6856954
6856982
6856988
6856989
6857003
6857012
6857014
6857027
6857028
6857030
6857032
6857045
6857052
6857053
6857063
6857070
6857080
6857086
6857088
6857112
6857113
6857116
6857122
6857129
6857134
6857138
6857141
6857156
6857172
6857176
6857183
6857188
6857191
6857193
6857197
6857198
6857211
6857215
6857228
6857231
6857235
6857237
6857241
6857242
6857244
6857246
6857258
6857261
6857265
6857271
6857276
6857278
6857279
6857287
6857291
6857292
6857309
6857310
6857326
6857343
6857353
6857377
6857381
6857389
6857391
6857394
6857395
6857416
6857425
6857427
6857432
6857435
6857442
6857444
6857445
6857449
6857460
6857462
6857465
6857488
6857493
6857494
6857507
6857527
6857528
6857531
6857532
6857550
6857551
6857560
6857561
6857566
6857575
6857588
6857589
6857598
6857600
6857612
6857620
6857636
6857639
6857647
6857655
6857667
6857668
6857671
6857676
6857687
6857688
6857690
6857693
6857695
6857707
6857724
6857729
6857731
6857737
6857738
6857742
6857750
6857752
6857755
6857757
6857758
6857759
6857774
6857779
6857781
6857783
6857790
6857791
6857800
6857803
6857813
6857819
6857820
6857824
6857829
6857834
6857836
6857844
6857851
6857857
6857863
6857864
6857875
6857880
6857917
6857921
6857928
6857959
6857965
6857968
6857982
6857985
6857996
6858000
6858006
6858010
6858029
6858043
6858058
6858067
6858091
6858102
6858105
6858109
6858127
6858143
6858149
6858154
6858166
6858170
6858177
6858178
6858180
6858188
6858191
6858196
6858203
6858211
6858212
6858225
6858245
6858246
6858249
6858255
6858264
6858278
6858285
6858290
6858305
6858316
6858318
6858330
6858334
6858336
6858340
6858341
6858342
6858355
6858363
6858367
6858373
6858374
6858393
6858396
6858412
6858431
6858434
6858442
6858444
6858446
6858447
6858465
6858472
6858475
6858476
6858483
6858485
6858492
6858516
6858520
6858539
6858552
6858553
6858555
6858568
6858570
6858574
6858583
6858599
6858600
6858619
6858622
6858641
6858651
6858661
6858669
6858671
6858676
6858677
6858679
6858686
6858693
6858697
6858709
6858730
6858743
6858745
6858753
6858755
6858761
6858774
6858776
6858777
6858788
6858803
6858804
6858829
6858831
6858833
6858837
6858847
6858859
6858867
6858886
6858890
6858894
6858900
6858905
6858912
6858919
6858919
6858926
6858932
6858939
6858942
6858957
6858970
6858985
6859003
6859006
6859017
6859023
6859024
6859027
6859028
6859029
6859030
6859057
6859072
6859075
6859078
6859099
6859105
6859120
6859130
6859133
6859138
6859148
6859151
6859158
6859161
6859162
6859164
6859171
6859175
6859176
6859191
6859211
6859216
6859218
6859225
6859236
6859240
6859241
6859243
6859244
6859266
6859269
6859275
6859287
6859298
6859307
6859313
6859314
6859319
6859329
6859334
6859335
6859340
6859341
6859351
6859353
6859357
6859362
6859366
6859367
6859383
6859389
6859420
6859434
6859453
6859454
6859470
6859477
6859504
6859505
6859522
6859525
6859528
6859533
6859540
6859552
6859556
6859557
6859565
6859569
6859578
6859579
6859594
6859613
6859614
6859622
6859625
6859632
6859654
6859656
6859658
6859690
6859701
6859705
6859707
6859721
6859726
6859730
6859733
6859747
6859748
6859755
6859760
6859762
6859763
6859765
6859773
6859789
6859792
6859797
6859803
6859812
6859814
6859822
6859824
6859846
6859856
6859864
6859867
6859868
6859879
6859885
6859892
6859896
6859904
6859905
6859921
6859932
6859937
6859962
6859963
6859964
6859970
6859972
6859975
6859993
6859998
6860004
6860016
6860024
6860028
6860030
6860042
6860047
6860056
6860063
6860074
6860097
6860104
6860118
6860119
6860146
6860150
6860155
6860162
6860166
6860168
6860169
6860178
6860181
6860183
6860187
6860203
6860208
6860209
6860224
6860226
6860247
6860250
6860258
6860268
6860269
6860283
6860290
6860292
6860298
6860299
6860302
6860305
6860313
6860314
6860331
6860333
6860353
6860359
6860364
6860372
6860373
6860380
6860386
6860391
6860413
6860423
6860427
6860436
6860446
6860456
6860467
6860476
6860479
6860485
6860487
6860493
6860508
6860519
6860520
6860528
6860533
6860537
6860541
6860549
6860553
6860558
6860563
6860581
6860599
6860617
6860625
6860649
6860658
6860663
6860669
6860696
6860697
6860707
6860720
6860729
6860736
6860740
6860751
6860777
6860778
6860784
6860795
6860807
6860812
6860826
6860831
6860838
6860845
6860857
6860859
6860861
6860883
6860885
6860890
6860897
6860904
6860912
6860945
6860950
6860953
6860988
6860992
6861007
6861010
6861011
6861021
6861034
6861037
6861040
6861042
6861050
6861055
6861059
6861063
6861064
6861082
6861088
6861091
6861099
6861106
6861118
6861126
6861129
6861135
6861136
6861147
6861150
6861177
6861187
6861199
6861200
6861209
6861215
6861216
6861234
6861238
6861246
6861249
6861252
6861261
6861266
6861267
6861270
6861286
6861287
6861291
6861295
6861323
6861326
6861337
6861342
6861349
6861353
6861357
6861362
6861363
6861364
6861371
6861379
6861380
6861390
6861394
6861402
6861404
6861407
6861409
6861420
6861428
6861429
6861438
6861453
6861469
6861470
6861473
6861482
6861487
6861490
6861501
6861506
6861512
6861519
6861523
6861538
6861542
6861544
6861549
6861556
6861560
6861568
6861578
6861589
6861602
6861603
6861608
6861618
6861626
6861635
6861655
6861663
6861665
6861668
6861670
6861673
6861678
6861680
6861688
6861692
6861694
6861702
6861702
6861703
6861708
6861717
6861726
6861730
6861733
6861736
6861744
6861751
6861751
6861753
6861758
6861764
6861778
6861779
6861786
6861808
6861823
6861826
6861829
6861842
6861858
6861869
6861886
6861916
6861956
6861959
6861970
6861976
6861995
6861998
6861999
6862006
6862008
6862010
6862023
6862032
6862040
6862047
6862054
6862060
6862062
6862065
6862067
6862068
6862069
6862082
6862084
6862092
6862111
6862112
6862119
6862139
6862143
6862145
6862154
6862157
6862166
6862175
6862177
6862192
6862193
6862194
6862197
6862206
6862207
6862213
6862225
6862238
6862239
6862242
6862245
6862266
6862267
6862269
6862271
6862279
6862282
6862289
6862296
6862297
6862306
6862307
6862308
6862310
6862313
6862331
6862332
6862345
6862354
6862362
6862373
6862374
6862377
6862384
6862385
6862390
6862395
6862399
6862406
6862407
6862408
6862412
6862427
6862431
6862432
6862434
6862435
6862436
6862448
6862456
6862471
6862474
6862482
6862487
6862491
6862507
6862511
6862513
6862517
6862520
6862535
6862538
6862540
6862545
6862549
6862551
6862554
6862555
6862559
6862576
6862577
6862580
6862583
6862588
6862599
6862615
6862619
6862627
6862638
6862646
6862650
6862651
6862662
6862663
6862669
6862671
6862678
6862687
6862699
6862707
6862708
6862716
6862720
6862722
6862733
6862740
6862741
6862755
6862767
6862778
6862801
6862820
6862834
6862838
6862843
6862854
6862855
6862863
6862881
6862895
6862902
6862930
6862931
6862934
6862994
6862998
6863009
6863015
6863020
6863023
6863032
6863037
6863044
6863049
6863051
6863065
6863080
6863089
6863091
6863099
6863101
6863106
6863114
6863120
6863123
6863128
6863144
6863161
6863173
6863200
6863202
6863206
6863215
6863219
6863230
6863231
6863275
6863304
6863310
6863318
6863328
6863360
6863362
6863368
6863372
6863376
6863381
6863383
6863402
6863406
6863407
6863424
6863431
6863434
6863441
6863443
6863454
6863485
6863487
6863491
6863492
6863497
6863499
6863501
6863507
6863510
6863512
6863524
6863532
6863544
6863565
6863567
6863576
6863579
6863583
6863592
6863609
6863633
6863658
6863671
6863676
6863677
6863687
6863698
6863712
6863718
6863732
6863736
6863769
6863798
6863814
6863860
6863876
6863890
6863898
6863920
6863931
6863936
6863937
6863942
6863944
6863955
6863964
6863968
6863970
6863972
6863981
6863995
6864001
6864011
6864016
6864018
6864025
6864027
6864033
6864034
6864043
6864091
6864108
6864116
6864127
6864131
6864134
6864168
6864183
6864184
6864185
6864202
6864207
6864209
6864245
6864246
6864250
6864257
6864274
6864282
6864286
6864287
6864288
6864299
6864314
6864318
6864322
6864323
6864332
6864333
6864348
6864364
6864369
6864377
6864388
6864393
6864411
6864422
6864424
6864438
6864443
6864451
6864454
6864455
6864475
6864494
6864505
6864508
6864521
6864528
6864533
6864539
6864550
6864596
6864607
6864613
6864617
6864625
6864631
6864640
6864648
6864659
6864665
6864666
6864672
6864691
6864717
6864724
6864745
6864765
6864771
6864799
6864818
6864823
6864837
6864849
6864864
6864865
6864887
6864891
6864922
6864924
6864948
6864950
6864954
6864957
6864960
6864967
6864968
6864974
6864978
6864993
6864996
6865008
6865062
6865071
6865073
6865076
6865079
6865084
6865109
6865126
6865138
6865143
6865163
6865191
6865218
6865223
6865225
6865229
6865232
6865237
6865243
6865244
6865246
6865250
6865278
6865282
6865292
6865328
6865341
6865354
6865361
6865363
6865378
6865403
6865422
6865439
6865451
6865470
6865480
6865492
6865494
6865505
6865514
6865526
6865547
6865548
6865549
6865556
6865562
6865568
6865576
6865583
6865593
6865597
6865608
6865611
6865618
6865639
6865643
6865647
6865649
6865671
6865690
6865701
6865719
6865719
6865723
6865724
6865756
6865763
6865776
6865778
6865789
6865807
6865819
6865823
6865824
6865839
6865843
6865866
6865879
6865898
6865904
6865908
6865909
6865916
6865921
6865924
6865927
6865939
6865946
6865947
6865957
6865973
6865991
6866020
6866025
6866035
6866040
6866041
6866044
6866048
6866075
6866077
6866087
6866099
6866101
6866107
6866112
6866121
6866158
6866170
6866188
6866193
6866198
6866206
6866221
6866227
6866229
6866232
6866235
6866241
6866249
6866254
6866255
6866269
6866272
6866275
6866288
6866296
6866305
6866308
6866348
6866350
6866363
6866379
6866382
6866383
6866386
6866390
6866409
6866412
6866415
6866422
6866424
6866428
6866436
6866448
6866465
6866481
6866482
6866487
6866488
6866495
6866504
6866505
6866522
6866543
6866547
6866550
6866564
6866571
6866574
6866589
6866601
6866605
6866608
6866615
6866623
6866642
6866690
6866692
6866693
6866700
6866702
6866703
6866719
6866729
6866732
6866744
6866746
6866771
6866773
6866795
6866797
6866809
6866814
6866823
6866842
6866851
6866854
6866860
6866861
6866878
6866897
6866938
6866954
6866957
6866969
6866976
6866981
6866983
6866987
6866991
6867000
6867009
6867022
6867023
6867024
6867031
6867042
6867043
6867045
6867054
6867097
6867099
6867123
6867143
6867174
6867177
6867180
6867218
6867220
6867225
6867245
6867260
6867284
6867288
6867291
6867297
6867301
6867309
6867312
6867326
6867334
6867346
6867351
6867357
6867363
6867367
6867374
6867379
6867390
6867393
6867394
6867396
6867397
6867402
6867405
6867406
6867408
6867427
6867437
6867438
6867449
6867452
6867463
6867466
6867467
6867469
6867492
6867492
6867518
6867521
6867526
6867530
6867546
6867565
6867572
6867576
6867604
6867612
6867619
6867620
6867627
6867635
6867657
6867672
6867709
6867726
6867738
6867741
6867765
6867779
6867780
6867786
6867787
6867788
6867799
6867808
6867818
6867832
6867844
6867858
6867861
6867865
6867882
6867886
6867890
6867935
6867938
6867940
6867947
6867962
6867964
6867965
6867970
6867971
6868001
6868008
6868048
6868056
6868058
6868065
6868085
6868093
6868103
6868111
6868154
6868182
6868203
6868220
6868247
6868253
6868262
6868263
6868268
6868272
6868292
6868304
6868311
6868318
6868326
6868343
6868350
6868361
6868366
6868386
6868391
6868400
6868401
6868426
6868432
6868447
6868463
6868474
6868476
6868501
6868510
6868519
6868521
6868537
6868539
6868548
6868553
6868572
6868586
6868591
6868596
6868602
6868615
6868624
6868665
6868668
6868685
6868691
6868695
6868697
6868698
6868699
6868714
6868720
6868721
6868743
6868748
6868751
6868757
6868760
6868775
6868791
6868821
6868823
6868847
6868853
6868863
6868878
6868895
6868898
6868900
6868902
6868907
6868919
6868921
6868962
6868974
6868979
6868980
6868984
6868988
6869001
6869022
6869026
6869037
6869039
6869056
6869065
6869074
6869091
6869104
6869108
6869111
6869113
6869118
6869126
6869145
6869150
6869152
6869179
6869186
6869214
6869241
6869255
6869260
6869266
6869291
6869299
6869304
6869318
6869330
6869334
6869344
6869345
6869369
6869371
6869379
6869385
6869389
6869392
6869404
6869405
6869426
6869448
6869449
6869450
6869466
6869477
6869480
6869498
6869503
6869514
6869515
6869523
6869529
6869532
6869539
6869553
6869558
6869570
6869572
6869578
6869580
6869595
6869600
6869632
6869633
6869635
6869640
6869661
6869686
6869694
6869701
6869714
6869722
6869731
6869733
6869739
6869747
6869752
6869754
6869757
6869795
6869799
6869801
6869820
6869824
6869836
6869839
6869845
6869848
6869851
6869859
6869867
6869872
6869888
6869889
6869894
6869904
6869918
6869941
6869943
6869948
6869959
6869979
6869983
6870005
6870007
6870011
6870017
6870020
6870032
6870050
6870074
6870083
6870098
6870110
6870112
6870119
6870123
6870126
6870130
6870151
6870152
6870167
6870173
6870198
6870199
6870203
6870209
6870226
6870235
6870245
6870290
6870319
6870344
6870346
6870367
6870368
6870369
6870377
6870381
6870386
6870429
6870438
6870462
6870467
6870470
6870485
6870487
6870488
6870490
6870493
6870494
6870497
6870498
6870500
6870504
6870508
6870511
6870515
6870521
6870522
6870532
6870551
6870554
6870557
6870563
6870564
6870581
6870582
6870589
6870591
6870598
6870602
6870608
6870610
6870614
6870619
6870630
6870638
6870646
6870652
6870658
6870671
6870672
6870681
6870683
6870685
6870686
6870689
6870690
6870695
6870703
6870704
6870705
6870709
6870713
6870714
6870716
6870717
6870734
6870739
6870747
6870753
6870757
6870762
6870769
6870772
6870778
6870797
6870804
6870829
6870841
6870846
6870867
6870875
6870876
6870892
6870895
6870898
6870901
6870911
6870934
6870938
6870939
6870955
6870959
6870961
6870962
6870976
6870993
6870996
6870999
6871000
6871001
6871006
6871007
6871020
6871021
6871025
6871027
6871028
6871034
6871037
6871042
6871049
6871052
6871059
6871062
6871064
6871076
6871083
6871101
6871110
6871113
6871116
6871117
6871125
6871128
6871131
6871139
6871149
6871150
6871153
6871158
6871161
6871162
6871169
6871171
6871175
6871177
6871188
6871189
6871199
6871211
6871218
6871228
6871252
6871253
6871254
6871263
6871264
6871266
6871268
6871269
6871271
6871273
6871277
6871285
6871291
6871293
6871296
6871305
6871311
6871320
6871335
6871336
6871339
6871342
6871345
6871350
6871355
6871363
6871366
6871368
6871372
6871374
6871375
6871377
6871387
6871390
6871391
6871405
6871407
6871424
6871434
6871436
6871439
6871443
6871446
6871463
6871464
6871485
6871486
6871499
6871501
6871518
6871519
6871527
6871530
6871533
6871537
6871538
6871539
6871546
6871552
6871557
6871565
6871566
6871567
6871572
6871584
6871600
6871603
6871608
6871618
6871624
6871638
6871640
6871642
6871646
6871650
6871659
6871660
6871666
6871684
6871693
6871696
6871701
6871702
6871704
6871711
6871713
6871715
6871726
6871727
6871738
6871746
6871748
6871753
6871759
6871766
6871772
6871773
6871774
6871776
6871787
6871790
6871814
6871820
6871831
6871832
6871834
6871838
6871852
6871861
6871862
6871863
6871864
6871871
6871882
6871883
6871891
6871900
6871901
6871908
6871909
6871915
6871917
6871919
6871928
6871929
6871942
6871945
6871952
6871954
6871957
6871958
6871976
6871977
6871983
6871988
6871998
6871999
6872004
6872014
6872016
6872027
6872032
6872036
6872041
6872044
6872049
6872052
6872063
6872065
6872074
6872091
6872092
6872098
6872101
6872108
6872110
6872113
6872115
6872120
6872126
6872132
6872139
6872142
6872147
6872148
6872151
6872155
6872173
6872182
6872186
6872188
6872190
6872207
6872208
6872217
6872218
6872226
6872231
6872233
6872237
6872239
6872242
6872251
6872262
6872266
6872272
6872277
6872279
6872287
6872288
6872290
6872294
6872300
6872301
6872302
6872309
6872335
6872337
6872347
6872352
6872353
6872356
6872358
6872361
6872374
6872384
6872385
6872386
6872387
6872401
6872416
6872421
6872423
6872446
6872450
6872454
6872459
6872466
6872480
6872490
6872502
6872506
6872514
6872515
6872518
6872521
6872524
6872532
6872545
6872546
6872548
6872551
6872557
6872559
6872566
6872567
6872568
6872569
6872587
6872589
6872594
6872614
6872615
6872619
6872620
6872631
6872636
6872641
6872645
6872646
6872662
6872663
6872682
6872686
6872689
6872694
6872701
6872710
6872717
6872733
6872743
6872744
6872745
6872758
6872765
6872773
6872775
6872779
6872786
6872798
6872798
6872802
6872812
6872821
6872825
6872827
6872828
6872833
6872835
6872840
6872842
6872845
6872846
6872850
6872851
6872852
6872858
6872866
6872867
6872878
6872882
6872884
6872886
6872893
6872900
6872902
6872905
6872908
6872912
6872916
6872921
6872923
6872943
6872954
6872965
6872973
6872976
6872986
6872988
6872998
6873008
6873010
6873011
6873014
6873016
6873017
6873019
6873021
6873029
6873030
6873031
6873043
6873046
6873052
6873054
6873075
6873079
6873086
6873090
6873097
6873104
6873121
6873125
6873127
6873141
6873143
6873144
6873146
6873160
6873162
6873166
6873197
6873210
6873215
6873223
6873224
6873226
6873229
6873230
6873237
6873253
6873261
6873262
6873271
6873290
6873291
6873294
6873295
6873300
6873305
6873320
6873324
6873325
6873329
6873330
6873331
6873343
6873347
6873352
6873375
6873376
6873379
6873391
6873401
6873402
6873409
6873416
6873418
6873421
6873422
6873423
6873428
6873434
6873441
6873444
6873446
6873451
6873454
6873456
6873464
6873467
6873489
6873493
6873494
6873495
6873500
6873506
6873510
6873511
6873515
6873515
6873516
6873526
6873528
6873529
6873530
6873533
6873547
6873551
6873553
6873554
6873580
6873584
6873587
6873602
6873607
6873610
6873614
6873623
6873626
6873627
6873636
6873650
6873653
6873656
6873678
6873681
6873684
6873703
6873704
6873706
6873712
6873716
6873718
6873724
6873737
6873741
6873746
6873753
6873762
6873764
6873772
6873788
6873806
6873811
6873819
6873827
6873832
6873835
6873836
6873839
6873840
6873845
6873846
6873856
6873872
6873874
6873877
6873880
6873881
6873885
6873896
6873904
6873912
6873927
6873931
6873932
6873934
6873953
6873954
6873972
6873978
6873979
6873981
6873982
6873983
6873992
6874028
6874042
6874051
6874062
6874071
6874074
6874076
6874086
6874093
6874101
6874104
6874106
6874108
6874120
6874122
6874129
6874133
6874134
6874140
6874149
6874154
6874167
6874169
6874178
6874182
6874185
6874190
6874196
6874201
6874202
6874205
6874208
6874209
6874212
6874214
6874216
6874221
6874227
6874231
6874241
6874248
6874254
6874257
6874275
6874286
6874294
6874296
6874305
6874306
6874307
6874311
6874323
6874329
6874332
6874342
6874344
6874355
6874361
6874362
6874366
6874367
6874373
6874378
6874390
6874392
6874400
6874405
6874415
6874417
6874427
6874429
6874437
6874438
6874449
6874453
6874459
6874460
6874462
6874474
6874494
6874495
6874496
6874502
6874513
6874514
6874517
6874523
6874525
6874528
6874533
6874535
6874541
6874545
6874546
6874554
6874571
6874572
6874583
6874586
6874592
6874593
6874601
6874608
6874614
6874615
6874623
6874624
6874626
6874630
6874634
6874635
6874636
6874638
6874657
6874658
6874667
6874671
6874678
6874696
6874702
6874706
6874709
6874710
6874713
6874719
6874722
6874725
6874730
6874735
6874737
6874739
6874740
6874744
6874752
6874753
6874764
6874767
6874769
6874793
6874795
6874810
6874814
6874817
6874823
6874825
6874837
6874838
6874849
6874860
6874879
6874883
6874885
6874894
6874898
6874900
6874902
6874906
6874911
6874912
6874921
6874927
6874930
6874933
6874957
6874970
6874971
6874987
6874990
6874991
6874993
6874997
6875000
6875001
6875002
6875012
6875014
6875018
6875020
6875024
6875025
6875034
6875054
6875062
6875064
6875068
6875074
6875075
6875078
6875079
6875080
6875083
6875084
6875088
6875097
6875110
6875121
6875125
6875131
6875139
6875153
6875162
6875165
6875177
6875186
6875187
6875189
6875192
6875205
6875219
6875220
6875222
6875223
6875225
6875251
6875259
6875266
6875270
6875271
6875281
6875284
6875291
6875297
6875302
6875303
6875304
6875311
6875336
6875373
6875382
6875387
6875388
6875390
6875398
6875413
6875425
6875426
6875434
6875438
6875453
6875465
6875469
6875471
6875478
6875481
6875491
6875493
6875500
6875507
6875514
6875516
6875521
6875527
6875528
6875534
6875541
6875543
6875545
6875569
6875570
6875588
6875591
6875593
6875607
6875613
6875623
6875627
6875643
6875645
6875648
6875652
6875666
6875670
6875671
6875674
6875675
6875678
6875683
6875708
6875712
6875716
6875729
6875733
6875738
6875745
6875759
6875763
6875772
6875774
6875778
6875779
6875788
6875789
6875791
6875797
6875802
6875812
6875821
6875833
6875836
6875841
6875850
6875851
6875859
6875868
6875872
6875890
6875894
6875896
6875906
6875911
6875916
6875917
6875923
6875931
6875933
6875945
6875950
6875951
6875954
6875965
6875975
6875988
6875989
6876002
6876006
6876009
6876022
6876025
6876027
6876034
6876035
6876043
6876045
6876050
6876063
6876070
6876074
6876082
6876098
6876104
6876111
6876114
6876121
6876123
6876133
6876137
6876140
6876143
6876147
6876153
6876154
6876156
6876157
6876158
6876178
6876182
6876187
6876194
6876197
6876215
6876219
6876244
6876258
6876260
6876261
6876273
6876280
6876292
6876297
6876306
6876331
6876335
6876345
6876357
6876360
6876374
6876379
6876384
6876392
6876393
6876396
6876407
6876419
6876423
6876427
6876444
6876450
6876454
6876471
6876474
6876476
6876482
6876488
6876490
6876506
6876523
6876526
6876527
6876538
6876544
6876554
6876563
6876568
6876573
6876579
6876580
6876581
6876582
6876588
6876596
6876604
6876605
6876611
6876612
6876622
6876632
6876636
6876641
6876645
6876646
6876659
6876660
6876661
6876668
6876673
6876679
6876681
6876689
6876691
6876694
6876695
6876708
6876715
6876719
6876728
6876729
6876746
6876750
6876767
6876791
6876792
6876796
6876797
6876805
6876806
6876808
6876809
6876823
6876829
6876834
6876836
6876838
6876843
6876852
6876853
6876859
6876862
6876865
6876875
6876881
6876883
6876888
6876893
6876894
6876897
6876901
6876910
6876911
6876920
6876922
6876940
6876945
6876950
6876965
6876967
6876968
6876973
6876974
6876989
6876996
6876999
6877009
6877010
6877014
6877015
6877023
6877026
6877033
6877037
6877039
6877041
6877046
6877057
6877058
6877068
6877071
6877077
6877097
6877100
6877103
6877104
6877108
6877111
6877115
6877116
6877118
6877121
6877123
6877125
6877127
6877135
6877146
6877151
6877178
6877186
6877189
6877232
6877235
6877238
6877243
6877249
6877250
6877251
6877254
6877257
6877275
6877281
6877291
6877294
6877303
6877308
6877310
6877321
6877334
6877339
6877348
6877352
6877357
6877366
6877383
6877387
6877391
6877396
6877402
6877407
6877410
6877415
6877416
6877420
6877424
6877426
6877431
6877441
6877447
6877449
6877457
6877463
6877477
6877489
6877491
6877512
6877514
6877561
6877568
6877583
6877591
6877601
6877614
6877623
6877632
6877642
6877643
6877644
6877653
6877654
6877655
6877656
6877660
6877668
6877670
6877671
6877677
6877684
6877690
6877694
6877697
6877699
6877704
6877717
6877718
6877720
6877722
6877732
6877737
6877761
6877767
6877773
6877780
6877784
6877802
6877805
6877808
6877810
6877811
6877818
6877819
6877825
6877828
6877832
6877834
6877838
6877848
6877851
6877856
6877857
6877865
6877866
6877872
6877873
6877882
6877887
6877896
6877903
6877907
6877914
6877915
6877917
6877921
6877928
6877929
6877944
6877962
6877968
6877978
6877983
6877985
6877993
6877998
6878000
6878005
6878019
6878021
6878025
6878026
6878029
6878040
6878041
6878047
6878048
6878057
6878069
6878075
6878077
6878080
6878085
6878091
6878110
6878111
6878117
6878125
6878130
6878131
6878138
6878158
6878165
6878174
6878176
6878180
6878181
6878201
6878208
6878209
6878213
6878217
6878220
6878231
6878251
6878254
6878274
6878280
6878288
6878295
6878297
6878298
6878312
6878319
6878329
6878336
6878353
6878362
6878371
6878377
6878385
6878386
6878393
6878397
6878404
6878405
6878407
6878412
6878414
6878431
6878441
6878448
6878469
6878486
6878515
6878534
6878548
6878555
6878559
6878563
6878577
6878588
6878596
6878599
6878600
6878636
6878652
6878655
6878658
6878660
6878661
6878663
6878664
6878675
6878677
6878679
6878681
6878703
6878705
6878708
6878709
6878720
6878726
6878735
6878743
6878756
6878757
6878766
6878767
6878769
6878772
6878775
6878778
6878784
6878794
6878801
6878802
6878808
6878828
6878836
6878846
6878859
6878864
6878874
6878878
6878882
6878884
6878886
6878889
6878891
6878903
6878904
6878906
6878911
6878917
6878923
6878927
6878937
6878941
6878945
6878954
6878956
6878968
6878969
6878978
6878979
6878981
6878984
6878985
6878988
6879007
6879014
6879016
6879021
6879022
6879025
6879033
6879045
6879056
6879062
6879063
6879076
6879079
6879092
6879102
6879105
6879107
6879112
6879119
6879123
6879129
6879139
6879142
6879154
6879157
6879162
6879172
6879177
6879178
6879181
6879185
6879187
6879190
6879191
6879197
6879208
6879211
6879212
6879215
6879224
6879225
6879230
6879250
6879257
6879258
6879265
6879270
6879274
6879278
6879280
6879287
6879297
6879298
6879301
6879302
6879304
6879307
6879320
6879321
6879333
6879340
6879342
6879353
6879357
6879359
6879360
6879377
6879385
6879387
6879388
6879392
6879393
6879397
6879404
6879411
6879417
6879418
6879428
6879440
6879443
6879447
6879456
6879459
6879464
6879467
6879468
6879483
6879495
6879518
6879520
6879521
6879535
6879540
6879542
6879547
6879551
6879555
6879556
6879564
6879572
6879575
6879590
6879601
6879604
6879612
6879620
6879621
6879629
6879633
6879638
6879644
6879647
6879650
6879656
6879661
6879661
6879662
6879671
6879676
6879695
6879708
6879714
6879722
6879735
6879740
6879748
6879758
6879759
6879765
6879768
6879798
6879801
6879803
6879806
6879807
6879815
6879830
6879844
6879850
6879853
6879857
6879868
6879869
6879871
6879875
6879876
6879884
6879885
6879887
6879892
6879900
6879921
6879927
6879935
6879939
6879957
6879962
6879963
6879972
6879980
6879983
6879986
6879988
6879994
6879999
6880007
6880008
6880021
6880030
6880035
6880040
6880042
6880057
6880074
6880082
6880091
6880093
6880098
6880101
6880103
6880109
6880112
6880116
6880118
6880140
6880148
6880152
6880153
6880161
6880164
6880165
6880180
6880199
6880202
6880208
6880215
6880222
6880225
6880226
6880228
6880231
6880237
6880241
6880247
6880260
6880264
6880267
6880279
6880283
6880285
6880292
6880297
6880298
6880323
6880337
6880351
6880357
6880359
6880362
6880364
6880371
6880373
6880376
6880384
6880387
6880393
6880394
6880397
6880401
6880402
6880407
6880409
6880422
6880424
6880430
6880441
6880452
6880453
6880455
6880459
6880462
6880477
6880488
6880509
6880517
6880520
6880521
6880523
6880537
6880556
6880559
6880560
6880568
6880576
6880586
6880591
6880592
6880601
6880605
6880607
6880611
6880617
6880618
6880622
6880625
6880629
6880630
6880634
6880651
6880653
6880659
6880660
6880661
6880662
6880663
6880669
6880675
6880679
6880728
6880729
6880730
6880740
6880749
6880756
6880759
6880776
6880781
6880783
6880786
6880790
6880797
6880798
6880804
6880807
6880815
6880816
6880818
6880841
6880846
6880849
6880856
6880858
6880859
6880866
6880869
6880879
6880885
6880893
6880912
6880921
6880923
6880930
6880936
6880940
6880947
6880967
6880969
6880976
6880979
6880986
6881001
6881003
6881016
6881020
6881024
6881028
6881034
6881048
6881058
6881060
6881063
6881067
6881072
6881089
6881104
6881106
6881110
6881111
6881112
6881123
6881133
6881139
6881164
6881172
6881174
6881180
6881191
6881193
6881195
6881196
6881202
6881208
6881216
6881224
6881225
6881229
6881230
6881243
6881258
6881274
6881276
6881278
6881281
6881286
6881287
6881293
6881301
6881312
6881316
6881321
6881329
6881330
6881331
6881340
6881342
6881346
6881364
6881375
6881393
6881408
6881418
6881419
6881422
6881424
6881426
6881428
6881432
6881440
6881448
6881450
6881456
6881458
6881461
6881462
6881473
6881474
6881475
6881491
6881496
6881508
6881513
6881514
6881518
6881528
6881540
6881554
6881561
6881585
6881590
6881595
6881596
6881616
6881625
6881627
6881629
6881640
6881658
6881667
6881671
6881684
6881689
6881691
6881694
6881696
6881707
6881709
6881712
6881713
6881718
6881734
6881741
6881746
6881750
6881766
6881787
6881793
6881803
6881809
6881816
6881830
6881843
6881844
6881850
6881853
6881870
6881885
6881888
6881893
6881894
6881907
6881909
6881920
6881935
6881942
6881944
6881950
6881951
6881965
6881972
6881974
6881977
6881984
6881986
6882008
6882010
6882016
6882021
6882032
6882033
6882040
6882041
6882044
6882046
6882047
6882057
6882064
6882073
6882076
6882083
6882090
6882110
6882113
6882120
6882121
6882137
6882147
6882157
6882164
6882167
6882173
6882174
6882178
6882187
6882190
6882191
6882192
6882194
6882204
6882222
6882223
6882237
6882238
6882241
6882242
6882246
6882247
6882273
6882273
6882293
6882296
6882302
6882303
6882307
6882317
6882328
6882338
6882351
6882352
6882367
6882373
6882375
6882381
6882383
6882393
6882398
6882402
6882409
6882414
6882415
6882419
6882421
6882429
6882436
6882445
6882457
6882465
6882479
6882480
6882486
6882487
6882493
6882511
6882518
6882533
6882546
6882547
6882556
6882565
6882568
6882572
6882583
6882585
6882587
6882607
6882613
6882614
6882619
6882640
6882643
6882647
6882657
6882667
6882671
6882681
6882685
6882690
6882698
6882700
6882710
6882723
6882731
6882732
6882740
6882747
6882767
6882769
6882782
6882788
6882794
6882798
6882813
6882814
6882815
6882816
6882819
6882823
6882831
6882832
6882833
6882855
6882856
6882859
6882867
6882872
6882881
6882883
6882885
6882889
6882891
6882897
6882906
6882907
6882918
6882928
6882931
6882937
6882939
6882941
6882943
6882951
6882955
6882958
6882964
6882976
6882978
6882981
6882985
6882991
6882996
6882997
6883020
6883028
6883029
6883030
6883053
6883060
6883082
6883100
6883102
6883106
6883115
6883125
6883126
6883129
6883135
6883137
6883149
6883150
6883157
6883173
6883176
6883178
6883185
6883190
6883194
6883197
6883203
6883204
6883213
6883215
6883219
6883227
6883230
6883247
6883254
6883256
6883259
6883267
6883277
6883314
6883315
6883329
6883330
6883331
6883334
6883342
6883343
6883344
6883367
6883368
6883374
6883388
6883391
6883395
6883410
6883416
6883417
6883418
6883437
6883444
6883449
6883468
6883471
6883478
6883481
6883489
6883495
6883507
6883509
6883510
6883546
6883549
6883553
6883555
6883580
6883595
6883598
6883618
6883619
6883626
6883636
6883646
6883653
6883660
6883662
6883666
6883675
6883677
6883680
6883684
6883692
6883699
6883701
6883705
6883706
6883709
6883711
6883716
6883718
6883720
6883725
6883727
6883738
6883740
6883741
6883748
6883757
6883768
6883778
6883780
6883784
6883788
6883807
6883810
6883812
6883818
6883825
6883835
6883842
6883849
6883862
6883863
6883865
6883870
6883879
6883885
6883890
6883892
6883903
6883904
6883907
6883911
6883913
6883932
6883946
6883966
6883967
6883971
6883972
6883974
6883977
6883978
6883986
6883989
6883992
6883994
6884004
6884006
6884010
6884011
6884014
6884017
6884045
6884048
6884050
6884057
6884059
6884072
6884080
6884082
6884087
6884105
6884107
6884110
6884118
6884122
6884127
6884132
6884141
6884150
6884155
6884164
6884167
6884180
6884184
6884193
6884195
6884201
6884207
6884213
6884233
6884238
6884242
6884250
6884252
6884262
6884270
6884272
6884275
6884277
6884286
6884290
6884296
6884298
6884300
6884314
6884324
6884346
6884348
6884352
6884358
6884369
6884370
6884371
6884399
6884400
6884402
6884408
6884416
6884419
6884424
6884429
6884459
6884464
6884466
6884468
6884469
6884475
6884476
6884486
6884488
6884490
6884498
6884506
6884513
6884520
6884521
6884526
6884537
6884543
6884545
6884546
6884550
6884551
6884553
6884557
6884561
6884588
6884591
6884593
6884595
6884598
6884608
6884609
6884615
6884624
6884629
6884630
6884645
6884648
6884676
6884677
6884686
6884689
6884700
6884701
6884712
6884713
6884723
6884727
6884738
6884739
6884747
6884758
6884760
6884762
6884776
6884779
6884819
6884826
6884829
6884847
6884852
6884854
6884863
6884865
6884869
6884879
6884882
6884886
6884894
6884899
6884900
6884904
6884906
6884910
6884913
6884918
6884924
6884926
6884929
6884944
6884947
6884951
6884955
6884959
6884962
6884973
6884989
6884991
6884993
6884999
6885005
6885019
6885021
6885046
6885052
6885069
6885076
6885086
6885091
6885101
6885132
6885140
6885149
6885151
6885157
6885158
6885186
6885190
6885196
6885201
6885203
6885206
6885214
6885219
6885236
6885245
6885247
6885251
6885254
6885270
6885277
6885282
6885288
6885293
6885294
6885312
6885313
6885321
6885322
6885324
6885325
6885327
6885330
6885349
6885357
6885360
6885393
6885395
6885407
6885421
6885424
6885432
6885438
6885442
6885457
6885463
6885468
6885479
6885489
6885494
6885500
6885502
6885505
6885506
6885526
6885533
6885545
6885551
6885552
6885554
6885559
6885562
6885564
6885565
6885566
6885572
6885579
6885581
6885588
6885598
6885617
6885626
6885630
6885634
6885642
6885644
6885652
6885654
6885665
6885666
6885670
6885672
6885675
6885681
6885690
6885691
6885693
6885695
6885698
6885700
6885704
6885724
6885742
6885746
6885757
6885781
6885789
6885790
6885794
6885795
6885818
6885824
6885827
6885838
6885840
6885841
6885842
6885843
6885851
6885853
6885879
6885893
6885898
6885901
6885919
6885922
6885933
6885939
6885946
6885947
6885949
6885951
6885954
6885955
6885957
6885960
6885962
6885964
6885967
6885986
6885992
6886001
6886011
6886015
6886060
6886063
6886066
6886067
6886077
6886080
6886082
6886090
6886094
6886097
6886103
6886104
6886106
6886134
6886141
6886155
6886160
6886165
6886182
6886183
6886195
6886200
6886208
6886210
6886212
6886223
6886224
6886228
6886237
6886239
6886240
6886258
6886276
6886280
6886291
6886300
6886303
6886307
6886308
6886322
6886324
6886333
6886336
6886345
6886347
6886350
6886357
6886358
6886360
6886362
6886364
6886370
6886374
6886384
6886390
6886397
6886414
6886427
6886441
6886448
6886455
6886458
6886459
6886464
6886465
6886471
6886474
6886478
6886481
6886492
6886498
6886500
6886501
6886512
6886518
6886521
6886534
6886538
6886542
6886543
6886546
6886548
6886549
6886550
6886554
6886567
6886571
6886572
6886594
6886596
6886599
6886601
6886602
6886610
6886615
6886632
6886636
6886643
6886648
6886650
6886670
6886674
6886684
6886686
6886688
6886698
6886699
6886701
6886705
6886709
6886712
6886721
6886723
6886724
6886741
6886750
6886751
6886760
6886767
6886769
6886772
6886777
6886783
6886786
6886795
6886807
6886808
6886809
6886812
6886823
6886828
6886839
6886839
6886843
6886849
6886850
6886851
6886855
6886865
6886867
6886869
6886882
6886884
6886887
6886892
6886897
6886905
6886906
6886909
6886912
6886913
6886922
6886945
6886961
6886965
6886974
6886982
6886986
6886995
6886996
6887003
6887025
6887028
6887034
6887035
6887039
6887042
6887055
6887057
6887061
6887064
6887066
6887070
6887079
6887084
6887089
6887110
6887112
6887114
6887117
6887123
6887125
6887128
6887133
6887146
6887158
6887160
6887167
6887173
6887176
6887179
6887182
6887190
6887193
6887202
6887205
6887209
6887223
6887226
6887228
6887234
6887238
6887239
6887268
6887269
6887271
6887275
6887276
6887286
6887293
6887297
6887299
6887306
6887314
6887318
6887328
6887330
6887336
6887345
6887360
6887362
6887363
6887370
6887374
6887379
6887383
6887391
6887396
6887397
6887401
6887418
6887420
6887423
6887428
6887445
6887447
6887452
6887474
6887478
6887480
6887487
6887488
6887492
6887502
6887506
6887509
6887511
6887532
6887533
6887546
6887549
6887550
6887557
6887563
6887566
6887570
6887586
6887591
6887593
6887594
6887597
6887598
6887600
6887616
6887622
6887628
6887639
6887646
6887650
6887653
6887654
6887660
6887668
6887674
6887677
6887686
6887701
6887702
6887704
6887708
6887719
6887721
6887723
6887729
6887730
6887738
6887751
6887769
6887773
6887777
6887786
6887795
6887803
6887809
6887810
6887811
6887813
6887819
6887822
6887825
6887834
6887837
6887838
6887848
6887850
6887882
6887895
6887915
6887923
6887925
6887929
6887943
6887952
6887965
6887966
6887978
6887987
6887992
6888008
6888011
6888019
6888025
6888027
6888029
6888037
6888038
6888040
6888042
6888044
6888046
6888050
6888055
6888058
6888067
6888077
6888080
6888083
6888094
6888095
6888101
6888102
6888103
6888113
6888131
6888132
6888149
6888150
6888157
6888168
6888169
6888175
6888195
6888202
6888208
6888214
6888222
6888224
6888233
6888241
6888244
6888245
6888251
6888260
6888265
6888272
6888283
6888301
6888314
6888329
6888343
6888345
6888346
6888351
6888355
6888360
6888364
6888371
6888374
6888379
6888383
6888386
6888387
6888394
6888395
6888399
6888405
6888406
6888410
6888415
6888421
6888425
6888431
6888444
6888453
6888460
6888462
6888463
6888469
6888471
6888472
6888497
6888498
6888501
6888515
6888521
6888524
6888526
6888527
6888528
6888546
6888547
6888549
6888551
6888558
6888561
6888571
6888578
6888579
6888593
6888594
6888597
6888630
6888631
6888632
6888633
6888639
6888662
6888669
6888690
6888696
6888697
6888703
6888705
6888707
6888709
6888713
6888716
6888718
6888719
6888729
6888731
6888740
6888742
6888751
6888758
6888759
6888766
6888790
6888794
6888800
6888801
6888802
6888826
6888836
6888837
6888838
6888840
6888843
6888848
6888851
6888862
6888864
6888869
6888871
6888883
6888886
6888887
6888895
6888897
6888901
6888905
6888909
6888915
6888920
6888932
6888933
6888934
6888937
6888944
6888963
6888967
6888975
6888989
6888991
6888996
6888997
6889004
6889006
6889008
6889009
6889022
6889031
6889033
6889038
6889040
6889048
6889050
6889054
6889064
6889074
6889076
6889083
6889086
6889090
6889096
6889097
6889098
6889103
6889104
6889110
6889117
6889120
6889122
6889130
6889133
6889135
6889156
6889163
6889165
6889176
6889177
6889179
6889187
6889196
6889198
6889203
6889207
6889214
6889226
6889228
6889229
6889234
6889240
6889248
6889250
6889251
6889252
6889266
6889269
6889278
6889282
6889290
6889293
6889296
6889298
6889307
6889308
6889314
6889322
6889323
6889331
6889342
6889366
6889375
6889380
6889387
6889396
6889399
6889402
6889403
6889408
6889409
6889413
6889432
6889447
6889453
6889458
6889475
6889487
6889506
6889508
6889512
6889520
6889524
6889532
6889540
6889544
6889547
6889552
6889554
6889563
6889565
6889572
6889578
6889585
6889586
6889587
6889596
6889597
6889598
6889602
6889607
6889611
6889623
6889627
6889631
6889658
6889659
6889663
6889665
6889668
6889676
6889678
6889687
6889691
6889700
6889701
6889703
6889711
6889714
6889730
6889731
6889739
6889742
6889756
6889764
6889767
6889777
6889778
6889783
6889784
6889797
6889800
6889809
6889810
6889816
6889817
6889824
6889832
6889835
6889856
6889859
6889867
6889874
6889882
6889884
6889894
6889908
6889910
6889912
6889914
6889919
6889930
6889932
6889934
6889936
6889938
6889949
6889950
6889955
6889956
6889963
6889965
6889967
6889977
6889981
6889986
6889996
6890001
6890002
6890005
6890007
6890010
6890023
6890025
6890034
6890037
6890039
6890043
6890061
6890065
6890066
6890067
6890068
6890074
6890085
6890089
6890092
6890093
6890106
6890114
6890128
6890130
6890139
6890145
6890153
6890163
6890175
6890177
6890178
6890180
6890181
6890183
6890188
6890194
6890196
6890215
6890222
6890230
6890231
6890232
6890238
6890240
6890246
6890255
6890258
6890263
6890266
6890271
6890275
6890276
6890279
6890286
6890290
6890292
6890299
6890308
6890309
6890314
6890316
6890319
6890320
6890322
6890329
6890330
6890332
6890333
6890335
6890336
6890337
6890375
6890398
6890400
6890405
6890414
6890418
6890421
6890451
6890454
6890459
6890466
6890478
6890480
6890488
6890495
6890496
6890498
6890526
6890541
6890542
6890543
6890547
6890548
6890549
6890550
6890553
6890555
6890559
6890560
6890567
6890576
6890577
6890579
6890580
6890581
6890584
6890586
6890617
6890618
6890620
6890621
6890631
6890640
6890644
6890656
6890663
6890665
6890669
6890671
6890681
6890693
6890695
6890698
6890700
6890701
6890709
6890723
6890733
6890745
6890750
6890756
6890762
6890773
6890777
6890784
6890787
6890791
6890792
6890797
6890800
6890814
6890816
6890817
6890818
6890822
6890827
6890831
6890832
6890835
6890841
6890844
6890847
6890849
6890853
6890864
6890880
6890900
6890907
6890908
6890913
6890916
6890919
6890931
6890936
6890940
6890946
6890958
6890971
6890976
6890978
6890983
6890985
6890986
6890991
6890999
6891003
6891010
6891013
6891025
6891029
6891030
6891032
6891033
6891050
6891052
6891057
6891077
6891082
6891086
6891094
6891104
6891109
6891120
6891123
6891130
6891133
6891138
6891142
6891145
6891150
6891173
6891182
6891186
6891187
6891193
6891202
6891220
6891223
6891228
6891234
6891239
6891250
6891260
6891265
6891267
6891276
6891277
6891279
6891280
6891281
6891289
6891292
6891293
6891294
6891300
6891301
6891302
6891308
6891310
6891312
6891314
6891316
6891321
6891324
6891327
6891331
6891333
6891337
6891361
6891377
6891379
6891380
6891382
6891390
6891409
6891417
6891421
6891467
6891473
6891481
6891483
6891491
6891498
6891503
6891511
6891524
6891528
6891533
6891549
6891551
6891554
6891555
6891559
6891586
6891587
6891592
6891594
6891599
6891600
6891602
6891603
6891613
6891614
6891630
6891638
6891642
6891647
6891648
6891651
6891662
6891667
6891674
6891675
6891689
6891707
6891712
6891714
6891728
6891730
6891732
6891739
6891746
6891753
6891757
6891772
6891788
6891789
6891799
6891801
6891807
6891813
6891814
6891816
6891821
6891827
6891837
6891840
6891842
6891845
6891849
6891867
6891874
6891886
6891891
6891895
6891896
6891899
6891902
6891915
6891921
6891939
6891941
6891943
6891947
6891954
6891957
6891960
6891969
6891970
6891974
6891981
6891983
6891992
6891998
6892006
6892013
6892023
6892026
6892031
6892034
6892037
6892057
6892060
6892061
6892064
6892068
6892078
6892081
6892083
6892086
6892089
6892092
6892093
6892119
6892127
6892144
6892147
6892149
6892150
6892159
6892187
6892189
6892193
6892198
6892225
6892235
6892252
6892256
6892258
6892263
6892264
6892274
6892276
6892284
6892285
6892286
6892290
6892295
6892301
6892311
6892322
6892323
6892326
6892328
6892332
6892350
6892356
6892357
6892358
6892361
6892366
6892380
6892389
6892390
6892398
6892401
6892413
6892422
6892424
6892425
6892431
6892445
6892459
6892473
6892480
6892499
6892501
6892503
6892508
6892509
6892525
6892529
6892533
6892538
6892544
6892546
6892547
6892548
6892555
6892557
6892566
6892574
6892591
6892592
6892594
6892606
6892615
6892625
6892629
6892636
6892640
6892642
6892643
6892645
6892647
6892648
6892650
6892653
6892654
6892661
6892664
6892669
6892677
6892681
6892688
6892689
6892703
6892708
6892725
6892737
6892738
6892745
6892747
6892762
6892764
6892766
6892774
6892778
6892785
6892787
6892802
6892806
6892823
6892827
6892832
6892837
6892845
6892857
6892862
6892869
6892877
6892879
6892885
6892887
6892888
6892894
6892901
6892907
6892910
6892912
6892924
6892928
6892929
6892947
6892959
6892960
6892962
6892963
6892972
6892974
6892984
6892996
6892998
6893000
6893012
6893025
6893027
6893033
6893039
6893040
6893042
6893051
6893078
6893081
6893099
6893100
6893103
6893113
6893119
6893123
6893140
6893141
6893143
6893144
6893148
6893152
6893160
6893169
6893171
6893178
6893184
6893188
6893189
6893194
6893195
6893200
6893217
6893220
6893221
6893230
6893236
6893238
6893240
6893241
6893242
6893243
6893250
6893255
6893256
6893261
6893264
6893268
6893277
6893279
6893291
6893295
6893298
6893301
6893319
6893320
6893324
6893326
6893328
6893332
6893338
6893340
6893348
6893351
6893357
6893358
6893376
6893378
6893381
6893383
6893389
6893394
6893398
6893413
6893418
6893419
6893436
6893442
6893453
6893455
6893470
6893474
6893475
6893478
6893479
6893503
6893508
6893514
6893520
6893525
6893527
6893533
6893539
6893548
6893551
6893555
6893556
6893561
6893562
6893563
6893568
6893590
6893595
6893603
6893604
6893612
6893619
6893622
6893625
6893649
6893652
6893662
6893673
6893678
6893681
6893690
6893693
6893695
6893704
6893706
6893714
6893725
6893734
6893736
6893742
6893747
6893752
6893758
6893761
6893766
6893771
6893774
6893783
6893790
6893798
6893834
6893837
6893840
6893846
6893849
6893856
6893871
6893876
6893886
6893887
6893888
6893891
6893896
6893900
6893906
6893907
6893911
6893915
6893918
6893938
6893943
6893949
6893950
6893951
6893953
6893957
6893958
6893964
6893965
6893969
6893984
6893991
6893992
6893999
6894010
6894018
6894025
6894031
6894043
6894046
6894048
6894052
6894064
6894085
6894103
6894112
6894122
6894127
6894131
6894135
6894139
6894142
6894162
6894166
6894167
6894169
6894173
6894180
6894186
6894191
6894214
6894224
6894227
6894246
6894248
6894252
6894271
6894274
6894276
6894280
6894281
6894285
6894294
6894301
6894306
6894308
6894313
6894319
6894325
6894333
6894338
6894354
6894359
6894363
6894365
6894370
6894372
6894375
6894380
6894382
6894395
6894403
6894403
6894404
6894407
6894408
6894410
6894423
6894431
6894432
6894446
6894453
6894463
6894466
6894469
6894474
6894479
6894486
6894487
6894490
6894501
6894504
6894508
6894513
6894515
6894523
6894525
6894527
6894534
6894539
6894540
6894544
6894548
6894553
6894560
6894565
6894575
6894579
6894584
6894587
6894600
6894602
6894605
6894607
6894609
6894614
6894617
6894623
6894630
6894632
6894639
6894648
6894649
6894653
6894667
6894671
6894678
6894683
6894685
6894696
6894700
6894701
6894706
6894707
6894718
6894725
6894736
6894737
6894742
6894746
6894754
6894759
6894760
6894780
6894786
6894795
6894796
6894804
6894811
6894816
6894822
6894825
6894826
6894827
6894835
6894838
6894842
6894845
6894851
6894858
6894860
6894869
6894877
6894882
6894889
6894894
6894896
6894904
6894906
6894921
6894926
6894931
6894933
6894934
6894939
6894955
6894971
6894973
6894977
6894983
6894986
6894989
6894994
6895001
6895006
6895020
6895028
6895031
6895035
6895037
6895040
6895041
6895047
6895048
6895056
6895063
6895064
6895065
6895067
6895074
6895081
6895085
6895092
6895109
6895118
6895124
6895128
6895139
6895150
6895153
6895166
6895170
6895175
6895185
6895188
6895192
6895207
6895212
6895221
6895228
6895230
6895237
6895240
6895256
6895269
6895271
6895277
6895294
6895300
6895306
6895309
6895315
6895321
6895323
6895340
6895342
6895346
6895348
6895353
6895359
6895367
6895380
6895382
6895387
6895393
6895403
6895404
6895407
6895420
6895431
6895433
6895466
6895468
6895471
6895472
6895479
6895479
6895494
6895499
6895500
6895507
6895518
6895522
6895532
6895543
6895545
6895559
6895562
6895577
6895579
6895582
6895588
6895591
6895598
6895620
6895622
6895625
6895627
6895633
6895634
6895638
6895642
6895646
6895658
6895680
6895700
6895701
6895704
6895707
6895713
6895716
6895718
6895722
6895727
6895734
6895740
6895745
6895757
6895771
6895773
6895784
6895787
6895797
6895801
6895803
6895812
6895817
6895818
6895820
6895822
6895831
6895832
6895835
6895836
6895850
6895851
6895852
6895868
6895869
6895881
6895882
6895889
6895890
6895892
6895893
6895896
6895902
6895903
6895908
6895921
6895923
6895935
6895944
6895945
6895950
6895954
6895957
6895960
6895962
6895965
6895966
6895968
6895971
6895973
6895990
6895996
6896003
6896006
6896012
6896019
6896021
6896028
6896031
6896033
6896035
6896045
6896050
6896055
6896056
6896057
6896065
6896066
6896081
6896085
6896086
6896088
6896090
6896097
6896101
6896107
6896108
6896110
6896114
6896122
6896123
6896141
6896142
6896150
6896164
6896170
6896178
6896185
6896186
6896194
6896205
6896208
6896216
6896218
6896219
6896227
6896231
6896238
6896246
6896247
6896248
6896250
6896252
6896254
6896263
6896266
6896277
6896278
6896282
6896290
6896296
6896299
6896301
6896302
6896303
6896309
6896310
6896315
6896318
6896320
6896325
6896329
6896339
6896355
6896356
6896357
6896358
6896360
6896363
6896365
6896377
6896378
6896380
6896385
6896386
6896392
6896397
6896400
6896401
6896402
6896406
6896410
6896422
6896431
6896434
6896441
6896442
6896443
6896452
6896457
6896485
6896490
6896518
6896531
6896536
6896553
6896565
6896577
6896581
6896586
6896637
6896638
6896650
6896671
6896674
6896688
6896697
6896698
6896704
6896707
6896710
6896713
6896716
6896721
6896737
6896738
6896765
6896767
6896785
6896798
6896800
6896806
6896809
6896810
6896814
6896821
6896828
6896832
6896843
6896844
6896847
6896849
6896855
6896861
6896863
6896868
6896871
6896873
6896876
6896879
6896896
6896904
6896936
6896957
6896960
6897016
6897021
6897036
6897049
6897053
6897055
6897060
6897068
6897077
6897081
6897089
6897095
6897102
6897106
6897113
6897116
6897125
6897135
6897154
6897168
6897173
6897174
6897181
6897201
6897202
6897206
6897208
6897213
6897233
6897245
6897251
6897259
6897263
6897264
6897265
6897290
6897296
6897321
6897327
6897339
6897342
6897350
6897354
6897355
6897359
6897396
6897401
6897413
6897414
6897428
6897432
6897442
6897462
6897465
6897467
6897468
6897470
6897508
6897530
6897542
6897571
6897574
6897584
6897587
6897589
6897597
6897607
6897625
6897642
6897647
6897648
6897652
6897658
6897670
6897671
6897673
6897676
6897679
6897689
6897690
6897702
6897714
6897717
6897739
6897779
6897787
6897788
6897789
6897791
6897826
6897831
6897841
6897842
6897847
6897849
6897850
6897859
6897869
6897881
6897883
6897898
6897903
6897905
6897906
6897914
6897921
6897924
6897963
6897973
6897984
6897985
6897992
6897993
6897994
6898012
6898013
6898016
6898042
6898058
6898065
6898066
6898072
6898082
6898097
6898101
6898104
6898117
6898142
6898164
6898176
6898181
6898196
6898198
6898214
6898223
6898228
6898249
6898261
6898302
6898339
6898347
6898357
6898361
6898387
6898398
6898415
6898424
6898426
6898429
6898435
6898436
6898442
6898461
6898465
6898466
6898477
6898497
6898503
6898506
6898508
6898511
6898516
6898521
6898542
6898549
6898554
6898566
6898570
6898581
6898634
6898663
6898668
6898671
6898675
6898689
6898694
6898695
6898700
6898715
6898733
6898739
6898740
6898741
6898743
6898749
6898759
6898762
6898775
6898778
6898788
6898805
6898816
6898822
6898832
6898843
6898847
6898848
6898854
6898865
6898874
6898875
6898886
6898888
6898905
6898934
6898937
6898939
6898973
6898982
6898986
6898993
6899002
6899017
6899030
6899049
6899064
6899069
6899070
6899074
6899078
6899083
6899085
6899099
6899102
6899105
6899110
6899125
6899127
6899128
6899130
6899133
6899136
6899141
6899153
6899160
6899164
6899170
6899176
6899181
6899187
6899191
6899215
6899235
6899265
6899270
6899273
6899274
6899284
6899285
6899287
6899299
6899335
6899342
6899356
6899361
6899362
6899381
6899389
6899392
6899393
6899402
6899409
6899415
6899418
6899430
6899432
6899433
6899442
6899447
6899460
6899475
6899500
6899524
6899562
6899579
6899595
6899619
6899620
6899639
6899660
6899673
6899677
6899682
6899686
6899695
6899702
6899708
6899718
6899729
6899733
6899735
6899739
6899740
6899742
6899744
6899755
6899763
6899765
6899771
6899773
6899777
6899786
6899795
6899796
6899801
6899809
6899812
6899814
6899817
6899832
6899842
6899843
6899864
6899866
6899899
6899902
6899904
6899906
6899922
6899925
6899938
6899952
6899955
6899987
6899990
6899999
6900007
6900020
6900021
6900032
6900053
6900054
6900059
6900069
6900085
6900087
6900101
6900111
6900116
6900117
6900121
6900126
6900128
6900146
6900157
6900158
6900167
6900176
6900178
6900180
6900190
6900194
6900198
6900206
6900213
6900233
6900236
6900240
6900243
6900247
6900279
6900280
6900281
6900282
6900290
6900293
6900298
6900309
6900321
6900323
6900325
6900344
6900349
6900353
6900357
6900358
6900362
6900368
6900376
6900382
6900390
6900403
6900406
6900408
6900409
6900416
6900424
6900427
6900431
6900435
6900447
6900450
6900453
6900460
6900474
6900476
6900503
6900504
6900506
6900507
6900512
6900526
6900528
6900530
6900544
6900562
6900569
6900595
6900599
6900624
6900628
6900677
6900679
6900682
6900687
6900697
6900716
6900717
6900723
6900733
6900737
6900770
6900772
6900775
6900776
6900786
6900800
6900811
6900812
6900835
6900837
6900841
6900849
6900860
6900865
6900866
6900877
6900895
6900898
6900927
6900937
6900938
6900946
6900947
6900949
6900961
6900988
6901034
6901045
6901060
6901065
6901067
6901073
6901076
6901086
6901100
6901112
6901114
6901122
6901125
6901128
6901133
6901135
6901139
6901140
6901148
6901152
6901153
6901164
6901170
6901171
6901174
6901175
6901184
6901192
6901211
6901218
6901224
6901233
6901234
6901241
6901246
6901250
6901277
6901287
6901290
6901292
6901330
6901351
6901354
6901355
6901363
6901369
6901373
6901381
6901384
6901387
6901392
6901393
6901402
6901403
6901411
6901416
6901428
6901432
6901440
6901455
6901464
6901475
6901489
6901493
6901494
6901507
6901517
6901530
6901534
6901540
6901541
6901551
6901563
6901588
6901590
6901599
6901600
6901607
6901609
6901616
6901617
6901625
6901635
6901654
6901660
6901661
6901662
6901663
6901672
6901678
6901696
6901712
6901724
6901731
6901743
6901745
6901755
6901757
6901762
6901766
6901784
6901786
6901793
6901803
6901803
6901807
6901810
6901819
6901825
6901831
6901841
6901842
6901856
6901869
6901871
6901877
6901885
6901890
6901929
6901956
6901963
6901964
6901976
6901979
6901981
6901991
6901999
6902001
6902010
6902017
6902023
6902027
6902038
6902042
6902081
6902093
6902093
6902106
6902107
6902118
6902128
6902140
6902150
6902154
6902155
6902180
6902185
6902195
6902197
6902199
6902204
6902208
6902244
6902245
6902261
6902273
6902284
6902286
6902292
6902296
6902298
6902299
6902321
6902327
6902334
6902335
6902337
6902348
6902371
6902373
6902382
6902404
6902415
6902417
6902418
6902420
6902423
6902430
6902432
6902445
6902470
6902480
6902484
6902485
6902494
6902503
6902513
6902513
6902515
6902524
6902526
6902533
6902536
6902558
6902560
6902569
6902582
6902585
6902597
6902598
6902614
6902617
6902623
6902627
6902631
6902645
6902652
6902662
6902668
6902680
6902695
6902696
6902701
6902708
6902716
6902718
6902719
6902721
6902724
6902727
6902753
6902758
6902759
6902766
6902768
6902773
6902791
6902794
6902797
6902804
6902806
6902821
6902826
6902833
6902845
6902849
6902859
6902866
6902871
6902874
6902890
6902895
6902897
6902900
6902908
6902910
6902930
6902934
6902938
6902940
6902942
6902943
6902945
6902983
6902990
6903006
6903015
6903016
6903024
6903038
6903052
6903062
6903065
6903082
6903092
6903093
6903097
6903107
6903111
6903114
6903122
6903127
6903157
6903172
6903193
6903194
6903213
6903216
6903218
6903223
6903227
6903233
6903241
6903247
6903257
6903261
6903264
6903274
6903284
6903289
6903291
6903296
6903299
6903301
6903302
6903339
6903340
6903346
6903348
6903382
6903395
6903396
6903399
6903406
6903410
6903420
6903436
6903454
6903456
6903458
6903462
6903478
6903490
6903491
6903504
6903519
6903522
6903524
6903525
6903531
6903532
6903545
6903550
6903570
6903577
6903597
6903607
6903623
6903629
6903632
6903634
6903658
6903660
6903673
6903682
6903683
6903688
6903706
6903711
6903730
6903736
6903743
6903744
6903760
6903766
6903774
6903786
6903792
6903798
6903802
6903820
6903824
6903830
6903832
6903844
6903852
6903854
6903867
6903873
6903875
6903881
6903889
6903901
6903909
6903920
6903925
6903939
6903947
6903960
6903968
6903974
6904001
6904002
6904010
6904020
6904021
6904034
6904043
6904045
6904054
6904057
6904059
6904064
6904086
6904091
6904098
6904100
6904101
6904102
6904113
6904114
6904121
6904122
6904132
6904137
6904138
6904173
6904179
6904186
6904188
6904194
6904215
6904223
6904232
6904248
6904269
6904272
6904282
6904286
6904300
6904329
6904331
6904333
6904342
6904344
6904368
6904371
6904372
6904378
6904380
6904413
6904414
6904418
6904462
6904464
6904472
6904487
6904493
6904496
6904497
6904502
6904507
6904509
6904525
6904533
6904538
6904557
6904576
6904580
6904586
6904592
6904598
6904606
6904620
6904623
6904624
6904625
6904647
6904648
6904650
6904651
6904664
6904667
6904668
6904671
6904679
6904691
6904710
6904718
6904733
6904756
6904758
6904782
6904784
6904785
6904796
6904810
6904817
6904819
6904820
6904821
6904828
6904829
6904840
6904846
6904849
6904851
6904859
6904869
6904870
6904872
6904884
6904891
6904892
6904916
6904920
6904925
6904939
6904940
6904943
6904946
6904955
6904958
6904965
6904977
6904995
6904998
6905002
6905024
6905045
6905046
6905052
6905059
6905082
6905098
6905103
6905104
6905120
6905127
6905133
6905140
6905145
6905148
6905173
6905197
6905198
6905204
6905205
6905213
6905229
6905238
6905247
6905248
6905249
6905263
6905268
6905271
6905291
6905300
6905309
6905313
6905316
6905322
6905326
6905332
6905335
6905339
6905355
6905359
6905372
6905377
6905378
6905381
6905386
6905387
6905394
6905399
6905408
6905412
6905433
6905438
6905441
6905443
6905453
6905458
6905460
6905478
6905479
6905488
6905489
6905494
6905502
6905505
6905516
6905517
6905522
6905524
6905531
6905551
6905566
6905567
6905594
6905596
6905597
6905599
6905608
6905618
6905624
6905632
6905664
6905668
6905672
6905685
6905688
6905690
6905693
6905696
6905701
6905706
6905717
6905728
6905737
6905741
6905746
6905774
6905777
6905788
6905790
6905791
6905813
6905822
6905825
6905827
6905831
6905841
6905853
6905862
6905868
6905877
6905880
6905901
6905912
6905916
6905918
6905927
6905931
6905934
6905956
6905960
6905967
6905970
6906000
6906001
6906006
6906012
6906034
6906042
6906063
6906075
6906081
6906084
6906090
6906094
6906099
6906103
6906109
6906125
6906132
6906139
6906143
6906148
6906152
6906154
6906155
6906159
6906160
6906169
6906175
6906194
6906197
6906222
6906224
6906240
6906242
6906247
6906253
6906256
6906266
6906279
6906281
6906282
6906287
6906290
6906294
6906298
6906300
6906321
6906325
6906338
6906339
6906346
6906351
6906362
6906364
6906367
6906376
6906381
6906387
6906389
6906390
6906400
6906401
6906411
6906413
6906423
6906435
6906438
6906457
6906473
6906491
6906492
6906496
6906513
6906514
6906537
6906538
6906539
6906580
6906602
6906604
6906609
6906620
6906628
6906639
6906642
6906657
6906662
6906669
6906671
6906678
6906685
6906688
6906692
6906702
6906713
6906715
6906720
6906721
6906726
6906737
6906743
6906751
6906764
6906769
6906799
6906800
6906801
6906806
6906816
6906826
6906836
6906844
6906848
6906853
6906866
6906870
6906874
6906889
6906890
6906892
6906894
6906896
6906918
6906936
6906941
6906955
6906956
6906958
6906969
6906970
6906974
6906977
6906984
6906987
6907000
6907002
6907004
6907009
6907010
6907013
6907019
6907024
6907038
6907065
6907066
6907068
6907077
6907083
6907089
6907104
6907106
6907108
6907129
6907143
6907162
6907164
6907166
6907182
6907185
6907186
6907194
6907200
6907217
6907218
6907221
6907222
6907223
6907226
6907229
6907237
6907239
6907240
6907241
6907244
6907272
6907275
6907276
6907278
6907281
6907283
6907284
6907289
6907290
6907296
6907304
6907317
6907319
6907324
6907326
6907339
6907345
6907357
6907361
6907363
6907364
6907372
6907381
6907383
6907384
6907390
6907395
6907404
6907409
6907410
6907417
6907421
6907424
6907430
6907432
6907433
6907438
6907439
6907469
6907481
6907492
6907500
6907504
6907510
6907517
6907524
6907526
6907556
6907557
6907562
6907568
6907573
6907574
6907576
6907599
6907609
6907614
6907618
6907620
6907627
6907631
6907639
6907641
6907643
6907652
6907654
6907670
6907684
6907694
6907697
6907700
6907701
6907702
6907705
6907706
6907709
6907711
6907713
6907714
6907725
6907732
6907745
6907756
6907758
6907764
6907780
6907790
6907791
6907792
6907793
6907801
6907813
6907814
6907823
6907830
6907831
6907832
6907834
6907841
6907849
6907853
6907861
6907874
6907887
6907924
6907930
6907934
6907937
6907954
6907956
6907970
6907987
6907992
6907996
6907999
6908010
6908016
6908018
6908022
6908032
6908042
6908052
6908056
6908061
6908074
6908075
6908078
6908080
6908081
6908090
6908093
6908096
6908103
6908112
6908113
6908123
6908135
6908150
6908155
6908157
6908173
6908183
6908185
6908195
6908207
6908208
6908210
6908211
6908213
6908218
6908221
6908234
6908237
6908251
6908254
6908271
6908292
6908300
6908306
6908314
6908321
6908336
6908339
6908341
6908345
6908357
6908359
6908374
6908377
6908379
6908383
6908391
6908397
6908400
6908403
6908410
6908412
6908427
6908443
6908444
6908461
6908463
6908470
6908476
6908478
6908479
6908490
6908492
6908503
6908508
6908521
6908522
6908530
6908531
6908534
6908548
6908554
6908577
6908584
6908591
6908593
6908606
6908626
6908627
6908629
6908641
6908651
6908655
6908658
6908660
6908665
6908674
6908682
6908686
6908687
6908692
6908704
6908708
6908713
6908720
6908723
6908727
6908738
6908744
6908749
6908758
6908792
6908800
6908811
6908812
6908815
6908817
6908820
6908822
6908832
6908839
6908845
6908846
6908855
6908859
6908873
6908874
6908876
6908880
6908881
6908943
6908951
6908978
6908995
6909013
6909026
6909047
6909050
6909058
6909084
6909085
6909094
6909101
6909113
6909114
6909130
6909159
6909228
6909233
6909239
6909243
6909248
6909260
6909282
6909296
6909309
6909310
6909312
6909315
6909319
6909342
6909344
6909345
6909358
6909359
6909394
6909396
6909404
6909408
6909424
6909433
6909441
6909477
6909478
6909491
6909493
6909503
6909512
6909534
6909555
6909561
6909576
6909609
6909633
6909665
6909693
6909717
6909728
6909747
6909751
6909760
6909770
6909779
6909800
6909804
6909843
6909845
6909873
6909879
6909891
6909914
6909921
6909934
6909936
6909945
6909969
6909970
6909981
6909989
6910006
6910007
6910026
6910037
6910051
6910059
6910062
6910083
6910113
6910114
6910132
6910150
6910168
6910173
6910176
6910181
6910193
6910214
6910229
6910236
6910237
6910243
6910279
6910296
6910301
6910313
6910319
6910324
6910334
6910348
6910362
6910369
6910381
6910401
6910411
6910420
6910439
6910446
6910462
6910480
6910484
6910491
6910493
6910498
6910514
6910529
6910555
6910574
6910586
6910589
6910617
6910649
6910689
6910690
6910693
6910709
6910715
6910726
6910728
6910744
6910746
6910749
6910775
6910781
6910786
6910803
6910810
6910819
6910829
6910831
6910854
6910865
6910871
6910879
6910908
6910912
6910914
6910919
6910924
6910926
6910962
6910964
6910980
6910981
6910997
6911001
6911016
6911044
6911045
6911051
6911056
6911057
6911066
6911081
6911082
6911083
6911093
6911093
6911135
6911140
6911158
6911181
6911185
6911193
6911197
6911221
6911224
6911225
6911238
6911259
6911262
6911264
6911265
6911267
6911279
6911288
6911297
6911301
6911303
6911305
6911312
6911314
6911317
6911337
6911367
6911385
6911398
6911400
6911416
6911423
6911450
6911450
6911453
6911477
6911480
6911483
6911489
6911493
6911502
6911505
6911533
6911536
6911537
6911539
6911562
6911606
6911608
6911616
6911617
6911619
6911622
6911625
6911634
6911635
6911637
6911649
6911657
6911678
6911716
6911739
6911740
6911761
6911764
6911767
6911777
6911798
6911800
6911821
6911845
6911858
6911864
6911888
6911914
6911920
6911938
6911950
6911953
6911956
6911966
6911983
6911985
6911991
6912009
6912015
6912029
6912032
6912037
6912059
6912122
6912139
6912141
6912146
6912147
6912153
6912165
6912171
6912197
6912217
6912230
6912233
6912234
6912240
6912242
6912277
6912305
6912309
6912314
6912320
6912326
6912338
6912339
6912343
6912348
6912355
6912363
6912379
6912383
6912400
6912413
6912415
6912416
6912438
6912457
6912471
6912480
6912489
6912494
6912495
6912496
6912503
6912542
6912548
6912550
6912557
6912558
6912571
6912580
6912598
6912599
6912616
6912638
6912653
6912667
6912707
6912708
6912729
6912736
6912739
6912750
6912755
6912763
6912770
6912794
6912836
6912837
6912842
6912858
6912866
6912870
6912872
6912876
6912911
6912917
6912925
6912933
6912954
6912963
6912993
6912996
6913002
6913020
6913044
6913049
6913065
6913070
6913072
6913086
6913100
6913120
6913126
6913130
6913144
6913154
6913157
6913159
6913208
6913217
6913231
6913239
6913248
6913272
6913280
6913292
6913301
6913314
6913316
6913322
6913325
6913331
6913343
6913349
6913363
6913376
6913415
6913417
6913444
6913447
6913502
6913517
6913524
6913540
6913542
6913550
6913553
6913554
6913574
6913578
6913604
6913606
6913626
6913634
6913650
6913703
6913756
6913768
6913770
6913803
6913804
6913825
6913834
6913924
6913939
6913943
6913984
6913993
6914001
6914011
6914020
6914027
6914029
6914031
6914036
6914045
6914048
6914051
6914057
6914074
6914080
6914083
6914102
6914121
6914134
6914143
6914151
6914180
6914181
6914190
6914207
6914214
6914215
6914244
6914248
6914288
6914300
6914311
6914315
6914333
6914345
6914359
6914365
6914372
6914381
6914384
6914390
6914398
6914403
6914429
6914436
6914449
6914458
6914478
6914485
6914495
6914507
6914508
6914509
6914515
6914519
6914523
6914546
6914573
6914587
6914589
6914593
6914601
6914612
6914621
6914622
6914625
6914636
6914641
6914647
6914648
6914662
6914672
6914694
6914735
6914742
6914750
6914751
6914781
6914793
6914795
6914817
6914836
6914853
6914856
6914859
6914861
6914879
6914881
6914888
6914894
6914896
6914920
6914924
6914926
6914950
6914962
6914970
6914980
6914995
6914996
6914997
6915004
6915007
6915012
6915033
6915053
6915069
6915072
6915076
6915093
6915101
6915105
6915116
6915136
6915151
6915156
6915168
6915176
6915203
6915210
6915216
6915220
6915247
6915260
6915268
6915269
6915277
6915290
6915292
6915294
6915307
6915314
6915319
6915340
6915349
6915355
6915357
6915358
6915373
6915377
6915397
6915405
6915444
6915461
6915465
6915470
6915485
6915503
6915505
6915509
6915527
6915532
6915533
6915537
6915549
6915568
6915588
6915597
6915603
6915609
6915615
6915620
6915625
6915635
6915637
6915639
6915646
6915654
6915667
6915674
6915692
6915705
6915714
6915726
6915737
6915756
6915759
6915762
6915773
6915778
6915779
6915790
6915800
6915811
6915817
6915824
6915826
6915834
6915836
6915838
6915849
6915856
6915873
6915891
6915895
6915899
6915902
6915909
6915934
6915944
6915966
6915998
6915999
6916042
6916072
6916136
6916143
6916144
6916180
6916199
6916202
6916209
6916224
6916238
6916266
6916272
6916327
6916337
6916340
6916448
6916473
6916482
6916593
6916613
6916619
6916683
6916711
6916742
6916752
6916797
6916827
6916853
6916869
6916900
6916984
6917056
6917067
6917086
6917099
6917130
6917165
6917167
6917173
6917209
6917281
6917301
6917307
6917316
6917327
6917340
6917341
6917376
6917378
6917402
6917411
6917414
6917430
6917451
6917456
6917463
6917484
6917510
6917515
6917586
6917591
6917602
6917605
6917642
6917682
6917698
6917751
6917762
6917820
6917825
6917828
6917841
6917872
6917910
6917913
6917920
6917998
6918002
6918034
6918037
6918053
6918057
6918063
6918094
6918104
6918117
6918128
6918129
6918134
6918153
6918167
6918216
6918259
6918268
6918283
6918294
6918299
6918344
6918365
6918367
6918382
6918389
6918391
6918433
6918484
6918493
6918532
6918544
6918597
6918605
6918626
6918640
6918654
6918667
6918668
6918673
6918704
6918725
6918741
6918748
6918762
6918778
6918796
6918811
6918825
6918837
6918929
6918945
6918959
6918986
6919010
6919016
6919019
6919046
6919057
6919068
6919079
6919082
6919127
6919151
6919159
6919221
6919253
6919309
6919310
6919330
6919414
6919468
6919483
6919513
6919520
6919528
6919543
6919555
6919591
6919593
6919611
6919634
6919641
6919673
6919721
6919736
6919773
6919784
6919786
6919796
6919819
6919826
6919865
6919878
6919883
6919889
6919937
6919975
6919982
6919985
6919993
6920051
6920056
6920081
6920093
6920128
6920136
6920145
6920167
6920204
6920208
6920213
6920215
6920234
6920278
6920284
6920305
6920334
6920348
6920353
6920381
6920390
6920445
6920451
6920459
6920480
6920500
6920554
6920557
6920574
6920580
6920595
6920633
6920638
6920640
6920641
6920656
6920701
6920727
6920747
6920767
6920776
6920789
6920810
6920822
6920833
6920841
6920854
6920857
6920875
6920877
6920980
6920987
6921004
6921065
6921069
6921072
6921079
6921117
6921131
6921151
6921165
6921173
6921178
6921190
6921195
6921221
6921232
6921248
6921250
6921256
6921271
6921286
6921293
6921306
6921326
6921334
6921367
6921397
6921400
6921416
6921428
6921429
6921459
6921460
6921561
6921567
6921570
6921584
6921652
6921653
6921666
6921724
6921736
6921738
6921761
6921765
6921785
6921790
6921798
6921799
6921816
6921827
6921833
6921844
6921857
6921943
6921958
6921971
6921986
6921990
6921998
6922033
6922040
6922045
6922063
6922086
6922092
6922126
6922137
6922161
6922263
6922273
6922303
6922307
6922313
6922319
6922325
6922354
6922359
6922393
6922401
6922402
6922413
6922430
6922434
6922498
6922500
6922503
6922530
6922552
6922583
6922586
6922596
6922597
6922605
6922663
6922674
6922698
6922700
6922705
6922711
6922761
6922766
6922769
6922773
6922774
6922787
6922813
6922824
6922833
6922838
6922849
6922899
6922925
6922926
6922929
6922937
6922938
6922939
6922981
6922985
6922999
6923013
6923027
6923045
6923054
6923063
6923065
6923066
6923078
6923095
6923102
6923110
6923114
6923118
6923147
6923148
6923174
6923198
6923201
6923229
6923235
6923256
6923277
6923322
6923368
6923383
6923384
6923454
6923462
6923470
6923517
6923530
6923573
6923583
6923604
6923624
6923655
6923685
6923696
6923716
6923722
6923747
6923762
6923771
6923787
6923794
6923802
6923820
6923821
6923827
6923837
6923843
6923851
6923865
6923885
6923891
6923904
6923911
6923933
6923942
6923955
6923969
6923986
6923996
6924025
6924026
6924056
6924074
6924129
6924132
6924134
6924148
6924177
6924192
6924196
6924204
6924220
6924235
6924239
6924248
6924261
6924266
6924281
6924299
6924301
6924310
6924312
6924313
6924335
6924364
6924369
6924371
6924375
6924381
6924407
6924418
6924430
6924447
6924461
6924463
6924479
6924482
6924502
6924534
6924547
6924568
6924610
6924627
6924634
6924672
6924682
6924694
6924706
6924712
6924719
6924746
6924751
6924753
6924766
6924769
6924799
6924806
6924811
6924826
6924827
6924831
6924859
6924864
6924874
6924882
6924883
6924888
6924912
6924931
6924936
6924956
6924968
6924975
6924993
6925027
6925062
6925063
6925078
6925096
6925103
6925112
6925120
6925131
6925138
6925140
6925144
6925150
6925151
6925154
6925175
6925232
6925234
6925241
6925272
6925297
6925308
6925312
6925314
6925355
6925365
6925374
6925378
6925379
6925388
6925397
6925422
6925430
6925483
6925484
6925506
6925524
6925531
6925549
6925569
6925630
6925644
6925654
6925661
6925686
6925716
6925719
6925739
6925748
6925753
6925764
6925767
6925769
6925784
6925790
6925791
6925803
6925804
6925812
6925819
6925839
6925849
6925868
6925879
6925912
6925951
6925958
6925959
6925969
6925974
6925994
6925999
6926000
6926001
6926002
6926006
6926013
6926031
6926042
6926043
6926045
6926082
6926124
6926136
6926143
6926158
6926160
6926176
6926178
6926190
6926195
6926196
6926220
6926229
6926230
6926248
6926265
6926269
6926277
6926284
6926286
6926292
6926308
6926319
6926336
6926379
6926386
6926409
6926650
6926700
6926703
6926750
6926802
6926836
6926930
6926944
6927133
6927286
6927292
6927294
6927308
6927337
6927341
6927367
6927491
6927597
6927719
6927722
6927762
6927781
6927850
6927882
6927947
6927993
6928071
6928085
6928096
6928111
6928333
6928385
6928426
6928456
6928517
6928552
6928639
6928700
6928708
6928717
6928740
6928742
6928745
6928767
6928775
6928870
6928892
6928935
6928991
6929003
6929010
6929058
6929084
6929114
6929138
6929201
6929284
6929345
6929349
6929373
6929382
6929401
6929439
6929455
6929487
6929620
6929662
6929663
6929744
6929775
6929803
6929855
6929857
6929892
6929934
6929977
6930011
6930087
6930102
6930146
6930168
6930273
6930280
6930297
6930343
6930344
6930367
6930394
6930404
6930405
6930421
6930503
6930519
6930600
6930659
6930751
6930789
6930815
6930844
6930849
6930872
6930878
6930953
6930981
6930984
6930997
6931043
6931123
6931146
6931172
6931207
6931261
6931287
6931329
6931349
6931353
6931414
6931490
6931504
6931505
6931533
6931553
6931629
6931702
6931782
6931785
6931797
6931835
6931956
6931968
6931969
6931977
6931981
6932004
6932025
6932036
6932041
6932098
6932147
6932162
6932186
6932200
6932210
6932239
6932249
6932288
6932290
6932299
6932329
6932336
6932402
6932476
6932478
6932483
6932490
6932504
6932557
6932559
6932671
6932679
6932681
6932686
6932697
6932726
6932737
6932778
6932829
6932871
6932873
6932932
6932965
6932973
6933019
6933066
6933111
6933130
6933176
6933182
6933223
6933224
6933236
6933299
6933392
6933397
6933426
6933500
6933525
6933529
6933550
6933562
6933602
6933617
6933696
6933700
6933709
6933745
6933772
6933829
6933879
6933899
6933925
6933977
6934023
6934028
6934046
6934071
6934158
6934182
6934186
6934206
6934210
6934212
6934241
6934247
6934274
6934281
6934282
6934316
6934331
6934487
6934533
6934553
6934567
6934643
6934646
6934659
6934662
6934664
6934671
6934673
6934677
6934701
6934868
6934872
6934884
6934903
6934974
6934982
6935036
6935086
6935095
6935112
6935175
6935194
6935215
6935260
6935411
6935465
6935506
6935534
6935553
6935559
6935563
6935591
6935608
6935645
6935674
6935675
6935697
6935699
6935701
6935746
6935764
6935795
6935805
6935821
6935831
6935837
6935888
6935961
6935979
6935992
6936027
6936127
6936161
6936166
6936173
6936183
6936184
6936210
6936248
6936310
6936312
6936337
6936339
6936375
6936377
6936556
6936558
6936590
6936592
6936595
6936664
6936667
6936686
6936693
6936694
6936710
6936721
6936732
6936755
6936775
6936777
6936803
6936826
6936839
6936950
6936951
6936953
6936962
6936967
6936971
6937020
6937035
6937062
6937112
6937116
6937153
6937169
6937180
6937181
6937198
6937223
6937228
6937328
6937367
6937376
6937391
6937400
6937455
6937500
6937501
6937509
6937538
6937539
6937550
6937571
6937635
6937695
6937762
6937771
6937800
6937821
6937828
6937831
6937849
6937852
6937868
6937869
6937880
6937909
6937945
6937999
6938000
6938047
6938050
6938068
6938111
6938114
6938120
6938178
6938180
6938184
6938212
6938232
6938237
6938240
6938248
6938251
6938282
6938283
6938317
6938322
6938336
6938338
6938354
6938402
6938406
6938561
6938755
6938813
6939006
6939112
6939233
6939243
6939568
6939650
6939871
6939906
6940048
6940430
6940475
6940489
6940747
6940875
6941135
6941151
6941356
6941628
6941691
6941817
6941895
6942010
6942023
6942726
6942737
6942791
6942918
6943025
6943048
6943093
6943227
6943351
6943686
6943847
6944052
6944097
6944355
6944380
6944467
6944472
6944488
6944627
6944670
6944714
6944843
6944999
6945005
6945499
6945533
6945548
6945582
6945628
6945646
6945719
6945732
6945827
6945884
6945931
6946178
6946336
6946500
6946536
6946568
6946599
6946828
6946830
6946887
6946929
6947002
6947009
6947170
6947171
6947179
6947404
6947501
6947589
6947654
6947765
6947795
6947968
6948017
6948194
6948226
6948265
6948294
6948377
6948403
6948496
6948505
6948660
6948688
6948716
6948844
6948897
6949040
6949107
6949185
6949202
6949234
6949276
6949280
6949483
6949626
6949677
6949750
6949753
6949820
6949846
6949892
6949960
6950016
6950020
6950047
6950088
6950106
6950260
6950395
6950421
6950436
6950480
6950486
6950530
6950631
6950655
6950662
6950697
6950840
6950845
6950846
6950875
6950882
6951052
6951068
6951088
6951146
6951164
6951217
6951243
6951281
6951282
6951298
6951370
6951410
6951440
6951595
6951657
6951662
6951664
6951711
6951794
6951812
6951849
6951864
6951873
6953902
6954257
6954977
6955151
6955880
6955938
6956472
6956751
6956873
6957370
6957816
6957947
6958202
6958993
6959693
6959956
6960259
6960690
6960825
6960995
6961001
6961093
6961429
6961483
6962459
6962635
6962705
6962801
6962864
6963109
6963419
6963690
6964044
6964207
6964421
6964498
6964750
6964821
6964934
6965366
6965531
6966288
6966467
6967109
6967110
6969490
6973776
6974357
6974378
6977227
