972666
973550
974477
974616
975204
975264
975367
975373
975592
975661
975695
975735
975798
976240
976347
976364
976456
976490
976585
976812
976869
976888
976955
976991
977020
977174
977286
977291
977323
977380
977394
977395
977410
977438
977495
977536
977540
977649
977729
977729
977782
977853
978007
978013
978096
978134
978157
978212
978255
978292
978341
978425
978434
978448
978536
978593
978652
978677
978760
978781
978813
978826
978844
978849
978863
978867
978888
978932
978954
978995
979011
979076
979119
979185
979187
979201
979202
979222
979241
979254
979313
979315
979344
979365
979419
979458
979488
979504
979518
979543
979548
979549
979554
979568
979584
979620
979691
979704
979719
979744
979755
979757
979801
979810
979817
979869
979880
979913
979914
979927
979936
979963
979965
979968
979970
979985
980053
980057
980087
980092
980121
980123
980145
980151
980159
980170
980186
980195
980213
980219
980235
980252
980255
980270
980286
980293
980295
980314
980348
980353
980426
980472
980475
980479
980486
980511
980527
980531
980534
980561
980582
980607
980639
980640
980661
980663
980671
980674
980688
980706
980707
980712
980730
980733
980734
980735
980737
980770
980779
980814
980825
980832
980851
980859
980891
980902
980908
980913
980937
980942
980946
980948
980965
980985
980995
981005
981012
981015
981024
981029
981030
981043
981045
981049
981050
981055
981056
981069
981110
981111
981124
981154
981189
981194
981207
981216
981220
981231
981241
981242
981245
981250
981251
981268
981277
981320
981335
981338
981344
981346
981347
981352
981359
981391
981394
981425
981432
981460
981463
981464
981470
981471
981473
981488
981490
981516
981521
981527
981528
981531
981540
981541
981542
981544
981551
981563
981573
981579
981588
981590
981593
981611
981613
981622
981624
981643
981662
981666
981676
981677
981691
981693
981716
981717
981726
981733
981751
981765
981776
981784
981792
981793
981806
981811
981823
981833
981854
981859
981881
981889
981892
981900
981902
981909
981917
981918
981936
981938
981950
981962
981966
981967
981979
981981
981995
981998
982001
982002
982010
982014
982027
982028
982030
982031
982053
982063
982073
982074
982084
982086
982087
982098
982104
982105
982111
982112
982118
982131
982138
982141
982149
982152
982158
982193
982200
982207
982211
982214
982215
982220
982246
982247
982282
982288
982298
982300
982302
982307
982320
982342
982386
982387
982399
982408
982415
982417
982432
982451
982461
982464
982476
982479
982483
982497
982506
982518
982533
982535
982537
982551
982556
982563
982565
982570
982577
982578
982584
982585
982587
982595
982596
982608
982624
982626
982646
982651
982655
982673
982677
982686
982692
982697
982699
982715
982716
982720
982723
982729
982734
982743
982757
982761
982768
982783
982787
982788
982808
982823
982828
982830
982842
982843
982848
982858
982859
982870
982871
982874
982897
982899
982902
982903
982905
982920
982926
982931
982947
982956
982961
982963
982968
982972
982983
982998
982999
983009
983031
983033
983035
983037
983042
983054
983062
983068
983075
983083
983086
983087
983091
983092
983108
983110
983123
983132
983137
983148
983149
983155
983159
983163
983182
983202
983206
983212
983243
983244
983261
983262
983266
983268
983279
983298
983305
983309
983310
983313
983326
983333
983354
983356
983363
983367
983377
983388
983394
983397
983398
983400
983404
983408
983417
983422
983426
983432
983434
983457
983463
983469
983470
983474
983483
983500
983502
983511
983532
983549
983573
983578
983581
983586
983589
983591
983606
983612
983619
983621
983625
983660
983668
983669
983696
983731
983733
983739
983741
983745
983752
983765
983771
983774
983779
983784
983787
983791
983820
983825
983832
983836
983839
983842
983845
983847
983852
983864
983865
983866
983878
983889
983895
983897
983907
983912
983915
983933
983942
983949
983950
983953
983962
983966
983969
983976
983977
983979
983985
983994
984001
984002
984004
984006
984014
984020
984028
984042
984043
984052
984063
984068
984072
984079
984086
984093
984096
984124
984129
984132
984136
984138
984156
984160
984167
984174
984177
984185
984191
984211
984222
984227
984230
984237
984240
984245
984250
984255
984259
984261
984270
984283
984290
984299
984311
984315
984320
984331
984339
984343
984347
984367
984371
984386
984390
984392
984395
984396
984401
984407
984409
984416
984428
984430
984440
984459
984460
984465
984484
984492
984494
984498
984514
984519
984522
984536
984538
984545
984551
984552
984567
984580
984588
984591
984608
984612
984622
984628
984629
984638
984650
984653
984656
984662
984673
984678
984682
984685
984687
984688
984707
984708
984712
984740
984745
984757
984767
984773
984778
984781
984784
984786
984789
984795
984797
984827
984831
984835
984838
984840
984847
984848
984851
984856
984858
984877
984886
984892
984904
984905
984922
984931
984933
984935
984938
984939
984943
984954
984957
984961
984965
984968
984971
984972
984973
984975
984976
984981
984985
984991
984996
985006
985007
985010
985053
985056
985063
985073
985081
985083
985085
985097
985115
985128
985131
985135
985142
985148
985155
985157
985163
985171
985174
985179
985183
985184
985192
985194
985201
985203
985205
985208
985211
985213
985216
985227
985231
985237
985242
985247
985250
985251
985252
985259
985268
985275
985276
985287
985288
985292
985298
985299
985300
985304
985306
985310
985312
985314
985316
985325
985333
985345
985347
985362
985367
985370
985373
985379
985383
985384
985390
985393
985395
985401
985403
985405
985410
985412
985415
985421
985422
985427
985430
985431
985433
985435
985459
985460
985469
985473
985474
985476
985478
985485
985489
985490
985494
985496
985505
985506
985516
985517
985520
985525
985529
985531
985534
985542
985546
985554
985560
985565
985568
985572
985574
985582
985588
985589
985603
985608
985613
985614
985620
985622
985627
985636
985638
985651
985656
985659
985664
985669
985675
985682
985683
985688
985695
985706
985707
985708
985716
985745
985746
985750
985751
985767
985769
985774
985783
985790
985796
985808
985810
985811
985812
985818
985821
985822
985826
985849
985852
985853
985856
985857
985865
985868
985871
985874
985875
985877
985882
985894
985898
985902
985904
985911
985913
985936
985946
985949
985953
985956
985961
985962
985994
985995
986003
986004
986008
986012
986019
986044
986053
986055
986057
986059
986066
986067
986076
986079
986083
986088
986096
986102
986103
986106
986108
986110
986111
986112
986114
986127
986130
986136
986145
986158
986166
986178
986186
986194
986203
986207
986210
986211
986224
986236
986238
986239
986246
986250
986252
986273
986288
986290
986294
986297
986299
986306
986309
986317
986318
986319
986321
986325
986328
986330
986341
986347
986349
986357
986364
986368
986369
986384
986390
986391
986392
986394
986395
986409
986410
986417
986438
986440
986448
986452
986474
986475
986480
986482
986489
986491
986499
986508
986511
986514
986521
986523
986524
986532
986534
986543
986549
986554
986560
986566
986571
986581
986582
986591
986595
986596
986601
986609
986615
986619
986620
986626
986627
986631
986634
986645
986647
986651
986656
986661
986672
986676
986682
986686
986687
986689
986701
986708
986713
986716
986720
986721
986724
986732
986734
986736
986743
986746
986752
986759
986761
986767
986768
986769
986771
986774
986776
986780
986781
986785
986791
986793
986794
986797
986799
986809
986810
986813
986832
986840
986855
986859
986863
986867
986874
986875
986880
986882
986886
986894
986896
986909
986912
986913
986914
986917
986918
986922
986925
986932
986937
986942
986944
986947
986966
986967
986970
986977
986978
986988
986989
986992
986994
986999
987002
987007
987008
987010
987012
987015
987019
987030
987040
987047
987048
987050
987052
987057
987058
987060
987085
987087
987090
987091
987101
987103
987112
987118
987120
987128
987130
987134
987135
987147
987155
987161
987166
987167
987169
987173
987176
987179
987180
987181
987183
987185
987210
987212
987213
987214
987216
987222
987260
987269
987275
987279
987290
987297
987317
987323
987328
987333
987334
987335
987338
987344
987351
987355
987357
987359
987362
987364
987368
987371
987379
987381
987392
987394
987401
987402
987405
987414
987416
987417
987422
987431
987433
987435
987447
987448
987450
987454
987461
987463
987467
987470
987471
987476
987478
987486
987488
987489
987508
987510
987526
987527
987528
987535
987540
987544
987557
987564
987573
987575
987587
987589
987590
987597
987607
987609
987619
987636
987639
987650
987654
987655
987670
987673
987681
987682
987687
987688
987697
987720
987726
987729
987735
987738
987739
987745
987750
987760
987762
987773
987774
987777
987782
987788
987791
987795
987819
987823
987827
987830
987837
987849
987853
987856
987865
987868
987884
987885
987888
987889
987891
987892
987911
987918
987923
987934
987943
987954
987959
987970
987971
987974
987985
987987
987993
987994
987995
988001
988002
988015
988021
988035
988038
988048
988056
988059
988061
988064
988071
988075
988083
988084
988093
988106
988111
988116
988119
988143
988151
988153
988158
988176
988195
988205
988212
988231
988235
988241
988243
988245
988247
988275
988301
988303
988307
988314
988316
988324
988346
988352
988357
988365
988367
988369
988378
988379
988387
988419
988425
988428
988429
988432
988438
988440
988444
988448
988453
988472
988473
988474
988486
988492
988498
988502
988506
988512
988516
988520
988524
988527
988530
988531
988538
988540
988575
988580
988581
988608
988617
988622
988649
988653
988665
988667
988671
988679
988687
988690
988712
988721
988725
988735
988737
988754
988768
988769
988771
988779
988783
988787
988803
988809
988811
988818
988826
988838
988841
988847
988849
988852
988860
988862
988866
988877
988881
988892
988896
988905
988910
988913
988915
988922
988937
988946
988957
988967
988970
988978
988984
988990
989001
989010
989011
989016
989024
989029
989031
989043
989048
989070
989074
989076
989088
989089
989090
989092
989092
989109
989114
989118
989123
989125
989135
989138
989150
989162
989163
989188
989190
989195
989220
989226
989233
989235
989245
989247
989251
989264
989283
989287
989291
989304
989311
989319
989340
989343
989347
989348
989353
989362
989372
989374
989385
989388
989402
989407
989418
989425
989426
989438
989443
989445
989448
989452
989467
989468
989472
989474
989481
989482
989489
989498
989501
989505
989514
989516
989518
989529
989532
989566
989567
989570
989571
989576
989585
989590
989592
989609
989617
989619
989634
989635
989660
989662
989664
989676
989689
989696
989698
989701
989710
989714
989719
989739
989742
989776
989782
989786
989790
989792
989801
989815
989821
989828
989846
989852
989856
989866
989877
989878
989879
989890
989899
989907
989925
989937
989946
989958
989980
989993
989999
990004
990012
990013
990042
990050
990052
990059
990074
990076
990092
990097
990104
990107
990112
990114
990118
990131
990132
990140
990144
990155
990168
990211
990217
990221
990231
990237
990246
990250
990252
990262
990264
990291
990306
990313
990316
990319
990336
990354
990360
990363
990379
990381
990421
990423
990440
990461
990462
990464
990468
990474
990480
990486
990488
990492
990499
990502
990517
990525
990533
990535
990607
990609
990642
990664
990673
990675
990705
990715
990719
990724
990729
990740
990754
990759
990769
990771
990778
990801
990807
990809
990815
990836
990837
990842
990855
990856
990859
990860
990862
990868
990880
990895
990906
990925
990939
990947
990955
990979
991001
991016
991023
991025
991029
991066
991083
991086
991096
991104
991105
991109
991111
991120
991131
991134
991137
991141
991184
991188
991191
991198
991199
991212
991240
991243
991267
991271
991286
991288
991289
991290
991295
991298
991307
991315
991341
991346
991349
991350
991364
991397
991398
991401
991431
991434
991480
991516
991533
991568
991582
991592
991604
991619
991627
991650
991679
991712
991713
991734
991756
991809
991828
991833
991843
991845
991855
991857
991866
991903
991904
991907
991914
991929
991933
991965
991966
991981
991982
991992
992005
992013
992034
992036
992038
992059
992060
992082
992109
992158
992159
992184
992237
992241
992284
992301
992310
992331
992353
992359
992377
992383
992392
992396
992430
992434
992459
992496
992506
992531
992571
992617
992655
992668
992674
992696
992700
992704
992721
992757
992766
992766
992781
992797
992806
992811
992833
992864
992880
992883
992899
992959
992970
992978
992983
992992
993006
993044
993059
993071
993152
993161
993167
993182
993186
993193
993195
993223
993260
993270
993300
993303
993305
993342
993386
993387
993393
993446
993460
993494
993496
993505
993508
993516
993629
993650
993808
993830
993867
993966
993981
993985
994011
994035
994072
994085
994088
994132
994149
994178
994188
994416
994627
994633
994766
994794
994909
994935
994939
994989
995067
995209
995349
995389
995462
995472
995493
995579
995656
995882
996002
996155
996288
996367
996735
996774
996880
997017
997543
997568
999001
999275
