3343699
1060555
4119766
735458
1347102
1188342
3313359
2294058
3114167
3975513
2028310
4561190
3900335
2875106
86500
4602119
3023000
142913
4005713
3402033
92126
3683945
809409
899350
815101
794970
4592609
4144573
1783082
3005087
4304782
4101992
342286
3212486
547598
3598930
4366324
2671756
2835633
4628691
53458
566393
3589424
4404838
1403291
4263242
4987165
79448
3965880
2584176
4873549
1435900
1367461
3759079
2126595
1772418
3678849
199982
2091355
4042306
4877796
828915
1070678
3015112
1937226
2348307
2315492
1067235
4370108
1569735
3837597
2168429
1465399
4213436
2945260
204909
4170530
859374
4690209
1181153
4648063
788730
1873845
1897555
2771878
3297606
1301155
3085968
43034
4776823
3543654
4468026
2676533
228926
3222539
2646974
3973492
1798850
2477632
4574997
3530433
4592447
4256347
1782343
2059570
2766131
544249
4578324
140109
1361528
1850034
307165
186851
4344247
3495249
4738341
2593629
3050732
811302
981797
4781818
1060462
1963726
408446
3624495
3384624
796562
4891377
4054584
2205372
3800347
876948
1089303
4487684
4312041
2689231
4914760
2988934
3810286
2634971
3923596
1891082
1088446
2360719
794781
4148786
4463277
2243601
2542867
562984
2689678
3575936
4121138
1016640
4947062
3050546
4498892
3190143
3537956
4390835
3368970
1316596
267255
2350656
3001017
2086055
571582
571155
4512813
4859926
3126287
4812035
2932604
2324086
2090208
3968750
2249200
83708
4072769
4404809
3155373
3006736
689503
37742
2014089
2574800
3351607
1186832
455120
3921944
2837027
3518458
1601138
4200487
973288
1479470
3683601
4420195
411735
2679742
2090084
4960654
1850287
4403166
3475337
1943193
1825133
1667377
814804
2812000
4433376
4544637
3839326
2214105
1610707
3423046
2125071
3693106
664149
1410347
4416180
1758111
4945146
3785459
1622677
2850146
1091969
4355259
4525324
4597704
836021
113574
542895
4091680
4766823
588729
3722917
2052929
2808511
3233577
2376132
3687703
4734469
292429
557539
1453474
4257578
2118085
4635629
1166038
1764769
3908429
3863284
3422361
2603632
378933
1965079
3658162
2335534
949751
3554375
4328725
2354452
3327738
149070
834670
542751
4665278
4860504
4377961
1064373
2919545
3021744
4532140
2338316
3538665
4623608
3921870
424668
1453853
1190194
1626744
4028740
4317941
1639826
1322964
4991086
1783501
3814273
2607291
2209489
1186936
4774920
1862410
4743755
2082868
1346407
3410236
4403672
3825243
4926920
1971174
2743760
2844890
958222
858625
3669643
2894601
3445216
1225874
3285217
2146616
893762
2324492
1756006
454758
567037
1912562
2745564
3262535
455499
3811708
1290367
1804250
4870560
2839664
472638
4820123
4057756
416640
3886183
611938
4168153
3239707
2814752
2456645
4367775
3024206
1117702
1284812
2571203
310988
4329296
2379686
2440383
2628110
177647
271899
4439735
4237011
2234482
4343965
3003304
2443089
2956116
2931865
4334685
2281444
4138126
3042531
2687898
4761976
1658554
1165443
1930113
2906289
2643439
3020253
271897
3920235
4616756
2142874
3125403
1675842
4708739
2919224
1560820
1807067
4566743
342810
3104667
373819
1436291
3479105
4106296
4357603
1993019
3101437
4417457
1997131
1188635
476385
1779554
1859694
3750713
1927111
991192
3415100
1573681
209364
4032089
384261
4646800
2177087
3426632
369083
1545167
2431709
3756109
2478354
1383761
4638905
853044
3994672
555150
3949168
2552414
2654589
3301364
3555624
1484877
4074122
4352877
2303735
1426060
2253633
1118632
1748088
4340841
260696
460753
2241673
4965340
3146279
932879
2981050
1394358
2810312
2622570
4575110
3778488
1245118
1222812
2607517
929309
4161919
3566307
1379387
4224112
4637505
2841119
4613864
1636076
1662895
2053049
1296274
3977801
3142137
791057
3695471
4790262
3559240
911841
2731965
1915901
1018323
4911217
935852
1773532
1068566
2962645
4971519
2486400
3077285
4436076
1438589
2043825
4134012
4296349
3981862
962569
360413
633566
1960167
4419410
900468
2577053
1196788
4558543
2548679
1706561
3883010
2259183
482540
2201856
4617084
4509945
707662
3895571
87562
3642338
3443367
2351146
1541458
4258996
589052
1329610
1963534
1001595
4951052
829863
3034078
1485835
1999146
2476247
845279
2747306
4261186
1140822
2885962
1060530
734248
1852815
1843485
1890120
2167569
2191402
1886947
3004554
621089
4872436
2555142
2170460
2618982
3524135
3518177
3764451
471028
1421945
4082132
4856356
3587444
1356394
4514368
4865118
121388
2582938
2910889
79675
4752285
1669902
4504838
2897310
4624166
3848713
2982219
3696092
2553153
767431
3914074
1963159
1765341
3551969
763116
4072046
3076348
3564101
2317673
1418038
1496478
3480074
3465002
1155904
1494718
3712724
1942129
265862
792208
1413625
798402
1475825
3990007
1285462
3143870
3048620
48025
2004127
4361793
1035584
412592
635509
2214024
3465434
1269272
839060
4365522
4030271
1756174
3097003
1991991
4714262
4329248
2921057
2872053
2022324
1881596
3762437
3610677
946736
1852648
2600355
2976132
3127661
1927137
2619055
3676122
3002411
1738155
3162701
2220953
4507462
2238452
3050304
4495346
3873137
3360594
4323223
4893227
4259970
3150171
2855717
1810485
4373703
2575389
3856277
3079678
2462395
811671
753366
4579661
1877302
1606977
4013179
1498695
2315817
317074
4920010
439096
2747515
2983627
4887623
4288472
3796092
4860965
2309640
4319864
3079804
2423579
3166337
746214
4869671
2079719
4587902
945443
3627503
3809587
3151563
3720114
1665391
4487856
2940743
50421
2659311
1320880
4404377
4848948
3217038
464333
4837578
2382933
1774510
2908543
1820134
2155095
4829505
3948100
1078648
1402792
4699870
1143510
1287870
4511196
4959138
2123461
3134275
4354688
286860
2508263
1104004
1441557
392361
452647
472229
4429704
3292207
1046897
3129679
4887272
66643
3382842
4404523
2688050
2977544
3715415
1625865
4524186
1224230
4283028
1740874
42513
4429047
1641720
1352288
4796397
3157403
1420674
449883
831117
2012661
1110388
3774140
2291593
908982
2289965
1018056
2771979
2057987
2437497
256087
1474229
1110327
676710
1544578
1303189
4252151
3680226
3071645
4269573
294148
1867330
2491032
2269921
4474449
3119031
1058780
1298349
555323
4315074
4463976
1911545
246640
1570870
3809015
4735929
956841
2151749
1294978
2487278
2199617
550415
2116151
3779920
3699140
3110964
773787
3205154
4941902
4252277
550245
2187645
3598789
1001853
1523596
1849622
3482201
3755551
1911767
1093733
982677
2741582
4777067
4965608
1495296
1736281
1453453
2966098
4325561
1800061
96930
2888557
3098234
2415117
2291101
1086040
1671271
3185103
4259516
1893794
401750
382451
4573269
4310708
4556560
3388997
900432
897404
1582024
3625696
4331282
1947198
2998263
1919996
3177891
2034767
4571891
78490
4269359
4563497
4008092
1325267
524307
4407060
3674659
506812
2936660
223379
3014996
1392021
1913025
2833561
2836585
1467816
3355066
4051718
3829495
3694824
279785
3349385
2512481
4462072
4894791
387664
2137912
2932258
4669561
2389981
4519081
2884430
3562542
2313952
2395821
3681295
2411080
473448
2196504
122629
2567876
848121
348122
221721
3905968
644583
1947382
1482210
4582412
3736228
2605976
2021195
388311
111750
4828835
4666562
3157406
3782149
3103100
4229999
2028032
156194
3741367
4758978
690171
4362987
2328400
827620
2315863
2244311
3946219
4229533
1823283
2182345
3567006
2054790
2878602
3451188
4190405
329419
3314579
3039472
3364241
4047558
1536806
3483892
2166703
4807492
422520
3679979
2985487
2307313
1565008
1873944
2473175
3827498
391923
2571654
4128140
2566200
4619937
3587864
3916038
4805794
3921312
4635063
1824519
3173376
1275998
7494
655191
4349467
3989761
4976665
428668
4866577
4835207
2307168
918920
2233996
1522866
4606667
2293752
4072208
2817800
151898
3272380
3071489
3094522
2509354
519551
1239230
1956702
4503358
2667557
1961265
1935724
1893983
3535101
2184598
4459430
655055
2968723
3853351
3510787
2736328
3352090
2809694
3854783
3930481
2454939
2600451
2903433
3729524
3396900
2452608
1137947
1117294
4218541
1667586
4514870
4658116
3903392
4128346
4258166
2460206
1945705
4717056
1400999
64281
143618
3236315
882156
3696929
1167705
3273194
5791
3010820
273530
4002891
2606968
362398
4817082
1939005
4953463
4849817
2871234
474881
4929160
735403
976206
172603
2064740
3190429
931785
1132574
3338875
461788
4977415
1652089
1061299
2893818
1648516
2444407
4503615
1250261
1669598
86727
2804488
2069978
2285016
2187144
372876
2804236
429247
1191
2681934
3161258
898126
788869
4686045
1922041
2993666
4245204
3595788
2516406
4016003
3371791
4364134
1061097
420912
4042168
3142671
1941573
4990394
2397331
3856304
4368131
156386
2458737
4861215
4585159
4115721
3329474
3746057
4793799
3744185
1006573
1173606
4718637
1957769
3632293
1899671
2638354
4022097
3771740
3925107
3299118
2222962
3831998
3701004
2413315
4398530
4738837
4269114
3047692
3535824
1763027
1773841
791295
797621
352209
3469134
3778037
1811583
1740737
3515483
18196
2824304
2764262
4408764
3543193
2717712
3962011
3126291
4478692
2026724
4267907
2411560
556074
550487
1790429
4441315
1009777
1243003
3671846
3510207
1501328
4942390
4371839
4261841
3347395
326395
1637478
2383541
4164754
361908
4174056
570587
4931465
2494469
1176601
3290912
397494
2820807
761572
3261906
1671303
2475528
4611388
2230855
2948361
802121
3844589
1105612
372200
1948438
2255817
4596833
4668131
7597
3050423
1043549
2726823
604257
2298090
1481918
4250186
4564068
4981381
3385435
545533
3752548
3799851
1927756
4743877
4066343
4978675
374359
4650871
1938452
1907085
4060109
2898581
2257008
592188
3409405
1035703
1445862
2173027
3981719
4759791
4505551
187692
3400545
593128
1539698
2545036
2223687
4534538
39346
2652951
1795934
2668773
1866716
447464
254051
4186568
3494170
4207826
1805595
313338
349130
805447
1085451
3862015
3582517
3968335
1559109
3142607
2444343
2781018
501674
2959777
1658188
4673940
4076878
2872953
4274640
2416638
4397627
3129494
1365420
3573856
3079763
962663
4810416
742866
1247178
3053321
2066503
2626641
138214
1369007
1903671
684763
2217748
4459423
4979711
182453
464217
381541
3291985
3452304
2482025
4593891
2077245
4384616
3662182
4654304
3549600
3964239
3731565
3526793
2145700
3484940
3200165
2594276
3231613
1724815
2686274
1314483
1480589
461161
1296911
4340522
1800792
1947071
3325542
3087614
1531146
1652635
180418
26700
3882145
3238344
1262414
31378
3811672
2117052
2425361
4795776
3346076
4405458
3501598
398746
306518
4744987
3413910
4108283
2918253
1328503
1391027
14208
306175
1895482
2448747
498863
3900500
2607087
3613470
3669611
102303
2239022
1494238
2636443
4892656
4049406
1564327
2637235
1060284
2373619
634180
2387353
1202052
4831197
4927002
2393444
4616615
617755
2255895
2935650
1668189
3889873
1127615
4674710
3450318
3303226
2969952
3731988
1703921
4652099
518284
3785273
546673
1475075
322052
255983
1277374
1721033
1422254
1541278
2647871
4579825
4259831
1913966
1183119
2785690
2939830
3757706
2632473
4084295
1980421
3261002
2681707
4718085
3714620
2864712
950815
2243444
3349348
2633091
3768910
535658
773141
4351576
978515
3163799
693318
3499154
4073834
4078669
2598874
2279466
1443649
2558410
4121604
3760101
1758122
1892746
1332331
1382583
861458
4002099
518679
630349
1033469
769848
340658
234631
2894614
2589421
239552
4913148
879522
2815769
4948230
1303928
2386144
2156718
3487843
1930005
4350166
1147215
4450779
249220
1239384
254294
904146
3704780
200121
3398342
3217683
3195249
464208
3642522
2748803
437703
2145257
720205
4256687
51533
1148779
820223
421939
2067117
2232918
293426
2417597
2179410
4691363
3088410
4452465
4220939
23935
1394807
1069911
1463998
3590166
4936178
4584867
4081893
3182949
3852284
3135432
1628880
4137358
3569189
2305848
298791
618851
325709
4973352
2398545
57394
3787918
266829
1019396
1292875
2545661
1841568
410324
2715070
245910
1296379
3548085
3500053
956435
1169550
3035601
731303
494659
3161781
3665536
2554143
2275851
4215988
3076113
4856827
2015796
694016
4822985
1463559
1047779
3679956
1481855
2004141
1433477
1948565
150437
2889338
343543
563211
4165748
3358107
3372981
4849962
805955
3449302
1358531
1598744
673718
1910625
4261945
4490794
195933
1850187
2780823
4034462
751017
4436413
2525843
60157
3159785
2811898
3041378
1124809
347374
2284219
768288
152984
447490
1360267
3616773
2603935
3747301
2463846
4878505
3229597
4865792
1046697
652285
260956
1439160
3231414
4335432
3391210
754142
193059
4107723
335799
4537563
4874888
2476222
284382
4765557
919914
875291
32352
3053606
3370827
4211278
383547
640101
705252
3646290
1642265
3812404
3911538
3268069
4707529
3170180
2770305
158056
223512
3364580
969730
626112
1120941
1515486
4319882
3300322
1489309
4091360
1574918
4347408
2887610
3692446
354019
138337
1587851
1984814
2617348
3876774
405137
1064567
1374706
4304969
383040
4766997
2740353
4302384
1616805
1206232
4331674
4836253
7487
1929720
1488603
65985
2472203
575940
638085
3347136
3542420
858000
3898938
3334870
1532301
3287386
1753517
3365120
3127783
4696072
613819
2110376
2764912
3579490
4068117
3824097
767908
1865798
142017
591357
930417
2415845
1892716
929085
4408869
4680281
4187638
1660994
4964439
781088
715506
837211
1651719
959272
4787973
3481931
3107445
4112357
20135
934410
2255135
1601282
3780094
4695440
2952012
220812
2112056
919864
656412
1538947
3538161
1253090
4187682
642558
822014
3848454
1287118
1804313
4877222
3244372
4594740
1580051
4269497
1968013
893363
3936073
3018336
2507956
3288839
2949125
3579033
798405
304128
4952263
2378883
4050604
2350668
174385
4786536
2719494
1021342
838206
2508275
2922120
3544020
3588855
4761066
3988506
4507722
4586668
3652842
48837
4043126
2483452
2676867
3212800
346468
3855719
2619884
3314208
2876099
4531631
4754204
2239900
1091316
2393385
1998574
1171093
4839077
3585468
2792850
4857518
4633627
3645892
902162
3477235
4632462
3764568
4829795
4257825
996687
1537218
4174808
1980019
2068159
1946296
1350510
2584606
975384
618125
3952048
2176351
2511657
1952574
4022516
2477743
1668774
3703531
457332
2469233
824481
1762685
1634976
2397229
2829638
1521314
3095617
1529404
2746616
4395112
3041231
2188201
4966227
656747
4027965
41386
2780132
3618441
3791125
861250
847801
3206082
4793089
3731309
3825468
1900688
3472408
750819
4590056
2958244
4675520
2870194
3116969
4378025
3670830
3052983
3163076
2188548
441458
14166
1675217
2679194
3903506
75922
4989982
4397959
1846641
4980983
4512488
4786637
3368378
2848062
2256737
2502618
1103987
2346765
4102922
1824424
2216247
4342007
4232772
2875404
4348161
4808294
756299
4924513
2744259
2299669
1374352
4631469
3708575
957101
804431
3493841
2400247
4052360
2287455
104015
866739
4946484
2185122
1529452
3994782
939147
2934583
3396408
4515881
3842108
2273298
3506016
195209
3708346
2522586
512839
1933337
3391166
2638984
4928148
3306338
465774
864088
1125256
522921
401333
158430
2431289
1875308
4837082
4756010
4829708
2655453
4000811
1258360
1804162
3086423
2515411
4993243
1105700
4428622
953209
299146
768791
1370906
4623175
4589332
1838478
4613408
538984
2642814
1078690
4793202
3302610
218166
766213
1646064
1962598
285117
237814
4201656
1439751
3962251
660685
4073267
1948874
2751970
263005
3522046
1242434
1526827
1509353
515757
634309
2352013
2609997
2579424
1627632
4498108
642507
2153724
3692946
3048268
3167604
366619
3665811
4956995
4114880
1197132
1210945
1952815
166233
439974
1470080
2702458
1140131
4886894
540555
3076804
140558
3519676
4552268
2959817
3552324
1876887
3985240
1083974
3815665
2958967
4453008
827509
662031
16727
1394408
559606
425089
2113328
1573171
3999437
4570846
1241559
2772746
1590976
3818775
3916052
4952148
2582599
3089479
2931179
1026934
4942598
46360
4880912
3012061
1909576
2141011
3867610
2831296
2171220
1046727
757743
1244903
4945056
254393
4459685
4009255
421199
3895376
4374330
4864341
3321556
1690280
2817776
3875512
3323535
3622893
1214281
4996887
1520107
803153
1686140
4828998
2078455
33786
3666645
4868291
1904197
2261904
4862346
1607487
4618947
2730563
2670133
1075220
3648740
3734083
2807318
3264836
2566312
2369586
3690818
770735
4450277
4092106
1200108
1993655
4054482
4028183
272664
1506711
648035
806796
3565931
364016
2681089
1219958
2147278
3072741
3061525
2347184
4685846
1852838
182903
4005739
829068
3334843
966766
3184284
4392495
2251729
3400544
419281
3821927
1482723
2893847
2038874
4079002
846866
1757340
160419
1658894
258555
1243613
3297274
841526
1754975
4888714
1544164
840287
2305755
557426
1509281
1541552
2206131
61164
3909428
4421142
585796
3503839
2335498
738559
2272632
4129421
998409
2697448
3361637
4337092
1149916
2767893
3999121
4312669
1885525
4685177
2356016
4250436
687566
4839695
2815019
132186
4792860
3245780
1706098
4582318
2356169
2487951
2215333
3816479
4236858
1640866
2073506
4656306
4642515
849698
4186372
2370747
4030559
4022242
4347836
3997251
559533
2208450
2048841
1139672
4269084
4323914
3821860
4211776
3731821
4638317
3638094
225307
3821685
995418
3516148
3159541
1205604
1564083
22640
4908429
4825795
6507
1727207
3066999
2529412
4650734
1191844
1314283
1924775
2201066
2941187
1379927
3907505
4453032
1346401
2991025
877764
1002118
4526856
529883
470912
4181724
282490
45028
2300145
4218632
4633301
1202574
137141
4304314
3470376
4727487
2360734
261777
155991
4463090
383912
3299724
197925
4319829
3782884
1687306
4919486
116517
4127156
3585956
2409337
3753406
3948708
3145252
2428735
1885915
1150335
1214068
2349725
3658287
67961
2720992
918145
1166257
4738380
3799258
4193758
156899
1616844
4993311
487978
1475661
1564640
3667821
4597568
439295
340405
3214741
4369782
4112208
2807136
3409245
1501699
47854
1628117
1788001
3600916
3404473
4885130
3132635
4029494
1379416
3155128
4483486
127920
2800442
3013463
1834879
3325920
1859966
3806478
2088503
2600078
3893379
64088
912193
792837
2982888
3253786
4436037
1077032
815850
1349662
3737172
1145307
2977270
1433558
4823880
1783696
3087116
4151364
4964478
3627697
1542374
1627967
4849862
1367614
474286
426153
1023820
2671103
414200
1449269
307680
3553706
1758443
2023400
1181253
4126242
4892073
4122773
257121
2059743
4790265
4556322
364066
3227018
3279246
2198630
2996878
1228449
2085700
1664178
321020
1009180
739611
532078
3873726
4999093
4235335
4328272
643562
4587480
2294351
1340101
2879529
4690169
2654263
3899932
4539535
1671799
2192881
3878164
3515334
2659390
3374551
3005260
125960
52988
780775
3401729
4285317
4217698
1757192
3748028
720828
2227027
536092
82051
3715939
4639512
4818627
2262537
1167989
3129229
2123343
3895699
243944
2526038
4010943
586662
653609
3813254
1550559
4220186
1237506
105784
4871233
3189055
1886399
3188963
2316075
2858703
2934259
1414185
2059089
1235902
2529346
3342001
565561
1917706
2523285
3149172
2278283
2355290
3479656
4593588
4396444
4179975
2443736
4769138
1078927
2547728
1095439
1175003
679822
3849720
229879
3521207
4944430
642292
4641942
2695864
1058778
1303410
900581
3737488
3174611
3166412
489168
2961511
4795279
2333053
4358105
1071910
1191300
4494270
2495638
3332165
762810
651852
161582
3403156
3404210
2686902
3215674
3994801
996800
2651612
62276
3316768
3663455
2494180
3927760
2177712
2977283
4356490
4065349
4926593
4155506
2421263
4936243
2682246
4285694
1452049
1553243
1610568
4547391
1345254
3777905
1693298
2289324
3523311
1171964
4064325
3867665
638212
2833902
1446916
874869
4452856
855163
3675397
2977383
3812747
4891539
1188610
3626988
1784116
3090553
4311790
4939146
708253
2313213
4896540
4124959
2760593
1917824
1078424
4776676
3987127
3812324
3127167
4950633
3677205
382202
4783351
1094821
4344703
3114066
4093431
9920
2324068
1533774
2206971
1025127
706186
3880178
140883
2220590
2519171
14090
4527113
3388625
969518
2755333
1885212
3000113
4045402
4272570
4507794
4799130
2371569
3759041
4098997
2858159
3704431
3727138
1482568
2254275
3317857
4054489
2024546
3426171
2546096
4054730
4885997
2400259
2605183
669671
1121307
244185
2595893
4963469
4631031
1921739
1693730
481815
552185
2110345
124814
381930
3441647
4864289
4952096
163395
4777582
4458615
2944379
2031434
3098412
2116919
2418104
2864981
2565669
4750547
4789408
1572098
4389365
3384000
1455259
1552177
1022885
1427944
4689485
3108902
4918079
3481643
130368
4178286
3618745
2881772
2022061
1108811
2105294
2562170
419416
4666069
3361489
3855553
4705881
1343172
2885108
1640266
3798597
4914747
130770
4813018
4241333
1646565
3099268
784273
2763086
1441063
2692268
1251482
3541040
4724094
3118261
2234025
263671
321097
3177614
4395581
2001292
56125
1163122
4398626
826365
4251966
2658410
4048521
633231
3047627
200699
4665417
4992777
3645610
2275903
3110486
2287824
930250
2002637
2445106
343447
4087211
2374888
1000135
1613688
4754133
4638292
377482
1906222
4406729
3136490
627339
1495511
3013428
536447
847804
3931900
4107871
3697490
252150
1368436
2332840
1695049
1350329
2528908
4405691
4401866
2647762
3854072
3807650
4656989
1893673
1856790
228612
4505637
3410606
3299242
3812561
4423591
4322117
297382
4655006
1337863
922420
3992283
4915879
1046721
2600380
1502273
644196
1779582
3483560
3208302
2717087
2848602
4291015
1322085
3796079
2018692
1714015
4197205
4868162
370139
1720148
2605324
4606564
3841755
658440
3854369
4560684
1791472
4240628
2142074
4838936
339644
1981732
2358943
367032
2028042
2874190
952572
4497347
2404126
765428
3630938
1873495
4908394
867411
2750448
1493661
303590
2246873
305747
750505
3078806
1389056
774829
4607797
1565
2649341
4475374
2363228
4653725
4843181
265128
4680004
77355
1297322
2995211
929888
1856762
4391491
4262732
3853802
1560825
27347
3339723
750094
2956963
2192592
122040
650806
29071
4592427
2917149
259449
1376649
1045176
716332
4281711
3577864
1037767
887138
4998093
1608377
1004747
1574629
2855883
1519876
4756813
1171006
414322
2107483
4900724
999973
3462293
581530
399385
1114025
692916
625636
4126613
4408661
3005158
4362917
921984
2140251
4772967
1279934
4574403
3799931
65182
1970060
3826892
3701458
2715065
4956388
2152507
4929251
1622153
1772718
266769
336431
3085605
2440279
2301325
1441821
2730775
345277
1105969
1266411
1820492
4693906
3884778
4157915
1830014
3888426
4799863
3056276
4499813
2985223
135492
4451267
3828386
775861
2168633
3917144
1440949
2180040
3682949
3879872
3220402
4034474
4644387
451410
1448283
4813109
936053
1898511
3668279
1858201
824306
4570254
3290217
4807887
2986966
3841309
2246068
827810
1015338
3549606
2840978
1216629
1714298
4087883
4723091
4028174
3933819
2135576
946175
1363921
2893449
3257946
3925068
1398162
1296514
742177
1561681
1121115
3711648
1186427
1962951
181978
4403961
1992222
3755582
4667170
69590
1607155
3465569
4710235
3834359
3639126
3869400
4653641
4390288
1812192
4940296
427007
4649539
2144303
3587167
161792
1237477
545908
430362
3486024
2354206
884152
2272202
1327638
2300277
1645236
2735308
3839985
284235
4145847
2843780
3047483
3668392
3293407
4346296
2582168
3659853
4639395
3817788
330175
4297662
2530377
3312677
3188613
3998715
873260
2658967
4731799
558325
921758
2734472
1280798
1160696
4524518
1098699
4420378
1224336
4314401
4593300
2889060
4573789
924567
2251787
4297891
43040
888501
2927731
2502292
3949672
1238044
1397621
1714861
2885283
3539279
4274013
3816469
4274413
1029296
4196206
1410490
949504
4082765
1098478
4789170
3016176
3510160
13985
349892
3933000
1727528
4919727
1473671
2910497
756666
460841
713520
3572340
2425198
4553075
2451587
75012
3752257
1103830
1541256
3292905
2629475
795279
4399683
1419476
654031
4938614
4046152
4649453
1066619
3667522
3541842
1739186
4363800
221140
3702344
634380
2190562
4634912
4663549
2911942
3024783
2236795
497233
169584
4562858
4838734
2401043
266380
654863
4919254
3661365
336392
1169428
1298835
3366760
3319789
4486282
4724435
230232
2014899
2052612
1422021
1321061
724067
3221682
943913
3157373
938113
1801232
642260
2063075
1984103
1907470
423520
3813652
2073759
2485595
3544232
4322249
2360787
3314519
433551
804032
2466129
2965412
3232779
3703360
4318061
3150173
927126
4772246
1334464
4705244
3077193
2223148
91847
2913444
1851788
348424
1904820
91355
1735018
1417327
2317187
2246288
764170
4703952
2065777
66886
483463
1344804
2423133
232146
360788
1734952
4377439
47017
303317
2575808
3105682
599858
40364
3046122
2627193
1708608
3981921
3254913
702688
3062848
54348
2705580
4845522
487711
198506
3954834
485252
3714684
844912
815261
3660315
3580049
182899
480212
1955485
2727126
514295
3792153
1994757
746383
2130981
4088067
3574663
909670
1566101
327764
60166
3253128
259313
3493645
920583
3836559
2068630
3074160
141420
1922986
242038
125490
4489786
3897471
3902548
3064881
2381780
2318665
2540686
3256136
1526348
4546155
3909211
540962
1005653
2523202
24592
2414870
3161255
186814
3621605
11458
105280
1107146
4767323
4595490
1312400
1102853
1815044
1966316
94374
4334473
4343846
3841454
4633109
1110461
460431
1640838
780616
2886761
4890804
2246200
4426661
4810159
2208551
2361201
2012920
2057189
4187439
862823
3218143
2725411
2000744
4821262
2870355
239208
3717958
4360041
4134874
4325275
465175
297839
4594579
4223273
2648481
1651059
3447882
4913627
3819302
4698446
4371931
3319110
1803599
1016928
4407545
1715878
2747120
3134124
880807
779517
2101481
1939841
766208
2385766
3673501
1455970
847365
4952722
3404792
450820
1980985
3361352
2818698
512286
1722621
1939012
1519051
3666388
1792443
1345669
3774419
1997647
886030
1575930
596255
4029424
2091641
699325
4493280
2494967
2953467
2761348
3457035
4727006
2347496
1472816
2730935
4724858
2795412
307329
3582834
4339193
1815785
1868400
571885
3639649
4025319
436773
4308608
3894476
1647240
810736
4923506
4010545
2754839
2539380
2974443
3925830
1178479
226669
4307213
1488661
3536102
2294868
2228119
300770
1279139
1312491
4928269
2756686
4627843
3917589
3836321
491628
4301425
3662578
140739
755974
40927
2898618
880531
1708639
3946123
3733247
3031201
832360
1888001
3304815
1129343
4811790
1447881
205883
4824268
1057564
3480118
206610
537805
808755
1553386
4199104
3864340
2567904
2670428
2844505
3366862
1708193
1921674
665868
3782238
2468505
1348978
2674227
1120221
971343
4541728
211218
4958456
2476439
1300455
1386193
1906822
2825902
4785691
1237181
4344382
3701368
1864060
741514
3494990
2372996
1325205
3958512
2380609
1316376
1582003
4861548
4392543
920997
3830268
2157749
3348552
2190956
4328230
1706612
3999430
1010015
490579
2333775
2318405
686990
1048050
2646508
38860
515733
668170
3300330
3193688
1637341
2521039
2659869
3363036
3673503
4143194
2512109
617995
4331201
1273915
4059048
315144
4663862
98779
2627523
3951199
2634116
3213680
4771702
222852
1839631
1870347
4889159
2850225
3228542
1055080
1260584
1280369
2868981
144196
370284
946404
3165131
3441847
2463230
2497991
2156638
2809321
4211659
3967846
515124
289225
2476388
273300
3854303
1263081
402500
4616033
4636599
84067
2085286
4852915
3614779
2206673
2298221
3917401
3945053
4104767
3486230
3985661
3137545
1839808
157835
4636059
1113400
1908062
225660
4217776
3191586
1678428
4035338
142031
2667889
3471883
1084031
1893662
4982469
4782826
1545350
103430
207563
174459
3387455
2494457
434741
2961922
126118
1525005
1967785
1308870
4631483
3497436
3599890
3995422
2272300
3303600
2544922
1437270
2273906
3227325
1688126
880054
451101
595260
3059938
4100563
3735055
2051980
1243543
686414
2234034
2846590
2058727
3581172
3469471
1516623
4813286
4047104
4195175
137024
74354
1257044
2745519
326816
4901830
2648717
4020800
4913042
1829055
625457
4748332
1064589
2542459
458401
3383754
3457102
18300
2180946
4223282
3807198
2039506
928437
1855593
4034195
4419907
1221169
1410090
603501
2789313
1682344
1601486
2639629
2966677
2226217
4905984
1953687
3652667
1860613
4569191
1941534
2957292
2741496
785647
3979278
1492706
893483
4136134
4951507
4377692
1670199
2051727
3091382
76446
4650814
4385836
322296
2929366
537222
2396475
562643
1857171
2825724
2482197
4330742
2358535
979151
1693087
3136952
4815371
1762935
4014068
1318757
1928478
1183770
4353354
3232821
4044199
4010615
3103706
3611085
3510199
3208440
1179628
3527477
4746825
3731949
748693
2887970
2927461
4512646
1912374
1242230
2934715
4066464
3288240
2780880
3234659
2859508
2268197
1032303
2973559
1863123
4917839
103822
631476
3650999
2275334
1457311
2254496
3441465
4901948
1058761
1963230
3601873
1239521
3375149
3792111
4282221
2304756
4195707
3128480
2022144
4044747
713515
4953504
3500771
2925421
1334339
3492778
4354992
1485714
3826448
1898092
322491
4229990
3677982
4740464
2186465
2373064
4024175
4581891
31152
4598377
3148758
973810
2140504
3290965
1764631
4340437
3138507
561297
1520658
2968479
4181208
780679
1440379
2053048
2160055
3042690
94614
4453956
1468585
3409118
2511938
3346513
3925655
3072126
3792892
3040702
2199239
3183435
508541
2303702
4313268
1370099
987636
2321624
2136149
2730584
3454915
1016642
1070108
4414514
2652330
4471970
712338
282706
2213573
1509791
1763627
4965858
1231373
3952604
3501776
1275372
3676099
282895
3514165
387450
2112214
3542790
2560552
993860
3702840
3140165
4814993
739689
4663352
3034354
4881403
1498170
2000529
2380670
2839967
1706666
492994
1772318
3778496
3249511
3594845
1468896
1587316
2453329
1542155
3339148
3200960
2576520
1252890
2722118
1175418
156725
2909691
2440290
2485257
2792639
1794882
612380
4858968
1951128
4678508
3765368
2997321
809925
636293
4788820
1429341
662200
775651
2382636
2947070
3944391
3615746
1089284
4179603
1805877
4857354
1722794
182685
392410
1273200
2213124
4591148
2088159
2480800
3071600
4606428
2624468
2089033
1615320
2932843
1119004
3916741
3202537
3733259
3317781
4831059
3259140
4224123
2654526
467753
4058072
2437340
1834521
3902447
1660868
163661
2708632
3769606
4102479
4552065
1825836
4488502
692055
209930
4347244
4040017
4450116
1740733
2944202
2906202
2067724
4119293
4279758
3569279
1478094
1016934
1282381
861362
2685755
3212028
4619364
2896040
2416876
4232945
4173409
2465101
4987286
3413825
3140362
2189818
1167949
2316370
596246
2486364
4325909
74897
3354851
2010970
1016041
1915737
1694439
484552
737109
507370
231910
4921638
3880814
4823094
2075812
4266974
412993
4385934
2552309
4703861
3491499
2114638
870912
3371441
3222035
423840
1514737
4470409
945377
2947382
541762
3627200
4677691
42223
328188
2000759
4717870
2679454
701730
546784
506824
1864344
3915664
2198104
1808278
1383085
1569827
2657164
3798318
2552541
460288
4335109
191769
402944
4128317
819825
354848
4041837
220836
2819809
2598048
3141012
4901012
2732892
453650
1615289
1531300
1544106
4262986
3729353
4083301
3780611
1881098
1182326
1059575
4993727
4199748
875697
3422957
968497
1375000
1040638
1995462
2380723
3777119
3783024
1774970
1306946
4589558
4559156
4683170
116897
1532965
1618234
1518585
3755594
429345
2389979
1329727
1580902
1536232
207990
3900977
2723284
519531
2412962
2757521
1268272
1338250
3615219
2562241
967923
3628711
782164
4371574
532678
4259410
1308869
1468261
2681686
2730307
1066658
554215
1546487
1028619
3645677
2637213
2721567
2847208
1492316
4793523
588838
2760718
1270176
1880209
4901315
1463920
3548341
1448410
3574272
1415355
1038869
3784423
3777203
4946889
4855543
3974825
2692993
3491048
4052835
4274828
3942581
3488978
4285470
1224307
4194593
3567240
1128149
4911828
3275387
4233822
4740484
4478338
3960570
555991
655697
4327115
4900271
3087130
4378770
1309867
422329
1250724
1212133
4823989
809976
3712795
49897
1274739
2863755
4786594
3544359
1462070
757756
2683704
3098277
3372037
4670120
981689
115560
2186724
3136001
811771
802377
225759
4538879
262127
3704334
503428
899843
794842
3786190
3852275
4080832
321828
1963576
26926
866882
1442480
474812
766
2834133
3075682
4082789
1340672
1387857
1852733
264914
4546954
1408105
1046316
4497249
3730451
4564462
2238642
1927198
155403
1921265
3269929
67292
4051106
1364477
120532
693319
304250
953047
1662781
2214863
1449598
4106374
2094291
4491949
1800172
1324301
464813
1996918
3833562
2050898
1982706
3465922
3389235
2942578
3535910
3750352
1308855
1658753
4114460
1532102
1672120
500402
734362
3447820
3439607
3103247
418094
4654748
64191
4514126
3653530
1909608
3252693
1183796
3588423
2092601
4596348
257270
4418359
2630849
3344563
4119116
1179585
1440575
713214
3497951
4491444
2953648
3955139
4287582
2922627
1688293
4551169
3498810
4176966
859176
352159
3614850
2549016
4072902
1041883
2602382
4763457
574263
2247709
1712541
901435
1721228
531407
2921659
3097832
348227
3360899
2025372
1881678
4035266
1728365
3556872
2091804
1095113
1454173
3950556
1038245
2286646
4851896
2053474
1560037
3127006
2465770
3189725
2522519
821921
4593882
4705586
4022794
4579594
3864372
4573582
4490143
4242906
2773313
1771331
1910007
2045026
2616506
1476562
199288
221981
2852444
2839532
4845197
1094251
3632723
4991090
3141705
118389
423180
964880
1009431
3321075
3609560
1363800
1055269
1979178
564910
4259792
4246503
1337032
4080509
4635653
3008083
715495
4666605
2875261
3932495
2925006
2484010
4182732
714537
130268
3533652
3292722
1909158
3619254
2758393
690161
4093552
2312756
330379
2794679
3923019
38035
3492100
2675564
1157149
952030
2816312
4583394
3836982
4098015
2231952
2738069
4672425
891507
1168208
3527044
1294414
1092371
3091628
3962742
904077
1266112
4920786
1370144
2740835
2902296
2090444
2405639
3485793
70386
4184910
4585493
3896688
2798185
4312125
470162
1676801
1258751
660408
1295069
3206497
310183
2252497
4411896
2135435
4173597
1735586
785203
3895726
155677
3504058
1881932
4728635
4811111
3452421
790562
830441
200885
2143963
3633529
943901
2600986
1174260
1214316
2915864
869551
2814405
2465036
2061971
1813522
1468641
3760519
343083
179081
1821989
2173591
1843583
2723268
408584
4778312
2093491
2272693
4169664
1910620
878953
854743
2704644
4411698
1371078
2219116
2757526
1626666
614177
882913
1797624
681082
3031832
4469759
3288654
4827780
4191316
585104
2545827
4228221
3224156
3821822
4391571
3299732
2448642
1050000
1166218
4046962
4684363
178970
4740565
4436615
1282380
3049487
3281447
1430782
1630661
2048128
1515463
2053247
2814149
994921
3450176
4529799
2906748
4615285
1298789
3522713
2011116
3340781
299015
112962
3466599
404486
463628
1117077
1579954
3384287
1193590
2890343
4688805
1430758
2613143
4707067
2530828
3012140
1739380
2358243
1412791
1842645
4807554
1352694
3963093
4565594
582613
1646441
2242000
3038301
3694830
535741
1914782
336888
1204089
3773262
2863914
1736689
1291287
2066756
978694
821027
1043397
1411014
2364238
3464864
4978529
3145386
4211688
2003936
4603308
4345790
790032
4716773
3954185
2897423
3612959
548035
1328398
115099
318531
3257256
865441
4329910
1701675
3386038
4666924
4378202
2867662
3970890
4464685
81067
2852318
1272114
148196
4265610
2975010
3245480
3905123
1564443
489839
2982039
995334
290432
809876
1642112
3494940
666764
1248895
591773
3033195
2701709
3677079
2240160
2692746
241637
551451
2610733
4212863
1460637
697604
3552323
1686706
4481335
1167426
2056375
1798827
2804646
789033
2106403
2039802
622982
2387883
2262475
4105021
1805133
3876522
228771
2224516
3409451
4417757
1658767
3878648
2657314
1381347
3026873
4639458
2228397
4652372
4652407
3854460
3984302
4879627
291346
2292538
483180
4943310
3115835
4510716
3897643
4607761
526033
3517726
2046078
4376172
458024
2991117
4621843
649979
4089440
162518
2289097
4692919
4963831
117818
4278860
947330
3842283
1014232
2971783
4384240
2313292
2981585
348115
3226639
1234745
1350987
1846066
2799544
2147345
1571944
312653
3257306
1416464
3983640
532739
4170694
3724005
4641094
3016123
1604495
3985545
2209670
3560745
89870
752192
1081601
277018
1761205
1002321
2588241
2787482
2001229
4816382
313752
3546758
4856491
4152065
226324
2700045
2144738
326024
3920890
1614461
3555187
3840147
2604311
274034
562646
3268708
3237489
3238455
2400956
658095
2871854
4882823
2310013
3112351
1826046
726224
3919247
3790550
3332890
2928857
1821995
4967516
357814
2832526
4214235
4888554
17718
818370
1131713
1393088
2474342
2144449
4757299
2099874
2248702
3259318
3017272
4847418
1876645
2183538
2302284
4915869
3711073
4399287
4029108
2882863
2863003
957126
3478985
2825318
1251294
4464456
4278266
3683048
1953745
292995
2948646
2312489
4755096
1404746
2487875
3751240
601672
1153941
3221656
2991295
3500224
3901609
4649222
1228031
4186293
173765
4474643
1673440
284805
4656224
4708716
2323875
795725
3384731
2083755
4608328
3693041
1619060
1045481
2782222
3889201
3738512
908258
92250
4447438
3585352
626746
3382772
4755839
2379603
4133254
3892479
2845695
185443
3114403
2584611
4112665
4539389
4518272
1729927
348081
1818803
619960
2816594
3378452
1869166
2810956
1682965
1118143
3956961
2934755
295057
3429541
3849545
1533635
3639481
4593953
4772014
2946322
3227721
4906936
1773461
4285361
3010532
1868210
657348
2160161
2209454
2120785
2242180
4084884
173471
4331038
687736
4266632
1381463
1684474
1534884
3323501
1615178
1312177
4427524
248806
4880588
4362487
4943155
701804
4745789
1318942
484979
4147316
49172
487476
1804704
628605
4694065
3661434
2594542
2551519
4732252
2954946
4331244
1191653
1806637
1033047
4442391
3015736
4356107
3999774
2543649
1052736
629981
4164898
1452678
1817715
2995941
297277
1087870
2496437
4934875
1935302
92718
1876391
3615230
3643905
821817
3040989
1970090
2973091
1620015
2584004
4202229
3718538
1283622
3934083
3258570
4114949
303784
243927
3062233
4411592
1954062
2612838
4719018
4854983
3554856
2512442
1084988
1340429
177072
242802
2159876
2094391
3037204
4647145
2035529
4659432
3294009
1245698
3454655
20223
2239206
762552
4458067
957747
349732
3327192
3381507
1499403
2625770
3137308
4111814
3896228
4222993
3863883
4079543
1119152
2654071
4933083
4125016
1655674
2279675
12678
1314815
4021302
1866467
2344981
2059899
1701217
4137840
352137
2802541
3847880
2337854
4622667
1576528
1536892
39244
2625226
616321
3221347
915286
1378230
1999526
453670
331351
1975779
4129729
34019
618055
1336106
1179784
169097
4087343
3913542
1623538
1782935
1508498
1704459
4531299
4707226
4960294
3112272
1211065
3774275
2648378
1699198
878700
1345620
3664303
620069
387173
3415450
3178545
831096
4737723
4592344
4781300
1172840
208599
3168567
3915576
3458371
684990
4639792
3086914
1151712
4801387
3508692
209478
3060187
2153145
1180713
3128196
4053258
1034628
4376643
53486
4890851
1511694
4206251
3705740
1039670
1088671
2666396
3541553
680396
4706895
1661700
1857621
4339611
3717131
2259862
1426249
3753245
3238932
238700
4097717
924053
1420801
2399332
2606390
3057349
1908378
3277837
385847
562903
4983234
1269691
1950896
4869397
1346198
202459
4628103
3797687
4735596
3443452
477236
1716735
4985891
4466631
1384174
343558
2956636
4187599
4471246
4541141
408386
3487017
3118337
521238
3661115
1059549
3965253
2045208
313685
2849018
2982897
4383448
1633060
986960
4008790
594672
4139904
692719
1003747
4900849
4392940
1052520
1695158
2090440
4177970
1391516
3048705
3151281
3722972
1789558
2770993
881788
1738802
1020882
942694
80916
299739
2053188
4578108
2066516
1251579
2095112
3393137
1398662
4663028
1791237
2977379
2944536
4595964
1074021
541356
974453
997723
710461
278009
1159392
3249082
1472541
3019667
1253558
3587405
1918305
4622353
3856621
3276771
460314
3672286
1996273
1812507
4754096
739616
700799
3797412
2898469
3277799
1026559
2092926
2622372
3139214
1270066
3812500
1636845
3924319
4639372
2897485
4662871
3506758
1383167
648625
377623
330012
1347853
2886785
313501
2697367
4592988
4109979
4375027
4228367
1609792
3489087
3692641
854268
712349
3833969
967676
3365643
1249767
1044315
3799378
684910
4093320
3825277
1909036
2164311
4565231
3079712
213253
4822807
1266641
3716155
341492
1786097
1093271
2388492
2261028
1435981
3554178
1287951
1826252
2514001
4543781
4785297
96900
2124038
3839699
2319291
4262347
715510
4486459
3571250
170118
366805
661829
1903572
628143
1119747
4570610
2220465
3585257
3340591
4402859
228503
3764764
1718121
637833
316690
2375353
4381131
3754937
866533
1607312
353178
3200124
3509139
611936
4803996
558481
3789613
3903994
3746849
3591909
1214721
4123678
1309606
1785334
4103748
1384950
2060399
2831763
444194
3316063
4757082
3754533
3615550
4349897
4431620
1065061
3056215
1812779
2658805
4630399
2262835
551869
3124200
1037877
3809054
1611791
2775538
4039623
4033568
4939893
3264307
3894824
299210
3948024
3934356
1928780
4024359
3217279
3429573
4235108
3803990
1089359
3173013
4007966
1651060
4739325
2369605
1890034
1679081
577230
657132
640025
1750843
2087846
3092090
4161536
1065531
1766978
144846
2739848
1000626
2982790
675164
3070214
2133345
3823653
3248368
3037189
140885
3998963
1283286
2342252
1393035
2832232
2420182
943071
1221507
2095930
1040208
118132
331789
2335386
2649405
2141753
3013802
1241691
2437116
314310
3341866
1974142
1577587
967979
3574026
1867501
1647429
2521509
1441388
2361569
4142797
4412841
772525
4379293
1948425
356524
4045766
3065253
4964878
3826400
3616259
1775970
2006593
1676887
4887147
2939548
90432
2037138
4464386
4412073
3562653
644880
3007166
2099653
1403545
2990667
4307929
2369909
2552078
1193318
3151836
1929538
490373
2998203
1029536
2696923
493302
985761
2634206
984561
2909933
4846936
2397438
3715261
3351887
4266289
279976
974656
2209253
2041702
3693386
1910992
2552461
4695007
1121308
923812
4469026
1247437
2969569
392101
1424669
3596702
2213224
1960513
4940516
4008055
101100
4888241
2945369
586064
2970629
3455082
1222741
1225456
3608856
2014372
2867268
4294372
118429
3705978
703823
2516107
2870518
4717967
733222
1579501
541011
1476399
436172
4859208
3016816
2072382
1311797
2018003
1425177
4499571
1792683
3270357
1103051
1619976
3324017
1813713
4101583
85907
2950761
4803396
663328
4988482
814052
1301305
385564
2939438
76447
1674026
3280991
2938852
3558177
4103491
1547458
3317708
1260825
1536166
2819092
1517594
2165347
2209893
3216800
2248801
389484
4593024
3080414
2435726
4311931
3938772
3047552
4910074
2757177
91968
1530458
669951
4746553
363976
4937681
2176409
4775447
4379776
4016563
2934423
4103875
1087209
4657521
815442
1331611
212440
2210493
2355076
4401989
4713255
2318363
4367065
2456938
78539
894382
465284
3733221
541954
3322102
4540301
4557756
872551
4568240
2173172
3540586
332307
950777
3949985
513491
1459954
3980083
3200798
2886813
1064419
57131
339728
3717115
4034865
709908
1821575
4627697
826647
4291567
2061471
752264
205672
3337765
676149
4576671
1011877
4603190
3032446
2980498
3310300
4649553
1964260
2008764
1925268
2080631
385612
120927
248780
4689095
2414909
2848398
219767
3096491
22206
203643
3542957
4332591
3081247
4381135
3673914
1241322
2129592
176031
2559957
730590
1675619
1211775
4888538
3751279
4394193
3696217
3856829
4430310
3909251
32130
845119
1350728
3376612
3530490
4934105
883001
3499003
750088
2144670
1997195
2555762
1056194
1470985
896433
2276674
2648504
90303
3866979
4541554
2859991
4174506
2866787
2053997
2492559
3597801
394016
1931219
2295437
27447
4267811
1789602
4353188
1969870
3011589
2835153
1144634
4944707
3286244
3939759
1187855
1361496
262589
3634085
1245836
448999
644113
1055532
4905510
1122090
408923
994626
2571
3645518
4443384
4923681
2518358
1942969
73773
85898
1718197
4767871
1841576
4212120
3200642
2594774
2908598
4268300
2662075
2779779
4352162
93628
472191
1928106
1958968
4709794
1007094
4213549
1880671
4132280
795212
4295816
1259926
3882768
137455
3362792
4280700
2944574
3091090
4279880
2653766
4377338
2621511
4531351
3278624
3292225
2071695
1494820
1050401
1285762
3932815
1601646
370599
3385384
3953061
3496916
157976
1210715
285022
2391914
4577373
3941983
1484980
4773716
4687123
2084973
13492
1201162
106857
3067802
2149489
1062935
597728
2662165
3932976
1619200
2626298
4144919
206451
4046906
4655167
2926502
730345
1237311
1677515
3137009
1260608
973045
2009816
60489
196997
2382566
3777218
4852193
132964
4590417
4683428
2341732
2080491
3572182
4068511
1910062
4198662
3315591
2282508
4984732
735803
3607776
887136
3082805
1703020
4635475
1387335
1942483
1883630
790974
2784898
3197512
3086075
3447059
4481524
4640744
7427
3902535
3046486
2002061
3818778
1333869
2262655
2676716
1291143
4977340
1948943
3477404
3607494
1162946
4406033
80279
2782624
4941194
2546329
2678622
923916
2916719
4796729
3448791
1607758
3686503
3005153
4515338
763957
3098297
2592094
718317
3272291
2220712
4530
4420067
3960620
1451786
1586131
1473541
4959739
4169696
2843272
2707079
4962273
2591719
942212
3840109
4839083
1048818
1656190
576156
4979865
4423352
3259722
2649701
2438594
2029165
160326
2516708
181958
638821
2849410
4147427
180782
2697293
3383399
4209171
2803542
1569788
496180
3753646
2414154
4189352
4557037
2592523
4844257
4737607
2996507
2884100
965577
1072599
4144771
914850
2212784
4830198
203015
3224691
4613077
1900303
447829
2193338
4268002
3525626
2145512
1081963
4681355
1770628
1275057
1061273
1808412
1607631
3043179
3718401
2026745
1728522
1799198
3774126
1624950
1865261
3229550
153544
3869758
935576
999434
4728559
2491919
2073849
4366081
1472624
4160781
1895398
1806332
4849504
4193843
2466112
63950
3181168
2979208
1189750
1799316
4473292
1501283
4261375
3942554
108425
693504
2922590
4009940
17954
4291681
4911412
4625896
289404
1952556
4449931
2066824
1021922
4254300
3418535
4290354
3679257
3971045
884570
4523787
3583972
1756627
3149062
2464809
1157324
3681010
1812142
4308487
367200
1661147
4217418
3644977
3608949
2259123
3623633
3971666
3152955
1644883
754379
612114
3953614
2759556
3054703
343172
1831526
1522999
3660466
1652729
4655278
930201
2685319
1145797
2924338
1206893
3173785
4848218
490005
1938231
2447457
1177379
389918
3184540
2504542
4588733
1405323
2189510
126168
2316455
2157658
4377712
1434679
3285291
3590125
1620313
4680397
2452495
3892614
2379649
1447768
2155275
956303
4145947
3576521
1902452
1374759
3110631
4296698
1951754
4711282
530271
3526780
1879045
2123009
1385848
3996650
1982151
2128869
3324109
1501117
4453124
1649204
1114377
2249252
756304
2819630
1080547
3723675
2621694
3761826
3266424
2451715
3106581
4476264
410852
2534208
2351443
3982770
777044
1319353
1754138
1656501
2277756
2647786
3395878
192771
279449
2810912
1674264
4895369
811086
2642970
4055393
4205701
3134274
2674445
3400438
4904615
3081284
4266086
810538
120230
2469969
4630852
4356828
2357884
1920971
2027648
1881840
4560050
3191140
3537783
2276694
1717112
2936054
3081745
3003352
3867107
4470358
562519
1448695
4847701
2894865
4430569
3515876
1670128
2279192
2127299
1956525
4488939
2542469
957811
3167037
1052514
659983
690557
4190633
1709668
4861745
3747475
4445411
3123031
1029830
2882507
1795013
2909477
1764531
4947291
4529440
2011425
3809204
2544483
841145
4857644
3622578
4290108
558856
837340
2184573
875296
4772726
1753127
2891184
2122912
4571042
1897687
3895117
3397480
4574264
1467954
39301
4185206
588338
3056469
2742564
4149519
4260670
3442398
1419733
4608352
2555761
2362448
4122883
4915193
4346046
3485207
2897195
639323
4965084
28676
4342825
2624240
4691620
1077999
1021871
4697868
1918255
4681831
196980
3694888
2274201
1664882
1533219
3442307
4726112
3055937
4445509
169790
3560599
4752764
2079940
2565624
3251971
3902580
2233053
3714624
767745
3119421
1031493
3534842
3560859
4095131
2356249
3116193
2693656
4638282
2023495
4858980
2205396
790722
4871130
1882604
293310
107986
4526957
4442445
1699320
772642
3815792
1542320
3830885
4858709
1357251
1614593
4415702
4424871
55482
4930304
4952376
4393566
835043
2188555
4014929
1585112
108173
4189590
4379446
3875984
4948487
953042
3118005
3278655
2698660
4103211
4972627
881391
3093986
770215
472991
199146
3179921
50973
380784
3202193
621068
1376099
3209758
1325443
4513522
3744222
1736393
3822193
4722347
3138087
2665743
2049719
1853963
4261665
2082015
2276271
453032
2990311
2795292
3334536
1056990
2054372
4618270
2377375
1074710
4051358
4910295
4636930
852477
2178136
2085321
2232090
2880505
3226415
4320912
3948072
1222085
1715071
4698122
4930366
4991886
408274
2140387
3092916
2235243
1414270
998296
248215
4340617
3972436
3495205
1678333
232572
755322
1085015
667622
571294
1947320
4847943
144774
4459563
4719041
1079604
4317863
1509921
2111068
596834
500815
3137118
52484
2485721
1588593
1641505
2012031
428315
1743089
499750
2515001
1043833
3309779
1811761
2855623
4245960
4349045
113272
4435894
944158
4095199
3092677
1176388
2942579
566747
153715
2130661
3603162
4577543
4111170
1819332
4270885
1415324
333665
1016622
3380815
4361944
3326845
9586
435885
1842884
134977
4069924
632911
3338077
4222340
1567945
3583570
2715789
1008278
9702
3003301
3488886
1016405
652314
3899560
120903
335337
1652912
2066865
3487607
2305492
499106
1322078
2675725
4059486
3830122
4088964
2233110
3004717
245134
845556
445088
3081861
4261283
703839
407135
77925
461841
565787
4125695
84349
2687855
3754147
2912829
169830
2896008
348950
1548665
2136463
3600723
4671482
4852529
4408665
3299714
3250746
1876231
1534257
3714019
822336
768503
2201069
2783320
4032781
4854509
249713
1135031
3523674
234226
773089
3203946
4372704
1673925
1167447
1607065
4773144
685541
23003
4917814
4200892
2901600
4211252
3977569
1850532
3438810
3231454
1823976
4514593
42006
2890457
1663335
2668438
3657310
1603659
409448
4445999
1302376
1205190
1478830
1860160
975952
4611276
2588013
279904
2649155
3115029
4592416
2013733
2675075
2584152
850276
1800636
4835904
3301688
2515401
1923350
924339
2807508
4351806
1424814
4096528
96502
4720514
1338263
966485
4704040
2868010
2290977
2888980
2160362
1586855
1575642
44804
1116761
734857
3554571
423361
4870060
3953454
4473735
1017512
2323926
813285
3979431
1662813
2753533
4828427
2406205
466753
2535564
3451224
272082
1369955
3305969
4270234
3236019
4366261
2727627
2598196
718475
3973449
2273163
4129412
1565651
4149632
3433496
3219121
1744997
3513742
4452634
1707643
3849514
3945826
1163387
4433697
4371160
407354
4584453
168145
1816452
2039318
881146
1576424
707389
4303481
3392430
3977848
2630722
2203930
2841686
760994
1521265
380276
3253499
2529568
2328198
986089
4658099
2670206
2283616
2256953
1574219
759472
4310067
4048246
3877523
510042
1626581
2021683
4960448
4350847
4037506
750942
2820772
3935430
2330530
744378
4435478
4223382
2871478
821624
3521155
2051652
3828973
996355
3921054
2790645
2454240
4473139
606587
4284778
1494690
2591695
2967704
1804766
4219313
572111
3905687
3736663
2387089
4725712
220290
3686162
1333641
2949124
2970968
1766918
3170468
1946303
3314315
1116115
1011711
1883717
4402860
4769566
4877198
1147939
2137096
2946980
827329
3527406
2549252
2178379
16158
2387988
2376810
252022
3106344
1960306
1351360
1337222
2344678
2054770
3186898
508807
910582
129905
3702690
1708833
4092880
1122123
1582487
2054645
3560608
4333917
2112814
627561
2445199
3651654
4814819
2313309
38759
4397326
2647286
1842437
111343
4497679
3157914
2708698
4676640
4843339
3535058
1311992
3456152
1286221
2926784
427276
244669
4533376
3217328
3256068
1181771
183561
4473798
2666314
645304
1188567
4286286
331632
2435868
99828
3892129
1322178
599342
2718261
613806
2539048
1071829
372972
449324
608344
384931
2320348
2839365
2589958
645333
1409742
3971848
1767411
2340839
3629443
3432528
4982227
4684760
2048231
4488238
2002312
308709
4881298
4094732
2686109
1583123
2277745
3739896
3698863
1789664
2636422
1066799
404597
3191568
1345435
3473942
2060156
265236
1481504
3446495
3843525
2056745
86174
819164
1100887
2184019
3497389
2174597
169350
993869
4310040
4205886
4784605
1115587
3020074
3281419
4055277
1202907
3050803
1712653
2399753
4198391
4929239
4683779
4296464
1273870
3379748
4947599
655372
4837967
1417394
4459042
1973359
2290874
4077509
3349772
370846
1521555
3924942
3387501
406224
2302659
1618127
4445272
4428099
2044172
3195499
900020
2391165
4761151
2589576
864242
1995421
4940620
2362082
4808785
3296161
4708105
2748377
1957641
4032709
2646606
3098668
591785
4409818
1122171
1709089
2582079
4930491
2642638
326141
2675310
2350820
2924251
1533257
1924816
3302195
2577761
4320370
2140964
4249521
2780510
1695949
4021545
3416304
3194285
492638
847342
2454431
467327
4403524
854636
1428520
1466917
4063847
4660021
2238172
2809177
2611424
4293358
4081494
3496632
3428927
671255
4162323
3178079
291792
1011445
2361975
710109
374480
4129798
2460981
3498998
2566164
2018425
300134
3006821
2135614
3781154
2484848
4101608
150862
4401577
4248394
4841076
999551
245299
1968990
369924
4097088
3772665
727309
4009967
4317066
4373947
4935041
4158866
3852534
4888614
4929000
4337715
2658972
3774817
349484
4928900
4177925
408217
951420
3286688
3796199
2705895
4799778
3326703
4873391
2054817
1323064
1666104
1397361
4700008
3003888
4336463
1460417
4762827
2491371
989375
2263036
2449541
1625908
1091366
1011793
1899159
2226267
4559538
791042
381677
3212212
289673
565402
1949236
4786966
864231
3137715
4810262
1472646
2254228
387919
1275799
2771307
3851425
3122275
4244294
2156088
717168
874307
921159
1012265
2264842
2331813
1934139
698120
1029953
2437255
802708
3058118
782019
4921511
2737619
2692267
1201012
4356440
4617302
3115088
4376020
4962881
1358490
1754368
4915233
4797499
2660190
138344
2161735
1564755
3476905
271108
1976219
215534
2812240
4265151
3095059
2140479
200629
489760
3852303
2036005
1370828
2571229
2633802
3103246
1258158
921343
3817849
692492
4306739
2367836
2374045
3990305
1256800
3405497
2810818
2258524
3642618
4988008
986324
4051153
3972068
1634028
2000294
2211948
4478954
203049
4503208
256984
2599818
1241262
4556776
204170
501316
3236987
1858426
3436209
3801072
458564
2824446
2205957
2368822
2860950
2055855
505982
3645443
1834165
500771
3510236
1125271
2761354
4356825
151235
4335588
3637180
1361684
4147192
2291990
4797140
2667349
3355648
4234984
3398587
2815725
2493659
4684087
1686157
1315988
3324887
3175696
2987490
1226655
241895
2405449
2078227
3598129
3830941
4596930
312137
3800858
1214658
3414289
252966
530074
2020145
4278484
4277159
122729
84004
3291721
4324403
1144445
4451955
237631
2536365
38147
2658307
784026
3017717
991062
2292737
971247
4427611
2552235
4559920
4678737
2548122
3795965
2324643
3171393
3554019
1693453
252139
256387
1668973
4808697
3365744
3004255
2907816
4856049
4020187
577807
1985845
2601322
3455248
337615
4182165
3978119
890274
2504700
4044985
4413143
4352739
1344665
1234205
694856
1025939
2883711
4412375
3373085
4598938
2703854
899434
1579721
3350830
3096179
2536021
4549928
452982
4114119
1174987
3444808
3477532
498495
2480518
3524726
3723888
1579105
2638021
512258
4358936
4019308
1196454
2244848
799009
4514573
3259074
4132774
302646
2768707
193844
789269
3593238
69306
6836
4898075
3075936
386450
834457
3522314
1991446
3606786
2848461
3491414
3747429
3869623
4581976
4895347
3265997
3013225
1835126
1532818
2283168
2199296
332920
2908860
2225088
575860
3762734
2570695
3578002
3432754
1051865
3597784
1093641
3460400
4587734
2127597
213060
1600524
1326061
2580140
2778648
797890
417804
1554199
4731410
2898044
253148
2765592
4087056
4589611
4037815
359724
3152930
416138
162937
2194607
2219755
948507
3124759
3644003
4245263
3641841
2497275
1730230
4309171
4446724
2470387
1131891
652419
4533883
4259407
2498465
4925755
3797895
215303
212727
4712001
3697400
344390
2332394
3790030
3216466
1138626
727707
853412
1710539
4852203
4727311
2473352
2183507
1788472
1261205
896626
810843
1968469
467696
3514199
4648975
2412113
2741674
2671724
4846343
3112869
3712741
2554581
3987654
1589538
3810900
2949922
3196694
770165
915623
2992025
4528082
1106034
4794692
4305451
2911317
3398244
2065462
4375806
2450849
240709
4779506
1704337
284476
4447842
4563869
1043610
349885
1359659
59121
32963
3828299
4967990
3100272
4574030
2267863
2719819
3707868
3132051
724399
3308666
2628754
3936677
2170021
1859271
4880406
1098362
1031689
4519368
1189367
4400645
4647
1092422
2776352
1879653
893468
1119105
2960167
1114289
139326
4958207
4002271
3327067
3389726
3428111
3353631
1776466
2347125
1870233
4984814
187690
4964713
408744
3262672
4968430
2876650
2475556
2239427
4327848
4794086
2940125
1143363
3924402
4716186
2906083
951322
688627
1780361
106934
766715
504030
3863932
640373
2797155
2440459
3516214
3419191
4487913
1986773
1887241
3120125
918352
3424424
66808
1368119
2252657
1754963
3703870
3524957
4659957
925277
4822380
4719504
30702
4176295
510476
1549211
3364150
757682
4124253
4401375
2408772
523180
3095924
2155234
2429560
3079395
468462
3900520
2688232
1702943
4297091
2039719
2298749
4801709
1349444
3889942
628167
200394
4002420
777115
3642548
4001437
4246919
2224233
630599
4792998
1616451
4138102
4385792
3451572
4135716
270732
3663243
2305084
4950803
1660471
1876001
3892767
2957209
3164677
3765687
2686513
1495687
4470740
4715307
3893476
3620500
1769252
4543139
1599692
4456074
1983516
1033198
3868067
2330655
2477029
1334045
261870
921657
2715094
500489
2890792
3753486
210637
1629106
3241706
1720342
3145352
2957357
3698836
4601927
3577351
241624
4175815
3678478
4914139
2448139
3644581
4900540
978781
1236776
636639
4466669
1742003
1768044
207000
3085200
3012407
1076261
4149112
2832035
1025088
302221
2377777
3190986
914590
546224
3282776
268201
1126501
3144307
224359
682050
4336022
2083763
2407966
4251008
3354154
2491641
3557638
4213417
3856730
373311
1309879
576171
4310858
2508401
291567
4209711
3264623
1571732
2630549
4494143
4110222
2981833
764129
1993767
4896125
456423
1276566
1480310
3267307
3927837
1074472
3989924
1427605
4049996
2261205
2497159
4555821
4088281
3200110
1418044
2416259
248321
3160893
1705938
2075712
4147320
496109
4342712
4885260
4516937
4704380
3282914
4020203
76679
985850
3457661
162301
561385
3146491
4856499
247947
1464798
2724068
317688
817942
4601092
1937127
4987352
4797535
836660
4280609
3980705
364065
3739702
2833209
1646344
4226286
2882824
2339058
3085148
1538502
630954
4911000
3528340
2251399
1695142
2046705
4134491
2731697
1230444
4125269
4764718
837503
3967730
2081612
1378302
2453075
4295432
1307977
3019462
4904087
554490
90568
500095
4972717
4831519
3954291
558942
4606822
2130062
3742789
1554593
4253694
1805166
2423352
4566596
12468
2920875
1467107
4164483
572849
1826445
1906667
4856085
4111745
4098235
2044208
3727284
4404525
2708720
3974666
1462913
3536846
2509708
4373150
1981911
741174
4890950
814652
328652
2906150
2799436
54288
2833820
3408355
3228331
2854465
1321790
2078914
2231046
2494352
1161759
4895852
345200
2630587
1701597
453496
1146603
3593824
2857600
2802503
796301
598150
4920196
4887310
4152390
1950697
4936900
1614698
2820692
1990940
4914653
2374719
404165
4000640
3787464
799365
1574932
145155
1341110
2633350
1077362
481332
1618826
279399
2428165
1088916
3171507
2780043
122118
3858601
469834
2084429
1805515
3198057
4234110
78659
3117726
1176734
3431097
435523
1585312
4147350
4011685
3569596
933139
2088079
2484549
3162695
3205936
2779790
1834317
1178464
4939598
3571268
4155876
2580184
3666301
3608365
2601895
998708
2771078
2662060
3817308
1523593
3032498
1636446
3925815
2808206
890907
2904374
4070184
4947876
4942677
1256648
3569739
1890237
2090637
2968587
4766744
4509566
4362885
3710049
4511793
3747227
1788042
1412759
3961999
1212459
85511
264592
4806482
4238378
4481330
1101840
2454559
3951925
4659652
2051015
2579501
2063352
193350
2091402
1258181
2779326
1727206
252689
1592227
4958902
1307114
4551688
3409229
587234
4975153
2611625
2583706
2348339
655977
1394130
1702211
4669732
3469430
1953608
134540
1336811
758063
4838950
1281584
289391
4308400
4335697
2551099
2344866
827569
4966265
4446937
1863290
2895070
4956163
438847
907897
4915058
2350169
1430032
1419285
4265408
424895
4505832
1687108
2306704
2249008
3457623
2288587
4284793
559226
4202338
1859507
16756
3827021
2783291
3872400
578963
4715027
2098026
966884
919983
113974
2490845
4755475
4203585
3333511
4914088
1675888
2009522
2364307
3025310
3891485
2885106
3623930
588405
2809070
1817437
4494196
2718581
405066
297286
680314
1570398
4162065
1728210
1969745
160904
3730970
1155734
1724582
4768956
2935920
3074768
1705092
4258631
4469545
3099839
3191397
1356016
3423316
673137
2321165
3289124
3702521
362985
1002584
2133361
3479468
3023521
4422781
3569712
3371449
304597
3502371
1597411
3521974
1052103
3154624
3168334
1276529
4431150
3096363
3039548
2034033
1360386
3385824
2295418
1137753
3301373
1536209
3650984
3218334
2749519
4666176
1421431
2028735
1799859
67809
4427578
4867953
1296419
948957
2484797
2481843
350013
2210317
177505
3400283
4207296
920144
2804249
746792
200751
4710719
2178694
589358
1460160
490248
1629823
1420577
2049571
3249429
1114983
1197415
3292706
983651
843402
263156
1694362
528197
495090
2796212
2665559
1937770
755651
4342185
1900396
1902019
2310834
3098025
2705902
4578601
413072
896457
796031
4169191
3353712
977548
1047426
2867755
3378807
54248
2261073
4915750
3918211
774592
2874586
712724
2023104
4474362
1464094
2445321
329210
3102854
681658
3439152
265553
979683
961878
2734965
637149
3623834
4862777
2117573
1457899
1275322
2057524
4049251
2254560
2128442
3212813
2619585
2054412
4655796
731051
3203809
2980732
1941745
1118637
3930602
4334269
4782350
4947931
4852695
2869043
4797935
2845479
1354234
1703922
1630331
3775225
1962562
3290154
738154
3054800
2846580
2333119
2961640
272381
1611069
3136946
2228026
2961861
4951251
1323786
2552913
895087
4708040
4592070
630254
4397260
419859
604502
2223208
2346603
3127094
3219318
3734620
3049160
3310845
304137
1912650
1504024
4010002
4830142
4159298
929439
2850589
1897568
1335534
1590651
2069301
2930510
3131697
1314076
2135185
4638865
3049524
4138300
1165814
16893
3414168
3950802
408490
3987229
1923495
497187
3028640
3828806
4447026
2386968
1745073
3020874
4354962
2702290
3534349
3302263
971613
1909838
4465131
1054693
922162
716198
4132451
541166
853428
4548004
183330
2837739
1315354
4033817
177212
1573278
2122259
3426338
3070784
4387618
128622
1136990
3715134
1445755
2458423
2710946
1017724
341646
606951
4505954
1523260
1313787
4987469
4200748
653243
1300970
1915716
2464547
2252190
3743428
4243731
3224927
4395230
2304155
3826828
1520131
1832887
4198428
4214066
317745
3678441
2968805
957580
2833123
4362429
3564949
1875033
4262514
2387483
2238279
4475951
3237288
3619101
2281820
805651
3542785
4064738
44952
3065064
950091
3024538
1464370
2214785
824511
27855
2655220
457465
1381906
159034
3418855
3605255
3063245
3600487
1271516
98951
1368776
1162929
3173414
310225
2826619
502651
3267268
73350
3026112
4693238
4421463
3361384
4336537
4284642
1221490
1974626
953363
2488505
4264751
2271417
1115625
991817
3662256
2257425
134691
3473684
2499323
1790604
2868015
2139763
4530136
1038965
2634769
1507309
4416645
3923650
4440687
2922616
4931707
2975079
4755173
3628195
3063537
2677986
1326631
1122915
3984608
3597912
4269810
4955258
885101
1185782
2303863
3625916
4928455
609415
3102725
454138
4036756
342993
1249222
3295360
4213890
4497687
2446140
563750
1449337
4338904
4004290
4949496
1192367
1505157
2497813
642738
1575494
1343324
2338026
3779767
2821425
483034
4240709
4323879
3454906
1463107
335560
739137
897911
4801714
1572136
254007
2883033
4434209
1342194
245042
1555820
3041814
2445902
1572525
4778293
33958
3179224
1775673
211430
3088129
2782466
3132452
3956137
3520331
2337918
4467463
2474028
4670358
1610118
3532748
4679830
4043805
2894806
4309309
1485706
4281578
3997306
1302061
2948024
4796113
239448
342217
2016303
261143
560686
462903
535970
1649664
4517022
3963559
2760230
4847019
3676312
192187
201912
4182555
3633734
4512704
3446902
2410069
1108597
2399596
3994112
1121183
2681084
76042
1775476
1571787
4798805
487178
3883465
4090983
3819694
3669646
4188678
192127
2054222
1737137
2541794
2572210
3839980
708043
308971
4092826
1358465
965219
4082532
4240300
1988831
1979111
3041801
4322381
4071590
1785100
4105648
1525624
669833
4777661
2094097
4683417
2954846
222361
1929921
322822
1518436
674153
95704
3509400
4412810
2717155
1930813
2793442
437164
2625020
2581630
1997728
867928
4675704
4579941
3100822
266658
3017421
3124826
3000831
4965571
1105791
3962603
2250467
142536
1819661
3399176
1477930
1997912
3034441
1790116
1710827
4529998
4307565
1615479
1958152
2688459
3401071
962927
3839700
1358779
2022920
1170230
28372
2408356
677500
2180799
4033528
2264112
2231637
4317651
4360507
1621464
203685
3528252
859506
1833476
4553883
3263962
3820996
4170152
4356793
3447379
397010
369943
4634967
3691133
2667604
4153652
90870
1891994
2689745
2029450
967323
4008699
4904454
158416
3356719
3061273
429501
4915358
3523373
1440450
386668
3673365
3831258
1131614
4583766
3293763
2797742
2094305
2545009
3391360
2786965
4649342
3428279
2263538
609811
1658267
2172814
1947724
3201345
3330904
2634642
2985540
3408912
4986507
4389318
2401533
1108931
1824249
3072442
1066229
1753834
611109
3770275
1974949
4823869
3775874
145661
2689657
33557
850014
3239227
2730867
4890112
3813164
3532107
1294448
2621991
4751878
3280755
1837627
1150493
3147683
299479
4147084
1594599
35092
2527281
2506154
2909072
3214464
2594635
1986828
1320623
1976860
3899377
726215
2521498
2852923
916604
1852775
754745
4661489
1938416
779765
3874944
2892101
4753866
1997847
4897665
1496179
3791344
2362426
4630471
831006
1802028
1583205
23396
2141295
3867188
3471391
3532406
1069849
1667722
3179191
672206
3835350
1552454
1136051
605733
456684
623177
2881417
3020450
1638943
1743264
1446688
3218714
4734461
2272082
1862330
280178
539204
722160
2309479
4280626
837721
3325375
4736963
4348078
603003
1110858
1725258
719093
3765807
3323290
2009108
1447287
4495362
341202
2497817
2735952
2777806
4874253
2107226
1839157
2084963
3609171
853527
1562249
4556817
4561931
3588505
538157
2709243
3107114
4013489
1378787
4064132
3184525
3535918
3803544
3910978
3244173
4995070
2624056
1841248
779830
1757921
4321678
2468198
3108547
1479831
4003104
2501071
1392305
3734262
2870328
1219915
965747
1748442
3807095
2991859
1433649
4876631
3536158
4882716
1615417
1855976
3010971
609532
4326482
127029
2439081
4629538
196850
4578319
1907678
3183062
1957709
3197361
2472186
45690
3182368
3175396
2802581
3211503
4318291
683620
262897
4565961
2818727
121958
2245375
2661056
3886680
3465551
1602983
3543641
3424227
2055400
913145
4724774
2694231
3707771
1251767
162045
4301636
96597
2571011
4626932
1277225
4619843
2426968
3353171
3226522
2348677
3307817
4897599
1000157
1333218
4414970
1159672
1263594
3916827
600770
741926
1976642
3237283
2288607
1421651
3342770
4747904
1882492
614518
852783
3933560
3377344
2915444
2407961
1563741
3887880
1232042
4201570
2416015
1616128
3015691
4678342
3232278
3296113
899035
1856834
2784466
4307742
1907286
4085023
2964400
3072456
2102821
3034949
2099116
2105396
617331
2619515
888881
1061177
203671
3880443
3018601
336376
2747794
3381245
1051976
1960741
521330
1790748
1412441
1725130
3447834
158006
4937778
3244529
2143063
1979827
1347669
4425384
4403618
557789
1362759
2446869
2323534
1619832
4645083
2859124
83076
4168892
3671843
4187978
2722475
3941549
402376
583166
1401682
2955040
1837484
4594499
2543091
996965
4573227
3810811
3821522
945630
2834002
2586746
3972327
1522657
1685594
3458492
3873498
555846
1304192
4978090
4951983
4634249
1039854
4169222
1527238
4150476
3186481
3475075
2341743
4471730
1589249
577915
84058
3633215
2443322
3634614
2558364
3271194
2343184
389296
2279974
1959447
352562
628210
3520513
262327
4754350
3529811
3794744
3536048
3407309
4236605
3557680
3773624
702762
4075786
3500926
2671146
3186913
332177
503655
3614009
3976831
1860850
3010471
4431907
1145111
1094062
4336539
1268662
1764283
4668425
3773208
1543333
2195067
1492523
301266
3634380
1735533
1398807
4063494
3688232
1490076
4012728
2357621
2584288
341264
2139475
4512232
3269440
1586289
3036631
2290713
1624724
4020484
1224689
1453923
2693776
1459464
2270444
4392039
3056985
4288684
1718064
1093189
41600
3783087
3507304
1988948
2467659
2818431
286369
2939686
4107101
2749897
944802
853016
2111912
954987
612702
572232
2353557
4513445
1553987
944608
544907
4473666
2906616
2490240
3079001
331155
3664296
3768045
3894110
431106
1740041
92582
3324719
208248
137403
3696616
234073
2663333
860686
3420197
1328083
2211286
2656633
3789074
4389482
1042107
98692
3562853
3783426
4770501
2630130
3656734
4014190
1084768
4262457
1509919
2409496
3248760
3901421
1628038
4743213
3562259
1051263
3351886
4892125
958660
552704
3837114
2061795
3341167
4677784
4917852
510084
3035997
4307832
3637875
821990
4091823
3353455
2097807
2745583
1571661
646283
4886989
3946109
4789939
1444919
2431189
879636
4676038
1906908
244546
2894800
390111
995523
4045130
950379
3370209
1664088
3024439
924498
4156365
806927
1783960
2388850
92516
642703
2204226
322781
4319052
2942526
2378129
3341727
249779
2046171
1270536
895003
3386430
3604623
2795429
3997808
1607928
4304928
3152353
1989177
2323625
2275141
3617275
1350196
400075
2355948
1200512
1580079
2772706
2998267
857200
161541
2342394
4650807
1045310
1009573
126652
1704151
3733642
2830671
4818921
2253847
919048
1839618
31333
1287521
2970490
104786
2835217
4413638
3501
4091904
2101226
3956317
4504442
1371714
1333315
2104417
3520039
2045906
4226716
1978611
3041858
4034471
3490080
2632178
4772675
2086604
496150
2784731
837066
4891307
4512355
2343814
2976365
1671027
803863
1655583
1705349
909740
1802747
3734930
3881206
4259378
2286115
44998
2749648
4786243
2663986
1542888
984091
2488379
4754760
3890830
2090446
3130360
964029
4179989
3197983
2541819
3306923
4119602
671852
3283467
4622082
3312329
2664491
3775721
4580671
2893068
41316
4773109
271894
2289381
3864261
917704
1671262
2747943
4304417
3031270
2097686
505474
4060599
1389161
3904532
370494
3685512
124590
1924286
4301307
2450313
675279
973155
978122
2247373
852750
4631345
2408441
3195012
4874285
3896900
864576
2119965
1410940
4268270
124989
3263043
2393621
2008780
691150
4381753
534564
4045352
3901050
4621558
4925163
776698
1494782
1246876
1249548
4543654
3215370
2188672
66583
649726
4353557
4755869
1779392
2363072
1306513
2450601
3510265
4283896
1836050
224820
437220
4970762
3634351
4052696
1445038
1864947
896181
1596387
3100965
1602027
4614729
2242502
2121484
2093928
2461929
2057572
2129802
542334
4743700
2459695
1741157
4116151
2155141
4982345
4632729
1457102
4855656
1973504
3644155
4645353
3371975
2026499
2452716
4178387
1744562
3027340
4876929
1734616
1721053
636777
3971054
2421789
3647069
1113970
1424507
2678403
3448579
4167449
3622247
2390066
2834249
3712663
1358879
4227006
1480334
526050
3521688
3404016
2232883
714220
1553670
1014267
1536798
4248385
111248
4703682
4846054
84190
565620
2537918
2214116
2451968
3238490
779218
3440000
2075012
743341
4703220
3316221
2754627
4943207
1390282
1853666
897823
2141008
4952352
3455036
1463502
4056620
136445
1934532
698603
4530307
3173443
2344310
4176472
874878
1660412
3975478
4591229
4001233
101825
4792568
2425434
1137572
1818691
2800056
708756
3918578
3890989
3449829
476934
388989
4943280
3967053
1721338
2625096
3823405
4525796
859180
510286
2171740
3538870
2563052
4848807
3122480
2128063
1204953
4320296
3899795
2342933
3206341
2521461
2975480
3914613
3912269
1392698
4100970
4031415
3538849
3840761
4077469
4659462
1411326
1800388
4229351
384745
3148867
956222
961385
2084982
3665511
478349
2520283
3808580
1109403
2946379
93477
1828385
3300568
721908
2807311
3031856
3810724
3385111
3709981
3499753
3792371
572668
87801
2852631
2329400
4248678
2686099
2018755
4474981
1696304
1480252
1663809
705417
4124694
1126226
4630711
898830
2923721
1807264
1720409
440887
4914218
2099600
4446514
1347193
1837558
2083822
426090
350845
4854388
2709829
380909
335406
3577836
4515096
41052
4707704
4464134
1986905
2786905
788001
2613013
1202828
1162150
763317
2579217
3184001
4854687
268370
1459665
3593679
1496380
985043
2198237
4902106
3357216
2198722
2160049
863596
375657
3222050
2254429
2140882
2763581
4898539
1857646
2297126
3758495
600817
671758
3409971
3291024
1629233
583825
259787
3300521
258874
1709028
847421
1626548
2253927
3353513
1300900
2032402
1843327
699431
2533134
793417
2139012
977290
1053743
2055042
2300779
3883044
1559097
4051959
2275611
4229001
1760446
4299488
4099025
4953970
1533908
2127274
996504
3286055
250893
1037833
3699308
2599974
1932707
1037468
2229223
3587562
4183014
2075767
2390823
2334872
4135051
186199
4263140
4154649
3810952
3467894
2350402
904540
446191
3370586
504750
4949623
3683724
4924495
950336
1925386
3144857
1409149
1197144
776010
3575534
1379415
1068228
2106024
501500
2452245
4730191
4957070
4135341
504800
1242764
1080570
3653783
906581
3426314
884087
1266653
2381167
2185267
4779060
4042264
3650399
1980472
2638249
2716314
3191055
2530383
3191198
4634382
787100
3337621
23435
4637866
676317
809333
3089758
2043076
4272818
855279
3671789
4514386
1418050
1063668
2014624
2984457
232507
2623778
1964613
821677
4277893
2094205
2324720
1107954
2584255
288590
698511
648210
4131463
4298700
4898195
4004286
3271439
7693
256016
1751025
4232646
2696205
764540
1023976
287840
4687399
3936463
2591291
1156976
639075
3264473
1233375
824910
590879
957364
58654
4616931
1216826
2116417
2295675
2835889
3446374
896578
1493981
2493328
4920871
3536799
4115111
2321194
2051479
3974228
1907227
996369
4188943
1439916
1919693
2430343
3889240
3755529
3550378
3942046
3629044
4880593
1305226
3911948
1222425
3206553
1112045
3730832
3112331
1972363
3086064
4893511
2622448
1701167
3800669
3339551
2835546
2621849
4734771
4077860
2093801
3249596
4503269
3038668
2138422
2598282
1466348
365784
1826019
3323897
1478713
223416
3674703
4847295
177612
2234900
4953684
4723572
1353923
701739
966243
1019782
2841833
3381614
1194532
4125597
2791303
242746
1029286
4243843
4109789
1847181
2228212
4749383
2101779
1014622
2816134
3879825
2060439
896965
1304383
2143766
1344168
1168897
2857818
1099681
3861717
265104
2237396
3511755
2205310
236241
4330085
4236559
1451936
944350
2854155
4056958
3337634
3609065
2641568
3647764
2270646
4325266
4952081
3251014
2037264
752756
1698100
1910276
4718972
2520184
4002353
694703
2045676
2567734
4814570
4283515
820490
2156829
607058
4788531
3118817
3375588
1701044
1579546
449659
2859666
1323699
1659718
80373
1345178
3180368
2257860
4125277
4926118
635171
279009
224707
2921140
4088762
3916795
764054
4879913
3525597
119501
2232243
2964997
1357898
2450975
1119910
143228
4367753
3318132
2874918
392386
4487957
530296
1397072
3529603
2551721
2637846
230238
3546732
2013806
3966007
394996
1448244
1659599
4529689
2599400
558471
3914650
4027470
2368445
3319255
15147
251136
3615777
4466595
4334929
3723785
4878024
4977612
1197649
3438860
303581
4426697
4014382
4668573
2961515
1587397
3229142
519485
2082137
488874
1325654
4756585
1860044
4754598
3609419
4103263
4312097
2399955
4267528
2532315
4256605
1620354
2931938
3885891
3592506
4221741
2277828
712145
3132495
2566653
2806047
2398283
1985069
1138783
1775595
3974104
4904775
1850200
3966436
1279162
2305553
4014724
2783414
3986061
910489
217741
3465401
3520008
4560177
1566209
4072438
1529890
1309517
942342
1679126
4985140
3824251
1919005
4153507
4521333
224211
2088483
607581
2213440
274371
2897979
1308157
3857922
2661301
3530752
1187939
1812471
3366871
496412
1462074
1863189
4605349
3057276
4783169
4348464
4560533
3452628
643210
3899523
4907845
1402599
3233781
441192
3618595
4498502
3629633
2259154
3802293
3251913
2276274
4606405
3606203
4141221
2592390
2984412
1298301
392593
481578
3340778
1528295
2637962
2344848
1711523
4456342
3631456
3347153
3058753
1233416
1485766
357392
978355
1678389
4022514
3710081
122415
3242036
3401120
1520336
3673138
2912687
4161644
764060
345613
1656266
2012049
4130268
4056989
453161
4126583
3302735
1580332
670715
4117566
878291
2474929
2121552
950961
1356197
2717000
4296248
2282637
2153690
3769337
967721
2249528
3412659
3148718
3147966
551955
1052255
2945376
1782976
3576157
3628812
624407
1694076
500574
1101127
2978319
4695175
754200
4718696
3140409
2939698
816535
4335239
2669130
4341832
4013447
1331139
3702443
4720180
2899476
2642555
1883050
2622094
1066180
1324868
4632269
1533201
4912405
3168669
1742159
149075
3594571
2080920
4092955
1685109
4363415
4131367
3232628
2937443
1023721
814101
669679
1811180
3193655
3685161
3317171
1316726
2798375
1097399
1635537
212039
3409923
2630150
4502813
2587468
1189439
194836
3490486
3165120
2877118
3419271
4703860
4107217
327121
3437631
2795091
2113756
2092753
3082985
2558737
4868020
3765978
1620440
2182015
829833
4595078
4307028
2811207
2660118
4572737
4916674
1758803
2830757
1458095
2393065
3288632
417018
3240163
2197552
697153
3736618
2016871
497926
738884
4550075
3044885
4682295
690084
1340762
3126967
4857001
2560684
1337265
1359762
1596726
260057
2952874
4213762
1570980
2246054
4799409
1364272
76868
3010178
4146482
953955
1390529
2636293
4229252
940114
3279151
3788369
3208345
4424573
564900
369815
899964
4417
2009898
1444943
157968
3509913
1303260
2873048
2728680
3846897
1191803
4168461
3885946
394138
3893434
1791697
3591098
1183490
3723744
3879228
1816259
4938618
4899347
3123950
3943058
3201101
680631
3478102
2984734
1131671
4780111
3792725
332993
2672082
3430026
3700321
2431408
12387
828084
1796758
3854664
4291689
28466
4203534
617161
3190200
3153760
991459
2934616
3943896
1988270
4243916
1617152
3393517
1879089
3583964
1666988
4153916
1025247
283675
2617658
841578
1674566
4411012
2355690
1377621
2595880
1039080
1865834
3658999
1049824
585311
4831396
2231999
573467
2523819
316925
4879873
4341979
2292310
2467220
4808671
4955242
2781982
533048
280778
529862
2007754
3487556
551792
3780958
2821508
1043460
2183893
2972487
1646877
1002530
4532007
3825687
4825227
4044255
291104
3533201
1404728
3661904
1803566
1531247
3695383
789039
1838025
2075081
2871588
4314165
1585677
2220341
3838588
3547405
4760167
1892870
3873640
3373800
1199551
4239004
2146537
2140317
1337697
2727071
4763462
3441698
1939741
1202534
3612172
667160
1916541
4570723
733608
4846671
3291170
2049703
950450
502988
2341248
364247
997053
1157843
1691196
4344094
1048139
1752242
4055733
2581235
212588
2318313
2031690
2253361
3706299
4394153
753525
1030748
2095767
2338594
4530513
116081
257564
2520521
3437729
2241026
2038715
3543342
1872718
4827074
2527319
4766004
2359480
3118315
4617880
2298506
4157897
480907
4884344
1422613
557551
1998776
1128648
903796
807555
1342949
2772321
1401300
3130608
2942650
1525059
3875599
2606428
1706048
2591953
4576078
1996686
2137572
3196051
1732492
2317300
2801236
837148
216805
3350232
2663001
2071492
134053
2005643
1568371
3773761
3436470
3836479
2297845
1775130
1785714
365732
827644
1944588
2274202
1475193
1814034
4265851
105707
4274358
382690
2974337
2258484
1989645
3255255
3889259
1873352
3191446
436962
3738891
3170092
1945297
2655606
1931826
1838204
3936961
139342
3067316
3355694
4531525
3165106
519400
4788442
3645356
727151
3669000
4034649
2516650
1625501
2850974
794121
940176
4860875
175470
1264609
1193753
3206052
3240565
2327246
4736650
3769122
2721498
4193157
4313440
1253670
3406409
1658066
4475105
1340974
2007679
1713926
1158779
2735716
2053317
1138157
654361
152195
2549979
2896141
2475348
1047461
2912145
1380310
3257219
245315
4780831
2071212
4618119
2277727
3264412
1485487
4024814
2656980
797408
148073
3623214
1135578
755784
998448
4785841
279709
2698056
1875044
1050010
372916
