582
669
1000
1390
1462
3358
3513
3865
3887
5530
5663
5946
6417
6911
8097
8855
8932
9453
10029
10263
10303
11194
12509
12616
12638
13521
13703
13852
14925
14928
15331
15618
15621
15705
16010
16876
16993
17268
18294
19572
20849
21041
21884
22622
23119
25083
25103
25175
25194
25649
26305
26954
26980
27178
28257
29723
29771
29995
31120
31157
31407
31638
31740
31909
31914
32384
32522
32571
32810
32857
32925
33479
33707
34307
34696
34846
36038
38264
38343
38362
38540
38660
38956
39042
39092
39210
39433
40363
40364
40550
41585
41615
42366
42477
43638
44161
44536
45288
45488
46031
46548
47012
47265
48045
48121
49571
50545
50818
51229
51551
52329
52393
52587
53188
53482
54826
54872
55195
55285
55730
56650
56928
57664
58401
59663
59933
60651
60993
61474
61500
61706
62353
62434
65301
66677
67236
67286
68093
69413
69841
71014
71417
71723
72599
73030
74372
74560
75125
75674
76026
76314
76359
76841
77386
77819
77850
78192
78702
79220
79958
80135
80355
81612
82449
82704
82987
83093
83258
84123
84163
84233
84644
85553
86129
86385
86567
86796
88864
89048
90024
90973
91081
91242
91996
92489
92658
93389
93626
93750
93827
94437
94600
94747
97629
97975
99611
99669
99847
99911
100016
100090
100571
100690
100976
101028
101160
101501
102299
103144
103210
103415
104136
104493
104596
104838
105000
105206
105468
105988
106066
106546
107725
107983
108209
108244
108704
108780
109788
110551
110829
111585
113224
113291
113344
113491
113640
113663
113800
113835
113953
114198
114258
114967
115246
115983
116141
117562
118592
118615
119667
120004
120692
120944
121748
121879
122297
124745
124795
124902
125300
126791
127987
128209
129257
130176
130940
131061
131597
131913
132279
132281
132912
133236
133521
134727
135583
135619
136177
136402
136989
137377
137726
137891
138433
139462
139637
139929
140107
140743
141389
142370
142511
142889
143011
143031
143926
144226
147768
148208
148764
148923
149234
149281
149499
149960
150389
150755
151212
151708
151797
152930
153724
155166
155624
156564
157885
158110
159401
160355
161129
161882
162787
164129
166004
166340
166594
167389
167505
167981
168268
168294
169078
169248
169849
170461
170777
171197
171555
172276
172998
174226
175922
176113
176181
176321
176459
177800
177874
178334
178856
179054
179474
179969
180955
181382
181785
181974
182370
182936
183327
184422
185727
187072
187339
188218
189037
190118
190285
190347
190396
191198
192783
193050
193209
193217
193994
194307
194609
196136
197329
198050
198412
198746
199155
199674
200064
201999
203099
204488
204956
205089
205294
206409
207242
207312
207427
207512
207925
208424
208734
208774
208857
209057
209094
210171
210406
211380
211855
211918
212573
212693
212989
213347
213401
213979
214014
214434
214458
215125
215231
218278
221108
221206
221712
221744
221746
223219
223423
224087
224725
224861
226013
226170
227289
227785
227918
228757
228912
228954
229482
229840
230122
230365
231036
231676
232397
232556
232628
232756
232820
234017
234735
234858
234944
235202
235259
235717
237092
238757
238976
239187
239824
239867
239937
240137
240196
241428
241510
241993
242033
242173
242576
242675
243162
243932
244028
244042
245491
246034
246866
247268
247342
247649
247741
248200
249153
249169
249335
250220
250493
250507
252187
252819
253640
254011
254542
256292
256594
256647
257610
257969
258223
258535
259647
260238
260267
260377
261254
261526
262234
262507
263950
264180
264330
264566
264582
265193
265742
266345
266920
266963
267286
267507
267527
268286
268507
269035
269834
270154
270694
271168
271378
271420
271812
272372
272722
272865
273227
273771
274262
275082
275905
276382
277229
278007
278536
278857
279568
279639
279900
280515
280668
280767
282027
282032
283188
283319
284425
284764
285375
286300
286933
287102
287763
288759
288812
289837
290770
291410
292667
292800
293539
293779
293988
294227
294236
294266
294783
296424
296662
296837
296948
297069
297859
297866
299552
299681
299719
300516
301274
301815
301965
302284
302838
304367
304368
305288
306183
307381
307514
307602
308032
308129
308330
308980
309844
310802
312541
312634
314047
314521
315969
317068
317080
317590
318099
318494
318922
319235
319277
320493
320533
321164
321363
321408
322452
322737
323130
323449
323572
324108
324883
324924
324955
325244
325698
326920
328081
329383
332075
332236
332945
333320
333386
333855
334310
334541
334849
334955
334962
335232
335494
335515
335934
337541
338327
338714
339039
339372
339790
340425
340716
341147
341153
341465
341845
342485
343268
343379
343462
343587
343642
344521
344633
344807
345030
345171
345182
345485
345733
346015
346305
347062
347187
347864
348080
349838
350098
350424
350582
350866
351434
351490
351903
353376
353543
355205
355265
355311
355545
356082
356346
356351
356906
357074
357394
357550
359082
359623
360095
360995
361104
362810
363515
365231
366570
367370
367559
367749
367755
368110
368463
368959
369774
369929
370030
370307
370787
371092
373042
374476
374703
376139
376594
376862
377375
378017
379596
379655
379968
380056
380570
380890
381212
381302
381576
382273
382588
383040
383320
383371
383474
383584
383842
384320
384500
384680
385036
385934
386464
386830
386941
387750
387810
387934
388202
388577
388847
388997
389095
389817
389914
389956
390105
390236
390530
390597
390809
392330
392460
392681
393505
393584
395297
395809
396414
396564
397082
397262
397712
398250
398306
398396
398593
398905
399945
400101
400343
400646
401034
401120
401123
401812
402475
402635
402745
403244
403494
403825
404030
404647
405494
405828
405938
406236
406410
407670
408199
408357
408573
408941
409012
409654
409672
413142
413228
413801
415210
415949
416006
417573
417632
417738
418805
418995
419271
419448
420646
420806
421152
422600
423434
424093
424348
424917
425225
425293
425873
425941
426544
426588
426595
427060
427325
427376
427635
427825
428099
429084
429353
429580
430475
430817
430962
431501
431885
432438
433274
433434
433965
435576
435643
435684
435771
436247
437290
437728
439389
439630
439980
441013
442373
442384
442395
442793
444586
444745
444778
445773
446257
447515
447946
448122
449232
449474
449935
450138
450329
450737
451358
451760
452336
453273
454127
455237
455919
456434
457001
457039
457254
458468
458639
458898
458971
459138
459306
459835
461124
461380
462410
462753
464466
465768
466318
467633
467863
469006
469149
469319
469909
470402
470423
470489
471312
472475
472540
472646
473306
473812
474195
475029
475318
475409
476428
476930
477119
478910
478981
479879
480032
480302
480970
482373
483211
483249
483394
483600
484389
484542
486631
486708
487153
487319
487391
487789
487899
487949
488865
490418
490748
490929
492494
492762
493655
493659
494504
495064
495980
496218
496646
497228
497233
497332
497476
497918
498468
498593
498907
499866
499976
502052
503027
504712
505115
505547
506404
507002
508060
508190
508441
508744
508776
509043
509160
509905
510805
511015
511484
511856
512194
512267
512467
513020
513523
515117
515439
515634
515680
516165
516785
516940
518724
518753
518847
519459
519495
519668
520014
521465
521950
522320
523079
523378
523995
524537
525562
525682
526309
526376
527065
527576
527958
528431
528725
528789
529683
530385
531695
532364
532903
533067
533581
533884
534300
537184
537716
539804
539858
541412
541495
541647
541674
541863
542282
542493
542903
544231
544675
545774
545918
546057
549216
549404
549924
550941
551496
551856
552189
553138
553591
553742
553860
553979
554081
554115
555449
555507
555823
556029
556544
556687
556737
557343
557772
557940
558709
559440
559524
559539
559829
559921
560283
560958
560961
561193
561564
561724
562836
562912
564244
564832
565469
566848
567018
567376
567412
567888
568681
569049
569120
569686
570370
571415
571671
572212
572882
572943
572981
573383
573615
574436
575138
575145
576288
576569
576616
577183
577226
577490
577612
577901
577992
578052
578199
579633
580946
581887
582170
583185
583517
584069
584190
584231
584605
584878
585340
586382
586460
587072
588056
588636
588715
588941
589242
589264
590252
590813
591130
592987
593140
593295
593897
594035
594093
594208
594274
594690
595879
596080
596899
597742
598004
598171
598398
598832
599008
599095
599466
599811
600228
600345
601720
603458
603872
604692
604896
605232
605505
605584
606242
606820
606968
608341
608664
609011
609137
609441
609588
610701
610951
612082
612266
612498
612564
613621
613625
614210
614261
614379
616783
616864
618473
619246
619491
619959
620073
620342
620509
620968
621075
622662
622728
622799
622854
622962
623036
624757
625505
626052
626618
627111
627145
628184
628655
630859
630888
631532
632417
633136
633178
634080
634497
634584
635418
636057
636335
637074
637702
637805
638087
638117
638350
640971
641114
641164
642283
642367
643303
643567
643654
644119
644424
644457
644680
645022
645871
647225
647861
649396
649417
649947
650129
650926
651468
652358
652446
654318
654528
655033
655642
655733
655754
655801
656462
656736
656940
659490
660483
661205
661231
661341
661579
661587
662240
662356
662633
662658
662689
662839
662896
663006
663071
663277
664295
664621
665017
665028
665582
666015
666091
666103
666914
667216
667336
667743
668003
668290
668535
669199
669529
671400
671627
673131
673253
673336
673398
673785
674149
674360
674838
674891
675992
676721
678062
678360
678952
679669
681477
682645
683071
684220
684500
684511
684854
685299
685648
686735
687772
689158
690112
690189
690780
692145
692578
693203
693222
693379
693494
693824
694362
694640
695119
695282
695537
696431
696493
696604
696751
696845
697022
697232
697595
697621
697635
697816
698184
698398
698556
699216
699226
700303
700726
701051
701843
701864
702017
702054
702585
704894
705543
705695
707165
707209
709140
709249
709468
709830
709867
709895
710354
710444
711808
711839
717777
718292
719086
719216
719911
720246
720451
720477
720730
721007
722993
723517
723868
724174
725039
725396
727912
728011
729616
730060
730177
730498
730511
730966
731045
731265
731782
732695
733261
733748
733773
734138
734358
734591
735079
735475
735522
736761
737695
738510
738742
739184
739833
739922
740093
740316
740390
740853
740972
742542
742625
742745
743222
743251
743252
743285
744057
744173
745129
745139
745180
745560
745845
745885
746078
746165
746211
746259
746612
747430
747889
747890
747952
748131
748539
748658
748760
749444
750619
751252
751364
751374
752306
753426
753483
753811
754029
754193
754794
755122
755407
755517
755802
756222
756393
757724
758748
759049
760503
761445
762026
762053
763212
763414
763473
763722
764602
764936
765201
765437
765520
766164
766315
766652
767193
767904
767977
768262
768530
768556
768592
769148
770428
770573
770584
770756
771914
772019
772081
772128
772319
772442
773180
773363
774151
774804
775023
776501
776597
776676
777287
777308
778599
778666
781092
781776
782205
782619
783032
784280
784671
784725
784837
784962
785155
785897
785932
786044
786506
786880
787664
788221
788451
788617
789413
790258
790967
791459
791747
792138
792224
792620
792713
793206
793353
794919
794975
795471
795645
796420
796449
796484
796824
797225
797888
798832
799226
799459
800170
801809
802527
802949
803226
804059
804138
804461
805789
806026
806076
807034
807509
808279
808855
809352
809814
809914
810267
810393
810912
811186
812977
813552
813621
813678
813936
814647
815135
815997
816203
817193
817224
818098
818496
818999
819434
819467
819717
820011
822126
822195
822693
822718
823968
825083
825403
826371
826579
827016
827250
829191
829993
830056
830625
830713
832366
832579
833157
833731
833750
833753
835524
836041
836701
836976
837643
838329
838434
838512
838543
838909
839732
839761
839794
840009
840623
840832
841333
841627
842075
842640
842760
843581
843929
845068
845622
845755
846021
846559
847548
848845
848862
849144
849387
849711
849955
850380
850511
851077
851612
852173
852748
853923
855127
855340
856207
856777
858404
858926
859628
859913
859971
861005
861595
861625
861695
862569
862816
862890
863775
864303
864724
865888
867105
867324
867790
869119
869239
869687
869914
871186
871460
871704
871726
871802
872078
872522
872564
872917
873269
873348
874403
874456
874734
874781
875086
875857
875984
876678
877370
877788
879042
880250
880597
881218
881432
882445
884219
884693
884993
885141
885145
885797
885936
886089
887858
888300
888350
889252
889527
889856
890589
891435
892399
893569
894399
895001
895374
896409
898856
898918
899549
900239
901116
901904
901949
902895
903928
904212
904360
904761
904920
905494
906234
906363
906726
907872
908387
908873
910465
910985
911963
912298
912407
913367
913736
913805
914085
914328
914942
915829
916210
916623
917649
918386
918428
919237
919793
920340
921279
921368
921925
922089
922534
923598
923696
924420
924663
926116
926340
926477
928471
929106
929323
929454
929607
929800
929822
931146
931303
931396
931657
932385
932827
932981
933416
934452
935574
935656
935817
936129
936475
939884
940498
940558
940607
941790
941873
943054
944058
944113
944445
944571
944738
945379
945740
945984
946784
947396
947441
947492
947570
947608
947673
947995
948216
948263
948692
948915
949516
950212
950898
950926
953269
953513
953537
953875
953908
954308
954443
955167
955471
955755
956125
957083
957148
957190
957347
957669
958911
959065
959115
959372
959401
959763
960658
960817
961284
961289
961750
961784
962427
962853
963119
963284
963921
964973
965519
966581
966848
967084
967316
967371
967496
967502
967701
968140
968272
969851
971280
971701
972044
972240
972363
972385
972411
972691
973139
973362
974250
974613
975500
975815
976975
977266
977438
977600
978496
978733
978910
979091
979275
981042
981207
982005
982138
982403
982478
982552
982818
982997
983185
984466
984738
984742
985003
985088
986414
987000
989582
989667
989822
989925
990587
990888
991259
991394
991838
992581
992635
992939
993786
995437
996002
996264
996990
997281
997434
997735
997994
998028
998060
998250
999854
