2091
3531
4964
6974
10497
12155
16546
16881
18173
19461
20173
20521
21674
21827
31653
32499
39647
44141
45848
46506
52770
55955
58159
58521
60430
60720
65143
66428
72839
73844
74368
78337
78420
82485
83502
87281
91698
92116
96388
100356
107199
108879
112419
115868
116912
117328
117526
118973
127966
130206
134800
139912
142909
142985
145455
146428
147975
154888
156288
157811
160865
161152
162363
166018
170589
171755
175945
176803
177214
188720
192182
194842
195482
196562
197154
197299
198216
201494
206098
211927
213507
214853
216047
221698
227052
232420
232705
233108
235925
239436
239786
244543
245819
246941
251109
252378
253793
254272
260144
261431
261862
261920
262526
270732
272637
275439
276634
278768
283523
284525
287060
287750
288665
293842
299233
300433
300815
313766
314703
318854
319424
321771
324265
324472
325182
325324
326404
330730
332797
333206
334601
339582
343272
343949
353213
354695
355547
356149
356350
356469
356516
370979
372963
383726
388376
393723
394049
398225
398415
400419
401844
405193
406933
408078
408513
408961
419848
420019
424872
426633
430291
432327
434708
438420
439167
441709
441920
444715
456369
457646
464820
472431
473398
479670
480971
485775
487437
490198
490692
490781
491369
496900
497908
504956
512971
513101
515190
516925
519973
522035
525154
525644
532504
533708
534203
538219
545529
545795
545995
548615
550719
552993
556506
562568
563050
564169
565171
566949
567655
568665
573381
578666
579969
580850
582675
583862
584258
585736
586725
593877
596055
597604
598543
602246
604490
604494
604774
606229
614566
615208
616772
618386
619531
631589
631948
632833
635172
635761
636541
637185
637690
639458
640139
653122
653842
653959
654735
655611
656830
660752
663689
665545
665868
667867
685659
687111
689715
690109
690327
691725
697094
698696
699520
705478
708347
708626
712774
713175
714220
715107
717884
718375
722801
725645
735067
746167
747358
747734
751003
751279
752493
756300
757298
759601
759969
766085
768252
771407
779948
785354
786036
786369
787562
788478
788842
792314
794128
794400
797912
800079
801778
803529
804149
814109
823242
832742
839603
840766
840933
841142
844252
844593
845395
846219
850657
854037
858294
858456
862877
870009
873931
876955
880158
885191
886339
888018
889295
896187
896470
896559
901399
901724
903674
903758
910469
912936
914052
923379
924897
924913
927139
927943
928865
929363
929626
929810
931990
937412
940824
944105
944621
947804
948705
950437
955425
956766
958055
961626
964817
965912
969200
972572
972883
972936
977842
978943
980144
983167
983732
986013
996238
998085
1003109
1005286
1015655
1019519
1019523
1021620
1022495
1024104
1025139
1031917
1034667
1049811
1052730
1053536
1057431
1058777
1062529
1062581
1064490
1069867
1079376
1079760
1081488
1083714
1083875
1085506
1086527
1088539
1093367
1094105
1094668
1096972
1097745
1102593
1105158
1117050
1119142
1122776
1129375
1130985
1132878
1151853
1152075
1157592
1159577
1161451
1165951
1173433
1176923
1178507
1185789
1186779
1186832
1195205
1195347
1196882
1199767
1205092
1205876
1207353
1207440
1212825
1218180
1224372
1231294
1236571
1237357
1239230
1239692
1247054
1248471
1259106
1265187
1266401
1266468
1266589
1275534
1275820
1276703
1277770
1283051
1283245
1290703
1294514
1295342
1302754
1303204
1310968
1313171
1313665
1314522
1317747
1324941
1326244
1328011
1334899
1335714
1338100
1339823
1344614
1355712
1357509
1364549
1365418
1368686
1375231
1379808
1379927
1383992
1388086
1389531
1389847
1390420
1392929
1395695
1396520
1403708
1407392
1409879
1411790
1413533
1414113
1418062
1419183
1420273
1420819
1421811
1423513
1428044
1429014
1431216
1439923
1440393
1440972
1452319
1454965
1455684
1457991
1461925
1462132
1463393
1465450
1467650
1482345
1483226
1485755
1492072
1499117
1500465
1505453
1510249
1511862
1516969
1520498
1522584
1523245
1529928
1530054
1536006
1537620
1538097
1540061
1541659
1546948
1548851
1549080
1555866
1558584
1559157
1560389
1565044
1566034
1581305
1584582
1595010
1596116
1600968
1602880
1605919
1609992
1612271
1616863
1617319
1621011
1621241
1624979
1626779
1631565
1635192
1637290
1642395
1658463
1659590
1667704
1669476
1671309
1673532
1682415
1682627
1682662
1683821
1686399
1688272
1690672
1693256
1697757
1698304
1699713
1699970
1699989
1700738
1704828
1705928
1706698
1710514
1711485
1721286
1726836
1731732
1732235
1736294
1741175
1742065
1748826
1751926
1753312
1753651
1757636
1759371
1762825
1764331
1768604
1770140
1778868
1779889
1783267
1785865
1789460
1800010
1804351
1805715
1806975
1817249
1818701
1829183
1832273
1833890
1836199
1836329
1837588
1838889
1843274
1846138
1853524
1853893
1854955
1855621
1856397
1861748
1863866
1871395
1872777
1873019
1874827
1878643
1879959
1886935
1888431
1888544
1889373
1889755
1891630
1900036
1900417
1903762
1907792
1912291
1913517
1914434
1915061
1916431
1923165
1924320
1931446
1933389
1934097
1935328
1941446
1943424
1946016
1950199
1957274
1959067
1961908
1966431
1967353
1967388
1969939
1969941
1970508
1971561
1977814
1978744
1981316
1985034
1987583
1990279
1991045
1991873
1992325
1993914
1994016
1996629
1999157
2000866
2005558
2009981
2013240
2013804
2014587
2018227
2020153
2021023
2021092
2021771
2022116
2024218
2024536
2027194
2027473
2039479
2043376
2044825
2050277
2051690
2051940
2054546
2055144
2061860
2069029
2071284
2073710
2079758
2080485
2082122
2087565
2087965
2091437
2098771
2099306
2105151
2105913
2109330
2111699
2118880
2127482
2129505
2132733
2137175
2138256
2142506
2144246
2146655
2146849
2147762
2149259
2154770
2165766
2168784
2170648
2172230
2172718
2173196
2174890
2175342
2176990
2185599
2190715
2190834
2193477
2194160
2197635
2199388
2205289
2205987
2209675
2215384
2215871
2221027
2228878
2231512
2233548
2235270
2236682
2238145
2242218
2242229
2245868
2246352
2249909
2253106
2254516
2261624
2262966
2265797
2268470
2268549
2274496
2277400
2278149
2282866
2285888
2288092
2298947
2299436
2300264
2300394
2301240
2301576
2310585
2310866
2311342
2313587
2324625
2327581
2338006
2348311
2350066
2354166
2359233
2361844
2365473
2365680
2367117
2367875
2370535
2376832
2378784
2379456
2383359
2383954
2403724
2404224
2404569
2408872
2411089
2413497
2417105
2420613
2421721
2422331
2423337
2423569
2424515
2425338
2427408
2430635
2430780
2437015
2439769
2439864
2441101
2442345
2442954
2448290
2452135
2454088
2459368
2466150
2467541
2480104
2484159
2485394
2486218
2491130
2493678
2496210
2497742
2497944
2498210
2503882
2508837
2510636
2516007
2517076
2519334
2526058
2528343
2529109
2533520
2533637
2534171
2546898
2550640
2552205
2555770
2557646
2558773
2559052
2559492
2565427
2569052
2570844
2574729
2576692
2588350
2592855
2593837
2595382
2596291
2606143
2606887
2607512
2619250
2628899
2631947
2633083
2636359
2636652
2637756
2639063
2639703
2640542
2644117
2662603
2669216
2669663
2673503
2674188
2682384
2689336
2697883
2700785
2704676
2704715
2705168
2709291
2709547
2710415
2711101
2711683
2714723
2715823
2716586
2716684
2717942
2718129
2718276
2720097
2727887
2728038
2730690
2732882
2737789
2740534
2742144
2744057
2747441
2750005
2753227
2754503
2758092
2760408
2762371
2762475
2765702
2765831
2767649
2770596
2770684
2774711
2777574
2778447
2782595
2785155
2786958
2793494
2797413
2800024
2804584
2804844
2809261
2810506
2814353
2815647
2817931
2820441
2823938
2826364
2829355
2831910
2832273
2835577
2838680
2841267
2843822
2843990
2849350
2850307
2850510
2854487
2855681
2855833
2859593
2860336
2860533
2864414
2868393
2875223
2877297
2881451
2891442
2892837
2893590
2897398
2902005
2906953
2909078
2914904
2916413
2917814
2918568
2921618
2921870
2932199
2934057
2938888
2940436
2942311
2943062
2950321
2953653
2954997
2955685
2966992
2968646
2969800
2978831
2979598
2984438
2986272
2987037
2987090
2987514
2990850
2991209
2993647
2993660
2995334
2998990
3000243
3001729
3003221
3003739
3003772
3003932
3005811
3007940
3009695
3011739
3012154
3013331
3015474
3017630
3020870
3023488
3028901
3030685
3032130
3032711
3032967
3035043
3038988
3039167
3042075
3046250
3050612
3051936
3052321
3058160
3059312
3060932
3061673
3063788
3070243
3078283
3084553
3085128
3085585
3085894
3087020
3089439
3093401
3094238
3095003
3095670
3102433
3102529
3104061
3105345
3105560
3113876
3117353
3118902
3131913
3134170
3137463
3141689
3142541
3142818
3142920
3145107
3147123
3147134
3147345
3154314
3160008
3166220
3167727
3168941
3178738
3184161
3191783
3192161
3196297
3197073
3200905
3201014
3201382
3207153
3208112
3209750
3210898
3211685
3212566
3217427
3218334
3219892
3221179
3229390
3230205
3233743
3234529
3235456
3238773
3239490
3239887
3240805
3241679
3242480
3248798
3249729
3252445
3253388
3266401
3266965
3267380
3270033
3273232
3273781
3288272
3293788
3296921
3302337
3303755
3304737
3305581
3309571
3310278
3316904
3317524
3321714
3322102
3324352
3324514
3327950
3328849
3341696
3341980
3352604
3353293
3354999
3372055
3375617
3375754
3379206
3380460
3384269
3393366
3394994
3399900
3402086
3403680
3404312
3407454
3413565
3415982
3420168
3425813
3426708
3428850
3432863
3434024
3435952
3435971
3437981
3446312
3448459
3452394
3457123
3457609
3460257
3467173
3468736
3469935
3473305
3477454
3477484
3489756
3490705
3494584
3495463
3498765
3508002
3509494
3513640
3514901
3515980
3520176
3520566
3527284
3529584
3530764
3530967
3536413
3544625
3545130
3546078
3546380
3547549
3550676
3555813
3555825
3555939
3562042
3562424
3565315
3565831
3569630
3570040
3570756
3570910
3579616
3582492
3589535
3604270
3607277
3607644
3614042
3614539
3616066
3628800
3632237
3636320
3646980
3658069
3660048
3667213
3667721
3675216
3675599
3677687
3677744
3678769
3680366
3683174
3685793
3692525
3692591
3692616
3695145
3696004
3698821
3706505
3707584
3709264
3709789
3716422
3720297
3721770
3724477
3737620
3742861
3743906
3747097
3749559
3752534
3753407
3755072
3756120
3757464
3760729
3760835
3764758
3780165
3786045
3786241
3793078
3793572
3795270
3795390
3796339
3797432
3805566
3807598
3810257
3814567
3818109
3819731
3822894
3828773
3831232
3834804
3843302
3845946
3859625
3864249
3871446
3875859
3878618
3879124
3882130
3883368
3885334
3886412
3889163
3890885
3896235
3898114
3899129
3904142
3909524
3909888
3910743
3910875
3921112
3925928
3926293
3928224
3930137
3933468
3942638
3944614
3944875
3945081
3946971
3948606
3957395
3961758
3963122
3967271
3969168
3969188
3973140
3975824
3976610
3976988
3979884
3982624
3983597
3984217
3985968
3990226
4000901
4005771
4006216
4011148
4011805
4013128
4013558
4018953
4028059
4044508
4045544
4051100
4054985
4057769
4060897
4063137
4075379
4081512
4086863
4091957
4097874
4098407
4099798
4104604
4107292
4107493
4107855
4108073
4109008
4122546
4122610
4124950
4127936
4131688
4134661
4134769
4135560
4138980
4139218
4139864
4140872
4144765
4147097
4147551
4148513
4154133
4155251
4156581
4158417
4159638
4160481
4164571
4171968
4175359
4177230
4181606
4182841
4185518
4186906
4195753
4196544
4198023
4198193
4201272
4203877
4206914
4207263
4210816
4213786
4215509
4218622
4220063
4222986
4226784
4227167
4229850
4230755
4232378
4233986
4242195
4244062
4247358
4247387
4248430
4252988
4262965
4263932
4266189
4272669
4275040
4275046
4275069
4277464
4279761
4281444
4283099
4284351
4288442
4289738
4290427
4290445
4291775
4295154
4308281
4310781
4316991
4324197
4330359
4334292
4337772
4338139
4342703
4351302
4352093
4353420
4355376
4356892
4360901
4361591
4363335
4364540
4364766
4368371
4368572
4371010
4373070
4376578
4376983
4379950
4387047
4387932
4391953
4393479
4396719
4398238
4398719
4399227
4400120
4403228
4408228
4409664
4409965
4410669
4410779
4426256
4436557
4436606
4436934
4442785
4445334
4448378
4448616
4450591
4452915
4457189
4461303
4462671
4462707
4468512
4468750
4469933
4478378
4481576
4482927
4488117
4489541
4489767
4490408
4490903
4491287
4496977
4508780
4509597
4510793
4511092
4513962
4514127
4517070
4524882
4529503
4536546
4539007
4542081
4543372
4545323
4549407
4550233
4555336
4556620
4557156
4562068
4580418
4580695
4584947
4586724
4588317
4595337
4604024
4607271
4612315
4613755
4617566
4621171
4622406
4627404
4635291
4638422
4640863
4648271
4662222
4664310
4665843
4665923
4667799
4672398
4673468
4674051
4675862
4679323
4683388
4683927
4685191
4686064
4690589
4693257
4695431
4696488
4700382
4700737
4703665
4704264
4704810
4715862
4717369
4718645
4723316
4725595
4728414
4731878
4736548
4746035
4749495
4752405
4752551
4753452
4754068
4758679
4768817
4776078
4778760
4780272
4783656
4788787
4788934
4791392
4801387
4801601
4802888
4805284
4810335
4813073
4815245
4818553
4818899
4820729
4825651
4825766
4829922
4830705
4832461
4836014
4838648
4847020
4858358
4858656
4864493
4867508
4871019
4873266
4877668
4888043
4893116
4897759
4903675
4905212
4907695
4913252
4916366
4919077
4921641
4925144
4940242
4941480
4947368
4948714
4950502
4951676
4956115
4958848
4971149
4975630
4977513
4981133
4981340
4985465
4988727
4990678
4990952
4997245
5002142
5003865
5006597
5014156
5015168
5023361
5028570
5031636
5033694
5033987
5034148
5037168
5037843
5041113
5042397
5043470
5047240
5049113
5049863
5052034
5052418
5055482
5055510
5057875
5076641
5080547
5080663
5081745
5083543
5085013
5085033
5085483
5090144
5090754
5095637
5106064
5112358
5113156
5113913
5115385
5116851
5122182
5126015
5131034
5131176
5133350
5134324
5136420
5139981
5141434
5149762
5150765
5159388
5162356
5162566
5167744
5168249
5170047
5170233
5170629
5170865
5173082
5176847
5178724
5181836
5183996
5185555
5190562
5191950
5192726
5194698
5195791
5200631
5206988
5207830
5209208
5210455
5214059
5218316
5225501
5232142
5232638
5233662
5233816
5240128
5242884
5247191
5249431
5252947
5253791
5256624
5257443
5258457
5265821
5267228
5268278
5274332
5283229
5283359
5286667
5288974
5290666
5297674
5299916
5301210
5301333
5313475
5314609
5314722
5324865
5325342
5325635
5326999
5329376
5329491
5332500
5339112
5341655
5341946
5343685
5347486
5356874
5357650
5359242
5367259
5367707
5374887
5377981
5379685
5390161
5393374
5394022
5394681
5394716
5395097
5401814
5407449
5409733
5413988
5424081
5429660
5430439
5434371
5439007
5439209
5440445
5443925
5451586
5452632
5454265
5460111
5461164
5461853
5462922
5464866
5469379
5470924
5473918
5474900
5476081
5479631
5488119
5489153
5494426
5499085
5502631
5504460
5504884
5506746
5507347
5507952
5509392
5513541
5515932
5519678
5526899
5530007
5530842
5531853
5536578
5538004
5547563
5550755
5555133
5555611
5556269
5557370
5557978
5559205
5564990
5565388
5572300
5573894
5575140
5575595
5579251
5579822
5582164
5584267
5594143
5598426
5598810
5614368
5617848
5618254
5619075
5619150
5619320
5620348
5622271
5622504
5623127
5626605
5627400
5630370
5630479
5631467
5641507
5644429
5646514
5650779
5651663
5653945
5657923
5676163
5683508
5686006
5686444
5687360
5694045
5699386
5701550
5702358
5706252
5710275
5715941
5719355
5724868
5726113
5731009
5734329
5734333
5735451
5739648
5741714
5744117
5747365
5749805
5750018
5752425
5753770
5753781
5757335
5760466
5764620
5768926
5775512
5777429
5781314
5782801
5787592
5794627
5801692
5808969
5811316
5812045
5812714
5820457
5820631
5821232
5825043
5826507
5829782
5830893
5849329
5851493
5853782
5857034
5858448
5859552
5861260
5866639
5868061
5869661
5874185
5874258
5874649
5881010
5881408
5887786
5892143
5893877
5898159
5898821
5901075
5903731
5907527
5911446
5911619
5912889
5915023
5915989
5918627
5921021
5922747
5923225
5926364
5930469
5934450
5935206
5935248
5943079
5946314
5946490
5951328
5954664
5955106
5958215
5958778
5963210
5964342
5964837
5966087
5966164
5966713
5968646
5970110
5972214
5978986
5979516
5980340
5980574
5981282
5984492
5987530
5989307
5999135
6000238
6001158
6003676
6006484
6009698
6011726
6011987
6015290
6016055
6016091
6019597
6023827
6026092
6029152
6031585
6034350
6035345
6037883
6039105
6040658
6041859
6041919
6048883
6048969
6049716
6052222
6053545
6060503
6066489
6076757
6077656
6093228
6093908
6097631
6098315
6099894
6101511
6106221
6110859
6111693
6113931
6116546
6120120
6122153
6131119
6134655
6141106
6142637
6142939
6146409
6148384
6149697
6152037
6152886
6157312
6162118
6164041
6168088
6174011
6176103
6184129
6185977
6190132
6193231
6195246
6196954
6200646
6201180
6205321
6205610
6208767
6213193
6213513
6214295
6218613
6220676
6221574
6225532
6226093
6227787
6237932
6246068
6249292
6254052
6260099
6265761
6266896
6269630
6271067
6281224
6285417
6286602
6287560
6291832
6292245
6292571
6295331
6310337
6311853
6312032
6314104
6316733
6323104
6325480
6325701
6329718
6334390
6336216
6341535
6344141
6346568
6356150
6369621
6370641
6373691
6379785
6379944
6385899
6386055
6394310
6394396
6394528
6401269
6405322
6406289
6408459
6414695
6418617
6420820
6421527
6422695
6424850
6426205
6427014
6429872
6431539
6434007
6444350
6454996
6458110
6458698
6459363
6460112
6460144
6466039
6466893
6468998
6470091
6482297
6482564
6486235
6490778
6493366
6497699
6507448
6507664
6514134
6514948
6516687
6519223
6523154
6527906
6531040
6534113
6539533
6558977
6559183
6570311
6579082
6581117
6583149
6583485
6584885
6588191
6592249
6592696
6598090
6602771
6605792
6609248
6615334
6617724
6617924
6618918
6621565
6629213
6629624
6635920
6639276
6640308
6641327
6642226
6642655
6644633
6646229
6649025
6653277
6654016
6654615
6661144
6666072
6667198
6669309
6670741
6671128
6673934
6678612
6679136
6681148
6682109
6684044
6689168
6690416
6699390
6701282
6707320
6711855
6715165
6718424
6721397
6723303
6723476
6726193
6726195
6726475
6729198
6729993
6730208
6734051
6734199
6736008
6738970
6739892
6740928
6742694
6743175
6747175
6749149
6753924
6754781
6757922
6759847
6763799
6769021
6775318
6775374
6775910
6778030
6783094
6783414
6789237
6790080
6792191
6792904
6793180
6796933
6802906
6804926
6805212
6805310
6805895
6809096
6825926
6826000
6829726
6830726
6830928
6831604
6835912
6836328
6849850
6854197
6854916
6866964
6873871
6875436
6879308
6879846
6887351
6887614
6889439
6889474
6891412
6892962
6896305
6899139
6900891
6903435
6905355
6911841
6912258
6914173
6916584
6920082
6926676
6930393
6937526
6943426
6943871
6944857
6945014
6949211
6950590
6953439
6956112
6958682
6962763
6964141
6965055
6965250
6974227
6975823
6978875
6980110
6982420
6984361
6984962
6985796
6990433
6991233
6997642
7008725
7018882
7026044
7027758
7028787
7030219
7030856
7031260
7031751
7032644
7032910
7033188
7036612
7036615
7044933
7045727
7048382
7052426
7052766
7054606
7054689
7058164
7058409
7061242
7061260
7061445
7062661
7070869
7071919
7075189
7075460
7076866
7077246
7078526
7078745
7079189
7089601
7092536
7099385
7101080
7103163
7105453
7107539
7109329
7109718
7110587
7113481
7114404
7120797
7125536
7127447
7128508
7129316
7130730
7131269
7135316
7139119
7139781
7140951
7141776
7147067
7150737
7151412
7156383
7156958
7159753
7172200
7172743
7182779
7184048
7187672
7190010
7194519
7194614
7194758
7196600
7196729
7197341
7205129
7215055
7225170
7231945
7237314
7239623
7246457
7247521
7257443
7257514
7266036
7267489
7279677
7282986
7285943
7291771
7299013
7304098
7304591
7309328
7311912
7313745
7316161
7316490
7319992
7320781
7323049
7328987
7341292
7341655
7342138
7342190
7345014
7346568
7349561
7351342
7355776
7358526
7367637
7368327
7370529
7371994
7375719
7376062
7379381
7382188
7383339
7383988
7385887
7386158
7388012
7388385
7388647
7389123
7389553
7391430
7392313
7396235
7398426
7400167
7400962
7404130
7404667
7407638
7410062
7412486
7412540
7413910
7414954
7419727
7420649
7421856
7427391
7428949
7429120
7436060
7436533
7437206
7438048
7440856
7445594
7446093
7446746
7448090
7448352
7449774
7451304
7455017
7455038
7459912
7462433
7465001
7466025
7467253
7471764
7472330
7473710
7475302
7476900
7484459
7487312
7493801
7497507
7498425
7500127
7502886
7504055
7504594
7510667
7512658
7515801
7515934
7516495
7517306
7527699
7540390
7551013
7553427
7562654
7564983
7567246
7582723
7593325
7595856
7608028
7608839
7609270
7613659
7614029
7615305
7616181
7617614
7618771
7623177
7624066
7624344
7640343
7647197
7661014
7662750
7663247
7667991
7668414
7679812
7680574
7687548
7688277
7689728
7695323
7696336
7697654
7699039
7706523
7710393
7711421
7718204
7718205
7718283
7724343
7726683
7732308
7733515
7734757
7735897
7736804
7737151
7737655
7743454
7746023
7749963
7752681
7755492
7758459
7761217
7764774
7765133
7766740
7768157
7769150
7774110
7774728
7775057
7790813
7791239
7796090
7804659
7805510
7807067
7813321
7813978
7815184
7819440
7820816
7821990
7824944
7826278
7827929
7832626
7837236
7838938
7854640
7856627
7863152
7863370
7863897
7869717
7869779
7880388
7882282
7888585
7890887
7894895
7900635
7903858
7908953
7913607
7921830
7923072
7923512
7933011
7935324
7935823
7937097
7938448
7943437
7946546
7961162
7961518
7961901
7968744
7982213
7982464
7986269
7998182
8004352
8004626
8004995
8009858
8014751
8018085
8019513
8024690
8026283
8026686
8026856
8027689
8031520
8034320
8035899
8039209
8040300
8040538
8042951
8043118
8043338
8046114
8052349
8052681
8055474
8057733
8058339
8063567
8066101
8068386
8071481
8072505
8072824
8075461
8076107
8084214
8087335
8091280
8105683
8106934
8109033
8109808
8111377
8119102
8123135
8130247
8132481
8137276
8137581
8138426
8138437
8138621
8143227
8144646
8146868
8152463
8158072
8160589
8164238
8166145
8166665
8171082
8174694
8180922
8193377
8194359
8196941
8198414
8198767
8201582
8202421
8205931
8215881
8220805
8221905
8222859
8224340
8225281
8225407
8233213
8235978
8236712
8241170
8242464
8243183
8245820
8254423
8254641
8256944
8260897
8263487
8267638
8271572
8272192
8272857
8275619
8277500
8280785
8281338
8283502
8285558
8286688
8290043
8294690
8294850
8304268
8307550
8312847
8313108
8314871
8315494
8318183
8328954
8338745
8344133
8345811
8346786
8350179
8350362
8354387
8355630
8357409
8358672
8359265
8361662
8361822
8363147
8369404
8371045
8389245
8390601
8394475
8395892
8398514
8402155
8409377
8410232
8412452
8417908
8418908
8425259
8430056
8430915
8432350
8436330
8438209
8442696
8444049
8445604
8447834
8451065
8457000
8458428
8458670
8459824
8462620
8464621
8469950
8471395
8481891
8486158
8487480
8487945
8489938
8494602
8503889
8504808
8512667
8517467
8524122
8527624
8528867
8534336
8534710
8544151
8547220
8549033
8549303
8554152
8558090
8568901
8569203
8569980
8574451
8576131
8591469
8591810
8593331
8597013
8599961
8600740
8600988
8602123
8608035
8615521
8617126
8617284
8629086
8637400
8638148
8641423
8643096
8652462
8656102
8657592
8658843
8669510
8674954
8675879
8679077
8679078
8679829
8680742
8680847
8687657
8689646
8691050
8691821
8697994
8700764
8704587
8710280
8711406
8714543
8733727
8737319
8737764
8743347
8743663
8746450
8749096
8749344
8750599
8754767
8756581
8761636
8767430
8768264
8769086
8772189
8781010
8783097
8784218
8787587
8788732
8791051
8795134
8797116
8800286
8800725
8808425
8809802
8810020
8811209
8816658
8818060
8819446
8823133
8831366
8834620
8837603
8848082
8848508
8854880
8855138
8856956
8862333
8863132
8863398
8865763
8867230
8867798
8869201
8875280
8882076
8882454
8882927
8885833
8896134
8897617
8898208
8899988
8900204
8900476
8900997
8909286
8911430
8912525
8913281
8914045
8918234
8922979
8928164
8931323
8934558
8938383
8948121
8952658
8952872
8954366
8963123
8965030
8966549
8967268
8969383
8970750
8972244
8972432
8975388
8982372
8987334
8988439
8989491
8991447
8991793
8994353
8995215
8995810
8995892
8997267
8998635
9008835
9010829
9013249
9019770
9024350
9024991
9025787
9033067
9034842
9036251
9040391
9042585
9043510
9045404
9046246
9048888
9061811
9067837
9068973
9070233
9075225
9075587
9077554
9089395
9095015
9105903
9111148
9111451
9117273
9117709
9118844
9119101
9120336
9123061
9123334
9124524
9127824
9130233
9130247
9133220
9134018
9136554
9142722
9147048
9147484
9152045
9157300
9157312
9158445
9161385
9161757
9162174
9163981
9165185
9166824
9168110
9168653
9175816
9177393
9177838
9181826
9181846
9182723
9197178
9198902
9204867
9207580
9209010
9214532
9218568
9220353
9222247
9229018
9238813
9240077
9242887
9244192
9251798
9251894
9255615
9263068
9263724
9263753
9265335
9268483
9276847
9281469
9282346
9282910
9284132
9284700
9285310
9292688
9293805
9294593
9295681
9298715
9299657
9300311
9304862
9304947
9306597
9309113
9312168
9312367
9314139
9322327
9326495
9330970
9338268
9339552
9340845
9343055
9348530
9348571
9351341
9352067
9354185
9355704
9356295
9365715
9367513
9369930
9371127
9371446
9372214
9376190
9376320
9378030
9379981
9380268
9381934
9382388
9388484
9393932
9394656
9396573
9396746
9397377
9400264
9402800
9406247
9408274
9409159
9409913
9410548
9411689
9412561
9412597
9413109
9416272
9417018
9420330
9423616
9425950
9426977
9426982
9428311
9431571
9434157
9436303
9437003
9437404
9438570
9442446
9443863
9445156
9448496
9449866
9450082
9460764
9462807
9465063
9466644
9467010
9468916
9473261
9475425
9476007
9477167
9479478
9481111
9483105
9499151
9499468
9500838
9504010
9505984
9508762
9510748
9510771
9517301
9518147
9518392
9527126
9533181
9535171
9536428
9538957
9539310
9542902
9543228
9548431
9549839
9550664
9554051
9556493
9558339
9558375
9558413
9564396
9568745
9570854
9571797
9572722
9572972
9577484
9584472
9586758
9588207
9590414
9590456
9595146
9598206
9601168
9602090
9606144
9606691
9606968
9607325
9609969
9615204
9617651
9620279
9622285
9625388
9625804
9626736
9643612
9644947
9646027
9647969
9648718
9649473
9651753
9652846
9654826
9659685
9660076
9663382
9666741
9668548
9670040
9673263
9675765
9676889
9680043
9682034
9685551
9692524
9694159
9696033
9700538
9704672
9704884
9705329
9707197
9707272
9712838
9715683
9720393
9722400
9724554
9727705
9732823
9733036
9734427
9739593
9742259
9743718
9749414
9749668
9751351
9751802
9762635
9763394
9763864
9764036
9766272
9766428
9769669
9770624
9770832
9772001
9773006
9775223
9777095
9780720
9782043
9783389
9788824
9792793
9793890
9794719
9796654
9798147
9803601
9805211
9805841
9806015
9807831
9807902
9808465
9810740
9810929
9815147
9817249
9817756
9822030
9823878
9824298
9825492
9826057
9826994
9827287
9833475
9837922
9838786
9842545
9844880
9845796
9846880
9850220
9872547
9874885
9881911
9882883
9885169
9887634
9891343
9902952
9905647
9913765
9916188
9921429
9921751
9924327
9924749
9925754
9927144
9930256
9931118
9936521
9942859
9944386
9946121
9953052
9954694
9958172
9964294
9966649
9968246
9969014
9973069
9975476
9977476
9983959
9984914
9985103
9995171
9998206
10003410
10005203
10006335
10006491
10006570
10017283
10017698
10019041
10021781
10021916
10024604
10030279
10033348
10036527
10037189
10041588
10042914
10049102
10049468
10054322
10054921
10059054
10059350
10059772
10064511
10065108
10069094
10073569
10075145
10077300
10077591
10082326
10084300
10085365
10089334
10090419
10097354
10098199
10098916
10100392
10104393
10107496
10108011
10112103
10113577
10127448
10129453
10152796
10156472
10162396
10167635
10167841
10171217
10174584
10175057
10179816
10184583
10184835
10186930
10191161
10192899
10193220
10195716
10197617
10202667
10204801
10207705
10210921
10212621
10213920
10216487
10223696
10223805
10224657
10225734
10226072
10227072
10227080
10232801
10234936
10246220
10246311
10251643
10254500
10266577
10268701
10274771
10275318
10276430
10276476
10280963
10280971
10282635
10288762
10289621
10291283
10294164
10296440
10296678
10297097
10298022
10305942
10311148
10314457
10315051
10320072
10322012
10323016
10323612
10323634
10327397
10330083
10330997
10335969
10345682
10348032
10350930
10353833
10354472
10356701
10368023
10375011
10378339
10379221
10379442
10380340
10381300
10385119
10385673
10394804
10395069
10402323
10404089
10412946
10414703
10418646
10432484
10433996
10437266
10440843
10443284
10448365
10452386
10453314
10455713
10464272
10466353
10470986
10471051
10473267
10476053
10482513
10486927
10489859
10490397
10491777
10495523
10495583
10498337
10499872
10500873
10506399
10510081
10517108
10518620
10519529
10519561
10520864
10523300
10523592
10526424
10531123
10531477
10533781
10534252
10537232
10538033
10540756
10541532
10542088
10542291
10546638
10549581
10551321
10554574
10555546
10555739
10563568
10574109
10574796
10579693
10587101
10587921
10590543
10597251
10599369
10603169
10606469
10613276
10614856
10616873
10621970
10624151
10634954
10637189
10640555
10647945
10653427
10655245
10656563
10658287
10658403
10659217
10660082
10660090
10660230
10661896
10667121
10671541
10672052
10672474
10673217
10673708
10673772
10675481
10678676
10681564
10682245
10682707
10691172
10699173
10712741
10722517
10728675
10730837
10734374
10734378
10734555
10735331
10735881
10738962
10748541
10749493
10752871
10753844
10756997
10758503
10765702
10767919
10768135
10771306
10773902
10777209
10779611
10788644
10788755
10789679
10789958
10790459
10798020
10798047
10798683
10799254
10807411
10810878
10818291
10826881
10831619
10835282
10842552
10844285
10845215
10849142
10850980
10851214
10851954
10869627
10870354
10871940
10874347
10880314
10889475
10890495
10892709
10895177
10901984
10906513
10908830
10913205
10915187
10916010
10916714
10919762
10924168
10926217
10926912
10927507
10932534
10933318
10936157
10936173
10937070
10937312
10939127
10942251
10943127
10954488
10961087
10967886
10980474
10982515
10989977
10993684
10999860
11005158
11011341
11019818
11021407
11022492
11027326
11030817
11037180
11040862
11041208
11054836
11058399
11058513
11058890
11059652
11060778
11064962
11070244
11075387
11089012
11091805
11094515
11104237
11107188
11109546
11113592
11114395
11117032
11119969
11127262
11127575
11130041
11135808
11139148
11148203
11148529
11149249
11152803
11156720
11160509
11160861
11166107
11189101
11193348
11194456
11200343
11214085
11215866
11217933
11220855
11223026
11224770
11226248
11230083
11230836
11231157
11233446
11236422
11237583
11238378
11241297
11242093
11246395
11246618
11256969
11258209
11268323
11271097
11271483
11272535
11279934
11281360
11284234
11288428
11292240
11293346
11295996
11306924
11307035
11311233
11320367
11323204
11325239
11325609
11327320
11332170
11336728
11337969
11342209
11350526
11351769
11353084
11356023
11358114
11365679
11367540
11369176
11369291
11370262
11373639
11374096
11380627
11382003
11385065
11385731
11390800
11400000
11401743
11403625
11404510
11406689
11407410
11408995
11411586
11414684
11420933
11422184
11423410
11423732
11427208
11442694
11448859
11449449
11449555
11452451
11452829
11455769
11457506
11462042
11464742
11466980
11467028
11468860
11470058
11470803
11473429
11473720
11480496
11482217
11485014
11486220
11496398
11500759
11501532
11510279
11512128
11512556
11514146
11517337
11523486
11524152
11529361
11534019
11535846
11537924
11538432
11541851
11546583
11554588
11560780
11561999
11562633
11564839
11566345
11575946
11577025
11580283
11583770
11583807
11584996
11595115
11599584
11604934
11606153
11614908
11615724
11616571
11619045
11619305
11622763
11625991
11632651
11637459
11639773
11641550
11642072
11657636
11659797
11660787
11664851
11667191
11671478
11673766
11675099
11676063
11676402
11676508
11677309
11677481
11678184
11686650
11687705
11688796
11690696
11690931
11693905
11694824
11695461
11696521
11697017
11701005
11701453
11701928
11710702
11719581
11721998
11725869
11725897
11741760
11746213
11755905
11764453
11766707
11768498
11771429
11772819
11784269
11784643
11786960
11789870
11793152
11809240
11812780
11814836
11816625
11817008
11819951
11825158
11827109
11828160
11833642
11835134
11835952
11837441
11837895
11840932
11843763
11844712
11856854
11862679
11873111
11874820
11877351
11885523
11887035
11887432
11889733
11896630
11897479
11899730
11904550
11905611
11906089
11911923
11921025
11922596
11929837
11933208
11935741
11936811
11940055
11941004
11942977
11946684
11950366
11953958
11955749
11958925
11960100
11961297
11967395
11969319
11971549
11971927
11973533
11974849
11977874
11978324
11979723
11981649
11982063
11982179
11983076
11986952
11989953
11990461
11990949
11995378
11997174
12004633
12004812
12005731
12009452
12026384
12027328
12027753
12027892
12028796
12029268
12029781
12030229
12031489
12033630
12033791
12046927
12048952
12049418
12051018
12057489
12059226
12060662
12061410
12062361
12063279
12065753
12069916
12072105
12076671
12082177
12090000
12090844
12092746
12097957
12103608
12104016
12104608
12109037
12112629
12113857
12116147
12126449
12128811
12129183
12131120
12139328
12141248
12141423
12141549
12149577
12151492
12151644
12153551
12159538
12160419
12162792
12171707
12175065
12179532
12184283
12184292
12190204
12202818
12206749
12207875
12208836
12214193
12216027
12219493
12220747
12222727
12229285
12230619
12235930
12243523
12244238
12249005
12255065
12261287
12262106
12263517
12265115
12266881
12271268
12271844
12277735
12280314
12282611
12286092
12288278
12293612
12294682
12295377
12296777
12301096
12302193
12311579
12312141
12315524
12316113
12321655
12323351
12325081
12327782
12331604
12335901
12338569
12344783
12348812
12351581
12355590
12355797
12364516
12366658
12367756
12369281
12369287
12374303
12379771
12385385
12387376
12391007
12395622
12395635
12397711
12406151
12413198
12413956
12420665
12420904
12421316
12424601
12433837
12440593
12440639
12441880
12449200
12450168
12450450
12460603
12465259
12470467
12470986
12472112
12477478
12478835
12479135
12481688
12482633
12484446
12488391
12494190
12502578
12504588
12505062
12509912
12512374
12514295
12522434
12528786
12535631
12536592
12540752
12552671
12554537
12555989
12564440
12565860
12571399
12576591
12579695
12582054
12584103
12588114
12590959
12594292
12601022
12602567
12603205
12605334
12605342
12606870
12610035
12613886
12618734
12619121
12619283
12620378
12621442
12625095
12628401
12634447
12637111
12644884
12646279
12651261
12651912
12654304
12663693
12663751
12664057
12668603
12671700
12679976
12680939
12681669
12688913
12689766
12693937
12694375
12696270
12700055
12704374
12710517
12712117
12714027
12714467
12716515
12716517
12717060
12720145
12721358
12721973
12722539
12724476
12727323
12729142
12730580
12731450
12732272
12734030
12734110
12740048
12742268
12744962
12745968
12749654
12751938
12759099
12760504
12767816
12771149
12771207
12771262
12773253
12775040
12776263
12778163
12778594
12778951
12779788
12786457
12786523
12791895
12793058
12794922
12796793
12800125
12801139
12803196
12803206
12806994
12808391
12812598
12813863
12813946
12821773
12822750
12825179
12827132
12827755
12830591
12830749
12831008
12843273
12848703
12850591
12851850
12854572
12859073
12863426
12869501
12871125
12873821
12876786
12877776
12878461
12878817
12879972
12882086
12884899
12888457
12888928
12890083
12890618
12894094
12896885
12898960
12903538
12906691
12907652
12910972
12911283
12911316
12912434
12916289
12916504
12916863
12919888
12924055
12929646
12929834
12937014
12937936
12943563
12945890
12954115
12955626
12962119
12962136
12962997
12969007
12975801
12975856
12977618
12980036
12980766
12980829
12983742
12986361
12987156
12992108
12994948
12996497
12999993
13004710
13006070
13008447
13011229
13013950
13015041
13020079
13024071
13016896
13017648
13021080
13024628
13028514
13036855
13038635
13047142
13047741
13051297
13056575
13059399
13067609
13075216
13076142
13078776
13080034
13083800
13086039
13088026
13090658
13091801
13094133
13095130
13096929
13100669
13101833
13101857
13102754
13106313
13106702
13109844
13110842
13117959
13119398
13126718
13126971
13129240
13131774
13132828
13138650
13139318
13143849
13145460
13159694
13161329
13162473
13146449
13148697
13150993
13152802
13153727
13154766
13157766
13161087
13162196
13163284
13166302
13168824
13171440
13172617
13173148
13173285
13179010
13185956
13187556
13187692
13187724
13188886
13190008
13198178
13199574
13200758
13206551
13208993
13209116
13212456
13213677
13221450
13228778
13231088
13231638
13236938
13237186
13240515
13243317
13243963
13247591
13254808
13255914
13255976
13258060
13259674
13262694
13262862
13265391
13266015
13267374
13268834
13269338
13269999
13271513
13281305
13286191
13286506
13290112
13294508
13296730
13298151
13303715
13305054
13307167
13307530
13310818
13312015
13313734
13314987
13316305
13317886
13321362
13321638
13324739
13324810
13331252
13331411
13331522
13333213
13336625
13337502
13341057
13341176
13342802
13346100
13348020
13348810
13356291
13357396
13357408
13369018
13369522
13369678
13371421
13371623
13371917
13373167
13375564
13380084
13380437
13380970
13383402
13383825
13386974
13388409
13388417
13389356
13391257
13397788
13399410
13400123
13400937
13403665
13410427
13412034
13417413
13402023
13406091
13411657
13412979
13414277
13415305
13415533
13422574
13423424
13423592
13421542
13423641
13426481
13430697
13436149
13419047
13420505
13421581
13425143
13423015
13424095
13424926
13427031
13428841
13423033
13424727
13424972
13430990
13431474
13422616
13425486
13432811
13421223
13424935
13429843
13420974
13421109
13421161
13423657
13431277
13432593
13425618
13426328
13421060
13422428
13425317
13431934
13420939
13424673
13424942
13425025
13429285
13422721
13422796
13428180
13430176
13432808
13419046
13419789
13425819
13430823
13433808
13421500
13429072
13423526
13420413
13423182
13424166
13426184
13419430
13420886
13422500
13422700
13422766
13424732
13425186
13427992
13428577
13430611
13433336
13436005
13439326
13444403
13444524
13433237
13443226
13437769
13443154
13445080
13434043
13432621
13432808
13435275
13435861
13438298
13438744
13439472
13439800
13440297
13434219
13434915
13438010
13435275
13435379
13435782
13441842
13442306
13443545
13443927
13445574
13446019
13446595
13446749
13452388
13455086
13455946
13456945
13447907
13448474
13449644
13453284
13453507
13456428
13460576
13447503
13448754
13452569
13454017
13456132
13457815
13460798
13461182
13450930
13451706
13455044
13456507
13458328
13458576
13459043
13459055
13462012
13462883
13463525
13454078
13456506
13448533
13454404
13458098
13458537
13459067
13448098
13451727
13452531
13454333
13447972
13448598
13455644
13460274
13460852
13461292
13462351
13463781
13464580
13455751
13456738
13457791
13458137
13448311
13449122
13450305
13457121
13458219
13458326
13460455
13461756
13465810
13466146
13454711
13455800
13456849
13462298
13450681
13456092
13451681
13452715
13455127
13455616
13456486
13460668
13463158
13464717
13451439
13455880
13447650
13449369
13449380
13451375
13452733
13457247
13457273
13460332
13460610
13449660
13453030
13454260
13454827
13455173
13447285
13452292
13453148
13464339
13447130
13448767
13452599
13452725
13454315
13460442
13462045
13447938
13449730
13450961
13454673
13454698
13461566
13462943
13447683
13450448
13450473
13450732
13456322
13456885
13447183
13447979
13449488
13450513
13450661
13452032
13452100
13454953
13448632
13448974
13449154
13453499
13454135
13458482
13464354
13456559
13459545
13451396
13454061
13454543
13456086
13456238
13456783
13451690
13456549
13456653
13457799
13463163
13463722
13448068
13449819
13451124
13452275
13454765
13458703
13448922
13449823
13452272
13452962
13447118
13449165
13449446
13453348
13456302
13460640
13450159
13451264
13454022
13454452
13454991
13451396
13452469
13455955
13456398
13459154
13460113
13460175
13447337
13450256
13456154
13457057
13459010
13462362
13454886
13459043
13459183
13447785
13448274
13448826
13451329
13451575
13453070
13453983
13457168
13460607
13463622
13466387
13447209
13448817
13451525
13457688
13458371
13462969
13447721
13448937
13453351
13449066
13452627
13459809
13462010
13462538
13463763
13464382
13456742
13453303
13453598
13457592
13458377
13447887
13456448
13456911
13457888
13458605
13460334
13461848
13453531
13455571
13456831
13457008
13460190
13460587
13447146
13447720
13449767
13450088
13450947
13458686
13460840
13461353
13450669
13455071
13456812
13457155
13459660
13459946
13447335
13448460
13451003
13453040
13454879
13458349
13462038
13458498
13459122
13459822
13460182
13462611
13448725
13458705
13461167
13452464
13452902
13457872
13447053
13448983
13458775
13448789
13456624
13459200
13459841
13462797
13450927
13458582
13460868
13447602
13448279
13448687
13449280
13457578
13447064
13451387
13451715
13453060
13459369
13448388
13451536
13453220
13456604
13459785
13447892
13449689
13451125
13454083
13454776
13455428
13459140
13456548
13461651
13447493
13450303
13451274
13453948
13455220
13447328
13448962
13450352
13454267
13457850
13459141
13461626
13463507
13465324
13450527
13450649
13456616
13457898
13447988
13448156
13453769
13459231
13461828
13463311
13454445
13449655
13448510
13449558
13450649
13451731
13452950
13455792
13457880
13448554
13449362
13453890
13454805
13459454
13447129
13449389
13452926
13452995
13454810
13458252
13460366
13462814
13451590
13452055
13452539
13454086
13458297
13459034
13460154
13448948
13458487
13463964
13464106
13449166
13452495
13454620
13454898
13456927
13457089
13452815
13455822
13456083
13460158
13461784
13462949
13448718
13448821
13450414
13454375
13454763
13457533
13457563
13448020
13452369
13452851
13453171
13457522
13458584
13459311
13459535
13459836
13449103
13450523
13451839
13447248
13447406
13450502
13452633
13455808
13455950
13456775
13449910
13450408
13450644
13451075
13453509
13460880
13463256
13465661
13449405
13449862
13452086
13456631
13462612
13449473
13450150
13452111
13454729
13451221
13452556
13450460
13450751
13450993
13453357
13458225
13458918
13459751
13448402
13448670
13448719
13452144
13447556
13447642
13450660
13451249
13452398
13453493
13460446
13448971
13457295
13458796
13447440
13453424
13455423
13457298
13460164
13460620
13448337
13456573
13458015
13460057
13447630
13450688
13452024
13452328
13454142
13457039
13459838
13464411
13464847
13447354
13450487
13453341
13455612
13456055
13457816
13458692
13453904
13458938
13460070
13447968
13454418
13454701
13458048
13462438
13463457
13450630
13458522
13459883
13461162
13461526
13462081
13450910
13454416
13456504
13459228
13461638
13451092
13454264
13454946
13459015
13461893
13454214
13455735
13456730
13458245
13458549
13465162
13452518
13460928
13461137
13455185
13448831
13449409
13453815
13454857
13458616
13448201
13452466
13453063
13447521
13448118
13451327
13456794
13459074
13464067
13465146
13465794
13466123
13447542
13449744
13455943
13459211
13459670
13447139
13453776
13457680
13460045
13447210
13456702
13461955
13464243
13448868
13448902
13449337
13463289
13447410
13448592
13451426
13464259
13447291
13448447
13449050
13449743
13450982
13456231
13456521
13456742
13464047
13448299
13449656
13450197
13451559
13452412
13454009
13456358
13462858
13449264
13451104
13451183
13453641
13454387
13457163
13457532
13457932
13460133
13461538
13452067
13455342
13449913
13450339
13451575
13453856
13454865
13455196
13455771
13456312
13449750
13452951
13453880
13464509
13464585
13451857
13454048
13451312
13461357
13463695
13450384
13451052
13451961
13456445
13457911
13460485
13462164
13450484
13452095
13456766
13457062
13457736
13461006
13461986
13462430
13449109
13453719
13456588
13456645
13450435
13451049
13455437
13458535
13459522
13459639
13447553
13448085
13451608
13453816
13456991
13458280
13459201
13463523
13447409
13447514
13447549
13452738
13451627
13452913
13453213
13454064
13455544
13456872
13447948
13448446
13451003
13451426
13452607
13454285
13455898
13458175
13449404
13449710
13454387
13458492
13460040
13447483
13448456
13452645
13453938
13454409
13455994
13450752
13455284
13460817
13448649
13449204
13449468
13450165
13453311
13457511
13448628
13451545
13452321
13454174
13455646
13463545
13453481
13448707
13449347
13450243
13451204
13456763
13460593
13464821
13448530
13450501
13451912
13458240
13449460
13449470
13454524
13456519
13460141
13452912
13453016
13456114
13458017
13462118
13464937
13465483
13448081
13448478
13452836
13456012
13447358
13452936
13451874
13452619
13453665
13455721
13448887
13450071
13452578
13458756
13447580
13451298
13454254
13457391
13457702
13458996
13447865
13450105
13454716
13456867
13458445
13458708
13463114
13455098
13461493
13450866
13452339
13451446
13452127
13447485
13447806
13449507
13453298
13454660
13447769
13452687
13448779
13450850
13452723
13458566
13465883
13466003
13466250
13448914
13453908
13455019
13455323
13456748
13458143
13448597
13450759
13452238
13453509
13454790
13457641
13463094
13464405
13465078
13450962
13454089
13458207
13455510
13455701
13455760
13456635
13456932
13457034
13457232
13458554
13465923
13448015
13448608
13457886
13458440
13458603
13450449
13452193
13452196
13452878
13455847
13462087
13447954
13448708
13450074
13451946
13451981
13452376
13455522
13455870
13456803
13457395
13447379
13448655
13449861
13451593
13465132
13447793
13447996
13450202
13452519
13454696
13456983
13459125
13460414
13457412
13458492
13459685
13459891
13447364
13451954
13452017
13452188
13452279
13454382
13462567
13462595
13450621
13453791
13456221
13459854
13460116
13450743
13451591
13455684
13461646
13463096
13465879
13453354
13452741
13453539
13455436
13457098
13453212
13454934
13451600
13451727
13452237
13453038
13456855
13458525
13460361
13462174
13450733
13456274
13456444
13458629
13459997
13462513
13449219
13462265
13448457
13448925
13449152
13452766
13452804
13455506
13457030
13457976
13460261
13461025
13452420
13453248
13454141
13457754
13448076
13450980
13451965
13454914
13450571
13458736
13460226
13447638
13450097
13453957
13455011
13458605
13458621
13460524
13460746
13463086
13463788
13447019
13451416
13451511
13452298
13452676
13452709
13454694
13458575
13458773
13448514
13449738
13451103
13451159
13458245
13450724
13455488
13456552
13457150
13462778
13449455
13451293
13455031
13461329
13448157
13448821
13449240
13449932
13450349
13452832
13457665
13460700
13447365
13448062
13448238
13454323
13455205
13456411
13450293
13450837
13451490
13452004
13453781
13455787
13447665
13450115
13452167
13453321
13457721
13458310
13447061
13447587
13449163
13450631
13460022
13462858
13448569
13451927
13452456
13460596
13447705
13451741
13452947
13454108
13454547
13455088
13461685
13447960
13451542
13451725
13453223
13455955
13457991
13458452
13462321
13447832
13455484
13456739
13455955
13459441
13464484
13465688
13450017
13450236
13450277
13450643
13450818
13451915
13452771
13454020
13454530
13460132
13462064
13462793
13467176
13471382
13460424
13458380
13459367
13461989
13464591
13465005
13460529
13462147
13462357
13463599
13459854
13460223
13462451
13463875
13465064
13468164
13469337
13470023
13458476
13462500
13463488
13475722
13457774
13459263
13459373
13460934
13469645
13473007
13476173
13464196
13467201
13468264
13474775
13475809
13458778
13466974
13467252
13462031
13470046
13458057
13464591
13466393
13467218
13459207
13461204
13462052
13462772
13465738
13466266
13472156
13458385
13458848
13459625
13460987
13461522
13463165
13464119
13462254
13467285
13468373
13460301
13462096
13462103
13465444
13468056
13462123
13465448
13466995
13467085
13467610
13468077
13468522
13468549
13469380
13471170
13480426
13485210
13485479
13485763
13474670
13478380
13483337
13487576
13489053
13489438
13478059
13490719
13479944
13479949
13479787
13483960
13484376
13486241
13488574
13489877
13493483
13477256
13481766
13474699
13476312
13485029
13485570
13486189
13487318
13487524
13487887
13490304
13491413
13474991
13475308
13482889
13483210
13487822
13489226
13493710
13500865
13502157
13504153
13491696
13492064
13492722
13497016
13499076
13502338
13505588
13506172
13523137
13505678
13507798
13508736
13509091
13510625
13510763
13515445
13518633
13520622
13521368
13525983
13527639
13528930
13529836
13531926
13534981
13535690
13536210
13536357
13537003
13538630
13549448
13550123
13550612
13555412
13560208
13548153
13551135
13552834
13555746
13556095
13556813
13557076
13558440
13559943
13560555
13561325
13567309
13572739
13562589
13565304
13565435
13568438
13571287
13577949
13580495
13572207
13584048
13578573
13574599
13576390
13576884
13578220
13579447
13580002
13584647
13585575
13588016
13591271
13593861
13594753
13602478
13603650
13608449
13610358
13610886
13616172
13623540
13614364
13614547
13622232
13624163
13625388
13634258
13635855
13638186
13643092
13644529
13649414
13651410
13653076
13653704
13656707
13657621
13659089
13659877
13660561
13661014
13662814
13664990
13672791
13688776
13692577
13694019
13694171
13694858
13695240
13695859
13697688
13699887
13703492
13703509
13708839
13710594
13711133
13711468
13713238
13713356
13714698
13717239
13719889
13725207
13725930
13727976
13728606
13728848
13728855
13728905
13730771
13740101
13746771
13751152
13736632
13738402
13734091
13738384
13740063
13741015
13744108
13744141
13747372
13749876
13763366
13763736
13768658
13771007
13771183
13772424
13776564
13776707
13777509
13781526
13787606
13789033
13789695
13792402
13793018
13802275
13805852
13806042
13808723
13814841
13814955
13817194
13823816
13827094
13828946
13829266
13831195
13831852
13832307
13832820
13838722
13839418
13840142
13842315
13845290
13850159
13854130
13858951
13861362
13862553
13864166
13865186
13868735
13868801
13873808
13874378
13877639
13879069
13879727
13882180
13884806
13885725
13887628
13891435
13894520
13896956
13913026
13898915
13899575
13901699
13903997
13906819
13908596
13911336
13918054
13920061
13920956
13923052
13927209
13933449
13934399
13935228
13936405
13943788
13951246
13963232
13968449
13976067
13980002
13984819
13985746
13985786
13988447
13993483
13997818
13999281
14001164
14003156
14007640
14013822
14018371
14024094
14025933
14031653
14034287
14034769
14040713
14044405
14049204
14051292
14055619
14055679
14060897
14061623
14067416
14069305
14074422
14077653
14078147
14079102
14081054
14082525
14083864
14085201
14087692
14088964
14091939
14097170
14097629
14100100
14100659
14103477
14104805
14105305
14106605
14110118
14110226
14113374
14114278
14115126
14116825
14120046
14130794
14149346
14151255
14151683
14152577
14154021
14155424
14158419
14159131
14159458
14160175
14167608
14167609
14169700
14175552
14177255
14179359
14180499
14181570
14183836
14194102
14194804
14198122
14199778
14201735
14206807
14208838
14208927
14209446
14213050
14228278
14229693
14229865
14231017
14236170
14236517
14245767
14247945
14250492
14252544
14255806
14257991
14267332
14268410
14268476
14269018
14270412
14270840
14271280
14272165
14272314
14274925
14275421
14276257
14276378
14285452
14286068
14286779
14286804
14290578
14296590
14299451
14300822
14302297
14308895
14309576
14310422
14314398
14314434
14318075
14319693
14320432
14321896
14324146
14327140
14327188
14327417
14328209
14328704
14329798
14331732
14334652
14334930
14335766
14335928
14338781
14339864
14340538
14347860
14349451
14350927
14351346
14357277
14359500
14359771
14361444
14361920
14378069
14380352
14381211
14383297
14385148
14388747
14389302
14392292
14395507
14395509
14397037
14397989
14399441
14399856
14401744
14402105
14403437
14404665
14411848
14416585
14426685
14428399
14436235
14444060
14446075
14450122
14450513
14459065
14459452
14462419
14463844
14465851
14471833
14473257
14479485
14480653
14486504
14487618
14490320
14498094
14507863
14512238
14518655
14523299
14527959
14528482
14528535
14532980
14538979
14548288
14551812
14553328
14556222
14559780
14561580
14562738
14563190
14563275
14564445
14567925
14568741
14577548
14583686
14583800
14596490
14598776
14602051
14606312
14610483
14611255
14617944
14618514
14623389
14624095
14631116
14633239
14634424
14637082
14638774
14639053
14640272
14641175
14641961
14644185
14644320
14648353
14648963
14652050
14654731
14655257
14658012
14659970
14665008
14666702
14667085
14684778
14685478
14688362
14693983
14698151
14700733
14704620
14705031
14710115
14711388
14717301
14717928
14720651
14722594
14723794
14728571
14735311
14738578
14740455
14741893
14742988
14745674
14746119
14747093
14748748
14750773
14752330
14758581
14760144
14760931
14761343
14765605
14767949
14775563
14780718
14781170
14782130
14783946
14785776
14786154
14793849
14797541
14798856
14799292
14800222
14803362
14808155
14820494
14822522
14827956
14828864
14832344
14834107
14835382
14843799
14847932
14848217
14848458
14849057
14849948
14850724
14858577
14862349
14868686
14871720
14876215
14878297
14878665
14881258
14892960
14900407
14901372
14904602
14913227
14928583
14931727
14932963
14933896
14936117
14941757
14942103
14943691
14947770
14951470
14970200
14975555
14978656
14981279
14981949
14984769
14989994
14990583
14991681
14998779
15002014
15016732
15018409
15021880
15022111
15023096
15023968
15026742
15027156
15027638
15028561
15034741
15037055
15039194
15043829
15054323
15054803
15055248
15055692
15059931
15060208
15060542
15060901
15063119
15070392
15071292
15074113
15089226
15096572
15098603
15099855
15099989
15100634
15106399
15110499
15113210
15114066
15114885
15115364
15116668
15118488
15121883
15124684
15125564
15128139
15140111
15142701
15143271
15145382
15146736
15147207
15148300
15153153
15155693
15161315
15163762
15168856
15169328
15172395
15174103
15177752
15182022
15182193
15182715
15183031
15183553
15183802
15185128
15186423
15193373
15194124
15196264
15198477
15198919
15198981
15199902
15202793
15209221
15211961
15213556
15217884
15223302
15235476
15237226
15240709
15242010
15250318
15250619
15252974
15253914
15255334
15255638
15273187
15273290
15273810
15276473
15279467
15280726
15280877
15281264
15284719
15288950
15296213
15297700
15298759
15302390
15303086
15303274
15304421
15304521
15307969
15308494
15318038
15319689
15320395
15322565
15322814
15324247
15334381
15344249
15348729
15348738
15351058
15359115
15359216
15361118
15361244
15363725
15366052
15366874
15371614
15372978
15376886
15393738
15396069
15399290
15404625
15407585
15409674
15410632
15412624
15414721
15415203
15418608
15419503
15425286
15427692
15429598
15433625
15434978
15436217
15447216
15447673
15450845
15463511
15467393
15467897
15475624
15476125
15478247
15479187
15480041
15481164
15486783
15487049
15489622
15490281
15490772
15491003
15493056
15498313
15498879
15500547
15500785
15501520
15502982
15503149
15503777
15504588
15508044
15513053
15524919
15525606
15530111
15532004
15534306
15537035
15546943
15547088
15553226
15561782
15562038
15571668
15575422
15578782
15581074
15581537
15582404
15584285
15586952
15587856
15588085
15592355
15596488
15597397
15597689
15599794
15601043
15613735
15625729
15632625
15637953
15639094
15639533
15641595
15641722
15644014
15646530
15650456
15652797
15660024
15661453
15661999
15663869
15664012
15668020
15670271
15676659
15678894
15679115
15679483
15680617
15680942
15681599
15687020
15688917
15689540
15690232
15690639
15693014
15694942
15703905
15713671
15713932
15720449
15723681
15724551
15736403
15739053
15740436
15743288
15745151
15745533
15749536
15749892
15750520
15750588
15752931
15753018
15757558
15758929
15761261
15762831
15765384
15769144
15772803
15775560
15775987
15776158
15779223
15780003
15783424
15783798
15786754
15788935
15792414
15797855
15802989
15810244
15811948
15814188
15819067
15819233
15822591
15826000
15828196
15830623
15832427
15834238
15834403
15839968
15842852
15849002
15849577
15853944
15854088
15854481
15858241
15859837
15861858
15865180
15865459
15868944
15872871
15873539
15876911
15877703
15880062
15882522
15885542
15889817
15890216
15892215
15894667
15896347
15897997
15900377
15903012
15904480
15906320
15914366
15923175
15923828
15924917
15925959
15928223
15929874
15930433
15931907
15934236
15934409
15934916
15937201
15938732
15945472
15946980
15952902
15955607
15965273
15965942
15966323
15966645
15968718
15977432
15980720
15981449
15998537
16001903
16006235
16007905
16009133
16009290
16009499
16009704
16011568
16014329
16015482
16022675
16023607
16028406
16030790
16030840
16031200
16036963
16039452
16039465
16039660
16040133
16044720
16045494
16049999
16054364
16059299
16063092
16065562
16077495
16080696
16086957
16095588
16096314
16099348
16107195
16110746
16113467
16117604
16119260
16119320
16120513
16122217
16130263
16136380
16142194
16144856
16144914
16145816
16149589
16150186
16155641
16157298
16160761
16173335
16173347
16175200
16178910
16179376
16185731
16187029
16187894
16188339
16189131
16193723
16209787
16225582
16228009
16230869
16231001
16231998
16234349
16234659
16238104
16239302
16241379
16246018
16265197
16266075
16266417
16266565
16270193
16271058
16272279
16273611
16276236
16279794
16281248
16281819
16285402
16290581
16292942
16299845
16299990
16300326
16315270
16316435
16318472
16321327
16321773
16323517
16330866
16335668
16341654
16342323
16345307
16348169
16354619
16355684
16360343
16361185
16363115
16365220
16368386
16368541
16369224
16369650
16371057
16375571
16379285
16388104
16406817
16417320
16425543
16435814
16439829
16441675
16442816
16443247
16443298
16446634
16449371
16450591
16459135
16459255
16464065
16465985
16468833
16472060
16480559
16481057
16481828
16482330
16484423
16484915
16489825
16490961
16491136
16491535
16494590
16496038
16499996
16500140
16502645
16507144
16513553
16514454
16515699
16516062
16520330
16523028
16528203
16533295
16534853
16534885
16536481
16536749
16536790
16540258
16545998
16551847
16558494
16567218
16569346
16574597
16576773
16578461
16581221
16587996
16591393
16595082
16600487
16605034
16606115
16608527
16610162
16616302
16622261
16623266
16623560
16630482
16635995
16639305
16641428
16646754
16647013
16659282
16661035
16662504
16663136
16663845
16665101
16666947
16674630
16675815
16677159
16678923
16681772
16682173
16683074
16696809
16698916
16706710
16709617
16711713
16712874
16715334
16717087
16735407
16739401
16741786
16742506
16742847
16747470
16753074
16764061
16764173
16765405
16772770
16775512
16782977
16783832
16790034
16791392
16793739
16796390
16798372
16798841
16811738
16816335
16816658
16818494
16819884
16821488
16822303
16822721
16826028
16827191
16827818
16834964
16835462
16835511
16836392
16845110
16848639
16850678
16852509
16859299
16860491
16861358
16862707
16864106
16868625
16869024
16878976
16882015
16882645
16882653
16886994
16889219
16896680
16899843
16915058
16925938
16937119
16941293
16941365
16942183
16943383
16944709
16949167
16950815
16950816
16951602
16962852
16965263
16966503
16970285
16972201
16976070
16979087
16981841
16989341
16990112
16990390
16994248
16996203
16997609
16997818
16998420
17000933
17003196
17006858
17007069
17007744
17012415
17012655
17013697
17015717
17021972
17022681
17022998
17029189
17035052
17053509
17054380
17054884
17058391
17058819
17064590
17070435
17071222
17074120
17077338
17079116
17079578
17084255
17087816
17090135
17090170
17092465
17095649
17105920
17110876
17112922
17115597
17118073
17124185
17128239
17129311
17131292
17133516
17133563
17136893
17148040
17155036
17160294
17160784
17166768
17170510
17176268
17178193
17178538
17179406
17180296
17181612
17191324
17192277
17192535
17196883
17205174
17206790
17211232
17213099
17217871
17220171
17221121
17223418
17229714
17231618
17243308
17250102
17251800
17252775
17253560
17257867
17261937
17264562
17265571
17265860
17267398
17268140
17273601
17282011
17282049
17284404
17285111
17286781
17290363
17292224
17295322
17296936
17297166
17299203
17307205
17313899
17316282
17317910
17318612
17322726
17323263
17323697
17338986
17341334
17349025
17353137
17353557
17353635
17353733
17364252
17366235
17366628
17373776
17375237
17377580
17378641
17380215
17387104
17390071
17397382
17397646
17403422
17404694
17409674
17411892
17413555
17419411
17420431
17421109
17423200
17423257
17427825
17435895
17437173
17439850
17439876
17446513
17446587
17447251
17447982
17454568
17456652
17456716
17457534
17458696
17466959
17472583
17478437
17481108
17484128
17484992
17485583
17485768
17489797
17491129
17491323
17492700
17499442
17502770
17503452
17510101
17511437
17522116
17528656
17532858
17532936
17535371
17538034
17548718
17550177
17562306
17568359
17570212
17570294
17579322
17580361
17589494
17597486
17598828
17601062
17607299
17610162
17616398
17616631
17622868
17628359
17629479
17634237
17636345
17637376
17638326
17638927
17640070
17641624
17647829
17649982
17653650
17654715
17655358
17656360
17660165
17661408
17666312
17666326
17668518
17671422
17674560
17679541
17683712
17685532
17695143
17695239
17697834
17698542
17702484
17705316
17708747
17709595
17709689
17711011
17712353
17717909
17718196
17721339
17724188
17725421
17726222
17728126
17728988
17733525
17735108
17736832
17737189
17741171
17742122
17744539
17745277
17746590
17747522
17755836
17760221
17763666
17766871
17767273
17767355
17773152
17775252
17777396
17777477
17783180
17787725
17788314
17789675
17794503
17798489
17801977
17804500
17804644
17805718
17806071
17807751
17815784
17816625
17825549
17828507
17838956
17839838
17842046
17844045
17845297
17853347
17853966
17857250
17857686
17867398
17871517
17875444
17877064
17877541
17884374
17886714
17890364
17890556
17892147
17893510
17902595
17908830
17911651
17911885
17913721
17913936
17915162
17915687
17918625
17920941
17923151
17925348
17932856
17940213
17940760
17940796
17949241
17949971
17959256
17967083
17972306
17974622
17977269
17983929
17984864
17989690
17992743
17992917
17995667
17996198
17996378
17997436
18002551
18004616
18006084
18008285
18009812
18012396
18015575
18017229
18017298
18019743
18020904
18021334
18030302
18033708
18044112
18053599
18058660
18061002
18065587
18070367
18072233
18072645
18076169
18085031
18085072
18086920
18089875
18090247
18094172
18095256
18096823
18096830
18097912
18099054
18102739
18107392
18111735
18113567
18114045
18114620
18114868
18129451
18130403
18132015
18136573
18136644
18142091
18144598
18145551
18153826
18153828
18156003
18156159
18159235
18160131
18162397
18166925
18169785
18174247
18175109
18177872
18179035
18180824
18184128
18185512
18187184
18191215
18198179
18202593
18206332
18206838
18208859
18209464
18212506
18214295
18221359
18223330
18225406
18230759
18231935
18235097
18245737
18247926
18249319
18249521
18251412
18255695
18258017
18266450
18269299
18274086
18278248
18278913
18279875
18284522
18285512
18290533
18291224
18296997
18297305
18297632
18300382
18305186
18310320
18311541
18319533
18323865
18324582
18324644
18326204
18328114
18330396
18336527
18338397
18339573
18346270
18347651
18348593
18348718
18353323
18355243
18359589
18369099
18372537
18375445
18376606
18383283
18383372
18385984
18387650
18388740
18389913
18392408
18395813
18396823
18401544
18403262
18408240
18409132
18412437
18414199
18417642
18420988
18425977
18438052
18439487
18440357
18443251
18443391
18446053
18446467
18446946
18448228
18454857
18455552
18461317
18467400
18471101
18479610
18489579
18496447
18499904
18501692
18504744
18505334
18506014
18507509
18507612
18509124
18514675
18516931
18518485
18519074
18519461
18520398
18520450
18527503
18532267
18535018
18535420
18536696
18536898
18537334
18538888
18539267
18554646
18557985
18558385
18563390
18563588
18563906
18564512
18567379
18568424
18573284
18574320
18577922
18578658
18582431
18583856
18584272
18585743
18586031
18587712
18591072
18593147
18593987
18595078
18598857
18600469
18601199
18606342
18606963
18612338
18617473
18619335
18622934
18623952
18624765
18632261
18632516
18635437
18636121
18637594
18643608
18656628
18657876
18661486
18672807
18679978
18680674
18681608
18683994
18685446
18686405
18696142
18698325
18700331
18703549
18707922
18709745
18709993
18710392
18711866
18717553
18720291
18720788
18724056
18730468
18732729
18735424
18737321
18738940
18739499
18744110
18744915
18748920
18750294
18750522
18751098
18753884
18754141
18754609
18757596
18760352
18777055
18779815
18780846
18782817
18784708
18788287
18788541
18792695
18796121
18801773
18802781
18807627
18811287
18817396
18821973
18826795
18828737
18831971
18832845
18833952
18839435
18841348
18846577
18848525
18852359
18852387
18857746
18859398
18862357
18866306
18867169
18868047
18869206
18874362
18877847
18879993
18884099
18892620
18893348
18897953
18900373
18901392
18902283
18904281
18904592
18910023
18912546
18917990
18920850
18922713
18924490
18925271
18933574
18941845
18945277
18950378
18951484
18952519
18952683
18953873
18961114
18961438
18967225
18967593
18970039
18972158
18975154
18976037
18976077
18976112
18976647
18977892
18978841
18979516
18984265
18984943
18986125
18989380
18990523
18992098
19000753
19001650
19002060
19005283
19006987
19014764
19015252
19021589
19021819
19022316
19022459
19027522
19033259
19036370
19040316
19046716
19059910
19060749
19062657
19064265
19077087
19083246
19083534
19085312
19085378
19088688
19091125
19094642
19110252
19114991
19119031
19128331
19129905
19130790
19135247
19135459
19136850
19144326
19147486
19149507
19158500
19161961
19163007
19164028
19164760
19165088
19167252
19174956
19187632
19201497
19203802
19205738
19210503
19216732
19217839
19220854
19225012
19230038
19232238
19234979
19241524
19241589
19247923
19248325
19257436
19257928
19263277
19264698
19270202
19275185
19275652
19281181
19285963
19287052
19287267
19288677
19289975
19294033
19296304
19302608
19304266
19305066
19307138
19309207
19314041
19314164
19323646
19327314
19331407
19332859
19333358
19333539
19334105
19337511
19343381
19345363
19363541
19370804
19371066
19376161
19378713
19379494
19382249
19382625
19385013
19393409
19395163
19398155
19401551
19407689
19408843
19408898
19411372
19411540
19414002
19418410
19421418
19425409
19426496
19431011
19431021
19435133
19442494
19449088
19451520
19457058
19457110
19458660
19462305
19463077
19466171
19472398
19476834
19484042
19485479
19488248
19492373
19492438
19497150
19503214
19505802
19506752
19515953
19517284
19519109
19519749
19523909
19524719
19527153
19533554
19535019
19535444
19542540
19546380
19546550
19548859
19549225
19549660
19550753
19551503
19553613
19563297
19564517
19570232
19571197
19576937
19581372
19583863
19601121
19601602
19616782
19617395
19624201
19628363
19635674
19635769
19636203
19641255
19644405
19648008
19649078
19649210
19649261
19652344
19652873
19655949
19657678
19658107
19663384
19663735
19670234
19674162
19681344
19681605
19686670
19689880
19690674
19696950
19697192
19698343
19703070
19705716
19708179
19708272
19708863
19709354
19710299
19714392
19714450
19716391
19716810
19721556
19723708
19731713
19736119
19743403
19749140
19753785
19756155
19760013
19760281
19761549
19761732
19762746
19762756
19762807
19766762
19769845
19773091
19773123
19775048
19777122
19777303
19780050
19784999
19788902
19792326
19792805
19795097
19795941
19798146
19799815
19806126
19819933
19822772
19826389
19827642
19828621
19831245
19841777
19843085
19844207
19845805
19847740
19849012
19850763
19852866
19853943
19856000
19862574
19870199
19871906
19872892
19873435
19877195
19879101
19880325
19889273
19895060
19895673
19896508
19898377
19901345
19901490
19901514
19903256
19905652
19906506
19909014
19916374
19917899
19917938
19918573
19921556
19928453
19928966
19933031
19939291
19939320
19939800
19942750
19945589
19945922
19946682
19952061
19957203
19972852
19972977
19984183
19984833
19989486
19991657
19995115
19997007
20007795
20013915
20025562
20026326
20027359
20033580
20040597
20041981
20043648
20044750
20048257
20049967
20051024
20051124
20054068
20054670
20055306
20055338
20064953
20066960
20072462
20074013
20078119
20082646
20082741
20083888
20087368
20087520
20100298
20105671
20114642
20114686
20115326
20115935
20116205
20116394
20120182
20125362
20126104
20127515
20135462
20137366
20140637
20153343
20157457
20157835
20158902
20166752
20166964
20172038
20173718
20180585
20184453
20186525
20189912
20190974
20197928
20199427
20200003
20200579
20200665
20207132
20214088
20215741
20215836
20216161
20222174
20226383
20235719
20236664
20236672
20244658
20247158
20249006
20249423
20251904
20270181
20270770
20274881
20276411
20279873
20281402
20282148
20283875
20284666
20286968
20288036
20289415
20291339
20292434
20294523
20295524
20296802
20297724
20302305
20304017
20304998
20306136
20310753
20311870
20312400
20313464
20315668
20319608
20319980
20323928
20324586
20347546
20351855
20358274
20359050
20361955
20362425
20366691
20380045
20381124
20382293
20382782
20383714
20383779
20388655
20390080
20391890
20393193
20394356
20395164
20404203
20408930
20409976
20415362
20425086
20426198
20427850
20429166
20431378
20435462
20435778
20435832
20436072
20439526
20442935
20445636
20450354
20451839
20465393
20470220
20471894
20475203
20477091
20483512
20487712
20489612
20490185
20491969
20495795
20496805
20498532
20501923
20503154
20504372
20508909
20510058
20510512
20511261
20516491
20517226
20517414
20517797
20519787
20521093
20525789
20532832
20538081
20541998
20543783
20544107
20544635
20545466
20548792
20550664
20550668
20556317
20563340
20565377
20570918
20578595
20578846
20583453
20586985
20588188
20589117
20594390
20597862
20603504
20604057
20605169
20606314
20608590
20614992
20621593
20623246
20625212
20627731
20627842
20629317
20631806
20633955
20642603
20643986
20649934
20654376
20654847
20661489
20664936
20666756
20671216
20671741
20672802
20678554
20678654
20678927
20679165
20679651
20684744
20687297
20691008
20692560
20694006
20694698
20696184
20697621
20699270
20706403
20711658
20715946
20718755
20718818
20723027
20726443
20727676
20729865
20733562
20736812
20742361
20743702
20744183
20746436
20753051
20762940
20765062
20766417
20777994
20778198
20778343
20780539
20780603
20782182
20785161
20786877
20790781
20792147
20799423
20801573
20810988
20812504
20812844
20814832
20815943
20816398
20816759
20822786
20825542
20834328
20835983
20836455
20837279
20838750
20839880
20839912
20842445
20846472
20851323
20854135
20854821
20855723
20858194
20858521
20861263
20861859
20865087
20868507
20875442
20877084
20877631
20883924
20884177
20891787
20894243
20899057
20900655
20901394
20902404
20902733
20906533
20907897
20918945
20924546
20929000
20929619
20930639
20935479
20936312
20941608
20942082
20942953
20943537
20953325
20957694
20961484
20966616
20968210
20969206
20970297
20973181
20973356
20978099
20979255
20984841
20985003
20986759
20987714
20988557
20994127
20994672
20996599
20998025
21001884
21002153
21002894
21002958
21005795
21014598
21016096
21016318
21019816
21021854
21022342
21025019
21027157
21032172
21032414
21039691
21040131
21044631
21046196
21046695
21051371
21052570
21052865
21056479
21056754
21057076
21068940
21069231
21069463
21074042
21077125
21078635
21078918
21085020
21085068
21085476
21086086
21092185
21098447
21108316
21109593
21109610
21109742
21110803
21113482
21129885
21131023
21133196
21133731
21135136
21136361
21142888
21143470
21149084
21150911
21151190
21151671
21153034
21156603
21162183
21172939
21173423
21174911
21175761
21176781
21178489
21178827
21180597
21181059
21183874
21186719
21191580
21191696
21192269
21193078
21194383
21195460
21198541
21199741
21201813
21203459
21206966
21210599
21213373
21214529
21215881
21218840
21227684
21228075
21230228
21232466
21234465
21238363
21238915
21239078
21242651
21244646
21247439
21253481
21258218
21259183
21261407
21261481
21266205
21266915
21271273
21273422
21281992
21282082
21282324
21285766
21285926
21286084
21288217
21290355
21293474
21293821
21296812
21299942
21301318
21302105
21302534
21305077
21312602
21313389
21314652
21314828
21323498
21323613
21327997
21328457
21328890
21329463
21329677
21330837
21334093
21334456
21334598
21335972
21337356
21350873
21351203
21351752
21356209
21357997
21358419
21359969
21361063
21361183
21361544
21372168
21372501
21376204
21382479
21383602
21391654
21395719
21398506
21399814
21407720
21416707
21418357
21420035
21427434
21431040
21431737
21435415
21436363
21437140
21437480
21443232
21443751
21449734
21453674
21454954
21455604
21456307
21459259
21461192
21464646
21468596
21468615
21473398
21474715
21476575
21478717
21479434
21479705
21484126
21485021
21488790
21489591
21489912
21492035
21494054
21495499
21500443
21500770
21500879
21501594
21505208
21512128
21512659
21521751
21536432
21542431
21545286
21546212
21547574
21561627
21563737
21566210
21569943
21574932
21582473
21583645
21583784
21592005
21593045
21595155
21595814
21596006
21596625
21601440
21602391
21602493
21602866
21605260
21605646
21606289
21610117
21610747
21612368
21618682
21625054
21626723
21628233
21633496
21636237
21641516
21647778
21656274
21660765
21665387
21666514
21668291
21673934
21674332
21674535
21675118
21675364
21680470
21683224
21685001
21689573
21696121
21700801
21702049
21702957
21712431
21719643
21721395
21725301
21726544
21727217
21727333
21734234
21734552
21735196
21737868
21739189
21740682
21742866
21749407
21755539
21755736
21764910
21765200
21766757
21768931
21768984
21773883
21782085
21782789
21784191
21791363
21797562
21798167
21806191
21809707
21811819
21812909
21820998
21822823
21822883
21824279
21827277
21827779
21827950
21829098
21834219
21838138
21838275
21840230
21842848
21850313
21851136
21855006
21855487
21866288
21875855
21876017
21880765
21881640
21884421
21884551
21886903
21888582
21891332
21892356
21905913
21909665
21911351
21911807
21917470
21923204
21923329
21923576
21924005
21927822
21927925
21928049
21928132
21928383
21930077
21930273
21931250
21932668
21933127
21942549
21954259
21954278
21955159
21969657
21970329
21970438
21972356
21975279
21977686
21977806
21986020
21988230
21999293
22002082
22015945
22016885
22018605
22018732
22023872
22024254
22028525
22037634
22039650
22041895
22042290
22046783
22054268
22055973
22056806
22058481
22058625
22058810
22060572
22062114
22070909
22071394
22074486
22080057
22080359
22080495
22087639
22091126
22099248
22100613
22105589
22108433
22119987
22123857
22127214
22137418
22137631
22137988
22142260
22143850
22145488
22145574
22147369
22147484
22148304
22151228
22152598
22152924
22161645
22165311
22170166
22174899
22176300
22179027
22179141
22185901
22193509
22194373
22205186
22206006
22212753
22214203
22216258
22220649
22226029
22230815
22231046
22232993
22236735
22242860
22245621
22252751
22252821
22253846
22260055
22270848
22272827
22274722
22274895
22277667
22286478
22286704
22286842
22291516
22293526
22294915
22295849
22296739
22298926
22299920
22300627
22308763
22312854
22316065
22319321
22320872
22326676
22328368
22334884
22335896
22338560
22344988
22346245
22355852
22361170
22364113
22367813
22370060
22370764
22372521
22377345
22378485
22381345
22384751
22387501
22391085
22392904
22407935
22410021
22410245
22421786
22422734
22423552
22426479
22426782
22427711
22431672
22432883
22433202
22433261
22434613
22447359
22448130
22449738
22451484
22458161
22461697
22461803
22465503
22472743
22475484
22476769
22477882
22477989
22483641
22484818
22485361
22485593
22486438
22489409
22495594
22498662
22498832
22501776
22504225
22505452
22508650
22508857
22512804
22514063
22514877
22517471
22517554
22518944
22520189
22520742
22521296
22540961
22541545
22544364
22544687
22545373
22547172
22549492
22553638
22554249
22557182
22557645
22558022
22559404
22559427
22561809
22561962
22564950
22574049
22576246
22576696
22578178
22579456
22581652
22582302
22586521
22587355
22591238
22596300
22600013
22602038
22602948
22610290
22612725
22616853
22620365
22623381
22629798
22630980
22638275
22638896
22645485
22646297
22651620
22664364
22666611
22667277
22672399
22673993
22674289
22676101
22676455
22676788
22680400
22683197
22683834
22686235
22686685
22687004
22689643
22690214
22691828
22693793
22695932
22696845
22700459
22703328
22704116
22705274
22705407
22706665
22712104
22712705
22719806
22720072
22720746
22727205
22727904
22728013
22729959
22730377
22733146
22736752
22739861
22743184
22745775
22746746
22746812
22747530
22751828
22755148
22758077
22758466
22760430
22761543
22765857
22774894
22780606
22782737
22784893
22787537
22788900
22790857
22790974
22793451
22813938
22814584
22817509
22818653
22821974
22822410
22825165
22826744
22828346
22834725
22836569
22838420
22840008
22843996
22849147
22849863
22851962
22859503
22861366
22861803
22867788
22868473
22871414
22876491
22881744
22882679
22886554
22890595
22890780
22890795
22892727
22899205
22901193
22902043
22904000
22906162
22906409
22910619
22912966
22917415
22921943
22922288
22923981
22924437
22925655
22927759
22931202
22939149
22940634
22942647
22948908
22951355
22952584
22955196
22955748
22956728
22960540
22966590
22969777
22974293
22975663
22976799
22983414
22988286
22999533
23001100
23001682
23003422
23005814
23010690
23010725
23014325
23016398
23016472
23020496
23024254
23030511
23032146
23034641
23037878
23048499
23049399
23058190
23058485
23060137
23061050
23068042
23075039
23075356
23085987
23087139
23091795
23092822
23098552
23102197
23104208
23109037
23111840
23113621
23113680
23123410
23127619
23130174
23132299
23132674
23133409
23135331
23135935
23136520
23137143
23138442
23139743
23140144
23140736
23141819
23148360
23152689
23153020
23165050
23166943
23167407
23181828
23187871
23189054
23199253
23205686
23207511
23210409
23210643
23212376
23222066
23222635
23224009
23226109
23229451
23230113
23230509
23230737
23232467
23234676
23238667
23239819
23245685
23249827
23252017
23255620
23255723
23256305
23257712
23259273
23260191
23262907
23263931
23264581
23265983
23269382
23270547
23274218
23274735
23280519
23287178
23291404
23296263
23301438
23301896
23304846
23305383
23306407
23307734
23315939
23318399
23319322
23319826
23320245
23320433
23320766
23320842
23327373
23328338
23328928
23329609
23333040
23334954
23335381
23336169
23336869
23338168
23342280
23345206
23351767
23352619
23353801
23358112
23359285
23362295
23364058
23370141
23373792
23376318
23376459
23380289
23382450
23386709
23390935
23392326
23401782
23406826
23406973
23407529
23409315
23412847
23423584
23423667
23433583
23433925
23433935
23440231
23446623
23446774
23446780
23447465
23454571
23458028
23463231
23470409
23471134
23473629
23477954
23483922
23485177
23493764
23501138
23504844
23506119
23507987
23508010
23511016
23513954
23514967
23517858
23518652
23519331
23519582
23521064
23523103
23533783
23537190
23540436
23545491
23546047
23551002
23551967
23560052
23563538
23565111
23567349
23568748
23569293
23569417
23575379
23575704
23576627
23580055
23584055
23585129
23585145
23587097
23588840
23589094
23591737
23592136
23592418
23593402
23602186
23603256
23604319
23607778
23612933
23613782
23621344
23622284
23624449
23631842
23633513
23633812
23636230
23637086
23639260
23643408
23653037
23669789
23670396
23674165
23676481
23677607
23680659
23684419
23686409
23692031
23692943
23693446
23693942
23694455
23700447
23704852
23704995
23706117
23709946
23713659
23718642
23725209
23726316
23726424
23730206
23737811
23740060
23741628
23741635
23743483
23746931
23748684
23749157
23749651
23760820
23763433
23766706
23774661
23775830
23777140
23778325
23780491
23785668
23789091
23789511
23790020
23790158
23799945
23800986
23802926
23802939
23803617
23805505
23806228
23806532
23808252
23814235
23815713
23820809
23823986
23831848
23832680
23834823
23837873
23842192
23843569
23843807
23844610
23848104
23848718
23851068
23851569
23861150
23864943
23867622
23869296
23879212
23885278
23890772
23892929
23894620
23896223
23899455
23901088
23902978
23909363
23909434
23909831
23911030
23912107
23912201
23915124
23919383
23922911
23923804
23927894
23928571
23929644
23931515
23932180
23932491
23935866
23936345
23937875
23940080
23940585
23940825
23944500
23949528
23950673
23950803
23953594
23954245
23971082
23975148
23977388
23980901
23988946
23992532
24013191
24016842
24018337
24020270
24021574
24025974
24029603
24031366
24035194
24036292
24039205
24046764
24049265
24050206
24052393
24061711
24073178
24074577
24079001
24081727
24089829
24092368
24092958
24094526
24095030
24099053
24104684
24106526
24115009
24115471
24117872
24118328
24121725
24122310
24122496
24124460
24125734
24141609
24156487
24158950
24161590
24168086
24174231
24174345
24180259
24186790
24188099
24190347
24190357
24200521
24201477
24207310
24208119
24213420
24215418
24217744
24222818
24224153
24224675
24225197
24227533
24228147
24229395
24231050
24231561
24233831
24234626
24239190
24241910
24242396
24242690
24252452
24256238
24257756
24259418
24259735
24260120
24260451
24264546
24264868
24268437
24270765
24273499
24274802
24277130
24279460
24279508
24280605
24281083
24287491
24288286
24289465
24293978
24295503
24298017
24299635
24305071
24308038
24308440
24310205
24319055
24320289
24322637
24324912
24327868
24331579
24336669
24337068
24341498
24343845
24347544
24351930
24357022
24357047
24366258
24367778
24379430
24381937
24384440
24388140
24390951
24396203
24399841
24402944
24403014
24404209
24405650
24407426
24407929
24412635
24416719
24417180
24418510
24421188
24423792
24426939
24436078
24442105
24448058
24450435
24456755
24460922
24462714
24467592
24468592
24468699
24473340
24478662
24481181
24487691
24499210
24503381
24504875
24507389
24510804
24514731
24520632
24525442
24528696
24534216
24536634
24549776
24550936
24554100
24554836
24555252
24560353
24563055
24563365
24564229
24568300
24569426
24569468
24571383
24576966
24577039
24580863
24584130
24585934
24586810
24587400
24608562
24616861
24628840
24636510
24637634
24642638
24644388
24644742
24651985
24652026
24655197
24655779
24656396
24657621
24661485
24662214
24675547
24678779
24680375
24682662
24688881
24695782
24695948
24696618
24697253
24698788
24699185
24700457
24701086
24705733
24706856
24707430
24711098
24714116
24717741
24718041
24721510
24723053
24723453
24723540
24730462
24744067
24746336
24746354
24747495
24754768
24758663
24760880
24761014
24761375
24761753
24762882
24771340
24776912
24783127
24790385
24791147
24794473
24800778
24801605
24801895
24803835
24805405
24805652
24806410
24808976
24814003
24814011
24817078
24817674
24818017
24819909
24821035
24824240
24827786
24829031
24829961
24844777
24849519
24849627
24858567
24859231
24861268
24866568
24869253
24869557
24873434
24874299
24888480
24888899
24889433
24891131
24894427
24906284
24907008
24910045
24913604
24913792
24913960
24920937
24924422
24925077
24928782
24930871
24931544
24937725
24943747
24953578
24954673
24955461
24959950
24963607
24964091
24965484
24974220
24977566
24979785
24979895
24984122
24986157
24989456
24990248
24990571
24996358
24997834
25008528
25012725
25014755
25021782
25022901
25024552
25033854
25038637
25041739
25042304
25043922
25046329
25055998
25056570
25061573
25061939
25067410
25085077
25086854
25087826
25089807
25098779
25102282
25105548
25108367
25112298
25114423
25117752
25118984
25120795
25123952
25131094
25131179
25133034
25133282
25136432
25138846
25139616
25140640
25145424
25147645
25148331
25149979
25150448
25152533
25159915
25161869
25169214
25170243
25172158
25176149
25179274
25182987
25185656
25194041
25195064
25199310
25201804
25205685
25205840
25208558
25209578
25211041
25211422
25211994
25213516
25215139
25226261
25228626
25234744
25242654
25244841
25248924
25252541
25252880
25260783
25264734
25268685
25271054
25271518
25271839
25280281
25281887
25282198
25286786
25288478
25290220
25300178
25306888
25307743
25310678
25310863
25317192
25318482
25318909
25321844
25328855
25334816
25335751
25338158
25340363
25341464
25342984
25346481
25349989
25351109
25351591
25351882
25353265
25356417
25365092
25366583
25368145
25371447
25374983
25381309
25382161
25382292
25386088
25386617
25387014
25387211
25389523
25390477
25394348
25397270
25401871
25402838
25407635
25409239
25409400
25413519
25418010
25420968
25424865
25426368
25436094
25437250
25440206
25440875
25443303
25445836
25459945
25471625
25473485
25487113
25496226
25499213
25501012
25505063
25505720
25506604
25519746
25521230
25522917
25523776
25527398
25530651
25532581
25540125
25543022
25546824
25552051
25558609
25561950
25563681
25564793
25564883
25570013
25572081
25573124
25574230
25577928
25578717
25578967
25583914
25584319
25585956
25589437
25591304
25592491
25594764
25596071
25602501
25615469
25618191
25619062
25619179
25620524
25624754
25628757
25629325
25630665
25638557
25638906
25639443
25639853
25642180
25648932
25649294
25652103
25654635
25655416
25662809
25665624
25666443
25666907
25669909
25670192
25671001
25673723
25674727
25681249
25681315
25683457
25684061
25684761
25685268
25686492
25692566
25699216
25706229
25706633
25707261
25708391
25708413
25710511
25711897
25713584
25715971
25716295
25716928
25717487
25718502
25722999
25723044
25730838
25736285
25736581
25737985
25739898
25741016
25748039
25757984
25765002
25767471
25769570
25769642
25775485
25777434
25779996
25784990
25786611
25789792
25795377
25796321
25804170
25814046
25816144
25819637
25820159
25825080
25825121
25825214
25836851
25841462
25841833
25852852
25862578
25870548
25871036
25877509
25889711
25890150
25896225
25899433
25900300
25901727
25905864
25911258
25930844
25933348
25934913
25936781
25937034
25944877
25958289
25959090
25959328
25961235
25963221
25966220
25967190
25971358
25976067
25988022
25989035
25990974
25992057
26007134
26008122
26008423
26017356
26019193
26022046
26029781
26034444
26036032
26037361
26038394
26050871
26052584
26053366
26054053
26054627
26056408
26059013
26060370
26071091
26075340
26079927
26084532
26084566
26088875
26088986
26089041
26089164
26089630
26089711
26091336
26094050
26098909
26102879
26106191
26106234
26108298
26108793
26112215
26114938
26117157
26118445
26121005
26121606
26122948
26130144
26134064
26134852
26146933
26152069
26163578
26164722
26168712
26176481
26177640
26179549
26180512
26181627
26194581
26197716
26199155
26202564
26202916
26213123
26218970
26219573
26228491
26231906
26240139
26244285
26249600
26249639
26250522
26252949
26255194
26257005
26258230
26258459
26259940
26261022
26263533
26269124
26275829
26283862
26284907
26286910
26287362
26292380
26294656
26298133
26298393
26300697
26303726
26304896
26305335
26306399
26312099
26318036
26326667
26327600
26335274
26335310
26335656
26339691
26341729
26341860
26345617
26347019
26350723
26358779
26362084
26376534
26378909
26380126
26380678
26381102
26384329
26386640
26389156
26393034
26401798
26407804
26409823
26417927
26419619
26419762
26420715
26426889
26427692
26438450
26440001
26440250
26447926
26448011
26453530
26456325
26456477
26459381
26460407
26460508
26464622
26466199
26469040
26470866
26471749
26472954
26477929
26479041
26482352
26487025
26493824
26498709
26499935
26505203
26506756
26509099
26509357
26515046
26517493
26517758
26521241
26521627
26527733
26535703
26538027
26539455
26541474
26543020
26558797
26559559
26561318
26561564
26562162
26568852
26570863
26573260
26581134
26581906
26582932
26584288
26584609
26587541
26593405
26596975
26600102
26610029
26610169
26612108
26623598
26624035
26626125
26627136
26629861
26631152
26634313
26634381
26636530
26637240
26638462
26638880
26639786
26643451
26649422
26653042
26654561
26654993
26655088
26655899
26656711
26656959
26657917
26658236
26658324
26666990
26669152
26672912
26674859
26675354
26682436
26682491
26682885
26685301
26688591
26698748
26700507
26700645
26702957
