1132793
1159652
1168095
1194508
1251395
1262436
1282010
1296086
1341453
1356702
1403930
1416635
1444747
1573989
1606476
1638816
1714974
1734677
1736957
1747306
1753521
1761852
1765166
1785584
1822064
1826158
1866341
1866342
1930266
1935178
1947968
1965950
1996658
2015473
2035680
2089496
2121718
2136678
2143237
2184154
2189581
2191053
2194978
2214847
2218969
2225546
2250765
2288613
2319339
2320176
2336656
2344354
2359845
2372878
2378854
2380273
2393257
2396453
2411429
2421519
2423410
2431779
2433466
2445087
2446550
2554065
2576545
2598119
2609286
2609936
2621847
2630390
2630411
2646442
2647106
2647133
2671441
2672213
2695548
2712317
2731401
2751650
2751660
2774473
2779729
2781520
2784985
2785025
2785034
2792029
2855425
2855428
2855478
2880335
2880362
2880365
2890045
2892991
2935964
2936991
2944711
2960051
2973553
2980480
2997518
2998869
3007687
3016936
3018436
3018444
3036654
3042133
3050061
3078007
3078008
3092764
3092767
3098160
3100575
3107892
3113227
3121714
3126176
3130681
3135703
3147648
3149064
3158135
3159016
3161492
3164595
3164597
3164611
3165241
3171137
3174061
3174085
3174113
3176452
3182503
3189425
3189523
3193721
3215920
3215950
3219966
3219970
3227353
3232952
3233861
3234954
3236078
3273057
3273071
3288791
3303358
3307282
3307454
3310011
3323351
3323397
3327423
3340020
3340022
3342102
3342150
3344852
3356748
3356758
3356759
3364242
3364255
3365277
3366592
3370384
3370401
3375053
3379042
3380843
3382386
3385870
3389653
3393252
3401093
3401103
3401958
3401962
3402494
3402496
3410756
3410810
3410820
3411532
3411986
3428612
3428613
3428617
3428639
3433659
3452651
3456911
3473232
3473242
3476880
3479746
3480076
3486829
3487485
3488432
3488590
3488613
3496024
3499422
3503470
3506954
3518967
3525440
3536356
3546659
3552535
3559602
3565758
3566940
3566943
3572236
3575942
3578613
3587871
3587992
3593155
3593161
3593191
3594715
3606974
3606976
3616114
3616477
3616576
3629005
3635407
3638171
3640695
3644968
3667873
3676378
3695607
3695612
3699025
3719436
3728412
3728643
3728661
3728672
3729431
3730070
3746307
3754724
3764092
3790651
3791197
3795592
3797366
3800074
3812700
3826435
3826442
3826789
3843701
3844795
3850629
3850631
3853403
3855523
3857410
3862057
3901430
3909411
3947581
3947596
3947617
3951709
3953191
3956405
3961291
3961292
3991815
4019326
4027098
4029315
4033829
4038328
4061491
4066996
4066999
4074756
4090609
4114102
4118487
4124014
4132919
4140453
4141535
4142168
4153858
4153865
4166103
4167794
4185453
4188429
4190686
4207191
4214441
4223795
4229409
4239469
4239470
4290173
4316496
4319544
4332517
4369297
4370071
4411293
4433808
4438569
4467636
4468520
4485555
4511869
4517046
4527219
4542849
4544759
4610090
4610120
4623501
4623527
4651758
4661859
4664115
4698932
4703676
4744954
4747631
4757167
4833992
4868456
4868913
4885176
4896445
4896525
4905368
4941225
4941261
4954208
4961043
4970922
5005836
5073160
5088473
5119837
5134548
5140472
5158482
5170612
5170635
5194493
5249381
5264594
5266231
5283404
5353336
5381945
5399855
5437286
5474861
5578847
5618023
5655618
5675130
