1529510
1490405
1482624
1488866
1497611
1492271
1511957
1471156
1488048
1514256
1497234
1517779
1498032
1507511
1519306
1487726
1501024
1513415
1480292
1501232
1508686
1488913
1487143
1486377
1512529
1514841
1513983
1483561
1496424
1484552
1494226
1512113
1518266
1476380
1484311
1484368
1513243
1495599
1513738
1515679
1491972
1509277
1500400
1494818
1513572
1489696
1505658
1510217
1498421
1507867
1521358
1489603
1500630
1500206
1486073
1510903
1493842
1496591
1478879
1511136
1508854
1473367
1488072
1489799
1494457
1503721
1508876
1512263
1513662
1479730
1504925
1507294
1496731
1496014
1505889
1516248
1513468
1501234
1497204
1500382
1514191
1514265
1516824
1503327
1499611
1518753
1501007
1496316
1496481
1503164
1509897
1510771
1498416
1509240
1490861
1509940
1507235
1496813
1488404
1492362
1486325
1501563
1490279
1495273
1505093
1479523
1493783
1499222
1493067
1502953
1496049
1497965
1496358
1518770
1493177
1500971
1472859
1493867
1482533
1501449
1481877
1510404
1489073
1516057
1505781
1505354
1494596
1496165
1511716
1507114
1504625
1480052
1506236
1477654
1489225
1503071
1506017
1480498
1489117
1520714
1498997
1488780
1510220
1509473
1471108
1504456
1502948
1510084
1523293
1500006
1496277
1508164
1482045
1493939
1500326
1513799
1500890
1480563
1493787
1489200
1499005
1498018
1507214
1496647
1508597
1495164
1500305
1481319
1493732
1513643
1497610
1481181
1482933
1489651
1508322
1471269
1498071
1503530
1491233
1507391
1517602
1485332
1506138
1507957
1518701
1503135
1499105
1495831
1506286
1500909
1497412
1501713
1509927
1511214
1523386
1518429
1506559
1508958
1507271
1489775
1501303
1475292
1515838
1509404
1501631
1490954
1495685
1500344
1513910
1500101
1499577
1518138
1469380
1515519
1482733
1478770
1502245
1503886
1519403
1507208
1504543
1506615
1518044
1513801
1484434
1492859
1520824
1489048
1516213
1506928
1494748
1503321
1514585
1513246
1490133
1498881
1480550
1507265
1512607
1494666
1504808
1501125
1486630
1515603
1489175
1497787
1520176
1490700
1488232
1494266
1485062
1505051
1493680
1498847
1499896
1497457
1499829
1512070
1515499
1502276
1498983
1524378
1507239
1499971
1492702
1495724
1518723
1521213
1500598
1509429
1481537
1496700
1522198
1514448
1493511
1488326
1485567
1517658
1499482
1508226
1462232
1495921
1508829
1493234
1488595
1495294
1495360
1480866
1499756
1512111
1471382
1496228
1492842
1499557
1494288
1490539
1501987
1505104
1486860
1479141
1515929
1504308
1509164
1500832
1472644
1491745
1487220
1492462
1481451
1475344
1490780
1503013
1496654
1493436
1501599
1528395
1504531
1500398
1495750
1511054
1503019
1488931
1527014
1512082
1510156
1513673
1496055
1490814
1489237
1489868
1505506
1495131
1514423
1489085
1500746
1498128
1511101
1501827
1493044
1490329
1518413
1501516
1498549
1493335
1499252
1483621
1498287
1496531
1506714
1517793
1516529
1499664
1522199
1506130
1493320
1489020
1511446
1493855
1495653
1482937
1498649
1489567
1511886
1507385
1506793
1497736
1528659
1515647
1495671
1513829
1474283
1490243
1493338
1504099
1488301
1518040
1502583
1498768
1483516
1493006
1499991
1498200
1513131
1508050
1512515
1516139
1493021
1496427
1499998
1493402
1509123
1503631
1503747
1497650
1521217
1497740
1514364
1497881
1489605
1501829
1478205
1489851
1494630
1522609
1499391
1489025
1508106
1516906
1492762
1479954
1504570
1495153
1517407
1483093
1474725
1498671
1481150
1494296
1499762
1476513
1530826
1497206
1512953
1497755
1494986
1498856
1494510
1522738
1511425
1510066
1513775
1496122
1513677
1519022
1512556
1520468
1492248
1498647
1519925
1511452
1507246
1500599
1492569
1496940
1497777
1494782
1491561
1517285
1496529
1491206
1501698
1492662
1485466
1501886
1487908
1496188
1510686
1501374
1500115
1508071
1508700
1501674
1501936
1493599
1498966
1491989
1511305
1509288
1511034
1512735
1501727
1506280
1497807
1505428
1494252
1497327
1496160
1505426
1478413
1473689
1499345
1483270
1522517
1494472
1491032
1509928
1493055
1494359
1496817
1497483
1501610
1506431
1495401
1502404
1501285
1510434
1488162
1484109
1506097
1510096
1484535
1514164
1488040
1495804
1508059
1485214
1508677
1524323
1493844
1502942
1529404
1483726
1510416
1477268
1481854
1497818
1513781
1493509
1501178
1507045
1495494
1491253
1507751
1504489
1513957
1506895
1540759
1473677
1473455
1506105
1473618
1505048
1501780
1504113
1502152
1512031
1476532
1505999
1511283
1503462
1503772
1506167
1522731
1526371
1508825
1493015
1510898
1517190
1510743
1500636
1508795
1494862
1520643
1496319
1510182
1499491
1522484
1490404
1496288
1502464
1495485
1517683
1514139
1499418
1497555
1481256
1504091
1515684
1502934
1507433
1485866
1507083
1471101
1504621
1505521
1510010
1505129
1499323
1500876
1482134
1524981
1510514
1501438
1493322
1502771
1500928
1507088
1510233
1490072
1494328
1505973
1506560
1497659
1497838
1506821
1522474
1503749
1488262
1505601
1511070
1507355
1490716
1483120
1499025
1487310
1496670
1496635
1505379
1498757
1504565
1476672
1525192
1507650
1488920
1515979
1498641
1508294
1498064
1517154
1492282
1487841
1494645
1489079
1478919
1488165
1495577
1490596
1495722
1509227
1495203
1511180
1488498
1490670
1511559
1507158
1491439
1495371
1510137
1485757
1489750
1499119
1519570
1498836
1507744
1490645
1498928
1511618
1496350
1490867
1504816
1492265
1484713
1509412
1522856
1510829
1486454
1500878
1518938
1503424
1499116
1482136
1505836
1485218
1521293
1491122
1518405
1507424
1510047
1501297
1496374
1507280
1499782
1488704
1497046
1513026
1496435
1499331
1518315
1498998
1492489
1513805
1500959
1482336
1500251
1495111
1504690
1499208
1507794
1500076
1503478
1494830
1513410
1495386
1495553
1494722
1504085
1487422
1507253
1500214
1513851
1496345
1502842
1468849
1516333
1507071
1496357
1495323
1482802
1506668
1475274
1504270
1533487
1492290
1501922
1490246
1490284
1498122
1505304
1493486
1509060
1490193
1507999
1480741
1492532
1476922
1486459
1488778
1493942
1517635
1505739
1506053
1503922
1499948
1508260
1494629
1493768
1480694
1487671
1493623
1509007
1488572
1482190
1483041
1501566
1494814
1489797
1512619
1484864
1494040
1494680
1480197
1529486
1489621
1494713
1499602
1477187
1510276
1500841
1504555
1509887
1496888
1459217
1498493
1517081
1511956
1512537
1499269
1516282
1507187
1487678
1495084
1494052
1517049
1508223
1488056
1517160
1492431
1505450
1501764
1510451
1503756
1500574
1528516
1493628
1508766
1508402
1498369
1480836
1498462
1496323
1499142
1507189
1496558
1515307
1494276
1504940
1497215
1504228
1502155
1518601
1514090
1506016
1515791
1488689
1504612
1500567
1510909
1496441
1507634
1475178
1494361
1507310
1505785
1484334
1485968
1493542
1507667
1517535
1498057
1497230
1510988
1510964
1511983
1502309
1502157
1490966
1509687
1482478
1496707
1490937
1494758
1487820
1508951
1511487
1490850
1487291
1507228
1509421
1497696
1507692
1487090
1489126
1474573
1521588
1496626
1508248
1524318
1490221
1514081
1495368
1494488
1486498
1483312
1493289
1510927
1494190
1496663
1515755
1518997
1495182
1483702
1512156
1514500
1484085
1504352
1475114
1516665
1501089
1489393
1501490
1487657
1512208
1487202
1488494
1490286
1500846
1512830
1491507
1499017
1506102
1503892
1477283
1513710
1497073
1492218
1505709
1477647
1504345
1510435
1521852
1495851
1523235
1507786
1481071
1497128
1491796
1500969
1492915
1492615
1507502
1496327
1493742
1516198
1521070
1503812
1494854
1490107
1491842
1503665
1504324
1475320
1490108
1499476
1498446
1509714
1511171
1510370
1517055
1486200
1480447
1494091
1475208
1493422
1496099
1490718
1506308
1517514
1511053
1507665
1514660
1501235
1490962
1512305
1504095
1488408
1500884
1480328
1489524
1514344
1491640
1503157
1508966
1501006
1505101
1502321
1489636
1517381
1491487
1500610
1503995
1518444
1500905
1527623
1501562
1490016
1508694
1520872
1503837
1487996
1508188
1511077
1492742
1497414
1468413
1510465
1489741
1486745
1516787
1515859
1499490
1515151
1494312
1495259
1498526
1487211
1501915
1512584
1488569
1499164
1514543
1520525
1506785
1498877
1530087
1473324
1502923
1475875
1509471
1506076
1509658
1503149
1504911
1512073
1492947
1482691
1498939
1491761
1512911
1526671
1477180
1495668
1512309
1495662
1500154
1521915
1504851
1474643
1493383
1493043
1499470
1511490
1511118
1475663
1503597
1496265
1492616
1504949
1487521
1504045
1516802
1501506
1521434
1486904
1496723
1505175
1506158
1505213
1507767
1498424
1505235
1489764
1505562
1485723
1510063
1484944
1493026
1515583
1506034
1492320
1521900
1490254
1496553
1521997
1499793
1476311
1508657
1495243
1480791
1502502
1497034
1493605
1483813
1494517
1490920
1496920
1494672
1506030
1511790
1487321
1489747
1504722
1500158
1507876
1496408
1505008
1495488
1510953
1504730
1499924
1503782
1496195
1495293
1486930
1479716
1503878
1482067
1502167
1486633
1517624
1520476
1507814
1486576
1487763
1505124
1467249
1501659
1503986
1485685
1511349
1516123
1492121
1506159
1509103
1522383
1498955
1509692
1490847
1503235
1503472
1500819
1500651
1509720
1500739
1505839
1505465
1511536
1498296
1510387
1487747
1491768
1489994
1485021
1479278
1508468
1495279
1501100
1509758
1484531
1481992
1500203
1504024
1494011
1497291
1509011
1501065
1483370
1495774
1492851
1503568
1506193
1519217
1506543
1493288
1495997
1511542
1496546
1486185
1500679
1483430
1505813
1505359
1494873
1500581
1482137
1498887
1485626
1501741
1495444
1491963
1498726
1500782
1523679
1485131
1514108
1471753
1487566
1513372
1506347
1483302
1486786
1507700
1506336
1483425
1485828
1489059
1507431
1506684
1508952
1484692
1493796
1471747
1508023
1481736
1518342
1506255
1495205
1497858
1496320
1503060
1520069
1481678
1494664
1518320
1491138
1492250
1491906
1485504
1509618
1517691
1491962
1493172
1476881
1500322
1492293
1498994
1484329
1502311
1499707
1503170
1495707
1504665
1505590
1518180
1502260
1519393
1515815
1504591
1520193
1501279
1503975
1509593
1500220
1483720
1502441
1512173
1487008
1497699
1489208
1520885
1498688
1491472
1503666
1499021
1511271
1498431
1523433
1514810
1499392
1513780
1511588
1509264
1485814
1514163
1500616
1517093
1494346
1500278
1509040
1507020
1508533
1505002
1492321
1500584
1499381
1512204
1467035
1505319
1491543
1505717
1494324
1493095
1500096
1473953
1501179
1525037
1488638
1495014
1485829
1487300
1508591
1499355
1489925
1515468
1511986
1492353
1500722
1504358
1498713
1505768
1506055
1484721
1501560
1514672
1502082
1481066
1497088
1509105
1507263
1492714
1492323
1511769
1521424
1482963
1484267
1495690
1514980
1497746
1516587
1477493
1511766
1509142
1510823
1496996
1499247
1504905
1507405
1513062
1494157
1511524
1491098
1504494
1497240
1508896
1487970
1494282
1501082
1493127
1511718
1516817
1511861
1498158
1508488
1509486
1492806
1484440
1500012
1481306
1502827
1523869
1507921
1499542
1499036
1514691
1497246
1499794
1498781
1510059
1517654
1477863
1499335
1500975
1517297
1490293
1501828
1520854
1498378
1507808
1506330
1488459
1504725
1493353
1478203
1507776
1505713
1502123
1486977
1508930
1504745
1503594
1513547
1497834
1501773
1506098
1489874
1502818
1511791
1496697
1506886
1506323
1485004
1511007
1476757
1502982
1491420
1503079
1503498
1511299
1508758
1505216
1495000
1481130
1508199
1496657
1517589
1508319
1491134
1495990
1531450
1508862
1499485
1508478
1471489
1509810
1509648
1490075
1504993
1502332
1511257
1508558
1506927
1499861
1485655
1512632
1498700
1508857
1511295
1511280
1513234
1493889
1483829
1501510
1482892
1504290
1485792
1498635
1497867
1509955
1488439
1502062
1500560
1505013
1503009
1499302
1481109
1491946
1485857
1511254
1502637
1496610
1489859
1514282
1490621
1494473
1497906
1503828
1502127
1497529
1500777
1500374
1499359
1490983
1530602
1501448
1500108
1518416
1504090
1511709
1515062
1512440
1493775
1490976
1494745
1489886
1484406
1484553
1494824
1479613
1495723
1505559
1494414
1488657
1502647
1502257
1500259
1487771
1523875
1475609
1516148
1499439
1479997
1510744
1492591
1503081
1500351
1512604
1515317
1508269
1491075
1492223
1502411
1494733
1495023
1489816
1512327
1469465
1507236
1491294
1498055
1505566
1489041
1494571
1493658
1509562
1510871
1514664
1509209
1512428
1504616
1494906
1498298
1501710
1500624
1481670
1517874
1474239
1514693
1494333
1527138
1512803
1492955
1496686
1471198
1518886
1497383
1490386
1530014
1523058
1519153
1497673
1499305
1485148
1511917
1474088
1497022
1497829
1515201
1502491
1500479
1498857
1502379
1500129
1512805
1506873
1492160
1499129
1487354
1513585
1504041
1506836
1486908
1532773
1511847
1495676
1523354
1503775
1502783
1504762
1496317
1489313
1527035
1479555
1505567
1501306
1502815
1508749
1524188
1480455
1499736
1501487
1515931
1517054
1489665
1494000
1521480
1508805
1496294
1510532
1493206
1521246
1492689
1525218
1501839
1484026
1490442
1516541
1490373
1513562
1504885
1485140
1508134
1489060
1510790
1507679
1493854
1501528
1497319
1503102
1499320
1508552
1519262
1481944
1488433
1506468
1493180
1510425
1483944
1493733
1514251
1516151
1498944
1481102
1487469
1518355
1508447
1508066
1502207
1513580
1535387
1470569
1516360
1505635
1482482
1495875
1518923
1502969
1498657
1505479
1504253
1493128
1515111
1523731
1524041
1490415
1511732
1511511
1526176
1485643
1479672
1505075
1499133
1500171
1504391
1494931
1493429
1491426
1505022
1496963
1489058
1521176
1492731
1487612
1514837
1512684
1501728
1518388
1525186
1495172
1508922
1514310
1502199
1481226
1504567
1492295
1485898
1512582
1509513
1482653
1497726
1495566
1522091
1476863
1505249
1481019
1508761
1527847
1503082
1514978
1513355
1468232
1494875
1480300
1502789
1517661
1494221
1487643
1505006
1491095
1492023
1506693
1506802
1503815
1509234
1492837
1501524
1509352
1496878
1511803
1494029
1504118
1510167
1485675
1517013
1501445
1506755
1513233
1499074
1497287
1490383
1495704
1496248
1504691
1495687
1516674
1493704
1499898
1503596
1488806
1493047
1525731
1508343
1498381
1489915
1501818
1520861
1491596
1499758
1489950
1509588
1496283
1509407
1491889
1511676
1493903
1517889
1495397
1519710
1514789
1501079
1502893
1508614
1496916
1491270
1504712
1525391
1485060
1480011
1492889
1476120
1483694
1509803
1513413
1504682
1524618
1517391
1498895
1497138
1510682
1503331
1509076
1506476
1527831
1502682
1509174
1510849
1500185
1486190
1506958
1505918
1508428
1491006
1498187
1508621
1493522
1487775
1472407
1512419
1495193
1502262
1496341
1500957
1498367
1508159
1532092
1498789
1494002
1474164
1509566
1503247
1504813
1497935
1474875
1504401
1478455
1486667
1501651
1501117
1509975
1491079
1502307
1496393
1510459
1503214
1501830
1518787
1507936
1503022
1493977
1516124
1520563
1490812
1506312
1494108
1506203
1493705
1491758
1505606
1502655
1507240
1499721
1481897
1507806
1509766
1475918
1496227
1488145
1503800
1487940
1512186
1490301
1489335
1495943
1496040
1508221
1476763
1493967
1510467
1496028
1525200
1495299
1511132
1499064
1490070
1499185
1486798
1495040
1513252
1523999
1501383
1491978
1486241
1498280
1504051
1510529
1500500
1491970
1488669
1492604
1484175
1486094
1506211
1499094
1492157
1489147
1491369
1497630
1503348
1480064
1469567
1492765
1513401
1495133
1500831
1526452
1521335
1487110
1514433
1502450
1503412
1520405
1493517
1494477
1492345
1516477
1508274
1506636
1502306
1515129
1491618
1506705
1489914
1522226
1501696
1505107
1536416
1494298
1490276
1498848
1513773
1478252
1494431
1508430
1501732
1509012
1488108
1498612
1494080
1479416
1522580
1488238
1521353
1521449
1471074
1514743
1508279
1506946
1516474
1516216
1506893
1490868
1514882
1504080
1512784
1496402
1496938
1491311
1496225
1514685
1498405
1509072
1480868
1490862
1502481
1503674
1500587
1491226
1494909
1518190
1492781
1498866
1513813
1494209
1496078
1499040
1498934
1517210
1510717
1495149
1499652
1507340
1477338
1508005
1476796
1486447
1482095
1499045
1518116
1506246
1493894
1498226
1499935
1503612
1507243
1502446
1489389
1490159
1499985
1497677
1479028
1497362
1517994
1501120
1510394
1492093
1507315
1496678
1509702
1499497
1511072
1501155
1490478
1493071
1506949
1510469
1500853
1492329
1502946
1500619
1509326
1489174
1476019
1487825
1497880
1474744
1514254
1495565
1509849
1498683
1493616
1467524
1514581
1482602
1505419
1502378
1515905
1509375
1484650
1521913
1496545
1498752
1487573
1504459
1515860
1497974
1500113
1495663
1501706
1495544
1498090
1486284
1533624
1496742
1509817
1519296
1483537
1489780
1507994
1501346
1509467
1495320
1473496
1523817
1495459
1496641
1504464
1503615
1495621
1511724
1512339
1508120
1495044
1502808
1512865
1508118
1501156
1506146
1510662
1521200
1504611
1492854
1495303
1500605
1515387
1487208
1486606
1512907
1513159
1479346
1502799
1508813
1483524
1520207
1511835
1505073
1508436
1504366
1506988
1490000
1515012
1488619
1477990
1514356
1481333
1484204
1520324
1528599
1519526
1487579
1509179
1495247
1485815
1504950
1489124
1513034
1504005
1491602
1521807
1491272
1482494
1522836
1499531
1516972
1497917
1520057
1508559
1483785
1511294
1480485
1482490
1508438
1476500
1487783
1493848
1513515
1483433
1472883
1497758
1531123
1504212
1479825
1503673
1501028
1484819
1508678
1515243
1522338
1503052
1496175
1505989
1510289
1515245
1510055
1498243
1475218
1515517
1501260
1508695
1488261
1500748
1500383
1508959
1502402
1494341
1516066
1504165
1498774
1496173
1500992
1488482
1493959
1478411
1489155
1516160
1497286
1497318
1486466
1489230
1500047
1490153
1481634
1507939
1491959
1488677
1510894
1498107
1533575
1501564
1502667
1507136
1488737
1515323
1492107
1489446
1497669
1509718
1511650
1508511
1500324
1496292
1497313
1496179
1501607
1481611
1532254
1497724
1512842
1494985
1494164
1500820
1491508
1498414
1498000
1490593
1491099
1485115
1499549
1479776
1475358
1493491
1503205
1504661
1493139
1492575
1483828
1501666
1511284
1498277
1516946
1492642
1491193
1499599
1499199
1492921
1507947
1494012
1508291
1500989
1486051
1474049
1496307
1486701
1506845
1515418
1494127
1503468
1474708
1501678
1503652
1483539
1496403
1517191
1516936
1507575
1504150
1497503
1507594
1487447
1495452
1498930
1501768
1502546
1488797
1485698
1517955
1470494
1504881
1484611
1512575
1491385
1492998
1487735
1487365
1503515
1491661
1495168
1505490
1489127
1499038
1508479
1495285
1478053
1502750
1502144
1505312
1496689
1516453
1494394
1493473
1487407
1474170
1496549
1503909
1505893
1495010
1514704
1492405
1503503
1509584
1493014
1501192
1509160
1508024
1510462
1506088
1518458
1497604
1480731
1500352
1507526
1494107
1517863
1493213
1502105
1498435
1490658
1481278
1484198
1478119
1486036
1506251
1504142
1503873
1494244
1495421
1507101
1515677
1507381
1513688
1523763
1506335
1504789
1510436
1505704
1491202
1481960
1501885
1493682
1496139
1514291
1507554
1504822
1487748
1481713
1507682
1494285
1486737
1510145
1499407
1510813
1504309
1482559
1505174
1505289
1473984
1499298
1497856
1500893
1500235
1484633
1503202
1505146
1504174
1484485
1505030
1511322
1487558
1510100
1525412
1503020
1512411
1482743
1503712
1469406
1498124
1507868
1518136
1482272
1502373
1489186
1507143
1503730
1521033
1491862
1518726
1491450
1501364
1511369
1501931
1496541
1494174
1518307
1489445
1496486
1486013
1491619
1512581
1486100
1502621
1513425
1516668
1484645
1479985
1502889
1514887
1517498
1508680
1513162
1504410
1492041
1491660
1493193
1509953
1479875
1505711
1509491
1477447
1467829
1522171
1496146
1501762
1498415
1489919
1514512
1500867
1509100
1514890
1474166
1478354
1510982
1512772
1514874
1495147
1507309
1489121
1492091
1511058
1487189
1512540
1504818
1491105
1506975
1498653
1477987
1505334
1489827
1496798
1487862
1512954
1508064
1489640
1484200
1478845
1503505
1489381
1500851
1484735
1502780
1504053
1486400
1513757
1502271
1515593
1500046
1497003
1510870
1500379
1500103
1503054
1521578
1496400
1496628
1507761
1501141
1504291
1502313
1493553
1503748
1498578
1478325
1511968
1517092
1513638
1496257
1507058
1479226
1473436
1501809
1519434
1498613
1513063
1500232
1517397
1489353
1499044
1499750
1506987
1514919
1516599
1483708
1497600
1490443
1509733
1474482
1486736
1505493
1506056
1510552
1480946
1495156
1480825
1508486
1514991
1494979
1462283
1497617
1498349
1498620
1485082
1502400
1510668
1508216
1482472
1486199
1483636
1499234
1511526
1509594
1491029
1525163
1498355
1493331
1512647
1482737
1496516
1487680
1504341
1498209
1504114
1498103
1491414
1491658
1511771
1492605
1511529
1501926
1494730
1499246
1472569
1491262
1525793
1491267
1490197
1513262
1474055
1517950
1492619
1502499
1498486
1497523
1491980
1501840
1517796
1506135
1486311
1517766
1489188
1513728
1486167
1485185
1518008
1480246
1488550
1505203
1487901
1507937
1497154
1491313
1497245
1503104
1501556
1485930
1506301
1503579
1499741
1497733
1503908
1497405
1497209
1500026
1502974
1482949
1502421
1495776
1489746
1484186
1494684
1487616
1517165
1512681
1506746
1513080
1498614
1492664
1507587
1514048
1509905
1505188
1484912
1520108
1511275
1518391
1504727
1505897
1511774
1470002
1500856
1514209
1508996
1483766
1499859
1514079
1500843
1503694
1501517
1497725
1503910
1519315
1492938
1511065
1516662
1495647
1488075
1501073
1485528
1486949
1496818
1512786
1489388
1517416
1497025
1495868
1494103
1499919
1502927
1516348
1500192
1505292
1489826
1483634
1496584
1504653
1487399
1514662
1504247
1502724
1527660
1488314
1503759
1525390
1508361
1506919
1482979
1503264
1484388
1505542
1488412
1509639
1495389
1479373
1491463
1488930
1504802
1496651
1503040
1541239
1486500
1504107
1518532
1499887
1500207
1511198
1492413
1518898
1506240
1497719
1483409
1493151
1497884
1498157
1510015
1491790
1492273
1477540
1509859
1505660
1489735
1495810
1523733
1499366
1498177
1519746
1507117
1480556
1501681
1502880
1516315
1503903
1486929
1493508
1500952
1504590
1519416
1517004
1492928
1508884
1487535
1494110
1492622
1505934
1507004
1501877
1502995
1484290
1494654
1488929
1502722
1503855
1519568
1475244
1500572
1481645
1495132
1491121
1481699
1495069
1501669
1497628
1488241
1490692
1512788
1523022
1499428
1502415
1484010
1503097
1493463
1534600
1510565
1495475
1486951
1501171
1496039
1497801
1492140
1506749
1487953
1500443
1486663
1479804
1495213
1502835
1506868
1487445
1487320
1513842
1495507
1499072
1492450
1474425
1484424
1507473
1488721
1489580
1514044
1495756
1491230
1469522
1500482
1490629
1508685
1496502
1488688
1488979
1499973
1490510
1508326
1502138
1500744
1490806
1533872
1494766
1521574
1476468
1498001
1495964
1509775
1500448
1512150
1484474
1528891
1489246
1482532
1520309
1477076
1488479
1479195
1490274
1476678
1500981
1512858
1502345
1512810
1495384
1492255
1512258
1508100
1501139
1508536
1506023
1512251
1512915
1497955
1494353
1479975
1512766
1509021
1503964
1491666
1491792
1488202
1513361
1497100
1495249
1504847
1501041
1510429
1508293
1504224
1503743
1491365
1483196
1512394
1504550
1498300
1518721
1504766
1492891
1495635
1504946
1487795
1521770
1510852
1490661
1484211
1498505
1495847
1484975
1493533
1518691
1518785
1492524
1504645
1507134
1491076
1481477
1486569
1498957
1497660
1491431
1491556
1523940
1489890
1511442
1515449
1484778
1517608
1502168
1505268
1494807
1513896
1503096
1499317
1501956
1486463
1499431
1489562
1479202
1481129
1492603
1487712
1523031
1512010
1510221
1486553
1519543
1499817
1512653
1501259
1486381
1502735
1525042
1493987
1508910
1521163
1494399
1493024
1490006
1489311
1509691
1494801
1495602
1486371
1518652
1494751
1486140
1498921
1476432
1487650
1499440
1511233
1494853
1506317
1505575
1497495
1491003
1486125
1515163
1507709
1490997
1514920
1501813
1507821
1505004
1507982
1508076
1502498
1514567
1495587
1499158
1496439
1500036
1492327
1516444
1487468
1515193
1497288
1510389
1482767
1510522
1508642
1494910
1511898
1485343
1500659
1517647
1486019
1497842
1495143
1502438
1502769
1515990
1520745
1486274
1500199
1488110
1473047
1513421
1493129
1517278
1502543
1496477
1498328
1483840
1494769
1506965
1507324
1484423
1525226
1474138
1496779
1515694
1484665
1490433
1487789
1474998
1498973
1513307
1497363
1509550
1502418
1495306
1485287
1507022
1477232
1487503
1504023
1506783
1523284
1514937
1494268
1512938
1492106
1498289
1503394
1496326
1508571
1499146
1493816
1484309
1509586
1465475
1499115
1499271
1496799
1505112
1488809
1505466
1520490
1486228
1491689
1492479
1498293
1493434
1512217
1513881
1501901
1507295
1501479
1505528
1529592
1499300
1503130
1488543
1493286
1503928
1487917
1475857
1494668
1491700
1506423
1523236
1512760
1492156
1511748
1509870
1514532
1494280
1504770
1510120
1483500
1499960
1526431
1483319
1524017
1499990
1512102
1510777
1488717
1508988
1504078
1481565
1503384
1502611
1499908
1494370
1505441
1513119
1472662
1504419
1502315
1504668
1484002
1510582
1490124
1502734
1487752
1509585
1490628
1494721
1501641
1480603
1513795
1490952
1505158
1506515
1487758
1491296
1490941
1507217
1489542
1507632
1501266
1514173
1514485
1484853
1502050
1512988
1512254
1496791
1493102
1514278
1458684
1500446
1498271
1487328
1491180
1488555
1505309
1506209
1490171
1473377
1493823
1506956
1514927
1494172
1506124
1520973
1499895
1514059
1507662
1493098
1492903
1495959
1478592
1477986
1503539
1506502
1475539
1489791
1485917
1491764
1520062
1502031
1503545
1507457
1529910
1483153
1517131
1532313
1494245
1491327
1502787
1490910
1486867
1501237
1496875
1492828
1485673
1486283
1524453
1516208
1497189
1499022
1504144
1498210
1506376
1497470
1493760
1484937
1522660
1495122
1493110
1484940
1506500
1498554
1499617
1522539
1501608
1472460
1479130
1497811
1498946
1506396
1498436
1494754
1485986
1505535
1485847
1514015
1479235
1502895
1493204
1508493
1508849
1490181
1504953
1489967
1507073
1482300
1517957
1514925
1496121
1480118
1490321
1501426
1484908
1516744
1494712
1498594
1505255
1495276
1503707
1507536
1499629
1504413
1491598
1509261
1512741
1480262
1517104
1466560
1487158
1508347
1488069
1492980
1489576
1486647
1505228
1505935
1484583
1520472
1484637
1503917
1521346
1506512
1481768
1485616
1498434
1482198
1487921
1507330
1508332
1510857
1511165
1521170
1500885
1498711
1504926
1509850
1511677
1488300
1478881
1505636
1487510
1514038
1501222
1495958
1492068
1508955
1494034
1481819
1517824
1486457
1485444
1518805
1495872
1491179
1510876
1503356
1515088
1511520
1514497
1482290
1496596
1488177
1484235
1483295
1475004
1475408
1496038
1488618
1504077
1504046
1494028
1506995
1504605
1502213
1497007
1510703
1489695
1520557
1490518
1499957
1511700
1506285
1507140
1495928
1488748
1495548
1508008
1505108
1500939
1485142
1497655
1494367
1496455
1509168
1488507
1505902
1483915
1500459
1504634
1514544
1505993
1525203
1502238
1476417
1500747
1481227
1501508
1505163
1496189
1511094
1502010
1504453
1514479
1498652
1490177
1476301
1498802
1512601
1490570
1484433
1499825
1490143
1514383
1484156
1509414
1510223
1490147
1492593
1483936
1495869
1513346
1484904
1497533
1510445
1516219
1504773
1504098
1512918
1519323
1518278
1498487
1501870
1507987
1516442
1508679
1498730
1476578
1519378
1516272
1497380
1519054
1492433
1486796
1494552
1488318
1503605
1488447
1475614
1487098
1494901
1496436
1502619
1498145
1502809
1498678
1506940
1483705
1492358
1484456
1490185
1483641
1498153
1491743
1475044
1472844
1488073
1518213
1487301
1482212
1512914
1526619
1499467
1497351
1494736
1526245
1483762
1482761
1491280
1486706
1499657
1494235
1512900
1512896
1507186
1497892
1501725
1478947
1509552
1497096
1510764
1499202
1482141
1484936
1527436
1488874
1523126
1498672
1484930
1518422
1476767
1487649
1510788
1481194
1503248
1500934
1510041
1493706
1488606
1509254
1486385
1500524
1520190
1502712
1503133
1484285
1495523
1530469
1498098
1488733
1498456
1509388
1490002
1490785
1488919
1513853
1482725
1509674
1522746
1511750
1518314
1493088
1499469
1490748
1511919
1517940
1488832
1486645
1500159
1498945
1493310
1491922
1489774
1504189
1523959
1505148
1491898
1501941
1505677
1536269
1498180
1526764
1487274
1497993
1494856
1493582
1510824
1507792
1508454
1506207
1514643
1494340
1501177
1507721
1500754
1509822
1506337
1497686
1486733
1502278
1484654
1503051
1504533
1488635
1515757
1510334
1493108
1501598
1511502
1499207
1513107
1507040
1503148
1516557
1501866
1507678
1491767
1496018
1512627
1500354
1503916
1498733
1510486
1514505
1499683
1500290
1516579
1489679
1494534
1498154
1487290
1495195
1477617
1505780
1510058
1495282
1492402
1460817
1493363
1509144
1489884
1482941
1491533
1503998
1500028
1497862
1481263
1505603
1512508
1511048
1485812
1465174
1499462
1479105
1486465
1500923
1508334
1487262
1477430
1501437
1485038
1462971
1494669
1502001
1486787
1503820
1486220
1495096
1506592
1523615
1513213
1505679
1488707
1491355
1507556
1504319
1514111
1529608
1495950
1527481
1502084
1506832
1502256
1490023
1501735
1493534
1516307
1481315
1496032
1506357
1519875
1489737
1515959
1501291
1491203
1501433
1490622
1502573
1504083
1486801
1496673
1477597
1498156
1497487
1518366
1494588
1486662
1490936
1501278
1506040
1489207
1501210
1504942
1506188
1525063
1507658
1505991
1506718
1509230
1501624
1528790
1498383
1516093
1498563
1515075
1492199
1475446
1506176
1495711
1510651
1504676
1500040
1489758
1498798
1491879
1505168
1495726
1515068
1497786
1486267
1509759
1510244
1507531
1505915
1488942
1503983
1502327
1499120
1499525
1496876
1519773
1502012
1473743
1493456
1506725
1488152
1504935
1503086
1503319
1508817
1516273
1496909
1497394
1511667
1495735
1491731
1498117
1518047
1491219
1495579
1498494
1491519
1492314
1512521
1498590
1495242
1478710
1514513
1490930
1487400
1484682
1502453
1516546
1511066
1519519
1488189
1493494
1520669
1524435
1507094
1515630
1488927
1480830
1494195
1495007
1492876
1505488
1490586
1505142
1485349
1501276
1513891
1491995
1516087
1486012
1478236
1506792
1490644
1481164
1471351
1518393
1485425
1509941
1505661
1502685
1508088
1509118
1507482
1501419
1507021
1492597
1488747
1488290
1494498
1491132
1483782
1517401
1498278
1479063
1507028
1482673
1497776
1510506
1496987
1488971
1508204
1493562
1495271
1512358
1504486
1459373
1497099
1499544
1480592
1498335
1514105
1498458
1509832
1497443
1489987
1512736
1495890
1498724
1503496
1500629
1497766
1490796
1505826
1477661
1512827
1513310
1497662
1503627
1485920
1494575
1506187
1500035
1490058
1465401
1511036
1500281
1493600
1483019
1501694
1492829
1515490
1506269
1499111
1492999
1496407
1499690
1486332
1480925
1490451
1498865
1508547
1496809
1495342
1495754
1495314
1492748
1485667
1498020
1503252
1498859
1505449
1494405
1491874
1492900
1514277
1508560
1503409
1492878
1487865
1503727
1483303
1483451
1509046
1505729
1514770
1497067
1504399
1515591
1483668
1483334
1481725
1471337
1490232
1492192
1496998
1482571
1488770
1521911
1485541
1496180
1493028
1511656
1498485
1482683
1485588
1491724
1497379
1486081
1511122
1486037
1471354
1490300
1499318
1499728
1489660
1490044
1495003
1505744
1479172
1494592
1489090
1494831
1513706
1516866
1523452
1485575
1511946
1494357
1478772
1521886
1491020
1481662
1490761
1486764
1507609
1521221
1485633
1510325
1490890
1492986
1502796
1503088
1469748
1495839
1496594
1498572
1502921
1510477
1508091
1488316
1507128
1493691
1522121
1516175
1483221
1518208
1503566
1516292
1488121
1479968
1504201
1510330
1478279
1504503
1518454
1477238
1506510
1496795
1510835
1494478
1497765
1501539
1500719
1507288
1499564
1520445
1504763
1493256
1494940
1480664
1492744
1469698
1506931
1508357
1514010
1527166
1507146
1525811
1502816
1500393
1506321
1496608
1480175
1493405
1493519
1494520
1521991
1503428
1518927
1519257
1520833
1502293
1497782
1494387
1491449
1495926
1502971
1508401
1494891
1503655
1507571
1499702
1482273
1485943
1477371
1490929
1517729
1498826
1509206
1493692
1510403
1512729
1522076
1513906
1486399
1494846
1499781
1466390
1489739
1509017
1521556
1498048
1492606
1494349
1523259
1497753
1509019
1492105
1490783
1497018
1488471
1518738
1495622
1495574
1507161
1498561
1510860
1483495
1483386
1495912
1505229
1492324
1496639
1530903
1503169
1502587
1500648
1481262
1497705
1524402
1488703
1506060
1496846
1526770
1490223
1513072
1502530
1493140
1499408
1502897
1503325
1479765
1495063
1499600
1512237
1485694
1481111
1499167
1505351
1499848
1502122
1501911
1489238
1509612
1469885
1506303
1495600
1488370
1486659
1504931
1508735
1511712
1497729
1508093
1503463
1514134
1485406
1507458
1495499
1487126
1482027
1496260
1529552
1490908
1499249
1495715
1513497
1509090
1522779
1521656
1506263
1490934
1499468
1527070
1493886
1482150
1512391
1513588
1500995
1509068
1522272
1506009
1490351
1505968
1506015
1473573
1504040
1493292
1503979
1495645
1485028
1514097
1498051
1500132
1493902
1511336
1505534
1522932
1486518
1499945
1495588
1500376
1498560
1494633
1503778
1498742
1483455
1504750
1483977
1484757
1516325
1528035
1512012
1500497
1484036
1497578
1516304
1486910
1524930
1490632
1517306
1509393
1509874
1494365
1519591
1500774
1501980
1504455
1484657
1511263
1511877
1508852
1511616
1514325
1505324
1510158
1513901
1520391
1521706
1511150
1480821
1480896
1502606
1497626
1500058
1516171
1488792
1504839
1485079
1509317
1498141
1519110
1503705
1508888
1507803
1503005
1500948
1500186
1487135
1475550
1493029
1524956
1496136
1504751
1505649
1480209
1498354
1496524
1497465
1494507
1520262
1503039
1502211
1486345
1488317
1508938
1491923
1493852
1478406
1493540
1496621
1509668
1484025
1496503
1490533
1511224
1501858
1516961
1481771
1488239
1493566
1506579
1495090
1515848
1484187
1493665
1498715
1507764
1505637
1494506
1485058
1492724
1505564
1480671
1492060
1496581
1522903
1505924
1500571
1511108
1492985
1527724
1502030
1487764
1501281
1514400
1499565
1510778
1480031
1512870
1497218
1518557
1472192
1502692
1493770
1499056
1483890
1503332
1492490
1503044
1480210
1487404
1513009
1504283
1500478
1493399
1507983
1495873
1488951
1494893
1489481
1495088
1498559
1524540
1489867
1501887
1499159
1486602
1486195
1509531
1491605
1499609
1502336
1496444
1510253
1504778
1494828
1485831
1491920
1497264
1483447
1493973
1490455
1521689
1496233
1490259
1509367
1476732
1481920
1496007
1500341
1478595
1486834
1480140
1504119
1495322
1497548
1500190
1488136
1505068
1505245
1496767
1511152
1493453
1491653
1502522
1488028
1515356
1487563
1494216
1502048
1490526
1506047
1477280
1508271
1497124
1516564
1503521
1507880
1489300
1500323
1500726
1523457
1508451
1490444
1519001
1518778
1516100
1494568
1497754
1504920
1493478
1514107
1505078
1501358
1491736
1536900
1502586
1518427
1520654
1495142
1498101
1511744
1487137
1492715
1516687
1504800
1511509
1512947
1506448
1490697
1523188
1493497
1470452
1493836
1475903
1482566
1508820
1504491
1498694
1511356
1491573
1506455
1489304
1496092
1501136
1495376
1504038
1503867
1488893
1499411
1505769
1506754
1490388
1497413
1503015
1483190
1515396
1498974
1516689
1497421
1499099
1507911
1493432
1491578
1501020
1509297
1495540
1512998
1506126
1490739
1510773
1510691
1505206
1500064
1486503
1515362
1484444
1506530
1480872
1520323
1495720
1517873
1488264
1495075
1515599
1487504
1503864
1509340
1537703
1491343
1498692
1485628
1483458
1511634
1486474
1508625
1501582
1499923
1492155
1497464
1508329
1490653
1495973
1482797
1495573
1514853
1509043
1481658
1521509
1486928
1516567
1503811
1495252
1492148
1496640
1487171
1505393
1479421
1475165
1505202
1493479
1500557
1482736
1490703
1500759
1491818
1504200
1479229
1523542
1498739
1490121
1502906
1513636
1506881
1510706
1516580
1484996
1489844
1509935
1514264
1511170
1506634
1508231
1525783
1476996
1488629
1486237
1532017
1514390
1502795
1499656
1499268
1492933
1513091
1506944
1481209
1517962
1507377
1499953
1461385
1480634
1509868
1524936
1514826
1497058
1500530
1491182
1510843
1498964
1500773
1501400
1485556
1502534
1523350
1484733
1487459
1498413
1502672
1485650
1489974
1484852
1475563
1506411
1506945
1518999
1515067
1499399
1509506
1493849
1481414
1504317
1505937
1498710
1490262
1505549
1527423
1493197
1504255
1511637
1508492
1512052
1511248
1479828
1497257
1515247
1492434
1512731
1513694
1490918
1493443
1514437
1502793
1509428
1492975
1494879
1515465
1496386
1490787
1504856
1513037
1487134
1515524
1517984
1496296
1485132
1504369
1497739
1493856
1515209
1501565
1498989
1507914
1522473
1493934
1506492
1502755
1494570
1511081
1517924
1510702
1513369
1514792
1491631
1520379
1515713
1480832
1488001
1507712
1498749
1485805
1500534
1518247
1483150
1471899
1505241
1506382
1503094
1487096
1500412
1531355
1522051
1496950
1473434
1484081
1487436
1476854
1505919
1515500
1509133
1509651
1482467
1501777
1511576
1497231
1523879
1487125
1494281
1490332
1505427
1488149
1516334
1502741
1489864
1513821
1492454
1492518
1508342
1489975
1500126
1482640
1481866
1508610
1531547
1492716
1508974
1507898
1506604
1513838
1491390
1502165
1500237
1500700
1503124
1499160
1502914
1495576
1488640
1484906
1493694
1507103
1499387
1522690
1513695
1530907
1509153
1502014
1485923
1504123
1503108
1517705
1496765
1503107
1493846
1499218
1501293
1489749
1515448
1505294
1508989
1491124
1496517
1498879
1515446
1510705
1508475
1493668
1504437
1504284
1491064
1483037
1489077
1492827
1495925
1512935
1510082
1503370
1502723
1500406
1508936
1486337
1519422
1503127
1511808
1493344
1487980
1507681
1500555
1499778
1506406
1499242
1514094
1520421
1485388
1515623
1503685
1498954
1511128
1496794
1513436
1501032
1513466
1497687
1508580
1481074
1527598
1479992
1521413
1499809
1487537
1494673
1503880
1517115
1494867
1496734
1503322
1493777
1490535
1494424
1516721
1512107
1506719
1496711
1508833
1507302
1488435
1509903
1489006
1477077
1505401
1521655
1504062
1517561
1482246
1519158
1504458
1497065
1509221
1490633
1499124
1501045
1500949
1510947
1493671
1515653
1512878
1507201
1484448
1489203
1485514
1504520
1484523
1509487
1499748
1488723
1505150
1498011
1495481
1498080
1503532
1498318
1506519
1498834
1482452
1495468
1499860
1492691
1517258
1486766
1516873
1509214
1494919
1484784
1475911
1493002
1521799
1492761
1492570
1499348
1485889
1504632
1499079
1514836
1501049
1495178
1490831
1496716
1491865
1477456
1495359
1493146
1491534
1496974
1520791
1491834
1519355
1485962
1495234
1486488
1512765
1499192
1478116
1503581
1500638
1489574
1489968
1493166
1503151
1495585
1500120
1516619
1493556
1526256
1484170
1504799
1503997
1493269
1508775
1498784
1497639
1489470
1503311
1505358
1513019
1523740
1493559
1488666
1517453
1492080
1519951
1494316
1480415
1506120
1489527
1521618
1510142
1506080
1500017
1498372
1494203
1499369
1495119
1486320
1491927
1522441
1469295
1530254
1485868
1484087
1511475
1479900
1525575
1528972
1512127
1493121
1504474
1516424
1506905
1500509
1492377
1493395
1496457
1500932
1508752
1495296
1478635
1509740
1501415
1504542
1507602
1508777
1497509
1513624
1530056
1500065
1492880
1497332
1506982
1493148
1525605
1498963
1473281
1509386
1513414
1500859
1516046
1481303
1494069
1494105
1498592
1499927
1494196
1488288
1479188
1521654
1514990
1510873
1494589
1500420
1505476
1510105
1477983
1490676
1482807
1520140
1483901
1482535
1505819
1509405
1494416
1480144
1471605
1507106
1496699
1496027
1501611
1476426
1522516
1503145
1501197
1481664
1486708
1502979
1490218
1514091
1498309
1512384
1494989
1483686
1504912
1509194
1519247
1461591
1488159
1512552
1503565
1530335
1481622
1506402
1492113
1487902
1516545
1489257
1476985
1490271
1505595
1509091
1488972
1479770
1499916
1505091
1502938
1514905
1502832
1483562
1503580
1506807
1502360
1490924
1492436
1514119
1502632
1485097
1492502
1491060
1491214
1484374
1507705
1510698
1511166
1498388
1525502
1516461
1516996
1471283
1516814
1499332
1500004
1493081
1511780
1499400
1491086
1486593
1472174
1486915
1492272
1507248
1511839
1513883
1474099
1491860
1519731
1506871
1493198
1473529
1505481
1507912
1484903
1500720
1508557
1495615
1506253
1515751
1507247
1507735
1495451
1494344
1496978
1501436
1504178
1506243
1503511
1504222
1497442
1495965
1484551
1515257
1494925
1516947
1513200
1511000
1502605
1488968
1503589
1505517
1518063
1504598
1501229
1498015
1464084
1495809
1498389
1489472
1521166
1482995
1491654
1502658
1494964
1507350
1500553
1510129
1498185
1486883
1490940
1505374
1509187
1493802
1490917
1508656
1504692
1502563
1488405
1497562
1505913
1490150
1512109
1506723
1498845
1485177
1483212
1512945
1488118
1489326
1491257
1484122
1482311
1518877
1501187
1490504
1508398
1486596
1473167
1493430
1504288
1530963
1511932
1497026
1506358
1518492
1512794
1512811
1499465
1503926
1493576
1488443
1496267
1488808
1501702
1512992
1468075
1496429
1511567
1497277
1492452
1488914
1491993
1489518
1485493
1497761
1505514
1525300
1484116
1492954
1479020
1510904
1495743
1526408
1516343
1510116
1498880
1490532
1518285
1493093
1505612
1503469
1495681
1495367
1499236
1481882
1493417
1480877
1503522
1493800
1497658
1485660
1498883
1507963
1507653
1485620
1494949
1498878
1494965
1495009
1483729
1504338
1505009
1464333
1514336
1510204
1493404
1494785
1512701
1480019
1510333
1485929
1489039
1518172
1509169
1521580
1506095
1495458
1527265
1500231
1516505
1510714
1485849
1517505
1499286
1509632
1510557
1497580
1509821
1512722
1501953
1487194
1513489
1525035
1497521
1498779
1478302
1491393
1515608
1485746
1495196
1465692
1492649
1482479
1497221
1492096
1502910
1519530
1514204
1495595
1498577
1489288
1484340
1487924
1474910
1499027
1487987
1522382
1488825
1500600
1513888
1485279
1503234
1492727
1473007
1508985
1505782
1499751
1477313
1497017
1495059
1507907
1487197
1498581
1497460
1501787
1479606
1495241
1499118
1476007
1487192
1504362
1507282
1487021
1498564
1534149
1497497
1486994
1489177
1505710
1490445
1512152
1509915
1485720
1483987
1502352
1492355
1505015
1502986
1484479
1467790
1495679
1480562
1522050
1491992
1474858
1510926
1522574
1501090
1512589
1503289
1506283
1515074
1495327
1497258
1496474
1517431
1503340
1523994
1490832
1511399
1491116
1494620
1499925
1495935
1498189
1479933
1488493
1517269
1492285
1487944
1508096
1492821
1479974
1512401
1511083
1508321
1509358
1491475
1481578
1512583
1505684
1503799
1486842
1493829
1491770
1485881
1496530
1500956
1491144
1514333
1497243
1487311
1509102
1502328
1527349
1492895
1502244
1485779
1514757
1491932
1501399
1518549
1503049
1472147
1494995
1491153
1495517
1485977
1503874
1488367
1513817
1494087
1492381
1502989
1511686
1493445
1500614
1509875
1494335
1503947
1502607
1518459
1497027
1484326
1479036
1506850
1499745
1485008
1525773
1512815
1509894
1507645
1483107
1488477
1503464
1478695
1506932
1503816
1519399
1518037
1514722
1499747
1520373
1496985
1519837
1495453
1498539
1513280
1492723
1485364
1483272
1494495
1509335
1483040
1492704
1512876
1504013
1477927
1482990
1490707
1496836
1495442
1514930
1503972
1494045
1501792
1513774
1492221
1512287
1495917
1483501
1487773
1505504
1491185
1487904
1510089
1479247
1504861
1488811
1483715
1490343
1509188
1494168
1480249
1527446
1491150
1510528
1509842
1504652
1500055
1497214
1482266
1493906
1519246
1486266
1525678
1512472
1482262
1493019
1513527
1503087
1518396
1489559
1500433
1500225
1490970
1501381
1501076
1491816
1506044
1490411
1493091
1504962
1532179
1524769
1493841
1514674
1490413
1514763
1505656
1501971
1511222
1512895
1508388
1495298
1501329
1502422
1506513
1499032
1499746
1517300
1487974
1497885
1474655
1507799
1498155
1506192
1495799
1489204
1517026
1504030
1502121
1502768
1522604
1499713
1493565
1504136
1496945
1500702
1501173
1499589
1499480
1507453
1505156
1508823
1489820
1500612
1500609
1479908
1493670
1490324
1506751
1505023
1505215
1510697
1492453
1535197
1492652
1501489
1487981
1489697
1508772
1495087
1500801
1492049
1492630
1477112
1516065
1508346
1476317
1498589
1523316
1495208
1464300
1508848
1490689
1505431
1494610
1523185
1494284
1500822
1497579
1508524
1492398
1499358
1510384
1501240
1509273
1508732
1511905
1502054
1492162
1503254
1515450
1505246
1500825
1499266
1508507
1493103
1512624
1480067
1487857
1483735
1510310
1480707
1485766
1500760
1514594
1500261
1504960
1510939
1491434
1478979
1472573
1499591
1506383
1513789
1494404
1492407
1501096
1505183
1518567
1494368
1497396
1504943
1489971
1497747
1506533
1495310
1473233
1525776
1498693
1501113
1508025
1498459
1529397
1505543
1504258
1489507
1522446
1507661
1495786
1535634
1495300
1480000
1520689
1491964
1508840
1495525
1504218
1504059
1500304
1511258
1487351
1478146
1496377
1509614
1491427
1505872
1515866
1494878
1507485
1519243
1517491
1509391
1505181
1518578
1502284
1500869
1504196
1491804
1505818
1489517
1490906
1506765
1468846
1483697
1487333
1494165
1509879
1503058
1482837
1526186
1518832
1516362
1513651
1526302
1488628
1496187
1492546
1489948
1493096
1507173
1497738
1508798
1496318
1503819
1482412
1495812
1494471
1494248
1485274
1501823
1488802
1513032
1503485
1508174
1493845
1495826
1489190
1493560
1492213
1502228
1515290
1507755
1493696
1506618
1495016
1501418
1512278
1516759
1494332
1505305
1505896
1503717
1501056
1512764
1494723
1505910
1480048
1503770
1494030
1481126
1481047
1515217
1490257
1520354
1498833
1498914
1497493
1486564
1482124
1497129
1470683
1499663
1499458
1487024
1493410
1505631
1515042
1500200
1506391
1480198
1496980
1473042
1515266
1500639
1508924
1503407
1490335
1520216
1504409
1491298
1482055
1497951
1483508
1467135
1496208
1499259
1505977
1511417
1489189
1492404
1498067
1478785
1492712
1517129
1501690
1478378
1508028
1523651
1505469
1493369
1490883
1470934
1489416
1503529
1498812
1506002
1500763
1495863
1507699
1508087
1494650
1478797
1505267
1489403
1500761
1494018
1504671
1501952
1504064
1491638
1492676
1511934
1492793
1503080
1496948
1492961
