15058187
13774661
15672722
16301645
15996060
14342134
15597497
14804411
15637683
14937442
14556157
14533804
14575381
14353335
16144934
15735758
14749225
16038785
15866091
14767186
14780149
16401689
15178950
16994169
16128369
16167290
14485111
15210779
15461098
14269029
14321511
15593293
14139890
15305127
14028885
14860482
15574307
14559215
14772711
14276651
14517683
16318486
14709191
16164538
15018189
15684817
16071759
14652212
15083573
17547005
16672586
16171299
15656747
14896617
15052665
15368824
16281736
15180744
15554518
15327594
15011302
18275953
13783539
14440352
15336446
17281506
15436999
14988222
14039540
15672733
17988152
13770615
14421560
14169842
14220792
16144449
14371411
14435283
16252243
15922818
16088474
14852966
16488526
14917016
15911345
16935080
15885048
15127862
14893372
15314769
12917791
15605393
15118385
15807159
15308440
14585924
15874498
14949696
16350994
16324524
14573770
16255058
14473480
14473691
15541560
13898062
15370770
14351069
16193097
15085227
15577725
15684636
15340768
15285538
15023702
13662018
15172928
15423035
15459538
15700343
14841100
15596099
15190973
16751868
16436230
14103861
15037109
17244540
16698689
13727685
17409909
14777558
14460446
14616484
14574610
14630500
15861042
14848704
14148629
15679709
16057162
14833700
15174622
15029971
17779364
15653935
14671846
15523467
15576772
14956440
14990588
15967131
17790391
15810606
14226973
15008001
14206137
16651618
14620755
13826179
15014390
15622206
14603439
15264388
15728998
15991252
16326622
15862518
15223786
14755934
17004007
14619108
14981887
16976949
15247017
14249257
15191211
15044752
13786734
15211350
15358827
13781028
15487258
16811630
15244001
15366927
14575100
15276034
15545514
15709272
16012188
15724149
14274276
15271499
15475017
15044343
17206295
15413246
15821358
15811266
15965303
14231265
17224148
16186870
15433524
13472932
16576601
15857085
13803314
14642670
15024795
15259225
16007898
14918097
15658507
14537338
15360706
15301817
14562665
15206624
16889791
16751309
16505230
16332449
15283688
13952093
14205586
14810046
16121971
13138052
15623270
15372068
14847123
15863547
15017183
14757821
15259558
16310894
14135134
14951684
16128799
15663882
15281351
15841618
15332300
16010213
15142245
16327115
16531386
15569901
15549516
15671315
14500907
15914436
15343202
14355879
14530054
14948792
15718431
17474315
16509644
15729716
15874981
15238244
16888953
16123812
16055108
14925270
15245112
14661084
15793483
15856796
15182514
14399532
15670683
15500698
17291107
14865596
15498598
14036577
14980938
15705775
16536234
14941377
16446053
16961270
15713577
14924631
14459721
15405985
15645234
16187085
15891718
15751136
15662060
14292868
16047166
14775590
15024096
13958998
16600443
14580210
15262222
13924461
14959472
15334931
13798529
15478887
14943124
16574227
17466196
16894833
16592909
15343478
14942546
14610699
16889522
14175979
15329495
15156004
16261023
14083138
14840433
15231903
14815909
15645701
15736024
16628905
16011482
13208931
16947524
15063227
14810571
14863124
16007847
14095966
15940102
15675631
15449052
13418408
14544495
15709945
15262387
13631533
15028451
14583543
15400646
15704880
14893552
16722597
16456634
15735622
14550270
16123833
15154128
15629680
16485085
15180249
15048383
14162638
14851047
15024671
14950844
15376890
15063262
13735138
14687451
14908153
13482902
14690491
13716229
15649673
15178139
14217746
14154070
16096263
15581844
14686891
14912735
12104190
14744309
18722299
13155164
14263087
13374157
14209219
15630156
14294305
15185891
14467782
15015311
15102166
13625812
14647094
14268019
15462333
16737862
14299009
14591642
15181557
17046048
15996866
14550275
15976892
16048872
16020494
14062156
16019280
14195922
15940031
15120529
15590019
15130212
15135745
14591570
14393520
15226478
14335488
15704633
14304974
16545058
14390667
16868367
14915288
16756231
14641127
15351114
16356302
15848641
13736417
17224200
15831396
14693091
15009531
13461155
15817893
14338968
14861184
15021260
15844618
15196117
14563286
15410839
14084793
15864674
15324001
15685872
16112083
16407387
16611979
14608716
14111819
14095423
13538049
13876147
13285365
12490534
16059919
14629035
16280445
16540433
14885588
14487232
13924838
16556352
15312189
15162311
13408566
13090413
14507955
14334976
14344907
14641542
16674984
15843941
15611028
13871805
15022313
15200964
17446806
16588991
16175020
14563339
16019190
15417406
15387330
16717874
14558199
14473579
14712254
14688673
14554888
14650482
14581536
15797531
16327781
13363100
14666574
16502722
14998097
14331209
13677633
14072158
15865693
13647138
14795722
15064918
13882332
14202179
15094412
13733510
14524526
15432369
15474964
15222316
14973419
15742124
15747600
14102506
14780838
15384940
14802873
16165019
14926612
14627077
16445409
14075759
16734702
14351343
15248764
14803460
15913521
14275157
15376964
13221737
14184220
13193733
15022823
13527696
16004687
15828922
15655725
14940893
14822216
14839374
14439983
15278436
14910476
14797043
15209479
14593496
13848939
14794054
14268017
14860276
17655170
15165342
14787370
15606775
15048285
14512554
13383634
15048476
14919885
15994637
15126080
14972163
14698363
15370683
16434918
17111488
15043162
14879926
14120201
15208433
14758960
16669584
14147056
16779852
17704039
15017099
14970927
13340176
15783555
16740869
15688630
15794873
16158358
15344499
15913758
13249039
15495147
15628653
13154080
17516035
14493396
15800796
15642147
15075364
14790478
13115998
14993961
14997296
14620304
16019177
14480398
15239911
16669909
16202253
14532355
15515867
16706082
15398995
15051959
15386432
14314283
13420923
14911322
15503675
16831470
15311321
14611269
13707775
14272747
15179322
15171728
15531085
14753829
14358073
13785500
15479031
15636261
15155913
16744081
15054905
15195419
15210598
15703547
15805307
14916497
15624329
15094030
14691878
14839193
14073584
16945347
15634199
14913118
14895695
15311776
15275179
15165868
15681958
15743748
14804856
15991978
16404356
16604770
16148953
16353576
16212965
15307839
14924895
15332596
15449005
13565380
15276263
15925378
15820275
14314068
15469771
15160811
16022628
17015083
15758784
16719841
15530840
16892731
15775220
15438422
15151163
13746097
13909577
16026937
15425737
15212075
16539062
14414362
13939732
14551907
16057711
14700433
14349065
15590776
16468572
13666005
16259901
14677170
15354444
15126566
14043024
14460132
15853031
14582851
15480623
15673583
13856506
15524712
15981256
14506473
17354573
17224449
15691504
14361932
13739478
14397237
14199041
15787274
16011827
15480677
13074824
14716946
14644912
16557186
14508306
14900923
15395353
15446773
13634728
15412130
14427792
15817609
14433572
15436431
14780452
15040283
16809581
14693619
18030586
12988654
14138739
15151957
15812390
15110120
13652365
14296541
13052022
15799220
13532972
15094724
15286204
14293458
15162604
14722914
13819258
13494257
13519457
15775219
15198549
15886205
13882969
14886488
15664596
14355543
15717133
14958479
14222229
14386491
14295723
16771532
14910153
14366261
13627506
14150005
15084416
15526670
17096903
15126993
15901809
14609999
13922474
14600590
17068533
15387875
14274598
16187642
15783840
14648174
15538184
14969393
14859325
15545582
15032652
15062499
14409309
14069768
16693076
15253094
14200003
16288635
16410544
15926148
14718928
13029266
14962381
16117415
16336642
15084749
14765160
14506038
13836384
15331224
15333332
15984771
13707827
15750325
16204034
15688979
17335754
15948362
15517740
14852123
15633415
15393202
14425684
16928403
16229601
15066264
15496285
13888292
15768228
16266278
13979323
16237038
13387939
14479509
14732176
15442598
13269060
15733294
14922932
16068124
14699549
16377636
16201706
15437896
14334974
13999444
16864651
15630734
14742214
14260354
14145852
14859033
14266714
14497476
16631632
15429940
14280769
14276524
14718516
14754847
13435058
17176880
15550656
13538771
17050526
15408068
13302570
12638591
17005661
15258804
14970789
16066019
14336499
13114891
15051212
14284018
16898517
15857970
14343309
15970854
14618919
16052272
15137169
15460634
14376780
14713985
14561239
16245795
15279836
15965707
13246974
14209466
17057849
15431722
15406158
14400271
14623204
16159129
16796146
15154912
14813654
15050935
14656107
16163154
14063785
16946445
15138639
15772259
13527852
14752603
16627917
14091663
13461944
14111416
16145167
16868091
13516848
13641459
14234522
15958679
15254547
15447681
13576079
14905989
15402871
14690172
16227089
14712296
14764462
15451949
14958486
14589514
14147071
15136458
16398120
15045589
15264246
13614223
14121194
14159956
17360840
14368673
15838620
15180439
16556181
13912331
17005196
15512728
15346578
16007658
14397859
15865575
15165700
16567941
15389447
16560296
14798025
14366964
16321268
13837216
14938728
16497569
15730418
16242793
16055385
15082336
17408976
15670194
14609723
14909285
15113068
14086275
16977412
13046776
14062288
13475630
13222761
15228848
15111151
16218788
13657289
15832792
13832079
16702720
14840440
16949139
14760132
16010993
15644616
14324188
15511223
15826845
14923640
15357278
14995212
15066720
14845742
14512921
16275568
16037979
15524465
14937231
16771755
16903499
15279563
14698164
16395931
14410064
15390386
14529912
15694317
14419175
15672213
14565772
14612869
15981043
16940288
15094158
15327868
14598362
15250375
13996672
12515475
14103488
14859721
14431210
15412245
14590179
14298530
14699019
15913218
14731975
14703135
14092817
15038730
13436018
15997681
13376401
14963538
14210531
16025665
15812974
15496417
15448391
15974695
16127374
14374164
14152730
14978631
14550988
15592976
15595139
14761056
15023415
17324800
14922754
14842858
15048056
15844088
16318836
14697856
15504997
15370632
14950870
18835012
15658698
17613394
16904752
14869817
16249950
16031064
14788364
15883243
15373047
15738080
15634189
15651795
16244870
16492967
14277182
14335216
14302012
16199877
15900947
16014766
15111997
14638824
14590552
14508186
16409032
14358250
16365099
15685485
16809599
14049664
17127288
14708375
16127481
13135813
14999899
15399674
16231394
13966223
16984879
16630306
14233844
14765426
14964654
13670290
15469553
16345111
15010035
14881879
16015015
14797270
15439049
14805326
16876646
15713241
14149379
15066331
16950420
15830102
14587109
15997033
15075645
15160092
15279891
15315956
15668861
14364243
15954375
17081005
14259443
17076746
14317760
15174949
14530452
15434100
14032553
13877962
15287167
15167256
15311073
14915388
14155811
14714246
16109616
13792045
15128512
16251639
12636836
15135756
14194197
17084593
15518977
15450989
15226717
13586243
14469841
15698494
14610324
15050710
14120472
15786207
12800573
16323562
14703943
14856697
16171609
15400666
16089640
14626289
12789780
14055094
13569690
16245420
14120710
16452916
13993733
16734600
13977830
17860407
14343369
13889369
16220024
17144193
14391539
14438994
15790598
15784873
13532192
15540895
14894641
16353768
14447655
16243567
17207976
15250156
15339814
14101267
18079279
15915779
14256107
15954056
15877109
14252849
16215352
15335941
16494603
16627845
16711792
14850909
15510887
13885156
14636597
15677570
14477355
15052997
14544577
13970509
14695178
14459089
15185127
14592337
15344335
15034470
16094650
13335237
15356260
15340604
16880359
14616068
15012233
15971527
16164821
15100209
16230232
12607281
15659283
16045548
14693860
17560556
16551805
13987260
15990153
15888537
16625057
14769576
14861121
15232336
15956833
14578325
16179385
14050643
14387796
12827416
14159046
15154219
12426918
15377755
15324803
13764260
16321185
14321300
16999383
14694399
14477399
15058956
14130303
15764203
15298001
16228695
14229662
13540310
14767696
16010141
14689843
16293354
14576018
15895741
13442444
16272420
16114567
15640469
13882269
15492111
14908776
15141635
14790056
18236102
15531648
13468113
14416265
14681836
15422542
16511782
16862184
15359529
13887034
15143758
16365045
14832113
14688381
18121086
13992152
15886378
14073138
15353499
16054003
15163435
15358566
16349942
14799147
15600572
14619303
13220667
14876224
14081006
14711767
15015750
14991100
16474906
16364853
14996417
14966559
16031719
14201701
15139735
15239832
13408883
15624137
15710682
15939094
16456972
17427319
17302159
16123906
14036570
15385231
13501005
14185413
14842879
13664533
15614636
16401218
15886197
16483547
14133301
13115776
15120911
14382292
15449186
16385684
15766573
15695483
16104998
16566553
11896920
15436064
15960832
15604245
14831277
13121862
16272237
16154921
15902007
15219039
15527870
13548521
14093086
16061387
15263793
14822555
15197031
16088531
16815713
16206159
15958811
16381854
15519532
16736766
15162296
14963282
15056430
16157117
13757686
15896375
14396835
16091807
15571990
16111246
15418647
14168834
17002149
15234426
14186213
15030332
16264954
15761506
14421672
15550219
17194898
15913051
15590029
14408325
12584812
16136099
15739987
15318475
15177733
15447441
16547749
15576938
15739417
15715897
15024348
14593911
15189896
15902157
15564593
15128443
14676781
15676141
16360523
15370443
12409799
14860303
15556189
15043909
17575318
14370851
15615242
13962415
14010093
15066376
15834444
15257361
15698991
15501262
14180250
13210473
16959409
17326179
16377620
16231455
15237583
16619925
14704304
16978932
16046507
16329164
16135634
13969410
13941602
13085035
16551117
16729556
16367685
15972061
13610656
16154284
14181790
15221137
16514040
15411532
14443618
15229752
18350167
15404085
15595585
14488813
14409717
16799413
15108754
14672740
13985142
15464404
16799470
14225735
14937249
14250677
13225723
15854088
13062500
14323293
15936402
14287596
15350281
14007759
14189841
16318845
14706344
15746058
15381029
15634799
15955558
15353219
15295274
15554620
15673928
15145468
14902239
16076990
15339499
17341877
15098078
13802599
14220569
15351366
14736378
15908108
14286026
15169321
16627778
16883958
15454088
15107551
15547644
16949376
14375747
13788783
14475743
15751123
13983750
16142096
14338602
15796152
16448489
15410329
15427719
15882503
14579190
17456337
15442372
13886304
14672735
15114459
13612201
17225447
14537321
16415869
13422375
15835141
14113688
15454989
13284141
16733531
13863324
16699332
14270063
15988757
14701719
15818517
16833631
14444418
14044927
14720013
15215998
15518737
14864717
14587130
16043530
15547042
14810647
15058879
11769483
16147882
15741498
16794496
14325484
15449635
15038160
14430072
15005468
15474699
15546138
14869697
15212153
15086721
15803472
17034394
14634309
16015553
16426958
16262134
15297021
14251779
15109176
15009495
14416203
13819649
14770854
14970449
15293791
14439414
15655505
15470209
14511145
15585298
13580122
13947440
14722840
15082194
12671160
15630063
17756533
13907824
15391878
16414092
15649615
15226748
14893720
16042436
14871891
15409857
15523464
16158359
15037297
15410068
14390146
14234184
11834791
15565042
14267300
14288757
15266440
15290541
15768042
14610537
13796073
14757064
14489201
15606844
14246697
15274044
15848110
14782729
16304072
15593892
14732875
13931868
15031702
14290375
15619502
16042909
15216403
15596043
16451512
15357846
14069315
13034855
14851730
13873317
14334879
16260510
15593286
15541504
15920780
14001829
15544110
15086634
14501465
15155145
14076404
14819936
15824774
14522744
14912384
15160466
16513282
15103468
15670587
13644365
16141685
17480438
15097635
14166872
15880964
13518793
13951035
16838589
14947650
15056450
16111193
13769857
15756167
15401696
15791882
13804506
16905057
14386771
14719352
16862151
15099834
14509426
14456014
16205507
14957113
14413494
13601965
16211670
17067238
16749181
14948467
14853589
16509738
14826749
15847443
15169898
16771090
15799006
15019043
16867312
13533200
15387429
16264751
12635945
14292855
14845882
16386305
14845064
14605702
15663286
13938296
15048189
15418128
15554705
14161123
15820335
13639978
16696189
14816410
15086168
16520932
15001864
14430208
15656137
15273789
14551785
15400807
17022546
15227747
13263435
14984555
16371937
15186606
14491656
16354519
15848954
14799221
14937685
15161785
14558229
14064683
15722589
15542974
16360346
13589939
14689518
14905786
14276021
14869838
15863814
15211884
15095964
16192194
15429266
16119038
14205304
15571761
12872915
15125624
15920477
14546790
17210318
16411404
15762793
14179200
14830588
15369723
15310384
15808561
14921171
16222813
14119428
13991429
13608140
15173689
12461691
14854796
14066499
16104517
16341448
15977688
14616918
16271743
14363617
15419082
14072717
16425934
15274923
13078198
15935599
16079622
16568845
16187279
14388214
16500077
14130468
13932266
15730872
13707470
16247475
15656272
14497198
14454218
13541900
13204579
15100779
15844691
14462482
15977015
15335265
16487380
15883215
16077498
12673644
14177015
14904699
15641498
13384024
17302528
15484255
14940246
14086830
15591159
14842408
15472780
13868232
16396842
16390113
15576776
13450054
16221671
15362685
13925491
15449753
14413557
15860390
15601813
16947072
16500002
14106802
14840369
18629644
14113206
15364910
14323967
15169107
15342701
14768619
12579283
14907494
13008085
12587069
14442437
14524489
13749002
15973650
14209005
14394374
15340696
16036918
15716118
13831241
15442874
14964341
15825790
16223102
15449389
14140982
16993827
13894654
15465780
17049372
16674899
14980927
15040703
15653499
16219887
15546099
15214431
15611727
12792058
15809700
15931158
16169513
15540682
16252437
13817666
15516767
14355236
16492701
13636811
15963610
17532579
14898959
16603889
15969495
15748134
14136993
16297535
13534353
15701424
14371902
13371431
17155156
16300644
16354886
12682683
14383511
15817632
14141317
15537780
15164091
14420387
15824330
15876386
15259302
15244342
13033628
14839085
14640772
14025727
15038058
15817858
16705177
17482607
15134732
16348935
14402575
14656222
15430846
15168683
16645293
14571854
14377561
17083056
15921104
13569661
13667699
15198347
16221568
13801190
16402081
16084115
16459958
15603441
14866084
15506097
15444862
15818477
16157926
15810849
13057032
15280371
15894679
17668995
15453678
15695796
14924925
15918465
16000569
16231605
16515674
16608405
16759994
14934851
15316939
15110368
15610769
15010246
15822061
13819248
16190712
16840669
15478390
14282042
15234604
15441344
16154011
17665736
15716093
16280492
15920335
15168444
15734151
14935798
15408353
15980215
13504521
16620939
13536737
15266645
15004611
14997429
15847946
16426403
15159847
16116216
16162654
14609177
13343597
14982778
15672625
14511611
15314792
16040078
14020999
16192242
14231369
16364197
15021994
15885211
16299074
15263795
16502795
16384249
16554897
15438858
15408498
14666952
14810570
16544593
16503681
15518770
16242895
14741209
14542300
13997718
14387439
16321897
13347320
15040719
13802364
15772887
14169765
16427607
14516182
16989871
16276740
17811638
15736946
14643468
14359965
13678655
16440845
16071026
16164814
16302356
15627168
16467023
15414348
15680729
14276305
13490065
15401085
16650170
16101447
14491694
13639100
15158582
14216660
16232407
15324363
14982721
14850498
14864312
14786263
16025246
14655163
14169702
16559248
15112186
15540104
15106882
15126491
15603597
16386267
15783904
15936186
14585647
15213516
14076426
17078148
15858823
14899922
14380654
13961486
15312881
15129734
14851950
15475873
16165869
16336702
16176659
14131559
16962054
16672902
16828994
13941064
14294008
13186688
15517182
16213449
13136696
15596341
14463193
14794556
15140735
16169638
16373066
17136763
14845672
16844508
15520573
15884141
14876373
16388551
15703156
15080716
16681272
16397005
14894084
15973771
16223495
14829501
15268930
15338545
14679798
17305669
15292486
13334998
15031638
12931553
14880678
13807981
15371202
14588814
14614116
16339015
17162555
14882737
15840943
16603084
15216112
15511086
16099879
16682248
13851116
17612263
15860460
14761055
16899739
17076520
15144468
14224641
15574391
14169097
13719754
14448096
16644977
14782968
14224484
14952751
15350311
16072893
15732346
17146237
14161904
16674483
16459353
13836573
14987401
16876711
15612626
13067273
15405441
16599226
15724263
13576354
16180590
14257496
16288232
17114712
15537663
17294392
14626286
15627022
16485396
18200184
16783055
16234356
15461667
17213478
15858208
14972222
14317703
15132247
14198959
16535228
15713260
17071178
14473162
14552077
15294391
13050285
14723640
15923104
15986720
14400551
13833336
14658908
14596038
15587028
15328565
16238961
14864824
16276962
15182811
14467878
15375479
15477797
15062213
16101810
14966985
14164421
14469705
16506806
14956209
15422858
15428409
16860822
15294366
15524363
16724979
14244345
14387791
14336239
15521377
15629860
17414376
17941731
14570570
15778416
16581200
15817794
16902165
14968072
15557290
15580444
15070119
14079892
12210820
14417675
16028553
16576928
15244483
14041389
15772676
15145923
15428208
14992125
14672303
15367612
15852054
16109261
16544634
15623557
15877490
14337359
15683670
15403394
15674864
14024123
14413423
14683040
15172649
15693786
14011469
16001579
16914365
16167557
16606926
15639559
16723127
14349625
14874081
14216310
16294661
14687262
14734197
13288327
14127046
16121780
13902160
15647818
14309187
15478489
17396931
14142014
16019038
15957595
16035524
14425743
15381875
15392763
13835845
15743524
16527043
13997111
15624993
14595629
16692163
17358401
15635458
14615396
16722859
14988366
15979320
15115839
14668950
13448885
14880689
14412992
16863635
16380963
14911173
15681324
14294294
16335263
14240214
15926151
17459238
16061422
14308935
15067074
13484887
14421918
15723968
15964048
15009238
13141065
16560353
17426272
14316102
16788170
16132708
15051494
15999481
15378038
13378199
15341628
14525862
17299100
15830679
16311809
16156001
13451688
16132976
15719867
15196918
15611426
15232620
15810723
17128254
12480313
14961941
16701615
15381877
15383609
14902309
13403523
15529856
16524590
15495729
16157894
16308747
16059619
14903136
14372474
14021876
16166459
15171077
16219128
13665746
16041787
13761815
15906264
15043669
15603208
13566878
14444326
15794657
14842005
16147348
15882194
15878741
15080997
15654591
15298659
16834607
13199520
15757245
16618897
13419379
16294193
15322911
15860812
14904720
14105663
13099012
15580111
15358747
15802846
16278826
16713985
14167467
16049590
15989354
16199947
13636669
15000780
14422394
14127347
15421031
16114238
16675121
14254967
15681679
14641208
16556554
15059840
14823513
16186601
16159634
16004426
15986524
14518600
15317682
14340047
16671397
15171436
17748258
16841061
14897178
14914330
18340314
15131358
15621878
16477057
15629368
15986397
15527915
15984971
16512300
14056510
14718240
15853920
15591592
14975098
14161539
14630461
14123186
15776273
14642624
15266427
15596511
13234787
15541212
16807273
15703045
14963558
15891024
14151962
16022360
15766327
15248103
16949843
14564191
13812303
16226977
14603544
13558778
14407529
17158101
15126163
16123176
14342355
14871699
16797717
15706489
16913967
14792123
15524433
13884168
13678678
15885155
14955798
15646276
14232058
15607942
15456283
16145344
17532946
16879874
17112392
14538443
14666724
14204601
17044280
16428228
14898172
15146846
16120720
13999270
14354074
14260795
15757329
15451096
13793202
15487454
15079212
16952093
15390629
13809573
15107542
16222213
14307087
17231579
16591261
14206115
14572465
13410701
16453221
15277000
14675035
15041437
15818053
16499138
13670678
17988325
14768778
14321919
14401326
14886733
14706728
16059052
14942311
14494027
14133776
14831736
15973535
15773693
14498822
14476861
16063375
14481375
15231808
15438140
13358848
15385034
15034707
14296070
14226580
16474378
14071461
15972385
14409335
14208145
13627258
12946124
15453750
16928578
14917901
14654631
15986643
13406085
16307104
14530399
15702069
14786225
13350250
15681376
14310833
14610497
16046015
15734196
14654600
13609325
15024380
15678092
16413774
15701826
15159305
14890474
14352973
15759216
16056175
15510253
15556762
16058646
14628430
14856910
13198741
14938065
16443808
15963445
15050341
16695055
15413602
13664534
15442862
14740187
15779653
14339068
14815184
14866798
15683894
15630533
14021589
14847033
15833657
14301150
14714826
15161247
15511031
13915952
16558747
15959393
15294637
14292453
16301123
17283469
15559614
14076834
15502171
14823118
15282772
16716539
14793761
15569586
15120087
14838261
16021510
16605803
14345725
16482492
14937436
14988338
15948757
14907524
14255042
16277051
14096257
16785513
16483572
15229012
16776934
17316655
15968061
14995589
14083839
14853533
14699423
15646883
15965863
15190827
15212412
17956979
14349501
14220826
14611172
14845802
14667212
15628562
14671400
16070193
14202785
14607865
14091992
16786830
16639009
13257189
14981620
15654719
15588731
16485546
14832516
16851841
15495285
15722603
16012683
14679612
16453130
16208627
14698400
13240554
14752002
15751842
13921099
13612970
17402433
15548310
14843585
16421961
15624633
15375218
14782084
16153213
16594218
15226159
13962353
17397908
14804111
16168244
15004020
13035294
14708933
15277632
14156903
15577414
15405500
14665846
15347925
16969893
15606914
13950509
16149096
14454957
16718864
14852449
14868938
15194211
14729812
16207687
14622541
14067125
14373752
16067862
17202868
16265075
14885394
15850974
15940989
15421818
13321710
15945184
16533925
14843133
14049917
15262746
13931745
15472654
13776331
14802206
15430101
13951024
14533692
15031818
15512424
13028488
15393461
13836812
16578332
16041536
14366186
12760812
16864786
11940173
15310910
15838897
13831681
15453722
13982939
15533470
15988538
16045943
13796246
14495035
17566022
13552765
12318589
15838516
14498684
15196944
15091734
16954273
16052744
16058726
14252783
15571965
16484542
14761884
17075260
15659900
12805755
16047106
16683164
14236585
15661767
16032037
16667384
14784356
15386747
13309684
16057215
15603668
16033242
16517933
14377165
15166075
14754653
14596022
16193871
15662694
16242748
16597535
14866384
16726373
15065479
15134599
14639784
14972216
15738296
16163973
16677429
15313645
16424649
15957473
16846199
14646387
15729707
15001019
14303209
15390606
15778033
15127526
16017573
13584153
13826434
14857906
14250784
15219619
14107314
14907661
15128680
14537134
14760571
15290994
16155790
12929554
15875765
14730231
15984162
14705038
15477409
14477354
14748832
16441627
15387040
15663771
15040764
15578049
14249710
15384237
14443387
14981661
15336310
15678694
15695345
12928127
14922733
15784465
14694144
15782643
14805913
14772830
15817862
13724379
14394926
14604740
15034504
14443739
14177243
15526272
15205075
13832253
15823402
15711853
15546347
14851726
15905900
14701617
16316882
15134254
13864943
15134073
15416405
15228302
15364237
16058464
14005045
16054457
13043971
18174216
14540933
15903227
14181254
16466042
14549557
15247712
14657544
14934163
14240437
13959023
15049209
15209643
16136214
13973300
17018123
13518622
16869847
15292176
15512125
15995444
17505921
14703539
17028475
14866088
16578848
15205214
14517618
16368487
14489420
15328143
12369773
15285913
14384311
13535992
13959759
14283004
16025981
14218462
15890163
16105587
14611796
14874481
16401719
16227196
16796949
15668051
15674471
15739003
14688670
16100055
14885222
15231459
16378993
14643372
17110685
14479762
14042009
15051876
15982624
14883508
14193904
17296422
14120439
15340073
15865457
16661358
15387039
17344417
17419266
14931617
16253251
14461529
15879118
13793855
15407094
15482560
17193940
17029554
14210375
15165960
14032739
14966568
14838977
13856023
15360697
16138009
13576613
15080298
15488662
15856622
14084897
14374976
13091416
17121731
14039800
13580554
13461875
15209981
13696756
15124443
13801337
14551747
15676643
17336085
16552838
15949553
14940143
13901876
14880704
14732860
15887625
15016167
16155650
15106695
14586716
16217774
15211402
14036608
16855234
15174321
16752284
14127631
14972211
15087407
15414211
15048554
16158600
13636800
15026059
17204298
13557381
15594741
15845521
13959299
13541354
16605368
13819929
12928458
14614598
14272931
14181626
14634059
15026511
15288640
16434958
14332483
15350849
13587205
15156910
12518027
16801408
16334762
14415500
14248502
13947958
16144005
13979487
16634553
15036152
16561155
14919174
14124949
14921081
16154166
13796570
13536878
14902928
16852429
16642138
16270675
14998590
16299591
14172960
14554917
14778997
14757865
15701266
16347742
15526190
17561409
16687483
15367048
16047340
15309775
15843613
16402513
15302948
13512871
15190663
13300072
15308171
14271288
14267654
16849911
13455235
13507995
16145206
16037854
15515460
14735903
15121320
17019963
15386695
16106657
12999682
16107535
15549913
15060940
16962743
14702096
13882624
16464686
15521286
16501506
14390225
15841623
14839674
16682839
16351651
13657705
14089108
15186692
15526839
14731036
14353016
15792674
15752662
13223414
14881958
16357789
14915617
15469255
16226284
15367607
16268295
14654676
14357256
15879755
15520599
12764665
16114804
12411806
15882388
13873608
15534800
15930596
14553555
16711192
15586362
14370439
15242076
15070879
16624499
14723353
15499079
16110683
15033993
15085980
15366864
14353302
14483006
15341546
15317248
16334216
15245334
13425015
16386482
12539742
13074649
14085612
15344538
15696455
15530417
15973577
15958431
15701983
14228346
17521544
16988988
15976717
14861000
13314845
14498639
16723653
16193625
15191952
15720612
15147513
15571971
16017510
15420625
15882014
14620277
16162155
13586707
13395568
15144326
16786562
17058573
17200368
16346351
14694412
13965174
15250419
16575674
16166164
14974672
14374997
14939566
16318324
16329254
15191986
15459594
15733257
16304796
16319404
13917072
15250040
14446838
16243133
14277416
15841794
13936274
12890387
15302719
15285741
15643350
16257018
14341855
14749298
16799864
15318895
15429137
14645552
15759866
13984453
15681947
15285447
15242065
15195986
16421584
14756819
12380520
14612280
15956064
16335847
14132678
14935228
14242206
14147443
15085330
15451853
15651014
16577589
16789264
15758546
16333545
17694627
15736356
15819850
14639022
15415224
16616102
14403659
14241788
13805676
15628929
15521669
15852910
15849241
14675683
14677584
16502823
14127389
16193220
14193466
16578456
16007275
16726648
15657488
16223282
16341320
14464240
14940630
16276866
15782429
13942433
14315110
17235466
14013492
16414586
13657644
13928389
15253134
13779837
16037226
16925703
16697782
17008659
16047988
14227769
14845779
14932663
14750350
15993028
16540889
15977944
13761318
13944797
15524717
12811721
15680499
15921743
15746506
14896371
15334149
15502961
13431827
14477252
14427929
13878267
16668781
14536073
16454446
14877343
16108785
13148985
14586823
15893596
17036368
15316158
15073168
15409082
15154919
15803342
14465273
15235424
16075561
16364041
15895899
13873192
14079998
14112665
15882007
14135189
13590156
14990968
15743113
15056736
15376387
15434364
16461465
15166367
15762794
15766037
15713299
16787998
15863590
14133900
15034572
15533072
15758121
14937752
15514433
14275509
13750631
16714549
13743213
17013493
14396852
15226398
14415148
14640440
15011729
15963927
15102887
15320444
14625201
14566537
13953911
15913212
15925620
15616764
15904739
15429489
16670659
16242502
15364988
15536593
16171999
17314256
14914284
16013128
13413673
15731256
15665290
14186370
14735312
15605927
14522631
14211736
15018941
16081895
13646301
14268456
15203949
16053486
15418076
15975952
14772757
15442484
15548170
15222889
14321599
14434881
15078193
16052658
13228004
14684005
15019840
16122590
15592012
14046445
15441824
17309504
14047945
15865785
16386990
15108069
14992796
14120576
14986404
14595203
16064910
16156588
14683457
15411361
16171725
15136447
13633038
14062023
16059230
15552062
16340670
16000890
14994232
14972812
14655645
15983548
14915017
14956832
14257865
15257400
14732413
14705620
14774727
15255107
15486719
15660185
15137738
14599631
14446521
15299539
15512556
13850126
17388194
13859573
16777254
14852335
15011273
14065249
15269471
14896529
13685221
15698673
13750658
15809369
16891203
15452689
16561466
15083736
14299678
14530308
14851104
16502476
14595252
14752500
16137863
15966235
14974303
12666806
15652128
16493197
16328980
14951429
14761689
15063872
14891710
14825987
15347385
13229248
15013665
16300877
13835466
15340791
14522624
15334531
17316283
15310892
14842393
14630079
14292161
15967461
14675031
14226079
14684317
15384051
15919030
15878971
14768444
16595660
15444904
15379468
15523977
15653235
16423841
15067710
17315166
15666410
13217771
14049860
14916439
16795692
14846924
15067063
15398619
14093982
14677176
14028928
16374637
15875214
13240242
16060433
15438820
15753238
16627131
15212998
14558928
16053313
14672198
15259140
14642694
16031252
14363263
15708062
14475666
15853843
14907941
15051800
14882526
13933124
13587250
15976566
14126273
15731748
15134965
14286132
15135595
14702137
15307204
15376310
13813569
15939165
16009669
15869004
14833981
14759555
16003079
16616347
14774599
14762040
15257452
16198503
14391274
15232214
14872545
15894464
13657840
15001426
16021011
14921008
14383412
15004592
12606551
14368835
16397497
15193718
15106566
15365146
15906108
14068737
15097899
13990470
16562026
15084644
15962700
14982342
14267215
15037544
16277823
15843398
16209725
15635674
15866897
14991110
15282713
15212639
13635989
13344856
13705465
14184902
16005454
16382634
16235699
13214844
16078996
15256453
13794209
14654535
14263091
15155772
14714941
15443502
14752642
15500279
17491585
14802776
14678952
16642019
16642739
14407077
15628824
15439492
16388057
15546047
16195781
15119317
15532371
15102596
17531776
16194383
13921927
16170096
15153110
15689621
15637133
16791702
15386704
13371348
16245798
15876406
14657319
15771085
17129525
13259868
17158866
14241499
15084920
16012814
15967490
15149722
14042769
15904202
13356035
16978143
14834321
15428988
14855019
15599900
15675378
14755090
13504366
14717601
16441263
15156632
16921412
13986377
14158975
14292427
17044241
15592726
15851882
14855966
14686945
13939058
15790263
16152931
15907030
14911585
14943862
15135395
14128488
13783294
16654843
15342780
15043662
16424549
15433835
14814711
14629885
15274145
14950715
14888207
15678853
15923869
14562116
15988909
14756701
15413911
15137487
14981660
14240299
17064403
14011562
14654206
13422098
15614813
15858818
16683181
16171770
15815892
13558021
15871690
15207857
17161861
13592745
15185077
15091530
13022841
16192437
13984285
14573269
15382943
15267841
15881805
14384363
15236979
16044707
15206391
15998939
16481424
14547677
14457490
15252182
12158179
15857710
14267847
14317623
15527292
15282089
15374920
13927392
16108891
14529345
14600968
15152338
16437715
15394477
16550781
15349916
16020677
14342114
15575296
14982496
15645386
14721134
15094592
13096609
15502143
14792166
14974216
15640015
15619579
17932905
14571197
14137633
15027201
14880174
15540574
14565083
15068204
15474671
15183611
15987023
16336889
14728966
16445955
15197186
15278184
15859243
15117820
15530493
14523722
15186872
13799066
14332586
16125057
14234425
14456303
15006759
15133091
15013804
16759953
14718881
14392290
18424349
15909649
14812867
16334893
16870697
14127183
15902971
16017243
16381301
14824125
15248925
13917729
16551776
14840915
15756484
15016410
16201245
14675712
13913557
15660486
13933373
15764556
14839741
15363594
14392283
15246712
13891079
14957694
14870270
15078178
15072759
14521375
15200935
13890058
16087111
14981860
14095915
13706663
16862968
15460582
13800269
14039906
15813335
16008844
13692280
14249592
15864327
15180051
14713910
16536790
16527533
14808843
12737709
15193529
14929883
14762445
14601589
13811067
15849536
15480626
15038394
15548450
16763019
14244776
16164704
14747215
15837335
15324935
14732692
15283878
15609278
15107100
15533229
14454605
15319662
16171153
16537354
15162028
14160303
15198896
14226702
16206469
15720034
14217581
15207146
13613896
15434339
16083045
14441898
14119378
15509084
15254043
15377777
15241821
14444666
14242106
13417505
13135089
15267091
13763138
14540392
16441171
14440003
16022456
15998568
14318416
15323540
15079779
15053087
14611348
14020752
15893332
15645335
14844039
14098780
14983728
14443020
16103100
14396109
13292966
16408529
14927806
15011622
14026593
17495369
16466197
14539538
15279684
16162263
15361548
14540686
15169537
16495369
15006085
15493943
13450066
14389970
15439835
14470854
16871051
16206733
16345028
13924709
16528529
14681053
16253673
17691236
13692528
16332676
15475133
16009147
15929848
15698508
16577898
16087697
15269603
15970768
14822455
16086545
15051557
16291621
16270857
14454313
15337064
14917182
15636394
16448363
16005916
16709330
15049926
17025015
13806007
16806212
15112340
16928236
15433065
14427732
13217635
15917828
14911672
15060766
15344772
14956957
16335013
14442159
13942620
14896837
16027978
15636563
16546956
14835523
13208711
15993647
15386489
14387379
15227764
15670410
15661553
14373019
14777983
14571480
16326197
16192797
16017378
15105444
14172334
15293457
16554496
15010092
14707679
16494290
16733471
15969233
16681421
16227543
15213234
14265544
16689763
15375877
14180910
16076357
13580938
15853982
14664431
15307421
16180465
16323603
16299337
14011155
15134200
15210428
14923236
14869340
14861804
14309520
15907969
15951240
14741587
16402053
14539224
14925592
14615472
15174469
14731341
15021317
14497078
15447080
15005667
17126005
16030164
16841923
16162972
13415686
14655283
15337960
19129113
13742125
14171958
15686862
14050154
14619213
14856639
14393587
14095893
14597690
15791891
16028029
15386161
13164269
17782223
15337140
15866955
15859485
15822697
15137339
16143626
14482132
16654332
16831134
13718966
17361067
13519245
13425794
15004534
15379799
14087408
15283776
14651037
16035019
15097274
15533417
15482191
13304583
15085405
15005980
15370177
15485665
15954841
15825088
14450602
16271685
16003082
13743125
16454409
13407118
15665522
15724652
13179770
15920580
13588749
16555192
16730542
15822338
14238984
15529860
13980479
16233554
14348453
15473361
15589279
15695199
13778073
16404561
16103717
16453209
16682289
14509499
15904285
15794142
12854542
12880616
12828761
16178583
14088015
14616144
14701945
15885319
14572143
16996976
15479892
15649227
15068408
16427396
15745655
13918481
14420994
15085746
14686370
15051296
16162837
15766006
13203388
14115730
13793706
16169953
16213174
16590788
15926100
16384539
15682391
14470398
15889387
13918418
13904803
14165322
13868274
13453977
16423850
12876355
13592065
15207518
15291232
14406279
15512516
15221313
15722936
15850744
14505271
15403406
15594752
14995075
13616144
16178918
14587276
15606981
15577333
16565882
16279884
12835242
16471984
14256044
13517978
15745239
15925465
15293059
15671288
15298156
14019718
15956950
15914226
14548954
16646994
14682115
15369176
14698816
15235445
14459726
15128014
15524048
14244427
15129256
17009712
13325542
15198946
16159093
14070704
15102893
13883319
13725686
17145494
15377304
14410332
16244640
13847031
15309064
16445030
13426416
15018120
14894223
15521553
13825461
15973077
14875179
14985172
16931976
14788305
16507014
15764657
16551376
16412584
15109901
15741777
14802901
15722408
13856834
15454561
15572924
13942080
15579564
16020349
15579409
15104584
15690801
16990139
13844705
15396952
16091350
14500954
14061141
16037962
17347637
15636783
14816127
13207756
15449397
14604581
16119119
14451559
15782021
15033962
13605901
16212172
13772405
16010189
16514723
15619693
18323717
14732154
14869680
14834267
13916916
16209910
15579053
14553402
14836317
15734569
16029528
14267467
17138831
14850492
14065596
14272688
15437554
14693564
14862077
15110931
16074866
13546841
15234176
15973845
13278675
14536116
14576322
13405129
16759314
14617584
15200352
13599914
14896439
15467442
14457823
16646501
15156861
15632607
14678669
13180203
13630890
17291072
14975163
16179020
14772470
13767423
15752202
14920955
15074122
14804993
15265948
14519750
13797209
16617678
15045159
14326709
15203965
16052218
15812809
15830616
14033029
15817643
16091198
15483928
13989245
16044124
14757662
16429975
15610967
14805838
15693702
14129724
15189468
15955534
15197773
15652546
15381303
14004339
16402744
16524751
15064690
14792988
15139176
15155666
13980944
15497884
14852059
15337591
14697338
15603394
15626223
13827223
14197251
13340154
14923825
15645773
15945235
15954240
16239069
19362533
14810491
14919185
16001883
14224239
14949233
15603538
16875776
16400884
15465927
15335571
12931608
16837700
16771994
14670093
14727896
15194149
17214988
15302961
14701464
15321908
15289505
16520363
15218177
13459301
14401210
14642576
14326790
16575808
16586743
14699687
15889746
19100836
14805763
15446099
15190545
16188230
15257328
16446163
16825129
16585231
15879940
14805114
15078030
15249127
14203489
15015070
15519504
14881421
15714393
15549740
15466220
16794655
16522169
15075223
14605038
14376303
15716561
15377664
15031977
14987599
14132345
14319762
14089217
14623488
14367632
16976356
14929048
14531745
14425596
15905753
15270077
15419054
15766132
14130857
15944081
14499842
14403569
16647046
18200613
15495221
15542823
14485549
15570211
15304777
16313310
15812566
15277539
13103404
13962421
15949150
14312639
16387819
17078678
14997881
13510884
16205224
16170262
14898842
14368774
16868668
16330885
17639206
15760960
16066967
14332258
15247039
14000209
15817673
16001481
13422566
15105334
14022383
13442418
16097707
16372911
15132914
15019088
15582553
16899438
13439543
15194797
14441510
13936726
16179200
14380667
14617077
15036220
14888171
14768136
15243240
14986825
15638892
14577841
15365656
15296400
15192778
15926699
14799023
14853991
15788925
16025855
15789537
15777239
16719703
14757645
14977031
14267589
15668159
15571808
17228681
16072402
15982194
14351528
15773545
14569299
14821348
15470794
15068623
14642278
14053121
15491422
15323888
14996079
14945241
13189231
15024399
14854876
16130927
15466564
16403824
14168765
14042823
16230264
15003224
14693053
14869169
13321603
15863929
15987335
19069672
14630688
14839375
15957838
15166694
14104775
16441967
15605998
16109250
15010975
15116023
16113195
14698457
15545671
14611019
16596774
16356464
16122878
14587416
15712575
15122628
16343667
17328895
14222555
15608639
14348137
16973036
15266335
16235771
13915626
15259457
16382937
15949331
14810618
13648222
16596205
15342121
16101684
15329276
15719355
15378814
15156022
14528867
13710702
16195941
14586658
15202618
15207159
13924817
15154412
14601881
15554041
15687861
15813480
15850503
16360611
13719126
14994386
14553158
15504187
15626555
16960402
12975457
16158442
15855019
16852633
15243740
16527509
14620008
13793647
14243690
15092487
15287712
15148682
16673664
15885150
14036825
15411884
13640322
15319352
14481747
14282880
13533462
15825647
15940024
14999920
14320350
15333170
15216386
13625877
15976554
14666500
14356224
15130883
16683531
14571746
15281131
17249838
14870561
15099994
17189815
15173497
14477307
16063767
15734583
16526214
14681687
14844741
14809941
16332199
14651160
18138321
14961405
13894694
17144474
14592344
13711223
14483084
14020263
16261043
15305299
15843578
14199561
17275017
15891979
15583803
14790770
14289816
15165096
15511789
15802433
14313180
14659315
14294525
16374542
15783313
15399860
15924161
14950488
14817798
15569293
14694960
15058276
14811691
14224649
16468137
14408177
14132033
15390208
16510031
13758308
14674905
16266594
16118631
16279564
17396060
15754643
17550006
15353147
15208547
16073712
15348052
17159653
16286803
14359155
14713732
16395942
15507015
16507927
15193704
14704292
15800836
14205779
15764397
15893134
14724298
15550198
14707817
17227063
14935915
15186893
14967646
14876794
15950300
16382164
15821723
13573337
15438192
15947043
15800218
16699333
16498401
14834150
15399323
14698369
14502667
14452777
14454807
15491107
13046636
15237983
14399313
14927688
14239868
13976156
14481926
15633575
14501993
14672983
14939177
16280455
15333555
16937336
14511759
13643193
14524321
14604530
14681765
13668963
16380800
14816543
14882608
16603292
16417800
15014277
15868998
15839628
15457656
16595276
16360996
15231649
14407437
16355690
15791289
14652265
15476344
15444177
15488990
15463227
15987867
15626114
13788984
16008433
14497823
15709045
16780646
14538234
15993494
15177301
14876321
15988894
16140587
15873699
14797038
15499611
15348981
16804697
15100360
16876178
13936521
14949294
15798694
14179962
14861993
13921406
17026855
13874186
14044856
14799545
15022864
14334056
14894286
15358974
15582805
16534531
15463543
15037853
13452906
17142859
15581733
15282442
15157508
14275452
14209641
14812201
16329191
14823676
14454516
14890503
13955118
14817392
14468019
15265533
14666729
16970396
15080275
15347149
16056065
16293841
16444493
17013659
15320874
14657274
15494881
16290957
16371825
15034165
15335545
14851884
15465334
12822078
13305779
14383540
14447187
14897018
15304660
14514307
15830340
14363290
14511204
15649456
13308544
15328769
16553736
14596912
15779348
12927182
14069878
14433337
15127740
16183716
16320229
14802178
16026939
13688987
13761348
14796368
14519805
16102688
14841475
14819483
16806046
15564756
15185992
15344133
15581077
14001265
15706524
15632800
15913399
16182600
15685740
16082592
15340869
14867600
16089465
16012506
15454937
16081975
15053656
14145570
15078678
15434955
15558856
15387338
15414767
14689858
15579748
14369762
15033238
15747831
15054872
14262668
14784222
16810422
14303947
15033146
13520685
16801175
15540216
13277628
16655939
16543522
14248852
15331121
15626525
15275308
14250159
14370136
15407940
15837517
15416164
16258862
14152149
14584466
14973540
15983742
15183201
15764196
14821790
16532999
15091252
15351905
14632557
16802132
14051866
16174837
15332166
15170749
17162293
13790497
15296806
15275340
15958342
15178391
15152285
16486668
15167785
15480852
16662658
16141735
14929329
14725620
17380658
16882761
16008937
17211125
15347882
15169669
16170437
16969925
15515763
15567520
15689486
16723223
16145500
16427967
13735365
14110269
14975977
16531024
15201021
16375255
14483358
15890393
14392235
16396293
13717861
14682853
17729725
15018113
16645483
14216965
15379771
14882977
14951742
15395108
15509375
15085947
15467466
15447016
14491565
15376996
14205740
16453242
16265170
16618101
15534381
15969653
14505581
15307670
16376093
15196230
16399034
16101429
14722354
16365257
15601881
15972847
14791664
15350662
13570060
15983971
17552178
15602724
15194065
15249099
16300032
14708390
13740848
15679298
13219741
16036890
15708685
16132455
14397567
12958874
14611952
15877687
15823363
13954780
16379837
16029133
13722059
15539266
15249799
14808609
14445081
13421053
12817803
14412233
16283961
13968677
14794846
15699698
15914665
15508834
16581433
14885292
16123301
15893228
15586604
14493109
15234495
15395957
16254020
15849019
14611048
14001529
13678545
14583732
14000392
14905241
14080579
15772188
14374635
13616350
15612093
14855066
15059959
15195849
14713288
14616597
14745064
15741087
14057037
17541268
15022461
15589119
15947155
13841560
16153029
14313982
13045385
14212951
16960711
15245710
13833598
16473508
15246668
13680511
15771503
16182552
14880084
16015776
14518019
13915351
13457491
14019708
14400073
15635100
15615934
13618170
14514949
15087466
16225794
13930611
13237909
14569870
15212424
16164218
14961632
12882959
14409501
15175831
14084687
15357923
14434265
15251256
15326884
13808829
17307266
15165610
16550159
16608778
15106818
14924911
17674157
15208137
13039120
16020421
15701978
15752288
15116496
17626038
15673695
14127132
15246476
15775687
14723497
15022278
16758209
16731754
14398704
15078242
15796544
14245764
15196613
14113263
15123432
15300354
13971367
14685412
15718299
16426883
13410693
13467028
14727355
16594045
15655945
16263672
15173687
15709629
14524977
13920789
13637375
14892076
16361322
15171941
15862663
12980608
15140089
13991788
17629212
14206703
14894880
14441139
14362055
13390872
15421898
14416868
14632467
16997087
15108150
15774334
15047122
14748904
15026531
14637537
13062283
16803136
17314254
16198526
15556984
15911705
14143909
14055681
14242453
13553390
15938431
15953116
15154154
14436686
14583794
15459914
14771493
14538134
16408150
15729908
15019284
16197285
15900106
16153064
14633571
14518701
14921402
13892786
16267584
17016523
16406416
14223619
15958943
16426851
14791191
14706070
14298690
15199031
15332194
15729600
14399089
15730537
15408680
14830246
15961502
15654169
15669208
16177024
15395564
15562537
17345762
16488240
14326963
16365009
15484782
14963696
13828461
14110622
14837135
15160465
14446885
15384768
15077354
14846482
13872279
15259438
16760268
14659710
15107829
13792350
15015491
15562424
15155899
16935592
15018819
14686801
15515087
14868613
17356134
15059000
16569187
16569299
16576515
14816320
14299187
15235150
15395737
14985892
15302821
15681948
15333531
16249381
16438760
17639358
15647329
15079370
16673895
15094534
15795344
14830532
14189790
16413192
16200054
17496674
13372562
16703593
13665896
13988821
15637027
15814205
15338367
15372708
16074860
12871966
17164583
16256420
12818243
16365281
15492963
15467451
13991982
15578144
15451037
13555763
14413392
16425084
16450264
13216306
14584153
16178154
15332214
16076825
15884070
14821617
15256671
17035864
15168863
15614102
14094604
17289370
16290403
15331589
16044861
15519889
17176093
13844730
14715638
14947074
13093511
16643494
15040224
15755225
14897732
14806157
14651319
15099773
14084503
15034358
15003915
16077989
14280645
16626475
14670547
14759050
16027583
16909667
15109957
11954581
17832483
14333131
14445275
15765460
16010669
14853180
13713250
13711659
15082308
16093425
15327298
15246305
15579308
16345565
16028069
13631253
15682517
15783602
16040487
15789681
15555369
15640828
15289007
15425680
16731749
14765576
15382076
15154237
13855221
15102785
15323405
14752064
14981328
14204971
14105634
15334668
13569496
16801957
16057174
13388960
15007118
14308478
14663510
14370909
14603740
15665187
13578220
14041068
13295024
15090909
14247822
13136738
14556239
15276534
17012923
14673016
15195713
15803137
14585058
14490881
16382787
16499185
16233791
16295935
15188176
13818780
14802329
16817865
15989168
15504489
15191416
17234605
16797164
15713496
17351434
17064408
15086734
14390121
15002442
14770783
14733126
16532172
16629286
15181510
14510863
16423582
15271515
14354422
16504851
14645217
16441083
14711477
14660215
13538676
16178703
14659317
14823222
15413180
16395655
14632445
14882726
15728534
13393672
13316584
14646592
14773123
14809038
13583921
14889041
15623456
16510883
16621856
15821055
13952151
15905635
15829191
15061489
15792450
15908730
16199668
14544714
14288473
15979352
15647070
16997208
15108921
14988565
15444590
14032665
14540259
14969446
17298310
14744576
15138663
14279743
16832284
16166507
14385906
16279587
15288417
15911118
13700268
15067296
14984864
15495106
13871389
15538931
16121858
17139808
16385912
16450440
13174019
15095535
15801885
14342399
14471682
15653186
15712553
15222538
16176346
15117405
15625355
14368472
15626392
14476007
14005458
15307194
14256317
13679448
16321652
15717532
16028583
14639434
14899979
14379566
14317985
14780841
16105450
15480822
15284356
15694519
14606404
12971836
16187918
16532681
14512617
13410816
14731755
16758182
15144247
15981767
14854209
15444308
16931923
16259380
14580481
15893335
16844006
14587386
14340443
13621336
14488157
15135579
16640513
15441962
13274346
15183270
14348166
13983625
15995265
15231467
14651581
16003078
14646201
13016480
15173607
15179213
16692938
14810372
16790445
16083227
14710701
14159829
14633568
15061120
14593593
16932701
14594803
14432876
15791265
15035510
14359133
13293337
15688646
13936461
15592763
16090213
15925403
15670740
16192662
13776925
13169284
16249208
14933429
14328784
15448157
15300751
17782288
14927778
14888601
14460001
13925960
14627332
17559835
16102523
15786217
15559471
15279483
16149454
15303546
15996761
14838170
15216466
12756772
14846056
13622538
15513331
15187699
14705314
15327196
13949818
17147270
15196027
15062700
15872515
14414518
12372585
14717003
16726778
15059627
14495355
16312234
14821796
15128779
14199707
15371692
14314701
15298940
14267523
15001062
15929681
15353311
15912506
14856069
16344769
14597679
13889187
15837055
15294570
16939459
16240185
14501551
16139796
16377859
15110716
14626128
13024828
12765905
16887858
15986552
14379375
16221938
15983698
16205173
15865406
14168223
14574178
14736149
15713894
15743402
13761121
15194218
14141005
15795614
15563452
14262306
14495440
14739998
15454521
17628618
14507242
16524417
14705085
16201487
17095185
14219707
15088068
14346318
14290127
15444415
16484255
14729843
15366808
15438032
14041770
14397749
15304357
14036485
15056624
15661326
14481170
16624858
16047603
13664165
14498455
14564633
15165223
16307617
13924072
14955746
14964136
14535484
14388084
14638322
15079096
13216162
16512087
14599636
14391019
14116562
15041708
14308303
12537338
14233448
17256516
16102753
14431160
14545900
14164680
14279621
15558401
16833209
16614386
14506956
15015095
15550823
16058022
15408220
15304749
16397762
13686719
17201674
15367179
16768252
14977806
14724862
15417438
15057129
14355313
12864300
16708128
15626386
15714289
15169970
15439426
14705487
15314131
16196137
15876051
15991264
15073735
14447185
15780803
16503867
15420930
14708141
14693766
13145448
16250827
14016200
14483250
14662030
15115147
14713610
14318403
14602901
16480307
15517226
15123711
14078082
14765348
16253606
16390185
13103177
17165101
16531656
14511589
15838958
16069963
15674191
14097555
14180433
17164568
16889618
15052685
14512323
16384666
13966787
12911528
14391069
14813566
16668155
15840010
14857953
14928376
14682974
14836263
14397848
16349565
14391285
15166850
14073827
15919900
14755510
15293738
16504424
15757364
16536197
15169724
13736314
13952333
14472937
13200722
16560018
13847331
14473644
14796161
16922569
12759048
15006799
15997126
14606113
14812545
15714601
15218923
15486815
15888793
13942770
15372474
15195099
13439627
13696600
16134146
15531463
14885474
14261519
14461709
15446789
15529415
14226801
16132397
13454453
15202549
14415191
13940613
14565064
14592778
14274940
12994173
15159609
14735314
14293558
15464972
15433190
14308190
16239823
13785741
14674541
14343524
15211550
15253546
15337978
15049519
15742073
14616973
15961676
17402991
14946183
14964005
14740122
14872573
14476997
14884833
15647161
14406215
15515572
15881726
15155783
14043269
14142612
13423565
16231364
16520650
14805787
15384300
15443892
16267037
15032468
16223714
14779235
15267164
15487281
12787653
16550334
16291426
14527728
15482887
13249698
15499700
15474413
15250601
14534339
14380710
14190222
11630798
15546548
14796794
14559817
16364354
16545909
13586270
16330174
15274092
13598692
16306564
15984543
15705945
15180570
14569472
14786386
13785305
15156326
15355065
13082279
13809908
15138971
16194725
14646535
15697124
14136086
16041583
16005172
15665847
15674407
17225942
13048679
15212828
16100136
14073315
15966439
14989178
15616808
13612117
14415600
17151555
14095599
14776356
15692304
16640216
15108599
15307334
16707065
15229190
16003983
16790155
14343258
15288269
14385959
14582198
15755460
16632791
15333769
14586093
15480384
15027722
15303604
15804376
15084993
15214312
15278369
15321212
14542872
15129398
15686889
15412112
15370998
15267669
16269190
16266962
15778371
15001453
16688281
15507632
13193372
13935887
16674967
16131262
15351862
15128251
15387989
15918956
16157965
15045713
16329913
15856415
15173679
15378436
14154761
16707390
13531988
13467441
16276708
14305977
16325900
15428624
14506444
16368064
14737699
15488968
15816798
15503827
14411953
14740432
17290706
16571705
15802948
15620001
15435275
14264615
15966224
16004083
16357256
13705967
15258524
15832177
15911262
14451082
15978991
15861910
16736355
14996760
14354426
15058686
16582772
15585509
17119526
16330632
15352761
14426841
15412401
14099476
14609266
15207373
15180079
13635260
15630285
17479217
16625575
15196590
13451150
17144160
13710004
13743784
15012393
16063495
16983094
14968366
14796175
16435938
14587461
14320349
15306277
13495673
16682574
15416032
17091533
15111418
15205786
14701413
15078396
16337935
15490990
14250602
15982240
14070288
15454650
15231172
16314855
14551754
14968414
15013834
13009640
15989572
15907794
13585020
13477655
13480628
15653449
14344941
14657119
15919361
15734373
16783020
14132529
15211924
16303686
15522167
15793889
14858730
15763206
15401385
15592559
15276492
16587924
16877836
14764821
16240479
14553516
14971157
14853868
13670793
17085290
14297365
15082514
14936403
15510559
15702324
15351507
14713599
16075380
16414629
15754139
15228706
15182654
15428518
14579802
12591362
14813709
14219150
14678240
16366910
15297455
12565176
16048923
14336221
15022282
14776972
14864135
15617900
14327253
15306690
15803029
14934182
15558912
14650353
15260175
15322365
13733740
15055391
15815018
15222730
14549590
16288386
15446669
16171341
13264153
14830501
16649960
13665689
15774355
15396696
15675744
15340892
14256677
14885055
15726061
15950249
15433724
15335883
15260138
15776699
14428585
15086950
14638175
14723673
16101164
15094146
15186855
14938018
14243753
15613369
14792584
16742503
14248567
12337322
13330969
16907258
15280852
14052069
15029810
14334017
16109781
15872612
14083564
16235823
14612240
14907476
14946025
14307795
16326860
14877746
14489982
15276433
15817883
15146171
15567424
15167308
14681389
14653562
14510464
16635673
15207084
15146612
13316810
15751132
15459119
16325681
15413560
15678991
13891762
16032643
15071039
17302792
14212313
16846247
16076407
15948470
17116423
14391737
15144166
16931159
16598540
14902122
14846628
14190905
13613003
16233220
15752610
13290580
16793509
15925976
14009264
16150602
16566954
15525718
14435092
15027108
15460466
15539425
15008508
15926425
13290643
16090231
15315781
15208540
16054541
14420015
16461689
14515443
13434297
17367699
14418065
14827402
14375970
13928472
13593054
15589165
14391003
16827464
14011041
14477509
14842464
15571277
14961880
15225710
14789251
16283120
16023283
15491994
17413458
14573760
15245182
16033988
16990204
14760446
15397976
14938010
12929445
16866395
14515468
14399197
14751060
15091723
14192789
15312514
14738111
17566975
15984867
16635145
15575763
16245192
15684879
15834459
15483830
15293101
14402253
15005167
15476534
14366531
13290670
14699460
17713546
14356829
14160213
14488667
15145932
16232219
14067793
15247277
15462766
15888045
17206564
13899577
14722880
14701833
14648612
15273538
15970642
16546951
16008232
14821412
15935228
16249069
14702501
15626622
15188927
13645549
15655859
14982894
14732700
14819576
16544190
15241664
15499469
15453140
15350434
16780489
14635459
13643523
15734965
14663284
13460625
17292362
15182852
14179945
14652386
15381319
15672337
15620324
17077995
14912669
14997521
15272646
15690600
15450011
15891982
14313500
15573228
15381629
14665793
16201600
16105292
15621270
12880205
14640609
16227325
15307033
15103792
14926956
14235357
15404279
15440532
15434139
15177623
14907270
14677121
15281130
14989236
15579461
14648826
16424390
15588797
15478159
15826259
15159330
15055718
17088577
14720426
14998766
15299563
14377914
14759048
16090338
15867712
14681101
14543843
15315779
15563739
16161418
14945164
16787410
15764004
14599639
14242203
14903874
14655917
16501243
14443158
16104413
15992707
14927075
14720333
16560269
15779957
13860428
14013506
15466066
15008734
15839990
13945358
14373021
15241467
13791336
15080078
14878265
14517838
14332941
15552885
14450041
16890713
14506581
15405727
13721521
14021495
15692158
15607854
16745723
15626754
15040956
14967784
16045829
14286688
15359739
14877768
14122597
13017978
12662163
15840254
16116400
15039102
15583755
14734274
14394440
14356136
15418837
14833428
13769603
15040243
15575409
14846820
15958771
14696303
14280200
14692019
13593752
16071553
15086358
13004822
15470211
13173808
15701707
15244824
15351403
14717567
16058860
14452070
16843595
15797712
14796631
15064310
15220797
14514049
16626936
15846683
14008497
15150410
16773437
16285925
14250743
15354517
16588612
16192720
13644115
15368902
15083208
13991966
15302161
15121810
14980551
15941358
15869076
14123042
15945031
15020583
16485560
15591229
14210849
14459323
16648356
14848861
15051714
14441690
16804307
15241253
17257111
14995317
15625047
15089330
13288650
16427116
18051998
15352011
14682816
15385523
15969639
13425547
14672825
14452361
15869547
16311298
16844087
15759124
14944743
16129250
16484664
14781767
16018578
15460231
14460592
15320563
14597310
14972474
15169811
14513841
14695588
14284546
15995041
16668799
16789818
14125721
16505685
14355383
15597328
15967216
16520266
16386717
17175330
15994543
15093115
13362456
13503689
13722902
15909317
14603967
15145561
16582410
15064895
15872746
16931016
15277140
15213274
14751627
13795469
14330855
15319814
15260142
15385187
16033834
16303194
15875357
15932074
15222707
16595681
14118438
14494794
14738735
14741779
16286985
14894885
15545091
15610581
16269460
14783109
15388094
14004197
15312281
15451988
14868279
14236717
14609909
14562798
15119064
15249283
13724890
15236108
17760183
16077956
17409956
14263859
15968021
14122230
13794314
14424252
16839648
15051237
14986934
14875369
16852787
15567248
13206133
15642173
15421644
14401778
15297849
15442990
15932337
15537704
14683780
15927110
15822782
16783462
15081452
15996135
15141608
14903998
13474382
14851330
16303436
17026040
16024709
15382939
15290524
16508530
15262741
12723375
15939274
14521022
14035118
14093185
14356876
14660376
14931103
13773305
13813887
16456769
16723654
15496990
15885011
14270298
15401934
14722901
16672738
15790892
15257372
15134379
15461171
14543935
16781669
13988727
15054144
14652185
14601393
15868893
15637499
15528787
15676375
13436656
14945383
16041236
16233178
15291636
15528480
13749207
13481772
14409624
14678039
15220909
15179961
14730820
15662084
15658155
14230005
16013172
15971454
16174069
15209680
14290304
16906037
16185967
13619230
17086548
17217309
15849157
14825805
16247810
15539908
13771361
13191144
14446251
14219225
16608730
15846091
14757650
14044054
14654124
16296415
15714042
14202766
14956151
16421130
15562052
14149010
14814233
16970226
14755414
16671394
14829359
14807751
14456887
13739331
15623329
15395710
15066635
13728216
14051707
15818420
13953389
14177773
13690701
14688064
15630170
16137661
16024639
14599009
16223459
14440550
16123345
16457313
17096615
14789299
15527928
13955797
15235272
12607060
15506184
17451389
13378038
15534114
15311114
14787574
15334616
13752970
14763459
15391688
14779502
15461308
14801291
16000539
14193795
15978769
14609235
14167544
12907573
14571564
16173880
14143898
15795817
15692794
14478785
18347576
14401170
14691924
16175260
13448905
13651552
16306283
16725548
16827367
13882095
15340234
16418044
16170171
13840619
15552749
13934293
17152645
16030004
15731254
14294417
14607307
14298513
16746282
15157504
15915620
16693620
14970408
14765100
16893130
13968918
15259776
14372451
16656507
15286714
15506594
14420101
13071703
16895022
13962254
14974328
14496193
14783972
14795587
13049076
14729963
14686695
14651915
15494596
14840008
16248711
16931565
14546691
16088060
15625905
16739357
16085817
16030190
13964389
16316536
14967234
14575768
15259340
16270398
14531161
16578360
14138730
15459806
15541164
16484072
16311022
15255059
15742737
13448834
16381205
14750274
15470866
15203358
14492031
15198779
14464947
15083621
15760002
14700146
15604676
14856776
15019267
13717786
14603162
12531394
14936370
15020039
14037120
16941096
15764919
15314929
13345277
14958674
15019278
16318906
14320271
15601178
13773917
13632943
14857533
15727913
16646446
15150064
15310052
13880140
14495573
15476379
15352250
14820307
14400442
15526398
13103390
14913315
16559062
14011605
15382550
16510257
16020207
15620772
16134820
15720660
15156803
15665727
15232467
14551862
15277849
14660809
17822192
15555886
16125292
14905593
15721586
15788685
14994855
14991647
15705098
16783582
14477296
14228707
15595963
15806822
14899750
15655024
17724883
14437319
14238012
14528651
15309296
16041431
15788906
15416900
15385366
15720128
14753140
15139670
15197055
16110983
15411176
14993364
14000299
14080136
15841266
15592675
15667322
15483954
14512497
15342932
15413915
17951722
14766861
15390516
15805946
14160419
14570607
16711496
14600683
14559276
16846639
16502583
15258747
14542823
16222898
15179148
15250270
15661242
16206455
13573238
17209214
15331466
14702060
15853376
15160479
15047534
14871589
15221219
14266471
16629483
16527124
13118001
15313672
15444538
14960502
13901956
15879877
14919481
13190467
14896193
15883250
14856734
14773753
15719505
14646142
15329202
14928930
14444485
15540355
14706472
15795192
13542549
15241549
16690475
12942835
15609528
15523230
15736823
16135942
16065242
17035840
14598567
14498608
15815450
16586250
15120983
15048858
16372460
13444822
13833557
14239835
16320764
14366593
14568650
14755516
15081753
15188295
14438515
15464000
15781407
14159926
15765940
15409530
16435996
15009174
12671308
15431884
15123073
15843104
15684036
15687786
15197262
16110627
17413851
16693709
16072408
16546736
17009029
14479132
14622376
15318888
15011708
15697729
15931441
14957877
15714415
16272058
16043657
15657725
15336235
16823295
14253938
13878784
14679301
12787689
16652680
17233991
13661645
13767439
14957604
15693386
15096920
13690240
15548810
15363782
14513400
16985501
15250393
15594545
14831720
14739890
16539758
13928132
17104618
14401439
15627475
15067064
14782349
16582422
13308551
16850272
13720404
15777619
14373585
17147966
14874182
13965096
16305892
15459708
15323044
15749555
14752336
15062107
16218156
16324713
14150391
14715980
15539822
15829841
15157353
15167348
14155012
15359119
14445991
16791705
16254240
15794332
14786422
13943617
14773051
13562021
16565809
15091009
14990051
16403146
15446998
14045246
14309003
13059032
15392924
14994233
15661828
17492510
17299624
14081898
15267914
16384445
15182196
15926636
14396673
15979493
15847044
15164009
13842870
15837887
15657775
16430532
13250326
16008599
17036707
14383239
16553866
16349811
15499801
13414441
15630781
13975201
13738090
14680994
15834989
14577912
16358515
16195032
14644040
16356773
15576923
16748139
16541719
15941309
16545599
14355045
18126846
15346975
15287346
15907558
15471943
17629240
14466038
14719994
15944648
14422518
14938970
15664183
17452097
15231521
14634122
14418625
15629451
14884746
14235081
16361936
16645555
15171018
13045712
16153534
15488281
18123542
13409598
14300188
16553749
16613625
12891618
15083210
14957854
16125320
16171717
14385370
16626306
14232747
17122573
15756651
13860639
14861496
13602402
17291475
14235930
14776490
17669643
15895758
14919414
14933894
14811980
16687777
14688660
15506724
16308578
13133725
14608564
15151671
14291950
15560452
16752958
16468427
16057144
15388500
14557936
13892229
15090165
15724352
15851367
17351188
13353572
15266599
14517800
15110119
14800283
15199753
16977889
16150748
14880228
15545669
13455651
15282029
15187520
15931901
14454238
13806687
14542803
15541801
17213566
15985595
14897662
14348320
15284309
14673658
14582326
15373339
14573794
15587997
14967620
12606281
15770696
14695636
15484120
15494809
17110006
16656189
14702921
15284848
15909586
13956182
15781424
15384670
16986338
15649753
14507923
14445016
14997961
15556954
15991329
15566390
16018933
15472259
15563545
16326180
15537721
15026271
16113380
16413407
14735572
15739364
13672083
14700271
15633781
14309299
15989518
13148020
15944941
16052676
16508479
15651069
15489319
14482051
15311745
15415504
16202508
14645904
16643113
14412866
14886468
14271833
16042059
15700621
15720130
15468792
15653738
14957206
15788378
14614993
15239185
15669310
15589340
15811105
13893456
16170460
14384675
15265659
15437051
14767032
13645964
14818002
13755015
14821286
15408331
15241868
14819000
13358440
15061571
15665546
15720559
14177484
15752688
14290614
15007382
13104189
16308314
14675224
14695153
13700665
14062992
14001656
14122518
15412397
17267364
15617573
15214664
13568763
14158643
15436959
16325440
15775582
14007587
15295260
14113741
15344121
16218869
15193002
13581645
13817202
13792953
15538208
15807350
14726172
15001457
13680544
15373473
17320350
15992846
14515983
15317049
16528732
15455064
16487033
14307737
16267392
14458839
15719540
14374623
14727885
14953238
14885160
13919755
15143342
14580132
16025637
15348930
14669296
15579757
15308857
16270395
14092311
15031256
15263816
14276519
15251379
17650531
16732653
14543649
15005023
15812500
16786348
14788797
16565197
16669137
15114406
16556735
15452750
14634590
14874258
13942413
16111323
16149942
13697943
14800397
13073416
14693717
14982970
15736254
14828768
15294030
16471420
13906858
15881171
15527523
15037397
14963523
14608112
16515860
14554502
15333433
16428543
14577430
16243156
15039137
16901423
13901135
15164682
15637921
15168079
16278247
15968593
13561527
14662769
14966304
15375196
14732483
15813844
15467732
16622573
13853546
15501426
14854700
16415363
15645019
12914815
14676177
13825448
15643773
17454807
14878078
13965707
15664042
14006522
14391821
16971242
13165742
14356728
15749741
14396521
16093102
16420461
14711996
15616060
13751352
15608450
15206990
14114816
13339333
13855475
14535138
15970058
13691516
16138868
14968528
14898709
15484954
16474701
15548505
15694499
14583036
14190382
14950590
14256730
15620826
14040770
14667447
14175318
13663178
12931223
15720635
13161163
15565538
15804202
14740322
15122107
14567161
14312362
15229914
13724981
15855285
17040407
16081474
15776118
14609859
16760471
16290350
15247362
16117641
15820073
17027697
14844409
15674141
14376284
15760394
16776239
16364784
13144958
15513549
16411790
14070963
14013722
15752174
15946291
14236462
14761852
12894186
14712192
14694020
15094362
13882736
15853550
15560847
16018133
14892373
16111647
13103870
15841470
16251603
16198443
15955421
17309081
14859991
14521253
15279640
14571695
13771709
15346877
13556735
15073702
14984237
15944583
15243764
16237565
14842808
13918362
14836202
16036754
14700987
16583085
16126873
15927226
15438459
14206956
14496848
15055331
15502423
13893305
16075518
16259262
14015035
14070672
14468388
13850433
14054481
13964861
13333109
14646830
16354481
15238626
15199527
17508530
13965297
14062252
13985924
16887031
15076409
14842239
14804517
17742883
15619257
13698487
16854144
16879427
15941100
15633144
15794765
14468674
17087332
16812738
16184778
17324048
16122789
14794509
15108510
14712724
15170849
15591668
12377361
14026382
16410068
14905163
14641871
16736090
15776875
14779248
16203057
16419217
16746564
14526624
15555345
14683889
14805535
14270732
14639764
15441222
15863628
14707851
15097697
16065269
15148866
15437894
14812577
14601212
15964565
15515298
16389569
14531476
16059249
14344978
15995495
14676265
15636376
15489142
13940962
15476801
14919260
13639351
14028294
15156014
13034160
14325806
15612000
14737510
15332525
14791792
14423705
15305015
15446977
15229337
14981168
15229716
14985430
15623740
15762656
15337444
14819336
14702153
13663398
13787270
17250789
16194061
13372319
15380751
16228141
15870624
13301229
13327460
13720375
16957055
14376067
16201634
15611371
15104627
15596663
15778266
16071755
15992751
15963345
16612294
15466910
14756736
16222419
15155027
15017147
14884974
14780340
14786259
12455460
13726425
15467229
16252041
16226282
15385116
17066214
15587444
15921453
16026920
14890488
14670101
14432811
15080090
13315463
12955682
14970108
15795464
14847550
15886037
16158022
13554408
14660223
16342671
15201978
15392723
17614988
12915590
15224967
15995276
17018038
14856935
17130968
15217356
13490194
14579870
14484788
13483251
17158443
14239889
14251130
15078322
14420866
16349380
14881399
14659314
15068884
14124569
13383942
14953834
14749860
14582524
13852430
14456470
15249141
15714047
15208400
15073586
13936269
16920922
14712397
16869139
15794170
15991663
17416126
13237360
15605029
16292579
14643756
15892989
15164188
13878484
14840856
14587812
16393331
14345053
14860526
15334016
15569473
14926689
15890685
15484057
15275277
12735676
15133315
16412840
14107332
14028795
14080067
14002988
14381784
15959217
17205479
14866319
15577434
14973458
15779803
14279857
15278574
15875900
14597418
14689704
15238404
12108285
13864631
15464228
15380041
15587454
15591129
15742323
13951249
16876176
17692903
15401868
15870139
15797796
14523638
15903515
14441381
15263511
14621530
15075722
14306189
16228173
13762133
12798562
16161909
15720080
14864112
16355164
14056859
15542268
13781863
13929535
14830408
14785817
13992677
14886368
16712598
13754275
14342476
14497724
17333893
14291931
15086795
17125485
14519043
16357104
14767381
14577789
15422492
15091676
13966122
12207378
15589695
15895286
15135714
14092892
15657004
13928193
15460557
14696832
13427422
13623291
13237865
14419325
14960634
18001893
15103971
15205931
15242011
12034238
17685457
15383781
15481478
13560344
15901915
15127020
15272585
16023425
15851075
15360764
13538584
16182036
15080835
15158906
14098077
15445087
15629741
14480083
13396394
16436413
17084896
14263414
16518935
14797174
14275479
15331885
14948526
14980616
15989146
15182564
16516365
16418893
14698409
15310141
14953024
14843603
14644813
15919219
16205536
14747775
15047506
14000805
16143791
16132908
14971317
15348404
14299597
14767256
15473044
15552953
13926317
15553869
13642555
16118134
16453772
15466793
15506461
13886468
16071486
15944276
14339824
15628003
14415860
15465829
15624046
13626129
14880698
17587332
15795827
15083315
15376723
15879961
13231598
14345415
15341642
15375362
15585216
15924870
14510902
15122534
12668900
13618153
14561013
16461876
14581260
15166616
14334712
12369474
14622592
14476970
15786681
15346539
15581800
17072253
15163739
17345623
16391946
15622484
15791453
14711844
15245535
13448187
17023894
15037094
15155489
16158392
14737244
15269935
15270141
14331424
16057214
15342184
15798676
15019782
15504737
15068339
15691987
15710502
16174004
15688895
15709808
13857103
16351422
13127619
13145144
17059513
14834726
15334082
15920024
15829604
14346666
15433305
16399796
15941957
16984284
15848763
15983500
16185422
15263034
15123358
13303457
15382516
14054516
14488975
15761546
16348635
15212819
17011632
17125784
15610263
16267522
13850143
15290262
16538693
14110408
15971643
15665531
13479724
15967584
13382237
15206707
12847058
12790049
16308528
16954737
15115948
15932880
14838366
14864492
15273127
15079542
15212366
15657506
13614071
15632410
13836444
15638473
13165010
15377686
13514509
15509812
15445857
16020663
14605726
14577023
14786305
14901353
15579078
15183438
15110611
15890627
14950855
16109255
15369303
14620604
15100023
13717764
14159161
16404319
13553772
15821324
14765262
14437359
16091414
15119973
14274905
15158848
15443462
16299126
15310039
15123294
14081164
14614494
14820521
15606774
13956007
14941361
15310733
16567450
15438210
14512701
14860986
15327010
16513002
14697989
16018475
15065756
15051565
14861242
15726748
14269641
16280404
15565413
17871508
15279832
13357981
15582639
13933453
14606097
16690879
14019985
14417171
14902314
15870735
15017469
15641954
14720466
15313015
14925773
13474512
15059090
15244277
15597661
14754339
14801933
16095631
13739226
15396325
16731323
15086375
16696440
16158675
16340604
14943145
14235225
16185847
16155082
16177167
16425053
15128383
16153628
15071690
14800399
15563478
14612032
14288354
15904239
16916154
14320290
15630281
13370551
15246047
16232626
15797811
14866564
14415936
15334428
17102317
14668675
15421797
14373282
16093565
15831105
16079593
15702721
14615586
14291816
12934268
14819386
13459292
14115300
14756715
14394836
15978128
15663998
14247629
13784995
14258442
14622368
14235782
14586140
17341221
15411698
15666811
17373687
13946172
15331264
16420919
17709969
15277310
14720639
16667069
15260280
14728415
13304689
14157290
15313669
14986840
15374776
15237324
16057252
16525970
17350682
15140018
12869936
14284482
14250169
15530920
15971556
15308982
16132083
16363587
13915735
16314404
14563888
14359084
16067489
16031284
15778464
14663973
13897288
14990073
13859244
14567943
14618264
16727522
15186616
15767414
15419707
14302691
15080350
15438286
16148416
15489627
14010819
16089230
12228628
14671332
15010474
15959569
13723998
15689146
16408004
15981647
15278780
15758390
15663101
14759317
15326126
14938948
15647613
15386134
14851847
13309856
14644145
14963270
16549444
14941152
15342622
17058128
14653989
13606832
15562194
16347885
15098447
13561202
15640062
14987971
15178207
17656445
14826633
15099622
14061747
15957656
14712908
15409672
14027671
14356706
16095997
15497594
16959595
14933517
14853321
17180759
13464619
14997444
16388810
16292096
16236620
14503731
14523158
16220597
14577627
15195436
14425383
16111849
14214756
14307229
14668124
14890642
16028135
14725614
15038696
15848196
14365418
16171648
15216538
16311966
14352143
15529519
14494955
15748547
14627999
14856182
14612357
15211309
15464629
13185942
16907243
15024289
14535660
15090122
15094207
15394799
15932293
15856159
14743491
14152052
15522350
15714194
14737616
15109152
14795762
15814439
15934208
16455024
15231170
13707601
15739059
15990176
13993325
14695859
17638860
15435063
14482254
14958235
17050648
16034236
16065765
16217878
15022394
15637075
14751883
16267275
15509252
15348341
15702834
16677562
14653487
16616636
15562469
15151834
14386697
15650082
15460150
15055471
13993830
16935670
18361960
15350353
15097634
15282443
15582475
14179156
15937806
14893097
14408633
16034842
14061437
15140929
15198963
14819278
13992375
17319297
14716271
15497908
15071333
17360489
15812706
15720377
16053263
13328257
14104386
14015664
15520575
15359143
15732146
14513913
16212442
15673390
15977345
15967646
15972418
14803294
16785746
15787885
14952462
15077970
14348482
14614433
15307946
16055812
13852096
16074782
14936159
15320026
14987383
15408412
13943075
15681206
13753621
15885337
15452425
15417924
16612603
15186168
15857703
15753929
14450406
16500102
14335120
13987805
14576064
14955794
14397562
14432555
15303385
16253915
15495279
15214795
16477454
14668504
13250356
16145565
14181111
15958884
14286368
13219030
15464046
16827142
14557038
16709702
15288318
13939983
14395527
16358915
14592734
15540539
16868045
15203992
14703581
15566306
14390727
13310225
14293668
14391725
13567929
15678832
15624118
15849968
14921686
15372766
14886101
15904871
16834812
15395920
16630053
16980661
13821618
15365169
15838023
14305811
15482041
16856096
14917760
16682340
13080016
14373766
16935560
15445089
15835281
15218168
14977314
15918801
15024481
16712004
16067562
14749465
13236925
13114894
14699937
16871970
14971467
14457217
13979226
15052278
15471502
14511534
14447407
14672285
17047500
13503812
15965100
16152541
13546068
14722998
15219806
15693624
14121249
14810989
16159711
15410563
12964629
14664570
14509123
15575035
14797673
14224058
13711088
15166907
15932352
14015044
15249316
14246511
14236787
13593853
17000326
15033420
14530631
14108897
15919452
15218567
16618443
15538271
14858313
14357458
17288502
14892839
14882146
15094105
14334082
15785871
15994612
14131342
15367507
13331881
15113832
15664573
16183108
16057466
15292767
13453770
13503954
12704980
13883006
15916608
14227404
13951552
14367883
16523975
14087683
14386237
13673359
14130302
16121106
15767046
16060404
16118180
15495843
12866945
17729115
16510150
16646142
15890925
15192032
14684333
14571298
14985672
16512239
14155981
16644216
14512221
16984548
17546528
14923315
14003875
15249670
16429659
14073912
14994670
15438544
15028544
15044981
15413116
14576915
13800658
15963175
14107442
15273236
15356216
15664653
16308540
14741747
14654603
14597798
15612175
13387345
15098039
15768563
16471931
14826331
13972634
16323710
14552981
15075593
16945251
15006140
14948732
17921975
14869165
14536750
14516091
14646812
14037833
16430888
14795760
14616561
13487025
14619137
14651095
14407394
15621737
15894240
14073560
15446788
15348376
14625057
15805639
15678017
14883391
15861335
13266124
13179136
14105178
16845840
15869959
14473512
16833872
15371083
16671889
13982801
14763956
13279913
14770200
15834075
14265825
14768611
15243339
16542444
13649394
13904366
15357539
14208248
13116478
13817056
15600105
14894146
16104513
15957261
16158858
15852393
17310021
16967061
14577512
15900383
15963593
13867323
14755767
15781180
15569238
15748397
15456986
15289313
14975634
16821450
14791651
16193916
15158400
15023376
16596731
14015391
15098595
14959721
17255239
16058995
13328520
14810031
15291495
14952117
13870339
15451858
15365622
15383581
13589815
14368744
15602421
15684527
13892861
15495696
15750165
17135246
14792390
16356274
15426589
15111636
15972665
15472279
18301371
16006081
14483300
16658938
15867233
14222678
15571930
14565848
16089636
15268255
15662938
16090306
15796475
15335868
14694152
13547235
15188363
14369139
14186528
14305073
15577258
15860401
14583907
13430031
15417251
13934921
14885281
15755925
14753285
15760718
14202959
15741176
14230221
15951910
16648580
15355006
14434916
14345647
14930112
15670743
15224131
14457768
15292538
16251338
16137773
14954587
15527663
15163459
15278571
15618175
14381310
14869120
15104783
13877535
15268952
13393450
13843775
15535612
16138713
15532464
14072283
17051642
15949755
14714483
15321740
13458490
14245726
13508855
15280465
16602699
14960503
13778290
16517328
15487832
13235587
14530734
17237995
14363345
14183239
14025016
14988940
14646912
15297985
14706778
14197913
15010010
16537562
14123413
16374623
14455042
16580470
14025380
17570203
15684835
14862270
14548841
16628225
16238500
14559831
16939009
15649106
16368160
15861154
15160018
15172140
14528515
13295009
14301796
16923030
15640272
15842023
16319711
16125482
15573048
16011819
15428157
14573242
14809132
15226727
15648459
15689221
15138132
15770007
16369120
16665699
15252538
13918959
15697151
16459777
15865614
15682831
13754282
14786084
14784429
14620608
13281734
15617186
14981733
14878439
15595331
14707985
16082543
14376539
16489034
14115560
12853859
13752555
15410378
13670607
15663403
14136616
14553285
16157363
13746255
15016924
16472428
15541903
14485090
14786573
13216310
13201979
13156360
15120516
13898222
15862004
16214884
14670741
14937644
15871269
17320095
14984777
15273484
14774753
14458620
16278792
16216256
16376356
16076189
15315955
14339089
15387642
13474790
14186096
16796340
15258313
14837221
14952653
12592214
15285608
15780679
15750484
17200358
14563398
15662325
15777793
15310492
16545657
13433318
15846994
15690134
13692553
13353138
16137788
14368596
16437590
16043795
14999075
14642951
15653891
14198242
14878738
14837519
16011747
14088570
15561550
16153533
14248402
13671692
14972847
14685621
16038383
14871261
15255398
17986695
14407793
13260915
16135896
16054294
17588397
14715927
15251022
15294728
16508273
16004136
17095086
15349645
14476062
14976275
15344337
16288991
17315662
15182470
13593627
16571620
14725570
14601423
16268494
18157653
14851896
14561633
14023284
14530529
16111603
15289615
14068401
15107322
15982556
14654461
14120501
14856829
15521202
15205777
14785809
14159552
14881561
15595177
15402069
15325163
15822225
15295024
16704247
15054376
14643732
15922142
14283791
15586254
13871765
14636414
14600071
14184474
14508991
14716517
15671855
15861621
14252881
15441028
14285773
15210049
13027006
14899849
16632990
14974404
15269443
13897452
12555556
14609867
15795436
14728744
13628170
14141697
16062242
15351267
14697047
15429076
14936898
16662706
14458508
16622357
13520002
15833429
15230454
17828790
15016547
16186864
16062956
16124272
13914358
14340880
16188641
14921328
17210631
14562109
16111256
14400499
15430459
15475976
17700629
15774620
14819268
15613754
15229780
16205907
17521902
16265998
15078515
13742730
16721296
13585552
15066325
15136175
15494564
15943122
15650713
16194925
13777816
16333326
13518380
14259927
14176174
16186644
17096121
15437546
14207901
15550980
15250597
17327000
17153903
16907880
15045182
16391554
16828940
14100645
12793237
14709705
15418804
15113626
13972678
15919833
13728961
15361454
16473381
15786115
17217422
15493140
13970952
16493188
16047246
16483501
15921935
16080522
16483773
14471635
14776548
16808515
15697660
16099457
13867823
16022957
15751025
16080372
14914160
15026041
14928996
15802861
15553890
14838895
14826132
15382563
16140724
14462507
15066347
15127602
16263607
15379006
15883763
15281504
13254221
15959728
16060257
14930410
15543284
16581308
14995689
15409445
16497688
16493185
17080551
15195137
14672360
13885537
15094754
14158760
14372322
15849989
15270173
15089234
16176216
15185188
13669070
15941686
15565952
15567202
17220972
14470650
17216243
15783305
14581298
15587219
14359261
14305207
15614049
15047981
13768425
14872943
15043116
15863765
15653308
13476520
14257520
15249009
15156510
15120346
13552499
15190860
14025553
14602788
14931947
15801744
14937399
15640244
15185424
16373290
15018898
14507724
15539759
15305260
14969242
14241490
14896805
14669130
14451761
16096934
16609054
15287189
15261507
14160226
15390874
13766211
17260940
15903233
14042654
16331845
15003020
13385948
14561191
16303848
14325943
15219153
14428684
14633177
15234674
15289431
15662788
14952841
15138730
16861890
15464752
16505413
16571797
14032884
15970392
16537696
14443078
16566257
14626228
13799079
14448996
14849236
14948752
14307311
15627175
15319602
16930676
14316818
15904047
16217624
14509995
15382270
14037053
17028725
16578192
14229451
14639842
15437821
14690454
16231112
16809690
14049511
15331540
15476355
13788758
14510133
14340080
13964458
16852514
13995738
14558105
16920656
15883555
14689392
15194561
14859609
16226532
14714845
15341208
15047588
14934107
14927445
16576134
16193203
15078797
15625378
15878208
14537455
14896773
18015722
15166008
16355614
15883928
15700342
17048664
15689605
16703259
13330008
15250241
16030917
16333894
16242751
14544987
16818972
15626994
15005103
13913351
14861480
15290286
16005871
14127605
15763395
15993404
15160733
16077504
13858499
16053003
15754807
16049049
14782423
13705881
15050946
16411839
16229028
16907957
15045611
14737338
14087037
14832427
14444457
15000746
13180127
15800096
13386533
15852089
14221271
14492772
15312318
15853738
14143842
14499533
15969211
14950161
14659945
14465137
17692566
12874229
15008926
16247201
15703683
14087317
15854117
16506324
14194247
15529758
14835065
14335780
15568477
13907651
16239816
13970628
14282115
14876399
14518072
16943399
15206483
15510476
16207045
15312868
15239032
16204063
15397212
15097462
15433457
14998644
15079675
16129714
14870015
14849259
14989782
15027834
14724276
15460390
16304975
15261326
14108962
15435864
15485438
14302189
15432629
15820155
14849726
14221798
15991476
14189843
14073852
15478996
18661190
15845648
14965842
13954347
15915174
15613617
15094657
16338660
14800267
13825519
13865323
16291764
13824600
14447856
15028453
14424264
15489911
15194755
15974547
14579558
15759927
16628301
15290977
14430329
15330660
16873857
14887250
15605447
15779078
15992815
13553090
16719139
14256574
15582466
16102271
14418918
16643701
15504590
14381964
16165074
15083304
16085767
16128894
13835782
15656091
15932139
15348506
17675948
16446239
14526443
15580491
16394715
14925755
15210223
15280849
15038418
13119850
15791297
16955851
15819518
16063589
15414870
15506697
12722265
12307131
15029538
13620753
13471612
15274461
15174989
16206720
17849505
16477240
14830687
13668588
14432085
16486249
16535754
14331221
14915766
15507581
16811608
14294617
15124351
16175606
14825066
17486199
14756243
14494900
14912274
15340399
17311986
13625258
13554518
16515455
14808121
15226652
15430606
15379171
15510282
15980184
15945901
14446196
14382494
15997718
13920401
16445958
14509940
15126290
15048802
15677897
15051389
16409662
16561344
14023109
14867133
15194524
15033785
15269460
16597975
13058950
15269899
15005431
17302526
14496352
14850379
14577815
15607691
14592492
14049814
14953572
14872796
16801263
14282560
14266892
14156244
15929729
14505436
16329084
14488250
15704974
17062404
13707909
14484427
16414547
13791102
15086321
15311205
16122136
14857701
16619122
17163587
16149835
14819094
14674744
15060984
14595856
14561897
14797182
16950388
15117986
13890668
14750942
15811539
15116072
13887321
15890426
14153216
12515089
15384314
15912891
13746804
15228884
15751002
15078354
14578808
14972022
14557198
15070955
14661353
14036068
15084729
15080303
15787365
15446504
14954726
14919345
17036436
15500431
15782504
16125676
15315505
16537840
14615726
15173863
15675015
15067619
14989410
15099804
15392541
14845807
15661971
14998751
14819325
16771094
15571821
15252027
14795866
15981979
14133164
13610176
15109540
17509087
13704737
15884132
15165305
13302019
15068217
15083539
14506109
15816506
14517167
14827463
15224148
13821335
15237465
14741838
15745362
15088344
15495287
13956803
16045588
15838005
14438248
15760322
14377687
14043127
17083447
15956932
15497351
14232450
14564916
16109936
14713028
14453198
15296147
14717568
15262198
14108114
14269253
14372063
15399752
13699241
16162405
16054738
16102459
13925582
15496459
15141356
16280683
13639019
16328111
14279511
14133811
15885398
15906248
14705930
14949327
14305502
15089731
15878739
13550581
16146111
15498392
15564682
15038013
14390745
14105180
16915077
14913019
16321959
14385540
15268487
15220418
14254877
14351469
15379793
17000460
13959882
15191798
12064115
15599674
14857854
15372605
14970310
15472107
14542514
14267163
12687701
16102977
15456162
14765736
14893009
16390245
13925576
16961609
14894795
15705270
14919193
14635895
15561447
15029675
15952867
15224848
14316167
15043940
16526438
13983979
11350764
15798121
15155034
16634741
14475730
15712932
12569437
15835621
16565929
14426098
15611311
16301658
14807717
14685237
15402794
14624229
15490621
16315541
15817604
13642019
17138156
16246577
14531458
15331240
17828730
15949973
14822652
14327072
14657251
14623126
17245546
14745872
14097380
14311509
15836746
15816777
15660735
15893319
16484716
15592715
15604922
13628882
15758075
15263087
16132314
14775458
13188508
16165899
15644687
15951011
15957873
15394099
14624876
15627563
16244238
15877600
14298692
14101509
16219866
15148295
15243214
13951723
15676592
16282678
15517158
15097990
14282043
15006154
14211996
15032703
14614224
14144811
17438712
14138074
18087821
14482423
14607710
15258244
15103839
14846459
14868737
15374648
14867691
14851280
13941035
14018866
16479125
15426717
15150553
15283247
16238989
13854235
15584943
15971879
14618071
14288606
15315118
15507441
16666520
14664241
14332568
15322360
15415293
13874270
16491529
16033100
16320953
16242415
17105885
15702064
15521634
15716874
15167247
15745263
17101328
15302561
13390517
13519252
15540538
16335279
14528214
16198827
14829499
15846843
14465862
16445082
14480293
13596553
16149780
13798348
15530245
14525164
15304665
16561781
15060181
15504063
16219439
15867744
15236263
13596859
15330565
15132423
14758752
13768957
14129576
16925171
15877682
14260454
17406342
13764921
15805563
15285870
14826278
16009860
14551333
15870951
15298437
15681572
