150383.0
150383.0
150383.0
150383.0
150383.0
150383.0
150383.0
150383.0
150383.0
150383.0
300766
300766
300766
300766
300766
300766
300766
300766
300766
300766
451149
451149
451149
451149
451149
451149
451149
451149
451149
451149
601532
601532
601532
601532
601532
601532
601532
601532
601532
601532
751915
751915
751915
751915
751915
751915
751915
751915
751915
751915
902298
902298
902298
902298
902298
902298
902298
902298
902298
902298
1052681
1052681
1052681
1052681
1052681
1052681
1052681
1052681
1052681
1052681
1203064
1203064
1203064
1203064
1203064
1203064
1203064
1203064
1203064
1203064
1353447
1353447
1353447
1353447
1353447
1353447
1353447
1353447
1353447
1353447
1503830
1503830
1503830
1503830
1503830
1503830
1503830
1503830
1503830
1503830
1654213
1654213
1654213
1654213
1654213
1654213
1654213
1654213
1654213
1654213
1804596
1804596
1804596
1804596
1804596
1804596
1804596
1804596
1804596
1804596
1954979
1954979
1954979
1954979
1954979
1954979
1954979
1954979
1954979
1954979
2105362
2105362
2105362
2105362
2105362
2105362
2105362
2105362
2105362
2105362
2255745
2255745
2255745
2255745
2255745
2255745
2255745
2255745
2255745
2255745
2406128
2406128
2406128
2406128
2406128
2406128
2406128
2406128
2406128
2406128
2556511
2556511
2556511
2556511
2556511
2556511
2556511
2556511
2556511
2556511
2706894
2706894
2706894
2706894
2706894
2706894
2706894
2706894
2706894
2706894
2857277
2857277
2857277
2857277
2857277
2857277
2857277
2857277
2857277
2857277
3007660
3007660
3007660
3007660
3007660
3007660
3007660
3007660
3007660
3007660
3158043
3158043
3158043
3158043
3158043
3158043
3158043
3158043
3158043
3158043
3308426
3308426
3308426
3308426
3308426
3308426
3308426
3308426
3308426
3308426
3458809
3458809
3458809
3458809
3458809
3458809
3458809
3458809
3458809
3458809
3609192
3609192
3609192
3609192
3609192
3609192
3609192
3609192
3609192
3609192
3759575
3759575
3759575
3759575
3759575
3759575
3759575
3759575
3759575
3759575
3909958
3909958
3909958
3909958
3909958
3909958
3909958
3909958
3909958
3909958
4060341
4060341
4060341
4060341
4060341
4060341
4060341
4060341
4060341
4060341
4210724
4210724
4210724
4210724
4210724
4210724
4210724
4210724
4210724
4210724
4361107
4361107
4361107
4361107
4361107
4361107
4361107
4361107
4361107
4361107
4511490
4511490
4511490
4511490
4511490
4511490
4511490
4511490
4511490
4511490
4661873
4661873
4661873
4661873
4661873
4661873
4661873
4661873
4661873
4661873
4812256
4812256
4812256
4812256
4812256
4812256
4812256
4812256
4812256
4812256
4962639
4962639
4962639
4962639
4962639
4962639
4962639
4962639
4962639
4962639
5113022
5113022
5113022
5113022
5113022
5113022
5113022
5113022
5113022
5113022
5263405
5263405
5263405
5263405
5263405
5263405
5263405
5263405
5263405
5263405
5413788
5413788
5413788
5413788
5413788
5413788
5413788
5413788
5413788
5413788
5564171
5564171
5564171
5564171
5564171
5564171
5564171
5564171
5564171
5564171
5714554
5714554
5714554
5714554
5714554
5714554
5714554
5714554
5714554
5714554
5864937
5864937
5864937
5864937
5864937
5864937
5864937
5864937
5864937
5864937
6015320
6015320
6015320
6015320
6015320
6015320
6015320
6015320
6015320
6015320
6165703
6165703
6165703
6165703
6165703
6165703
6165703
6165703
6165703
6165703
6316086
6316086
6316086
6316086
6316086
6316086
6316086
6316086
6316086
6316086
6466469
6466469
6466469
6466469
6466469
6466469
6466469
6466469
6466469
6466469
6466469
6466469
6466469
6466469
6466469
6466469
6466469
6466469
6466469
6466469
6616852
6616852
6616852
6616852
6616852
6616852
6616852
6616852
6616852
6616852
6616852
6616852
6616852
6616852
6616852
6616852
6616852
6616852
6616852
6616852
6767235
6767235
6767235
6767235
6767235
6767235
6767235
6767235
6767235
6767235
6767235
6767235
6767235
6767235
6767235
6767235
6767235
6767235
6767235
6767235
6917618
6917618
6917618
6917618
6917618
6917618
6917618
6917618
6917618
6917618
6917618
6917618
6917618
6917618
6917618
6917618
6917618
6917618
6917618
6917618
7068001
7068001
7068001
7068001
7068001
7068001
7068001
7068001
7068001
7068001
7218384
7218384
7218384
7218384
7218384
7218384
7218384
7218384
7218384
7218384
7218384
7218384
7218384
7218384
7218384
7218384
7218384
7218384
7218384
7218384
7368767
7368767
7368767
7368767
7368767
7368767
7368767
7368767
7368767
7368767
7368767
7368767
7368767
7368767
7368767
7368767
7368767
7368767
7368767
7368767
7519150
7519150
7519150
7519150
7519150
7519150
7519150
7519150
7519150
7519150
7519150
7519150
7519150
7519150
7519150
7519150
7519150
7519150
7519150
7519150
7669533
7669533
7669533
7669533
7669533
7669533
7669533
7669533
7669533
7669533
7669533
7669533
7669533
7669533
7669533
7669533
7669533
7669533
7669533
7669533
7819916
7819916
7819916
7819916
7819916
7819916
7819916
7819916
7819916
7819916
7819916
7819916
7819916
7819916
7819916
7819916
7819916
7819916
7819916
7819916
7970299
7970299
7970299
7970299
7970299
7970299
7970299
7970299
7970299
7970299
7970299
7970299
7970299
7970299
7970299
7970299
7970299
7970299
7970299
7970299
8120682
8120682
8120682
8120682
8120682
8120682
8120682
8120682
8120682
8120682
8271065
8271065
8271065
8271065
8271065
8271065
8271065
8271065
8271065
8271065
8421448
8421448
8421448
8421448
8421448
8421448
8421448
8421448
8421448
8421448
8571831
8571831
8571831
8571831
8571831
8571831
8571831
8571831
8571831
8571831
8722214
8722214
8722214
8722214
8722214
8722214
8722214
8722214
8722214
8722214
8872597
8872597
8872597
8872597
8872597
8872597
8872597
8872597
8872597
8872597
9022980
9022980
9022980
9022980
9022980
9022980
9022980
9022980
9022980
9022980
9173363
9173363
9173363
9173363
9173363
9173363
9173363
9173363
9173363
9173363
9323746
9323746
9323746
9323746
9323746
9323746
9323746
9323746
9323746
9323746
9474129
9474129
9474129
9474129
9474129
9474129
9474129
9474129
9474129
9474129
9624512
9624512
9624512
9624512
9624512
9624512
9624512
9624512
9624512
9624512
9774895
9774895
9774895
9774895
9774895
9774895
9774895
9774895
9774895
9774895
9925278
9925278
9925278
9925278
9925278
9925278
9925278
9925278
9925278
9925278
10075661
10075661
10075661
10075661
10075661
10075661
10075661
10075661
10075661
10075661
10226044
10226044
10226044
10226044
10226044
10226044
10226044
10226044
10226044
10226044
10376427
10376427
10376427
10376427
10376427
10376427
10376427
10376427
10376427
10376427
10526810
10526810
10526810
10526810
10526810
10526810
10526810
10526810
10526810
10526810
10677193
10677193
10677193
10677193
10677193
10677193
10677193
10677193
10677193
10677193
10827576
10827576
10827576
10827576
10827576
10827576
10827576
10827576
10827576
10827576
10977959
10977959
10977959
10977959
10977959
10977959
10977959
10977959
10977959
10977959
11128342
11128342
11128342
11128342
11128342
11128342
11128342
11128342
11128342
11128342
11278725
11278725
11278725
11278725
11278725
11278725
11278725
11278725
11278725
11278725
11429108
11429108
11429108
11429108
11429108
11429108
11429108
11429108
11429108
11429108
11579491
11579491
11579491
11579491
11579491
11579491
11579491
11579491
11579491
11579491
11729874
11729874
11729874
11729874
11729874
11729874
11729874
11729874
11729874
11729874
11880257
11880257
11880257
11880257
11880257
11880257
11880257
11880257
11880257
11880257
12030640
12030640
12030640
12030640
12030640
12030640
12030640
12030640
12030640
12030640
12181023
12181023
12181023
12181023
12181023
12181023
12181023
12181023
12181023
12181023
12331406
12331406
12331406
12331406
12331406
12331406
12331406
12331406
12331406
12331406
12481789
12481789
12481789
12481789
12481789
12481789
12481789
12481789
12481789
12481789
12632172
12632172
12632172
12632172
12632172
12632172
12632172
12632172
12632172
12632172
12782555
12782555
12782555
12782555
12782555
12782555
12782555
12782555
12782555
12782555
12932938
12932938
12932938
12932938
12932938
12932938
12932938
12932938
12932938
12932938
13083321
13083321
13083321
13083321
13083321
13083321
13083321
13083321
13083321
13083321
13233704
13233704
13233704
13233704
13233704
13233704
13233704
13233704
13233704
13233704
13384087
13384087
13384087
13384087
13384087
13384087
13384087
13384087
13384087
13384087
13534470
13534470
13534470
13534470
13534470
13534470
13534470
13534470
13534470
13534470
13684853
13684853
13684853
13684853
13684853
13684853
13684853
13684853
13684853
13684853
13835236
13835236
13835236
13835236
13835236
13835236
13835236
13835236
13835236
13835236
13985619
13985619
13985619
13985619
13985619
13985619
13985619
13985619
13985619
13985619
14136002
14136002
14136002
14136002
14136002
14136002
14136002
14136002
14136002
14136002
