1608281
1902865
1902868
2687840
3071372
3071737
3073938
4243283
5277241
5494228
5497422
5733241
6587842
6597506
6623487
6757636
6757655
7357619
9232220
9466604
9839313
10013522
10875256
11162058
11857798
11905532
11905533
11910437
11958727
12388772
13109959
13257751
13259080
13523759
13557058
13558808
14316111
14320073
15226631
15273655
15593680
15644641
15714741
15848157
15861495
16143585
16148660
16219969
16256347
16838126
16863427
17044105
17312141
17360989
17363726
18774111
18779106
18808927
18816626
18908972
18946473
19308373
19309911
19352435
