994388
366376
781757
970517
824491
612238
264669
662487
740850
744717
750830
5572
199037
482696
572377
898625
837617
492236
181096
208981
979093
559066
32493
992434
479349
557087
116035
975599
492134
348882
522820
655446
345227
259025
169983
656526
552422
909191
783318
837873
489804
895565
77812
864192
212008
284973
895554
687068
631707
909697
869429
843498
275473
959789
783782
856851
108517
252066
465733
512438
175601
295805
561061
438283
60301
601572
15590
400583
681574
274006
548476
867720
183470
334125
771308
40345
776238
636076
385135
119877
590677
837567
612950
163971
820961
43357
106434
762960
198751
389240
670036
266673
725464
717248
249458
249295
776086
646866
306672
241810
388322
998937
619471
193272
168850
470829
456254
686424
418176
529683
944241
796080
135938
560168
338247
319073
