0.16666666666666666
0.0625
0.16666666666666666
0.06666666666666667
0.058823529411764705
0.07692307692307693
0.125
0.1
0.06666666666666667
0.07692307692307693
0.047619047619047616
0.1111111111111111
0.1111111111111111
0.1
0.1111111111111111
0.08333333333333333
0.07142857142857142
0.058823529411764705
0.14285714285714285
0.09090909090909091
0.1
0.1
0.05
0.16666666666666666
0.125
0.06666666666666667
0.058823529411764705
0.2
0.125
0.07142857142857142
0.14285714285714285
0.06666666666666667
0.1111111111111111
0.08333333333333333
0.07142857142857142
0.14285714285714285
0.1
0.07692307692307693
0.06666666666666667
0.1111111111111111
0.14285714285714285
0.09090909090909091
0.07142857142857142
0.06666666666666667
0.125
0.08333333333333333
0.125
0.1
0.125
0.125
0.14285714285714285
0.1111111111111111
0.08333333333333333
0.09090909090909091
0.2
0.125
0.125
0.125
0.07692307692307693
0.2
0.16666666666666666
0.09090909090909091
0.1111111111111111
0.14285714285714285
0.1
0.16666666666666666
0.25
0.1111111111111111
0.14285714285714285
0.07692307692307693
0.1
0.0625
0.1
0.07142857142857142
0.06666666666666667
0.1111111111111111
0.2
0.09090909090909091
0.08333333333333333
0.1
0.07692307692307693
0.07692307692307693
0.14285714285714285
0.07692307692307693
0.08333333333333333
0.125
0.1111111111111111
0.07692307692307693
0.05263157894736842
0.0625
0.08333333333333333
0.14285714285714285
0.14285714285714285
0.25
0.07692307692307693
0.09090909090909091
0.06666666666666667
0.08333333333333333
0.2
0.05
0.05555555555555555
0.08333333333333333
0.06666666666666667
0.07142857142857142
0.07142857142857142
0.125
0.125
0.07142857142857142
0.09090909090909091
0.0625
0.1
0.125
0.06666666666666667
0.09090909090909091
0.06666666666666667
0.06666666666666667
0.0625
0.125
0.0625
0.1
0.125
0.125
0.05555555555555555
0.1111111111111111
0.25
0.1
0.08333333333333333
0.2
0.1
0.09090909090909091
0.16666666666666666
0.05
0.07692307692307693
0.14285714285714285
0.2
0.1
0.1111111111111111
0.08333333333333333
0.3333333333333333
0.09090909090909091
0.16666666666666666
0.1111111111111111
0.125
0.16666666666666666
0.1111111111111111
0.07142857142857142
0.06666666666666667
0.08333333333333333
0.14285714285714285
0.08333333333333333
0.07142857142857142
0.125
0.0625
0.08333333333333333
0.05263157894736842
0.14285714285714285
0.16666666666666666
0.1111111111111111
0.125
0.08333333333333333
0.16666666666666666
0.06666666666666667
0.5
0.08333333333333333
0.07142857142857142
0.16666666666666666
0.06666666666666667
0.08333333333333333
0.14285714285714285
0.08333333333333333
0.16666666666666666
0.08333333333333333
0.06666666666666667
0.08333333333333333
0.09090909090909091
0.1
0.16666666666666666
0.1111111111111111
0.16666666666666666
0.125
0.125
0.0625
0.1
0.1111111111111111
0.05555555555555555
0.08333333333333333
0.1111111111111111
0.09090909090909091
0.06666666666666667
0.14285714285714285
0.1
0.07692307692307693
0.09090909090909091
0.16666666666666666
0.06666666666666667
0.14285714285714285
0.1
0.14285714285714285
0.125
0.1
0.1111111111111111
0.07692307692307693
0.09090909090909091
0.0625
0.16666666666666666
0.3333333333333333
0.125
0.07142857142857142
0.09090909090909091
0.1
0.1
0.09090909090909091
0.1111111111111111
0.2
0.05263157894736842
0.1
0.1111111111111111
0.0625
0.1
0.1
0.08333333333333333
0.1111111111111111
0.07692307692307693
0.09090909090909091
0.2
0.125
0.07692307692307693
0.08333333333333333
0.1
0.08333333333333333
0.0625
0.07142857142857142
0.05555555555555555
0.16666666666666666
0.1
0.09090909090909091
0.09090909090909091
0.058823529411764705
0.16666666666666666
0.07692307692307693
0.1
0.0625
0.125
0.07142857142857142
0.08333333333333333
0.09090909090909091
0.058823529411764705
0.1
0.25
0.1
0.09090909090909091
0.09090909090909091
0.09090909090909091
0.2
0.06666666666666667
0.07692307692307693
0.05555555555555555
0.07142857142857142
0.14285714285714285
0.125
0.09090909090909091
0.09090909090909091
0.16666666666666666
0.09090909090909091
0.07692307692307693
0.1111111111111111
0.1
0.07692307692307693
0.07692307692307693
0.09090909090909091
0.08333333333333333
0.2
0.07142857142857142
0.14285714285714285
0.16666666666666666
0.05263157894736842
0.06666666666666667
0.1111111111111111
0.05555555555555555
0.125
0.1111111111111111
0.2
0.1111111111111111
0.09090909090909091
0.14285714285714285
0.05263157894736842
0.058823529411764705
0.09090909090909091
0.058823529411764705
0.1111111111111111
0.1
0.07142857142857142
0.08333333333333333
0.0625
0.07142857142857142
0.07142857142857142
0.1111111111111111
0.05555555555555555
0.058823529411764705
0.09090909090909091
0.1111111111111111
0.08333333333333333
0.1111111111111111
0.125
0.058823529411764705
0.09090909090909091
0.125
0.14285714285714285
0.1
0.0625
0.09090909090909091
0.14285714285714285
0.0625
0.125
0.08333333333333333
0.07142857142857142
0.07692307692307693
0.05
0.1
0.16666666666666666
0.1
0.07142857142857142
0.1111111111111111
0.2
0.1111111111111111
0.16666666666666666
0.09090909090909091
0.08333333333333333
0.1111111111111111
0.14285714285714285
0.05555555555555555
0.08333333333333333
0.125
0.0625
0.09090909090909091
0.1111111111111111
0.09090909090909091
0.06666666666666667
0.1
0.125
0.09090909090909091
0.07692307692307693
0.1111111111111111
0.08333333333333333
0.125
0.125
0.09090909090909091
0.16666666666666666
0.08333333333333333
0.125
0.05555555555555555
0.08333333333333333
0.0625
0.1
0.125
0.08333333333333333
0.14285714285714285
0.1
0.14285714285714285
0.125
0.06666666666666667
0.07142857142857142
0.1
0.06666666666666667
0.2222222222222222
0.16666666666666666
0.2
0.08333333333333333
0.1111111111111111
0.125
0.125
0.08333333333333333
0.125
0.08333333333333333
0.08333333333333333
0.18181818181818182
0.1
0.1111111111111111
0.08333333333333333
0.125
0.125
0.14285714285714285
0.05555555555555555
0.06666666666666667
0.125
0.08333333333333333
0.07142857142857142
0.2
0.08333333333333333
0.08333333333333333
0.09090909090909091
0.08333333333333333
0.07142857142857142
0.09090909090909091
0.25
0.1
0.05263157894736842
0.09090909090909091
0.18181818181818182
0.15384615384615385
0.1
0.3
0.058823529411764705
0.16666666666666666
0.25
0.2222222222222222
0.375
0.3333333333333333
0.42857142857142855
0.625
0.5
0.23076923076923078
0.3
0.18181818181818182
0.3333333333333333
0.38461538461538464
0.09090909090909091
0.45454545454545453
0.3333333333333333
0.4166666666666667
0.2727272727272727
0.5555555555555556
1.25
0.5625
0.2727272727272727
0.75
0.5625
1.0
0.4666666666666667
0.5
0.5714285714285714
1.0
0.9375
0.5625
1.4
1.2222222222222223
2.125
1.9090909090909092
1.0
1.5454545454545454
3.2
0.9444444444444444
0.8235294117647058
0.9
1.4666666666666666
3.1666666666666665
1.2666666666666666
2.0
1.4545454545454546
4.0
2.3636363636363638
2.5
2.1666666666666665
3.6363636363636362
3.5833333333333335
4.666666666666667
6.25
3.111111111111111
4.0
3.0833333333333335
3.2666666666666666
5.0
7.545454545454546
6.4
5.444444444444445
5.571428571428571
6.5
4.769230769230769
7.285714285714286
3.9285714285714284
8.444444444444445
5.333333333333333
4.083333333333333
5.625
13.333333333333334
5.636363636363637
9.375
8.545454545454545
9.6
7.857142857142857
5.090909090909091
6.142857142857143
12.571428571428571
6.538461538461538
6.611111111111111
8.11111111111111
9.4
11.428571428571429
15.666666666666666
14.75
7.333333333333333
23.4
10.777777777777779
16.0
16.0
13.125
11.333333333333334
8.0
9.636363636363637
12.384615384615385
14.2
8.263157894736842
7.428571428571429
9.428571428571429
10.5625
10.090909090909092
10.571428571428571
13.727272727272727
7.285714285714286
7.384615384615385
14.375
14.363636363636363
11.909090909090908
8.0
10.75
34.666666666666664
11.0
8.1
19.6
8.181818181818182
15.11111111111111
17.9
11.538461538461538
10.25
7.705882352941177
12.7
6.176470588235294
10.846153846153847
10.538461538461538
11.416666666666666
10.307692307692308
12.833333333333334
14.5
4.533333333333333
5.8
9.071428571428571
9.0
5.444444444444445
10.9
6.25
7.444444444444445
6.0
4.818181818181818
7.454545454545454
6.8
6.571428571428571
4.0
2.8
9.666666666666666
3.4444444444444446
4.384615384615385
5.0
3.2857142857142856
2.2857142857142856
3.6666666666666665
2.3846153846153846
9.0
6.2
7.166666666666667
3.909090909090909
2.6875
4.444444444444445
3.6666666666666665
7.2
3.4615384615384617
2.1666666666666665
2.230769230769231
1.8181818181818181
1.2727272727272727
3.4285714285714284
2.2
1.1666666666666667
1.2727272727272727
4.0
1.75
1.2857142857142858
1.6666666666666667
1.8
0.42857142857142855
0.8333333333333334
1.1428571428571428
0.6923076923076923
1.25
2.0
0.5333333333333333
0.6111111111111112
2.3333333333333335
0.6
0.4444444444444444
0.3333333333333333
0.9
0.375
0.75
0.5333333333333333
0.4
0.47058823529411764
0.09090909090909091
0.14285714285714285
0.4117647058823529
0.29411764705882354
0.4444444444444444
0.8571428571428571
0.1111111111111111
0.23076923076923078
0.08333333333333333
0.75
0.1875
0.6666666666666666
0.14285714285714285
0.2222222222222222
0.2857142857142857
0.18181818181818182
0.16666666666666666
0.2
0.07692307692307693
0.09090909090909091
0.15384615384615385
0.2857142857142857
0.1
0.09090909090909091
0.14285714285714285
0.125
0.09090909090909091
0.375
0.25
0.125
0.1111111111111111
0.07692307692307693
0.2
0.16666666666666666
0.1
0.1
0.1
0.16666666666666666
0.125
0.1111111111111111
0.09090909090909091
0.06666666666666667
0.1
0.2
0.09090909090909091
0.09090909090909091
0.09090909090909091
0.1
0.4
0.08333333333333333
0.08333333333333333
0.1111111111111111
0.1
0.16666666666666666
0.08333333333333333
0.1111111111111111
0.1
0.08333333333333333
0.1111111111111111
0.08333333333333333
0.1
0.05555555555555555
0.09090909090909091
0.09090909090909091
0.0625
0.07692307692307693
0.08333333333333333
0.1
0.07142857142857142
0.08333333333333333
0.08333333333333333
0.1111111111111111
0.25
0.05555555555555555
0.3333333333333333
0.07692307692307693
0.1
0.07142857142857142
0.1
0.1
0.08333333333333333
0.14285714285714285
0.1111111111111111
0.07142857142857142
0.07692307692307693
0.2
0.06666666666666667
0.05
0.1
0.0625
0.125
0.1
0.1
0.125
0.06666666666666667
0.1111111111111111
0.09090909090909091
0.08333333333333333
0.14285714285714285
0.07142857142857142
0.09090909090909091
0.16666666666666666
0.1111111111111111
0.1111111111111111
0.1
0.16666666666666666
0.08333333333333333
0.125
0.125
0.07142857142857142
0.1111111111111111
0.05263157894736842
0.07142857142857142
0.1111111111111111
0.05555555555555555
0.125
0.1
0.16666666666666666
0.1111111111111111
0.1
0.058823529411764705
0.125
0.0625
0.07692307692307693
0.07142857142857142
0.1
0.07142857142857142
0.14285714285714285
0.08333333333333333
0.125
0.1
0.05555555555555555
0.08333333333333333
0.125
0.1111111111111111
0.07692307692307693
0.14285714285714285
0.1
0.08333333333333333
0.1
0.1111111111111111
0.09090909090909091
0.07692307692307693
0.125
0.25
0.1111111111111111
0.058823529411764705
0.125
0.05555555555555555
0.1111111111111111
0.14285714285714285
0.09090909090909091
0.1
0.07142857142857142
0.09090909090909091
0.1
0.16666666666666666
0.07142857142857142
0.1111111111111111
0.06666666666666667
0.06666666666666667
0.06666666666666667
0.14285714285714285
0.14285714285714285
0.05
0.14285714285714285
0.14285714285714285
0.1111111111111111
0.07142857142857142
0.1
0.1
0.14285714285714285
0.2
0.05
0.1111111111111111
0.0625
0.09090909090909091
0.1
0.08333333333333333
0.07142857142857142
0.08333333333333333
0.07692307692307693
0.09090909090909091
0.0625
0.125
0.1111111111111111
0.1
0.07692307692307693
0.2
0.09090909090909091
0.06666666666666667
0.05
0.1
0.1111111111111111
0.06666666666666667
0.1111111111111111
0.1
0.09090909090909091
0.09090909090909091
0.14285714285714285
0.14285714285714285
0.05555555555555555
0.06666666666666667
0.1
0.05555555555555555
0.2
0.07692307692307693
0.09090909090909091
0.0625
0.06666666666666667
0.09090909090909091
0.058823529411764705
0.125
0.08333333333333333
0.1
0.08333333333333333
0.1111111111111111
0.1
0.08333333333333333
0.1111111111111111
0.125
0.08333333333333333
0.09090909090909091
0.0625
0.125
0.125
0.07692307692307693
0.09090909090909091
0.1
0.125
0.05263157894736842
0.1111111111111111
0.058823529411764705
0.09090909090909091
0.08333333333333333
0.07142857142857142
0.07692307692307693
0.1
0.125
0.16666666666666666
0.2
0.09090909090909091
0.1
0.08333333333333333
0.0625
0.1
0.16666666666666666
0.1
0.14285714285714285
0.09090909090909091
0.09090909090909091
0.05555555555555555
0.1111111111111111
0.0625
0.06666666666666667
0.09090909090909091
0.09090909090909091
0.09090909090909091
0.05263157894736842
0.1111111111111111
0.125
0.16666666666666666
0.125
0.05555555555555555
0.1
0.07692307692307693
0.1
0.08333333333333333
0.08333333333333333
0.125
0.1
0.1111111111111111
0.1
0.16666666666666666
0.08333333333333333
0.058823529411764705
0.1
0.058823529411764705
0.09090909090909091
0.14285714285714285
0.125
0.07692307692307693
0.08333333333333333
0.058823529411764705
0.14285714285714285
0.07692307692307693
0.14285714285714285
0.058823529411764705
0.125
0.125
0.0625
0.1111111111111111
0.05263157894736842
0.1111111111111111
0.125
0.1111111111111111
0.1
0.07692307692307693
0.1111111111111111
0.125
0.1
0.1
0.07692307692307693
0.25
0.125
0.06666666666666667
0.125
0.16666666666666666
0.0625
0.06666666666666667
0.05
0.16666666666666666
0.07142857142857142
0.125
0.058823529411764705
0.07142857142857142
0.14285714285714285
0.058823529411764705
0.07692307692307693
0.058823529411764705
0.1
0.09090909090909091
0.07692307692307693
0.08333333333333333
0.05555555555555555
0.1
0.1111111111111111
0.125
0.07692307692307693
0.07692307692307693
0.05263157894736842
0.09090909090909091
0.14285714285714285
0.125
0.07142857142857142
0.07142857142857142
0.0625
0.14285714285714285
0.25
0.09090909090909091
0.0625
0.16666666666666666
0.07692307692307693
0.058823529411764705
0.1
0.09090909090909091
0.125
0.06666666666666667
0.1
0.07142857142857142
0.14285714285714285
0.1111111111111111
0.1111111111111111
0.05555555555555555
0.14285714285714285
0.1
0.14285714285714285
0.14285714285714285
0.16666666666666666
0.09090909090909091
0.058823529411764705
0.14285714285714285
0.05555555555555555
0.14285714285714285
0.1
0.058823529411764705
0.0625
0.1111111111111111
0.058823529411764705
0.07692307692307693
0.09090909090909091
0.14285714285714285
0.14285714285714285
0.07142857142857142
0.2
0.09090909090909091
0.09090909090909091
0.125
0.09090909090909091
0.1
0.1
0.06666666666666667
0.09090909090909091
0.07692307692307693
0.1111111111111111
0.14285714285714285
0.1111111111111111
0.07692307692307693
0.08333333333333333
0.1
0.08333333333333333
0.1
0.09090909090909091
0.14285714285714285
0.09090909090909091
0.08333333333333333
0.125
0.1111111111111111
0.0625
0.08333333333333333
0.16666666666666666
0.07692307692307693
0.07692307692307693
0.14285714285714285
0.07692307692307693
0.058823529411764705
0.06666666666666667
0.125
0.16666666666666666
0.08333333333333333
0.25
0.08333333333333333
0.14285714285714285
0.25
