16126863
16098268
16761501
13613392
14778098
14589546
16750114
16041141
15826463
17131049
14789110
15673166
15797120
14551519
17206868
14271186
15717341
15081848
15325393
15374298
16065728
16105520
15550677
15785576
13923753
15375367
15394277
16307581
17627511
14441447
13125293
17312691
13906113
15162770
15595447
17382994
13884027
17631555
14813986
14602939
14159178
15140732
13450114
14186499
14734673
14876208
14924574
15582476
15223237
15339058
14994925
13828029
17257019
16301620
16260661
16548651
15310292
14497433
15408529
17236149
15711683
14811166
14812255
14408201
14762976
15491778
14636993
15166272
14725057
16754966
16585784
15253589
16229563
15482080
15271768
13753502
15647737
15646993
14282368
16209982
15482749
15880714
15295328
14450799
15956080
16599224
16836547
16088163
14962533
13966001
12966181
14072666
15690405
16803861
16304968
14819105
14119894
13866464
15406993
15407858
13088056
15366200
15810813
13333254
14071666
14051337
15465468
14937542
14946783
15296532
13574869
15877896
15858122
14875029
15895460
14307072
14675494
16529180
15239512
15853949
14050518
16612299
14476117
15426373
16313913
16305478
15535069
16768177
15562512
16720984
12296786
16325581
15796194
15023679
16116061
13952355
14636388
14875081
15200085
14072952
15916469
15071158
13547835
14933159
16063861
14559718
12608405
15710970
14797426
14994997
16319599
14171150
15037331
16194188
16944003
14930451
15114039
15891780
15564773
15225284
14586917
12917147
13743183
15974384
15337447
15517143
15027606
15277812
15878972
14998776
13983775
14312741
13968363
15399400
14848635
13995353
16116570
15483675
15796728
16139166
16304339
13267929
16533343
14620597
15448963
14260658
12515034
14069725
15538612
15923672
15835787
14445224
13133304
15906109
14087487
14098435
15445679
14582599
15500507
15393349
14449739
16862432
13827867
15155887
15073204
16427349
14958685
14455263
14331569
14103618
15601255
14916044
14074466
13883910
15202377
15143477
14713375
14726137
16665334
15040601
12914565
14057419
15585862
16523042
14151702
15541124
14451447
14537753
16347559
15928893
15382621
14673831
16156363
15261623
14910431
13487762
15623257
15176219
15752102
15458515
16411460
14424874
14277910
17637614
14331397
14001366
13709198
14462741
15514971
13891441
14122362
14976415
15650757
14628479
15144170
16235596
15464059
13952352
17790812
13707898
15394153
15974876
15233390
15204770
15486146
14901099
14404782
13495143
15782496
14157232
14686999
13901294
13353203
16554702
13885861
15753348
16091162
15002295
14919634
16432019
12974756
16616247
15392603
15776288
14922620
15326188
11988735
15157253
15527186
15449089
15604361
12547009
14914988
16831123
13264948
15977701
13785666
13405632
15946478
14352268
13516416
15697060
14914041
14384615
14669791
15415191
14317434
16632975
13339911
16077721
15712187
15501004
15072494
14909564
15282793
14546219
16221183
14650499
14081581
15940448
16002406
14187548
13262651
16114275
14533686
14871656
13453276
14137642
14143339
16845735
14999770
15267829
15869829
15302310
16746156
15070390
15254993
15024389
16315347
14451325
14363119
14267708
14506849
16996725
16206203
15892825
12017734
13976315
15740761
17887886
13989935
15797026
14057078
14819411
15566094
15925648
14818793
14534092
15645890
14885440
13702118
15456973
15714943
13393549
15050593
14401975
16180545
14131396
16038227
17745991
14970080
15682863
14652748
14362790
17311700
16187903
15055581
16032687
14560837
14013177
16408255
14432129
14927822
14511960
16251186
16088621
13719835
15660101
15121812
14401045
16713197
14416612
13505115
15009719
16229390
14420164
15519571
15839137
15517117
15007709
16124137
16109098
15637989
14161523
14751257
16118382
14919982
14777290
15463754
13623076
15226869
16790634
15289293
17350138
17110303
15150630
15841278
15002367
16075048
17689112
14935486
14580584
15535010
16194166
15760624
16504204
14613573
17171144
17220782
17208207
14567877
16580463
14119256
15118367
14593982
15896730
15097468
13321341
15036851
15404283
14675815
14573310
15897077
15392494
14726541
13942971
16517608
15172246
17044091
13580836
14976747
15362669
15216661
12867209
17445198
17074370
14699514
15175455
15428992
15233657
14767144
14825371
14669275
14967395
15027793
15450003
15573187
14174755
16103505
16320352
16485976
16141509
16074551
14145263
13491027
14022633
16026915
17600426
13232416
15301230
15277222
14306064
15424465
13219572
14869855
16656105
15618871
14434287
14400968
13218985
15387591
14711141
14739696
16012957
15442798
16537287
15651476
15640917
14220774
15302916
14173992
15100945
15541791
14989914
14096345
16181045
14992909
14712127
13100859
16098828
14540493
15338415
16062289
14200170
15255597
16676814
14347377
15603501
13640181
16529761
15679360
15514271
15990611
14819947
14765034
12918868
14925070
16772227
13367790
15812772
14326216
15010401
13979076
16097294
16877701
12847459
14961902
15674778
16226628
15326415
15748350
14666159
16083170
14043683
14738333
14993142
17528636
17002491
12495737
15981801
15189514
15535466
13934288
13732661
14392923
15241654
13856352
15721275
16729613
15546975
13697865
14039486
15081275
15828613
15522856
17014167
15389941
15648932
16237501
14999322
15454932
16636976
15086031
16239837
15393506
14356926
16188603
14998608
15390340
16278262
15382163
15644364
13211583
14910332
14646786
16758334
15639525
15161106
15313943
14355759
16013024
15493929
17754642
14215526
14831521
14190826
14609636
14340287
16421352
12619628
15692421
16865245
14002596
13373824
16987071
15293209
13303882
14443553
13553789
14245853
15030227
16034877
14692412
15060998
15523224
15297808
16382245
15884093
14918141
14257314
16191558
15481786
16433582
15515685
14848801
14332642
13970146
13868329
16808172
17675668
12593036
17310215
14305675
14334185
13846554
14770230
14730291
14852041
16304657
17428482
15615832
15369529
15679335
15281609
16421333
15678096
14132114
16339870
15315044
15145596
16145628
13989767
14546428
14527977
17605746
14811394
15264690
16004498
15276467
17559372
16646566
15924615
15741767
14312456
14979946
15267614
13510255
16660840
14725564
14825710
13033949
17052647
14946747
13801614
14676293
15318406
16185986
15289571
15719500
15467266
15382164
15329980
14392235
13795166
14374811
15000470
14488318
14827545
15037939
15061433
14724392
15632826
15259834
16382638
14819547
16374482
15390954
15289463
15609446
15077683
15131174
15290897
15240285
14857165
13944543
15587869
14913300
13770934
14558950
15811707
15654831
15820380
14882494
14798188
16736347
15880725
16544287
13142858
14352257
13751317
17404410
15770380
12426411
15365357
14409731
14549278
14748527
15612529
16372607
14461947
15128699
16813070
15484017
14960541
16491309
12839383
16548382
14509963
16290076
16021004
14319881
13699991
16212527
17239024
15592056
14348634
17966024
15552555
15412655
15527973
14136831
15224538
16056752
13278345
13037984
15509261
14783373
16679091
15539245
15366634
15181838
13710791
13314197
13810167
14574188
15858290
17396428
16774759
14198121
15332096
13312343
16152900
14554968
15819210
16147568
15396179
13742430
15245737
15981340
16903016
14772620
16920884
15055900
16448170
14006722
15077532
15959545
16072366
14596065
14159380
15129180
15894362
17707468
13981084
16169543
16926428
14683335
16754193
16286008
14893256
17116865
14391472
17100391
16520628
15022262
15772501
13858210
13757706
15744713
15930767
16506844
15544435
15517280
16827210
15282232
15957842
16444417
15526079
14726045
15888204
14114955
15469257
14872385
16161009
15671914
14244891
14405879
16684719
15494768
14782866
16165034
14534373
14857845
15038424
15453757
13710875
15499616
13782192
16862297
16354723
14188786
15580130
13976925
13781547
17438309
14988736
15590803
15052241
16369994
15862660
13844211
13923035
15372740
14892044
16211253
13403031
14041244
14841861
15729912
15362567
14363754
14155820
13654509
15771785
15926625
15102253
15268394
15280184
14062554
14882353
15252587
14846640
16429981
16455835
15875109
15669773
15196821
14067093
15207017
15503620
16062726
15098344
16060073
17195344
14132034
14454799
14844761
15045930
13698991
14166190
14271810
14901378
13786292
14036392
14766456
16456875
17186753
13837076
16183755
15829008
14851921
14417563
15591055
14459847
14281333
15266630
14578404
13651013
15363439
14653059
13566030
15193932
16331441
15830749
15894208
14830965
14918407
14901951
14419452
15752883
15161376
15348882
16584170
16432735
14482907
13606899
13668648
15039721
14194883
12828139
15667278
15849323
15787042
15155535
15978673
15725472
15630734
14456681
15496218
15207866
16226683
16070012
16135194
15205625
15533742
15087667
15222702
15963796
14445199
12860006
16106462
14500725
15129004
14519862
16678903
14932662
14688602
16036876
15840730
14168295
17151324
14290700
14790585
15968471
15845301
16353973
12954985
15530455
14197830
15088701
17570311
15092851
15550140
15317812
13981175
14190174
14417936
15558232
15291836
15462455
15667114
13524920
16176372
15241986
15673492
15689349
14169950
15373377
15721318
15271309
15301246
16973106
15612651
16719630
14743094
15175778
14132878
14844222
15909379
14056669
15107382
15159407
14223389
16174976
14664940
15421449
16465914
13942306
15404044
17061947
13356395
15030499
14654555
13168711
15199915
14218335
12964039
15432039
12935594
15714568
17027550
15411860
15246586
14627206
16320542
15021942
15377727
16267043
15710827
15516566
14443616
14133562
16128266
14904565
14959265
15824385
16372543
14449708
15106650
16624564
16144075
15915812
13233383
15009641
12792672
14945546
14443835
14791571
15631825
16007092
13623070
13897082
16635002
15619637
14204880
16663888
14228905
14561126
15440116
14633316
16072714
15508870
14895567
12304927
13795787
14740499
15252313
14777593
15984658
15075251
17367592
16125662
16462165
13745009
15067929
15119589
14244701
16061054
15589871
16072121
13905752
15350677
15136527
16077569
15994442
13166213
14712248
16086090
15076330
14728679
14694536
14401552
14796956
14583749
15524720
15854219
14995372
14701669
13143099
13827546
14553559
13724973
15262584
14462055
14376945
15433215
14272879
16384393
16628174
15450074
15487535
15839180
15327387
16169778
14660639
16067115
16014237
15019361
15682847
15115701
16296024
16710877
13602090
16484990
14563843
15580541
14284399
13477483
14887356
15248928
15109738
15053513
15637163
15505937
13939912
14592453
14172634
15122488
15440791
16831954
14467050
16090964
16869169
15760992
16026959
14518462
15701700
14508385
17397464
14675790
14394315
14341438
17040308
15584959
15484982
14587724
16848760
16824980
15318600
16335370
14815414
15691654
14227673
15056922
14807686
15278028
14284252
14734521
17084368
15392574
14915851
14954744
16866632
13250394
13521273
15326363
15447508
14316055
16163986
15601141
13800232
15608974
16128517
15630223
15006701
15505928
15026306
15837467
15829029
15913463
15191718
14765066
16541033
16988779
14638548
13955300
16142549
13640108
16160471
14303495
14599021
16001782
16166394
15489737
14553191
16247104
14293484
15426975
14782821
13257484
14745987
15355949
14186119
15197962
14242316
15006677
15384930
14872474
14690175
16498004
15067533
15885566
15669131
16564709
15221129
16234124
15088549
13416395
15522835
14917078
15450434
14032396
15234043
14793689
16221553
14016304
15890177
16875392
15479007
15757110
13776377
15093014
15449871
15438712
15724707
14502237
15177148
14146218
15125915
16915194
13883342
15278066
16349148
15033740
14929148
16349687
14536637
15168100
16722083
14918037
14608768
13938309
16738012
13537584
15365363
14219520
13381631
13799044
16495607
13593029
15075005
13498200
12946117
14862514
14983517
15441291
13547531
15155964
14199720
13761101
14876632
15433937
15972731
13934832
15477275
16324790
14807545
14608511
15648111
16165193
15492236
16997560
14343453
15071954
14782867
14412643
14071227
15402250
15799496
15874105
12845698
14811295
14211565
13668942
18257366
15453690
16349052
15689576
15444991
15602315
15672048
14344060
14668778
14507625
15109292
17141052
14917153
14781842
15166020
15768635
14630600
14650744
15421974
15143213
17085511
15449879
13569267
15797280
14048883
14574582
14738161
13220686
15083940
14304004
15290502
15271533
17873231
15143277
15293035
14257873
16087450
14623444
14643461
14626030
15634190
17603485
16390000
15896433
15572207
14630996
17778503
15719936
17067578
14805529
16386143
16498522
15497331
15317170
15671944
15404537
14888395
16938873
15558422
14548773
15979051
13664955
13752590
15061544
16148078
14164585
14051066
15212347
15697838
13948921
15341751
15879823
15038658
15657292
14097067
16239145
14353077
18204196
14713204
14849049
15566768
15040803
14929810
15131919
15227309
16375357
15580240
15075929
12630846
16310097
16540927
15350450
15346869
15347282
15399197
14245258
16838794
15447963
15798521
16634893
15753309
15206227
16130626
14867799
15155371
15223888
14539977
13540578
16387657
16519210
13232184
15330350
14642967
13352148
15190618
15295049
15363629
17356136
14757419
16087745
14915919
14785436
13722778
13892868
14053921
14919773
17121545
14631619
15473832
15650454
14866456
15703037
16367090
15624936
14376031
14749273
13668142
14214269
14804336
14920315
14729748
14093844
15377478
15662804
16337055
15020304
14963964
15067556
13837873
15002390
13727366
15314544
16022366
14911394
15779499
16047895
14549112
14173496
14113292
15821244
15728944
16232333
15014655
14880363
13288695
16171671
14167286
15454353
14212385
16968554
16166585
15073704
16285192
14096442
15242090
15370857
15205055
14414154
15987028
15517211
16898115
14156008
15120985
15237090
15819844
16071894
15718689
15643509
14697084
14037873
15223415
15843538
13816063
16142416
15770549
16859839
15260965
14196680
15302040
15246493
15512034
16041887
15767993
14051990
14373022
15891125
15293389
15180192
15329044
15551437
15265549
16250146
15169150
15305531
15092176
14440083
16166786
15491562
14921174
13535168
13865421
13928001
14257582
15272475
16178271
15670393
16035471
16049789
15338924
15485415
15183182
13414932
14866614
15153118
15130349
14952527
14961889
14574127
15328312
14513169
15312059
15530141
14483439
14169723
14745148
14264504
14449786
16381724
15853087
13029718
16293641
13068009
15430570
16343742
16595944
15161332
13005709
15641474
14778322
15405466
15418568
16526589
14585501
14869939
15304659
16411415
15140663
15749033
15991940
15683646
16651720
14311056
14587815
15700797
14461121
16044069
13423170
14022449
15363745
15619806
13484917
16310062
15373018
14427845
14687248
15417342
14004655
13632871
13582318
16385075
14445944
14674492
13451759
16448564
13609254
14188676
16196746
13464382
15617930
15715206
13444553
15323410
14681739
15641124
15044801
14998321
15355141
13814475
15065718
14141898
15498411
15643905
15077470
14422554
16140753
15638942
13966119
12488659
16102810
15319785
16861812
15665066
15346495
13842891
14191768
15845212
15256774
15608082
15836233
15622057
13692085
14170484
15788420
15790823
15164847
15530446
14397048
15371518
13757209
14876555
14831620
15535811
13961343
15656722
15466480
15747150
14449437
15544627
14508758
15246782
15435743
15067577
13613453
15183035
14532985
13779556
14558763
15800574
15312992
14887436
15328905
13330744
14749706
16342825
15358229
15086036
15043848
16742776
15550866
14736102
13945010
15203464
14844992
16155329
15166844
15970443
14636986
14684482
14901031
15628432
15065551
16389644
15957223
16202314
17954553
15590477
15163732
15676545
15259494
13003329
15151395
14918209
15751772
13958400
14980487
14464413
15722478
15618094
15828586
13440830
15402843
15687257
15771407
15579218
15626462
15664283
14559540
15563079
14965891
14734248
14212445
15475436
15085241
15487165
15460347
17183869
16278388
15265261
15240680
13816757
13904177
14280698
17275117
16016166
13306370
16688749
17071184
16044565
14660185
14107755
15330961
15758952
16014166
15519385
15320318
16813870
16856372
14234583
15073881
14939582
14817895
14170978
14623333
15620188
15059393
14316807
16128277
16609138
15502647
16653814
16592507
15385257
14609734
14001198
15774822
14192670
14606635
15923502
14368754
13813311
14786577
14310237
14780255
14254033
17096740
14427492
15965738
14676193
13243910
14520577
13584965
14501500
14219232
15816065
15477888
14948280
14460577
15794430
13767765
15153683
15938748
15931060
15380962
13828238
15361140
16301523
17131943
14579358
15250135
14340837
17119310
15256564
15705610
14965069
15907093
15291543
15333002
15309476
16721283
14925631
14608644
14816858
14593649
15157843
13784054
15196091
14356260
14747209
16676513
13358406
15204144
17467666
14266397
15130235
13007555
15187515
15344434
15656227
15355764
14879561
15827261
15649994
13651573
13903058
15571554
15415415
15847248
13704055
15290411
15046158
13731765
13690297
13141905
14640293
15111971
14833912
15188503
14912068
15103233
15658608
13523662
15381593
15282275
14660882
15032720
15372933
14989464
15427160
17217123
15603591
17080106
16560413
13192739
15676119
15256256
14838464
14555516
13811224
15964049
13598692
13614165
14671548
16235744
14474191
14347968
15065480
14740047
14162748
15074650
15410709
15651310
16708080
17329009
15643204
15620257
14309401
14360869
15055957
14695130
15588214
15804913
15075547
14620177
15692677
15286944
14035837
15292514
15161997
16980730
15061376
14922302
15310337
16059730
16106636
16607366
15000570
15550226
16652299
14486102
14573634
15208518
14786647
16945820
16026741
14630962
15504870
15351162
16548614
12737269
14621931
12654199
16879103
16532025
13959152
15861607
15301701
14563958
12732244
15088379
13220018
14680315
14212676
16999108
13629920
14849225
13793287
18338797
13989046
16281295
16215429
15598056
14314447
15255126
15148966
15974163
15126164
15737396
13489212
15413149
17253751
16197789
15813002
15037938
15897029
15344549
15765826
15212357
14128014
14817537
15297034
15355358
16630127
14418334
16983351
16342899
16411844
14929033
13769808
15782927
14761847
15529562
14810772
15545473
12992926
13472129
15286541
15662955
16169270
15034507
16067769
15658902
16949907
15725854
13711721
16540669
16838612
15582845
14783801
15703157
14758290
14440761
15446243
13106162
15560741
16758238
15660993
15381249
14700089
15278085
15303987
15424996
15972603
15592728
16072708
14862802
15151540
14516598
13681441
15518380
15513674
16311183
15313639
16367466
15826510
15202724
17493770
16082704
16204755
15846542
14257218
15882592
15854849
16024493
13985950
17865434
15507050
15939452
16160204
15540892
13513252
15467966
15151960
13778655
13885344
13474738
14151096
16297991
15822479
14377241
15514847
13137717
15724168
16232378
15381844
13956748
15064469
15132805
14644740
17144207
14844146
15296623
15814427
14246524
16252420
15690183
15058290
14923921
14161578
13715695
16089281
16458340
13511983
15423447
13993208
15296182
15136286
15335319
14942768
15220972
15284236
15026774
14218676
13973847
16307113
14078940
15409542
16522871
13481961
14984772
14139278
15861861
14806510
15362694
16625789
14412424
14647634
14640964
17784178
14763888
16454069
13261079
15168214
15838196
16135141
15208344
17760336
16021233
15897954
16048285
13923065
15721306
13486991
13393194
16143399
17618077
13462553
16236553
16356222
15726136
16789363
15381760
16646917
14563071
14444522
14905618
14830751
16282018
13642298
14721124
14507499
13351769
14568570
18201548
15513286
15682103
14921967
14494751
15242897
15441407
14962481
17000755
15105645
16183713
15103093
14252534
16406772
15739680
16106526
15493099
15594937
15712399
15355817
15567817
13970103
15774310
13948022
14695808
12917805
16160188
15458446
15765908
12903753
16164765
15040259
15169614
15559952
15552299
14840364
15799873
15388745
14291659
15342420
13733898
13037945
14821115
15046481
14396882
15577151
15042527
13381052
14150389
15870501
15957991
16384133
17489620
16887316
16026884
14325153
13483725
14960849
16333227
15678685
17057232
15169470
15750005
14060270
16769966
14499158
14232955
14722314
14330531
15843410
14859992
15497168
15417314
14683319
14809228
14565033
14890185
12642895
14396200
15286909
15304813
15712017
14909090
14686044
13548367
16641132
14745404
14702424
14512117
14431634
14811004
14213309
13924280
14354953
13335225
15299228
16122210
16480761
14567824
15173968
14983478
14239900
15709686
15546621
14309834
16707226
15169197
14799005
14779503
15255582
13673594
15565300
15711619
14116836
16135849
15251831
14754095
14592849
16150477
16051536
17007097
15171985
16198296
15434180
14958452
14122065
14273331
14188077
16303624
16253741
16855881
14637245
15220997
15235378
15019911
16073799
14328045
16074621
14774867
14424424
14504112
14417858
16593340
14268772
16579266
12831301
15233443
14295911
14620716
16207853
13831880
13811022
13899675
15032142
16028410
17060981
13796781
15554260
13856297
14943050
14769156
14939231
15836682
16547547
15328728
14874246
13847927
14925379
14400387
16066464
14624222
13748602
15937606
14598455
15067666
14927248
14322957
16395888
14465085
15377991
14086659
16071905
15102185
15108886
16185140
14412896
15478105
11855730
16220092
15097027
16893498
15736518
16131047
16900154
16176106
15656762
14109489
15032058
15376091
14438627
16573967
13838658
15873720
13834425
14857796
16170187
13917914
15072891
14451516
15148306
14697026
14871661
14944731
14872695
13386524
14901701
16340271
15407527
15238630
14626614
14861229
14646194
16456817
17228951
14672558
13634126
15410028
15443040
15267229
17074045
14237988
14865360
13455987
14840126
14988360
15367784
15011411
14929529
15253889
15230975
15670366
15484929
15887810
13116337
14051705
14449500
13827858
14967242
14393462
15013584
15048732
13563917
13989167
16108899
15020853
14572456
16479417
12540754
15206397
15643233
15517681
13271945
15746295
14132830
14114155
14476697
14986391
15836945
15138437
15697415
15109721
13789832
13150622
17196853
15234669
13523045
15094274
15398799
14313505
14998274
14923083
15105497
13851172
16673036
14782331
15234531
15600138
16152589
16363868
16396589
15055169
14258623
13699211
14150627
13791017
15007708
13935270
15617354
15146999
13710498
15065540
15215314
17461802
14576343
14970348
15402644
14686650
14379377
14397561
14283777
14879689
15708124
16834938
15162091
15026647
14965364
14685522
15351431
15332204
14591241
15630426
15574449
15686634
15799962
16289452
15124392
15737094
14594354
15781220
15774770
13108571
17533112
15682454
16390756
13484508
15846639
15095478
15517237
15303977
16518315
17478191
16586448
16751989
15490040
15247995
17335469
14817922
15731120
15073327
14353205
14587315
14658085
16849900
15967241
12787452
15513094
15017556
15427380
14781720
16618032
17912995
15615437
14647575
14857539
15443420
14412202
15392262
16966907
16630113
15149470
15248638
16023322
14882680
12093435
15020279
15428178
16180278
15686039
15359578
14302913
14932372
14410460
14879347
15894315
16296939
15009127
15380689
15942561
15376472
15455300
14725675
16555594
15792177
14302920
16621913
12931007
13278505
14029291
14810207
15417719
15224613
16695432
15556069
16200604
15788623
14554294
16633992
14876629
16176039
15434391
15519948
14850175
13691032
17336101
14825477
14946432
13124974
12827288
14051362
14538851
13715295
15910941
13970007
15592106
15353700
13014441
15060348
14799322
16952487
16844573
15526218
14476449
15267020
17207512
13333290
16317218
15868446
15919443
16624513
14984190
14788291
16398157
14896735
16234858
14764802
15126620
14296337
17307178
14865009
15397232
15065830
15552276
15657642
16117504
16189634
15493924
15315131
14954212
16229669
14807864
16679769
16530356
13293694
15928362
14568210
15493721
14914122
17555494
15598736
16601766
15307343
16362987
15610842
14635171
16918190
16007573
15847154
14949106
15061708
16384274
16274311
14598501
14439902
15957848
13038165
16181113
12882276
13636363
17128101
16498243
14214158
15498525
15756773
15172211
14615399
14096929
15233225
17215703
15764501
15989399
14164102
14963030
14659853
13777928
15843784
15540932
14413116
14754947
15939596
16441609
16427213
14377063
15290237
13461085
14576105
14643753
14626010
16444114
15616474
14590989
17057931
16848089
15656202
15296697
13166115
16559660
14441016
17072705
16028913
16014680
16314971
15814072
15566245
14293725
16649897
15481766
14833964
15428321
15488550
16280139
14685936
14877637
13976015
14897876
15081997
14567030
12325884
15410952
15166241
17299661
15772085
16021822
14555989
15621699
15897277
15980779
15476343
15951989
14135707
13767062
14791136
15553186
14454363
15291927
15396830
14994513
13545763
15151783
16078040
15513984
16069401
16190677
14351411
14745754
16542426
15978447
14043301
13601341
15858704
16128754
13832726
15514805
15337706
16291701
15756367
14385326
16564425
12678300
15290340
15277553
14797957
14835929
14447151
15073787
16302839
16225973
13875341
15237534
15761442
14494479
15761224
15077368
13908008
15977801
14802386
15752246
16161950
15723478
14488238
14923015
16518575
15970739
14834517
16845764
13878939
16270516
16238339
16218189
17010078
15118630
14048198
16003632
17808041
15245236
15225038
15817411
15412964
15125940
15135493
15498688
15719083
15390187
16016585
16108984
14292004
14992551
13999438
16269721
14939631
13582240
14169354
14681485
15769099
15773157
16752496
14563119
14150304
15672278
13862393
15613848
15415690
16382643
16392491
14805492
16305991
15364745
15208813
14152393
14632492
14656323
15275405
15640518
17528989
14989001
15486206
14476316
14770427
14340166
14542265
15457735
16804863
16345766
14871921
13824788
15714863
14708773
15810500
15196801
15766948
16109308
15568348
15495525
16193163
15478878
13482624
13343991
14945514
15019609
15514900
14863311
15027123
15597818
14611301
15663360
14880109
16568690
15203643
14777731
14951244
15331473
14859192
15322824
14703116
14677302
14924149
14428993
13632386
15831535
14967782
15159705
15591601
15648385
15627649
15367353
16856170
14377880
15867666
17014557
16008801
14002868
16330651
14668366
16094298
15544327
14918132
15717254
15373201
15971014
16037676
15039551
14856680
15162118
15100900
14275947
15395256
14678644
14917712
14587078
14332884
13494372
15381115
15433457
14259852
16162081
16505239
13990205
17582921
16128497
16909125
14191148
13442527
15245102
15271141
14949322
16143807
15298909
16163423
15700066
14535207
15336860
15765338
16248926
16270948
15274895
15179282
14747940
16710413
15562007
15828663
15826040
15348047
15453888
14493922
15735357
14227463
14637946
14964126
15251869
16181674
14827514
14679979
14470382
13795842
14905213
16363284
11290937
16671457
14649303
15066696
15617538
17647917
15630666
16053256
15367249
15934638
15099447
16866993
14746207
13865135
15378818
14882735
14903802
15634794
15128773
16826790
16101942
15090824
14879580
16781299
13637163
15513757
15585052
15068507
15303363
15429348
15268263
14976180
15563144
14193920
14323713
13748278
15077456
15283903
15243060
15596322
14170350
15597444
15715033
16968106
13947797
15675706
15465003
16658298
14696541
14466060
14755817
14480249
14196633
16261558
15874654
14118038
14479290
16667282
15542242
15969008
15385190
15282051
14366601
14193357
14546989
16056829
15365907
15642061
14620702
14134519
14581050
17058541
15992761
13318033
15050700
14897648
15827284
16852094
14147114
15658549
14075683
15158917
15202454
13328396
16103090
15547743
14791451
15534193
14435294
15700931
15590690
14615983
13866153
14276832
15599121
16530176
15385887
14853013
15353316
15685953
15772566
13449313
15382115
15557665
14007707
15146896
15555637
15846301
14293755
14765139
14234264
15891626
13443294
15118855
15772615
16255561
15884926
13875910
15807066
14494925
14163735
13921489
15513393
14282730
16245834
14897376
14323353
15190069
14961294
15256743
16788888
15940369
16002162
15621993
16175670
15357517
15174441
15683604
14783184
15636160
15512839
16807005
15658738
14786690
16212980
15909731
14577607
15614937
15196175
16723988
15281737
17777772
14976536
15253090
13369582
14840440
14470996
16099950
13589467
15638376
14910774
13624580
14986681
16317818
16554891
16661805
16847261
14534693
15183443
14859287
16867663
17600064
14747765
16199438
14699958
13866914
16752924
14157742
15453495
15183872
15505734
16356852
15269443
15923470
14903767
17461549
16554745
14830021
14786898
13725661
16140328
15037922
14234054
14468958
15691252
14391046
14688718
15083733
15615769
14768934
14675404
15177564
16111478
15076415
15793759
16454993
13380180
14777191
15326981
14000671
13982401
15153260
14796191
15576370
15567795
13836239
16284349
15525439
16383201
15148217
14873282
15955575
13700433
14425838
15205624
14742880
15851249
16016250
13787532
17111874
14511471
14850569
16317997
15253414
15627235
16100413
16395098
15659365
15229931
16427041
16095333
14770146
16142563
14874901
15450124
16316040
16713916
16945893
14740901
16949817
15532572
15950401
15946007
13794960
14444806
16150533
15894049
13552722
14881327
15738692
15578156
15654689
14523413
16159890
13868058
14013328
15033440
14730579
14401649
14559681
15568333
15798058
14918272
15575084
15372139
14558601
16046194
16239075
15005660
14301881
15891487
15948932
14460836
14362290
14613168
14717982
15637277
14288998
15905438
15243049
13793444
16152944
13763573
14745693
14052543
14351589
13931796
15048178
14842094
14573649
15582142
17268949
15668526
13379030
15083130
12774523
14817015
16482507
17135421
15645246
15341039
15474587
15003835
14331625
14451335
15827724
11879077
15844080
14869128
14997797
15647830
14853275
16349610
14347870
15172757
15832318
14703390
14241164
14394533
15057407
14933132
16988657
16197093
16465188
15190981
15888822
14891511
13760061
16215474
14339556
16023990
15861396
16131095
15385555
15373470
15543072
16364082
14029316
14385991
15235880
16097538
15191274
15104278
17004816
16546308
16459780
14126517
12912929
15115179
15573264
14160437
15191988
15183000
16737929
16658669
14191634
16939364
15461049
14532941
15228056
14203734
15684614
15979118
15378994
14379982
16700185
14256946
13628911
15330418
14721392
15192913
15515105
16499132
16406166
16298111
16125541
15163975
14649833
16602866
13882030
14891126
16832446
14637281
16254242
14888153
13587501
15217776
15133372
15584896
16470674
14980054
14773403
16144232
14134031
16017406
12988656
15046483
13798444
15446280
15527286
13756445
15954309
14832779
16044266
15309426
14247119
14749860
16428242
15637900
13686538
15298922
14739256
14482104
13578753
15228304
15467830
15582207
16339051
14585734
15887315
14770920
15276082
14538916
16181516
13948903
13366623
16096921
16025150
16528094
15306232
15576063
15819219
14209051
14520918
15711235
14264894
13545674
14268371
14388796
15266697
14965486
14819305
15251670
14905854
15854188
14536066
14368839
15041221
13918597
13771113
15140762
13573819
14786508
15901341
15145391
15362593
15327462
13634111
14475150
15812941
16387401
13395471
15294686
15194868
14435731
15444481
13891815
16162730
14724977
15403415
15585752
17579579
16031687
13938952
15447553
14464560
14420260
15195646
15048531
15155596
14285441
15159312
13435020
15009512
16058452
15491060
15179377
15858405
14217464
15752940
14350418
15820616
14780492
16707753
13910363
14847090
14141842
15548282
14592938
15212990
13487387
14213320
15357876
14756781
16541857
13518504
13262839
15447394
16166977
14617235
13780324
17033701
15424187
15449967
15574225
14373329
14830200
14798707
12937936
15265401
15632616
15812870
15061944
14329369
15418514
12369900
15586732
15186556
14913678
15910584
16105726
13774782
15176278
14717708
16155002
13955276
14689227
15692292
13372574
15620384
14827243
14167509
14116287
15657455
15677005
15932166
14707477
14423338
16742938
14243901
15331342
14374935
15288349
13254271
13908764
14639116
13455600
14591325
15000490
15591879
14414718
14366717
17026367
16162800
14866765
13911525
13833540
15720192
16789764
15531387
15673220
14715358
17682885
14224475
14605971
14727691
16136938
15650046
14351101
14719329
14960963
15555510
15450107
16581254
14988886
14868494
15345132
15599707
12303851
14917285
13967589
14188190
14796451
14568903
14894173
14919720
17387230
16026293
13797824
14015324
14892625
15765800
15760952
14492539
15168009
15580486
14880821
14520423
15054636
13770730
15126149
13559614
16751550
16644519
14472399
15237639
15166629
14528998
15329720
16468921
15133860
15607735
14420021
16525368
14171680
16865906
15695404
15246982
15065079
16357009
16251708
15722875
15018502
16558511
14548482
15408074
14324855
15261336
16364330
15179107
14961689
18042130
15432920
13921005
15094014
14863967
14326544
14690113
15934960
15045666
14077602
15581037
15757321
14516555
14478399
15710036
13875998
16219705
15374656
15981054
14105483
14167150
14961251
14283478
15539655
14421837
13845935
16261325
14942257
14476181
13850435
15995316
13566551
14675038
16194479
14124441
14192199
16097402
14030050
13193819
17370963
15931503
15915075
16413465
14839615
14851399
14264411
16995613
15128002
16961960
14059328
17955102
15744902
16006149
15196766
13971274
17127749
15428632
13905945
15282729
14844002
14622441
12223219
15688285
15749928
15865260
15025462
13963463
15347281
15415335
16093749
14371027
14037513
16427626
14218503
15052700
15602446
15575823
14686742
15150037
15277245
15688643
14562228
15328847
15185398
15378841
15128293
16142078
14898160
14075525
16730838
14053379
16136588
15868563
13650872
14382448
15046523
15426197
13535751
15180429
16133758
17138566
16190579
15366048
14252822
16220023
15908137
15425364
15319157
14992246
15644588
14691375
14885958
15263749
13794911
16010557
15761582
15602597
15804608
14356965
14558447
14581363
14701231
14810172
16634625
16311217
17640378
16070368
15545046
16364336
16204174
14379600
16791327
17562201
15419403
14161852
16087307
15035614
15807752
13844728
15741392
16364700
16392763
16309095
14690615
16884587
13460746
14841485
14883006
15748296
16156252
14835490
15005345
15290641
16096027
16523649
14470129
14423484
16009131
15602100
15931270
12980614
15221821
14516592
15015333
15779057
14113839
15342296
13244477
15436487
14716738
13862783
14835428
14173759
15176508
14911311
15187126
15183528
16683965
15578734
14950309
14161231
15700544
14997471
14757111
14413821
15915390
15832458
15512643
15955748
16177738
14924305
15661540
14401101
14047999
15063573
15028858
14372656
16635044
16769126
15892105
15154029
15535974
16156906
15655547
14301820
14218472
14376547
14059570
16143756
15295796
15611393
14962148
16014489
15609891
15125279
16436100
13216318
16173244
15444971
15253833
15709285
15309391
13608562
14593301
14891007
14464637
13883866
14816164
15136735
16977293
15202682
15172673
14088877
15010965
14732521
13870959
14049688
14960682
15156454
16032538
14621697
17303858
13540366
16028784
15484602
15412012
15148706
16055937
14529224
14190459
13696232
15740617
14308381
14703078
14542618
15580282
14069675
16667566
16642824
13432383
14537729
15891296
14835257
14007262
16137353
14818969
15487905
16509313
16194074
13922568
16067684
13942447
14938565
15601201
17305128
16437445
16885256
17584681
16692966
13972103
16103010
14598541
14689460
14895325
14889523
15373151
15149104
14849189
15101881
15074783
16014353
15596130
15573612
13997904
14810637
14798622
16637680
14329296
17270191
16794630
14427589
15057539
16815876
15227964
13885668
15452430
13857094
15881764
14456526
14688618
15502711
13482559
13571385
14528842
15696889
16256533
15255730
14760026
16493093
14044604
14497338
14587855
15257111
15303343
14785758
14799532
16105350
15274359
16027921
13511931
16007010
14599519
15050033
15397343
14803215
15902547
14481331
13486498
15523955
13639020
16186804
15611989
14704604
13908971
14546801
14943526
15696499
15401529
15103386
16793047
13748551
15260447
15886194
15097637
16284528
15659153
15091409
14151094
15996355
12879561
14291181
15444309
14348245
14364784
15255155
15767813
16813209
14115006
14689184
15420276
16901471
16004472
15373972
17013052
15544318
14066132
16514373
15559048
16975448
16975028
15467713
15194944
13760095
15800647
14288490
16103291
13754672
13999667
12830055
14713557
15365284
14534072
16290196
14417430
14986730
14764709
16104810
14597944
15532984
13969653
15355030
14850586
13824573
15517313
16682194
15819787
15120687
15882608
14374857
15137802
16267985
14196922
15434553
14439114
15609230
15053625
14164380
16554512
14845338
16145174
15420728
15281074
15015923
14167924
15518641
16015629
15504329
17563938
14485602
14010832
14516253
16840868
16187833
14487517
16240460
14471309
14336833
14160453
16352629
14167185
14905210
15153739
16622714
14238624
15555200
14427050
14755529
15359137
16351371
15110502
16459469
14987524
14976005
16036715
14421975
16771634
15042582
15169072
14304162
15342191
14486006
15491984
15081475
13463484
14339575
14731191
15267459
13832555
13573226
14822958
17003480
15095821
14933603
16320713
14838724
15917933
17378398
15452274
15077223
16405193
14883804
13837630
18627893
14869995
15933326
14680865
16519898
15041178
15268577
11558560
13774336
15406729
14170745
15500347
16411243
14474153
15486362
14383779
15142806
13947129
14969846
14073099
13452070
13350733
13424375
14978174
15414120
15216662
15853408
14988713
14701662
15551002
14631664
14902400
15701280
14983547
14561964
18123015
14533201
15496607
15333215
14294208
16178789
14676330
15349473
14924765
16362438
14728203
15375966
16129514
15048503
13229947
16669774
16853774
14968046
15370794
14471162
16465440
15806148
14953911
15076663
13774991
13714101
14267567
16801775
15418437
13821135
15857139
16408982
13917344
13394654
15654168
14507551
13993945
14258041
15149735
13408493
16461166
16266170
15163753
15703554
15113065
14697565
16419707
15845037
13875788
15965677
13967373
16562984
14347093
14653371
15320517
16085560
17498126
15290401
16026054
15434301
16090749
15920239
16886101
13226908
14060978
15162829
15273757
16239991
15592088
14643556
15126631
16485351
15108912
15946216
16410242
16269967
14554079
14042121
14352031
14007297
14434242
15615514
15167428
16206287
15720521
14875914
15539074
17508211
15613479
15592366
15951675
14790211
15722931
16363943
14182683
14781118
14092329
14302573
15299231
14707847
15405475
15784116
15457722
15573708
15826013
14442961
16106267
16737979
14050584
14228970
13012805
15055743
15136026
15096012
15242788
15525870
14467562
12363802
13149648
15402943
16761072
17205224
14602435
16280556
15391986
14761929
15720420
14817332
14652034
15205921
17043714
12812137
15250108
14480753
14856107
14859084
13922825
14835192
15422686
14541724
14158381
16100636
13946097
14887130
16705971
14835381
14171818
14433267
16194483
15601977
14722419
12576476
14436012
16058005
15913460
14818699
15234505
16875289
14855806
15728126
14012353
16069399
15237765
15422707
15476298
15516174
15473189
15217015
16443040
12924267
15341537
14914898
14639922
14652844
16669088
14048601
12780512
15202351
15121246
13916592
16072250
13770269
15729920
14902689
15342854
15946709
15789648
16567349
14992276
15151275
16316552
15275118
16300842
17683117
14292964
16049029
15511017
15989293
16391113
15972566
16106933
15557118
14336139
14233867
15357996
13413902
14306981
15624043
14924487
16195965
16592784
15419014
15896296
14139884
16954289
14429734
14388271
15002732
15804693
15148371
15146875
15903054
14644455
15775757
15763149
15938338
15003210
15158095
15526638
16226712
14457122
16828924
14945592
16711628
12980549
13939840
16552266
15740075
16049264
15489529
15240191
15804476
17017829
16110677
14156043
15296093
13804586
14965020
15466303
14908317
15365497
13167272
15344064
15083548
14291850
16356078
14039996
14732477
14854833
16933832
15896385
15666046
14451940
17094613
12900888
15224151
15544060
15122415
14604097
14431580
15175770
14282428
15346992
16246704
14407415
15407458
15576970
16810586
14651063
15968611
14634156
15282820
13200711
16673430
14853249
15303260
14772066
14721929
16025262
15115551
15341340
15792041
12224887
13986351
13673429
14016965
15125657
15002703
13346471
13765748
13909228
15532014
14479212
14571728
15387609
14944358
14847213
15076224
14401331
13677332
13901457
16156913
15359454
15562275
16811213
13599926
14778047
15173963
13924054
15901943
16180802
14406049
14971711
14973299
13575168
14346316
14027824
15724142
14532044
14796514
15349433
13488107
16814414
15801579
15573332
14343594
16420411
14942884
14129957
14836697
14267188
15117342
13822999
15206792
14299584
15209005
15215824
14153159
16889509
13454768
14222804
13598681
15853882
17654160
14202736
14917187
14961034
14907340
15701365
15228574
17292555
14075653
15295504
15336953
15851698
16610491
14614669
15486241
17652333
14227953
13724781
14749219
16200031
11546499
17050105
17007814
15818474
14701067
15691845
15546396
14818256
15242040
16723111
16522673
14611557
16843331
13582324
15193254
16047510
15888100
14330165
16192053
15661025
16734934
14456455
16218913
15337736
13743338
14733537
14802827
13839287
15053409
16330170
15969849
15396612
14687328
15872107
15568385
13979828
15254938
16127982
15359526
16256487
13006522
14388055
16683518
16065683
14585365
13932176
15170876
15423866
14589940
17571398
15682523
13387996
15662179
15576641
16444010
14213827
15066918
16645142
14888519
16641881
16326177
15439436
17032554
14656549
16632440
14487177
13750745
14191579
16201012
16163714
13822961
15758182
14538700
15935697
15512059
14067034
12825144
15439503
16025056
15533745
14075752
15586104
15379709
15910921
14081970
14972415
15599196
14541902
14791186
14922892
14133451
18287857
13485604
14632813
15778133
15622930
15626651
15855222
16247755
14878086
15274500
13784872
14151484
13394101
15531295
14352045
15764941
14028700
13436233
16769099
16139390
14795134
16536218
13890985
14713462
15467355
15084916
14633452
15116325
14280239
15855185
15446530
14171029
14783459
15282504
15282788
14006882
14829150
15777195
15354536
15593457
16865729
14540149
14950817
16553322
14748963
15701614
15423788
16029039
13976567
13590870
15522191
15118399
14390894
14456309
14478377
15340025
15523718
14217068
17467551
15449936
14310166
15184173
14055462
15323213
13690682
16233240
15650826
14958269
13716715
15563667
15152964
13986723
15605527
14880439
14971301
15149621
16167493
15194481
15518265
15780942
16115958
14751993
15017549
14097908
15723009
15550177
15966750
15826413
14184939
14614047
17366939
15511543
15751485
14337660
15554041
16282272
16744300
15556042
15204231
15413726
15137391
16298956
16646129
16135020
15319154
14451082
13392425
13739795
13771916
13910646
14394794
14829474
17340584
12640652
14524789
14732896
14326168
17105216
15713874
16806938
13924812
14623865
14221211
14237600
14770407
15030322
12977410
15078522
15370262
13537867
16186254
13704492
15984028
15550627
14146394
15434600
14890432
16256026
16261385
13347303
13850957
14296567
16245754
16102268
14980168
17087136
15232389
15647841
14589841
15190080
13885104
14626222
14761802
16471770
15283413
15813540
15920531
16288588
15099901
15044206
15072294
16815092
14140592
15436259
15132614
13796029
13773725
15560822
13252446
14967477
14839733
13875599
14830323
15119509
14603640
14002157
15277477
16288512
14355065
15815968
15600889
14391726
15348288
15700664
16780182
14262495
14238450
15006571
15723653
15247861
14837458
14195972
14701532
14919835
16543284
13625474
13587123
16008902
15667692
15548988
15392313
12678960
15486057
14446615
14698061
13153615
14700810
15147068
16756824
14662427
13345983
15079220
15717428
16925067
16336459
15613618
14831027
16348289
14567672
16313303
17301804
15980615
14167264
14825224
15667369
14322469
15287915
13958079
16466088
15878958
14222728
16307728
16736897
16403884
14770150
16190107
14244399
15393944
15334774
14925307
14881903
14224456
14891204
13494185
15552610
15071721
16180371
14667730
13219995
14396489
16001609
14001701
15322495
16341546
15713368
13834993
15746342
16384573
13857329
15035157
14914384
13709654
13507109
15611205
15418153
13447644
16209556
17003431
15200362
13684339
17016364
16415010
13912524
15397595
14784823
16359557
15568122
14403524
15507122
13315908
15539745
16474173
16602247
14761526
15268930
15507767
14543851
16635805
15022780
15876844
15800051
16001211
14711009
15699522
14437033
14192531
14067801
15623865
14254603
14568584
15745189
13983989
13925032
14802635
16294597
14246245
14458959
13392277
14045767
14796961
14403664
13639521
15596250
14266489
13768925
14435063
12328032
15970814
15468493
12879483
14998434
15057819
15178772
14759853
15570826
12795261
16089316
15605345
14482389
14458701
15023645
14445149
15553910
15273771
14740181
15149720
15364189
15097579
14934014
15581282
14382826
16878659
13395514
15169602
15134095
14432193
11442460
13760236
15028941
15368168
15700038
16439954
14838273
14320068
15978432
13856276
16163428
15959552
14370535
16351093
16416688
17249890
15955670
14609271
18017347
15151844
16563900
15648665
14849354
14200907
15039411
16065748
15742400
14886397
15459028
15852540
15243968
14142791
14218397
15984877
12840991
13855217
15325945
15793607
15497162
17160492
13904855
15809444
15082774
16355326
16498018
15525006
14850741
14710709
13066812
15986270
15966970
15631637
16114418
16304976
15044159
15445125
15429250
16423290
13129393
14630683
16166551
15665742
15422757
14633979
15543336
16029471
14546620
14990253
14824588
14164207
15269872
12141914
15252969
14698950
16778881
15292736
15110739
15484438
15027866
15672067
14786262
14601672
15006085
16635909
16168652
15668188
14805802
13411571
15671171
15381349
14623171
15848606
14865061
14814436
16029318
14018759
14532701
14741788
15353151
14150684
15519498
16196129
13745594
16131779
14696153
13784587
14100821
14829497
15347440
15049562
14983997
14997026
15674010
15379826
13548217
16460048
15743699
16718917
16019716
14199467
16005450
14332410
14808468
16026520
15308896
15315260
13503870
14371440
15547808
14328462
15561964
15623785
13520244
14745511
15437394
16631079
15678163
16887837
14390230
13630982
13706722
15028351
16305183
15777458
15303719
15069065
14158541
16373978
15935551
14226552
15339431
15494516
15142732
16642011
16212154
13235244
15096206
14221329
15569791
14496742
16124345
14431613
13393844
15103199
14341135
15117388
16015466
15269212
15497695
15058983
15316729
15743560
15470112
17501302
16601825
15329339
14978299
14489317
15152258
15899692
16507761
15726812
14638030
13952169
14743145
17884530
15006655
15826552
13483882
15489795
16015609
15632052
15491698
13756665
15879152
16009084
14284450
14895135
15736184
15208045
12531733
15622560
15909586
14739839
15499682
15465973
16668335
15922568
14971165
14792087
16276092
16145955
16110653
15137767
15025568
13013291
17607514
14417097
14986833
15800858
14792548
13215989
14842386
14608876
16769565
15951994
15570290
14304899
13517690
13110287
13789756
15809944
14336798
14555911
16020268
15396131
16238443
16314384
14844909
15174145
15622159
15447222
14629037
15781038
15275332
13689200
14500780
15384388
15870016
15620141
16241466
16192876
15566554
15825379
14800886
15670311
13228232
14923549
17029024
14491167
15993071
15561312
15136408
14250334
14689669
15603077
14493962
15209104
15224399
16298264
16560949
13802609
16603252
14633319
13126289
15006585
15212596
16162500
15110112
15437938
15614836
15635948
16171672
16278715
15707233
15697904
15199055
13908348
15317099
16038698
15537060
15810466
16099429
15057759
15228365
16617435
16276937
14640441
14058237
14948790
15414647
14537732
16453676
14831177
15890042
13482263
13740959
14002273
15723988
15347014
15239226
15319161
14574472
16911982
17610344
16806723
13115154
15212070
15051576
17029410
15238052
13485202
15672175
16575649
14832171
15883948
13487224
13573807
15531557
14764282
15746194
15971745
14961216
14749525
17176232
15035226
15965715
14947066
16002590
14975337
13901638
14807460
14937376
14564868
15543290
15022003
15862102
16058399
13936988
13435533
14494307
15622984
17094925
15666792
16149306
15784542
15430882
14911483
15467800
13398037
16482035
15127734
15130621
15562632
16271409
13151755
14952829
15164024
16310411
15908743
16041531
16181535
14449209
16599824
13728519
14650515
17135105
14710114
15152078
16130475
14758989
15556820
15050146
15896650
14255260
13348406
14784811
15994139
16258704
17240758
15670636
14247435
15865541
16413949
14318425
15334623
14976539
15035179
16397053
15774706
14210322
17800033
15066341
15625155
15836824
16576668
14612078
16578022
14368450
14143427
15082574
14641779
15296492
15718264
14101372
14468407
15951466
14890011
15652138
15727173
16944236
14733873
17221341
14713334
16452260
15278463
14323587
16820993
15141173
14629270
13768633
14419532
14519020
17126480
17248758
15360735
16532501
15385716
16615655
14989961
15054207
13805052
14579470
14902355
13778186
15328642
14669550
15158067
16348073
16490141
14982592
14734789
13888526
16200109
15320158
15056115
14443167
15563235
14207737
15323647
14135222
15621967
16113374
14847869
15269463
13454796
16233746
14903929
14342804
14534903
15754988
15777487
16194150
15475211
12414730
16284340
15885465
17006408
15356615
12838591
13944021
15874952
15622779
14704594
15305806
14807393
15581424
15779689
15568538
15620662
15461968
15233486
14208356
17052585
15647422
15849084
12923489
13676642
15537525
15311511
14481159
14789482
16480409
14057724
15224698
14366834
15768840
15136957
16013237
15899188
16829038
13988922
16208612
15941002
17040679
15188680
15601038
15716030
13726483
15636563
15607618
15136202
16261766
16884058
15741958
16423473
15248488
14983502
15467207
17395876
16254228
15683822
16639225
15058436
15564049
15186521
13789668
15470895
15255780
15979265
15858621
12974849
16764349
15622893
13932961
13662614
15302120
15320002
15047103
15540742
14820606
14717586
14284769
14880431
15764901
17935202
14652518
14127102
16735164
15161937
14259645
15481443
13704917
14096460
15764774
14064431
15524459
14399247
14796722
16103924
14817678
13753611
15006461
14271413
13985510
13640921
15467998
13951695
15005527
15369356
16965661
16536835
15433151
16278213
15077088
15072338
16251527
16788831
16519066
14748210
14780426
13516466
15137060
12633955
14546686
15601827
13666398
15857700
16515915
13301586
15389523
13100753
15063330
15581030
15713890
15521300
15642025
14071209
15627958
15457909
14904549
13579778
13438723
16962488
15087569
15489290
17488413
15562084
15180927
12808675
16320681
15362135
15436364
14540763
12611957
17442210
16418570
15401211
12420768
14860832
14740864
15871285
14881795
14487226
15623162
15439501
15561121
15199671
15858140
16360495
15528555
14248572
14866828
15187061
13874456
15090375
13339210
15726155
16555337
15836522
15360797
15685685
15125744
16305321
13877417
14457690
15258248
17195273
15575400
15310563
16461078
15157714
15430552
15475485
16245529
16096617
14989082
15356269
13771100
16266643
13257954
14280807
16082101
16113744
15812629
12621164
15692742
16430383
13938289
16628698
14850297
15692906
15056629
14632583
15868107
14812571
14797603
16733214
14097561
15290608
15315628
13903787
15627411
14278243
15442993
14054670
13306072
15604125
15056617
15779899
14430307
14573862
15146668
15041834
15050162
13594315
19687776
15130098
15506325
14659706
15724406
15227689
14540657
13778691
14128464
16853613
16893437
16390929
15830538
16273074
13751928
15024601
15223761
13982309
14254376
15816433
14834833
15987386
14571895
14112835
15869854
15105381
14767924
14410482
15611195
14109587
15754894
15392856
15508646
14463805
16610977
16397731
15712641
14509986
15849666
16376195
16475157
14155406
14047994
15525162
14046287
14327766
16550509
15243167
14933716
15989157
17086768
15839716
15362109
14200318
14205147
15876552
15013870
14921338
15706657
14003502
15186281
14535157
14653028
14344061
15542126
13365934
14369083
16181612
14693804
16365174
14891522
16237308
13650980
15847036
15549006
14278898
13505064
15051723
14857470
13329903
16963980
16250280
17475722
14576502
17087335
14265062
16173970
15091467
15009528
15470546
13500988
14723829
16488491
15614392
14285504
16622280
15635499
14742942
14783185
15152901
13416040
15010057
13373055
16621294
14930486
16628428
15611524
15885956
15153266
14726311
14657793
16100489
17447303
14145879
14755423
13495881
14516853
14937750
16036439
13917721
15767312
14499049
15959943
14084369
15807436
16547223
15334502
15278608
14695543
15149776
16064621
15187448
16084028
15365362
16861011
14672493
15915058
15964845
16814694
15599929
14140070
13784117
18000753
15695819
14777320
16073729
14477590
16077481
15388372
13888964
15350424
16161852
15250715
14247487
15736569
13359534
15467354
16137798
16422256
16874570
14839976
17319128
14230806
17111780
16195151
16324637
16440970
14435990
16328076
16061869
16074335
15464669
13378726
14347245
14525263
14297100
15174263
15532105
16004590
16596445
15340650
14083760
14322474
14548988
15566623
15212385
14688600
16067701
15680169
14728178
14857177
15573514
14315715
15727182
15337918
16056576
16223060
14226874
16016587
14629148
14804343
14960552
15144533
14310389
15538352
16671969
13967828
16092315
17102321
16453341
13754860
15057446
15253960
14909792
13708366
15444437
15189078
14886494
15941880
15082385
15029271
15936098
14906183
15903304
12772747
15461177
14338407
15730716
14503673
15276376
15576619
15817548
17214068
15273322
14997361
16967249
16449480
14789978
15681604
14037595
15035574
14755757
14627870
15979196
15513398
14203725
17101264
15747953
15988947
13705934
15466909
14999616
13300967
13155288
16121285
14628077
16457420
14287701
15017847
15530826
15628083
14135843
14647115
17480067
15499544
14786411
15295719
15686817
14175914
15292138
15748764
14877100
15647880
13188718
13758292
16184449
15461965
16857608
11787938
15237975
16717227
15377591
14612762
15942537
14442460
14860552
13715982
15874691
15020703
13045947
15365887
15459707
14072906
14201866
12788372
13771166
12967921
12505560
15523545
16863563
15380434
15737656
12319686
16222759
16073087
16678953
16531691
13722659
15392871
15859417
13265176
15565928
16030345
15126927
15775266
15428853
14942505
15824281
15077653
14247361
16470779
17384414
14431042
13826708
14302965
14179365
14648457
14874760
14809165
13283255
14872448
15234889
15950235
14551079
14508849
16507633
13756410
14539633
16197683
14552511
12676902
13721465
14202084
15017710
16946093
15029136
17355272
15574563
16581601
15681275
15256860
12535840
14433866
14826082
14614184
14045238
14902522
14529251
16348243
16431586
14369580
16371954
15835988
16628211
15589518
15771158
14182200
15279340
15486365
16900497
15448441
14715065
14910595
16740106
15075907
15179122
16026270
16760572
15425139
13935383
15510364
15574057
15505715
16101028
14177994
15396172
16235927
16673160
15115514
15837013
13414255
15206550
15154553
15198993
15488029
12222538
15650147
17201471
14815576
17318061
13161600
16546125
14371861
13534360
15849063
15278639
16554058
15936213
14323502
14252310
15785269
15721903
13045171
15337578
14024901
14111014
15212040
15963984
15097271
15972093
16688348
15786634
16536453
16353730
12674670
15343876
15639522
14162251
14293108
15351750
15366615
15378985
15594449
15093576
14908335
17694978
15276769
14928068
13754837
15931819
14269706
15658004
15326088
14243069
14286008
14164893
16418852
16092151
15498786
14309383
13642154
16286876
15535429
15007917
15316777
15244386
14510933
15388378
16797587
14986649
15187930
16043798
15815246
16704493
14656914
14780304
13395008
14441484
15849932
14734388
15440332
16747313
14167307
14672111
14584959
13713120
15474642
16962933
14993425
15467267
16046532
13955297
13794461
14858764
16832506
16773437
14324397
15035429
14556059
14035755
13799743
14960186
16331219
14965509
16305748
17021061
15939624
13447302
14696098
15444011
15349380
15950367
14401880
14997979
14070322
15054798
16099218
13419330
16280391
13755146
17163031
14842577
14031157
15408557
16465938
16757259
13979412
15306447
15961472
15428702
15533599
14268162
14645414
13460255
14662766
15331065
15071273
16475511
16288954
14795298
14774824
15644960
15857208
14699544
16150774
13375598
15101828
13976808
16504940
15174549
15085272
15058709
15873566
14651118
13176979
15956577
14270304
13733145
14709477
16233929
14543410
14167110
14804161
15638910
15290273
12973932
15982952
14995689
14761636
15749242
15773119
15158934
14503561
15377705
14382471
14996767
16021505
16937387
14346658
15103100
15488466
14249910
13664844
15342346
14777688
14823818
15647240
16189151
15124827
15628634
15940071
14962277
15019489
15348754
16909462
14908917
14046326
14252675
15329719
16525765
15615403
14128355
14655249
15795073
15352949
16442366
16305267
16232228
14947375
15811626
15236834
15466875
14770575
14260324
16289737
11764316
12799486
15324853
13174335
15357370
14035698
15213776
15987056
16953531
15257260
13375995
16428247
14299507
14079755
14783414
16012015
16557865
15723270
15205929
15163141
16519737
16005077
16823172
15582436
15822951
16619788
14426303
16123716
15241952
15017517
14355990
16224254
13934094
14744459
16957637
15748674
15468114
14669902
15231533
16832591
15666354
18020257
16064388
13624493
15248314
13306940
15430613
15951969
15429474
16418238
15552325
14805033
15271869
16215177
16313469
14119435
17053943
14633147
15357872
14450227
15370956
13981483
15513835
15291236
15687792
14733523
16595908
14595406
14575682
16824014
16129312
17268628
16154829
14401547
14192979
16134032
15145563
14565179
16562472
16227742
15985321
14416892
15197160
14101420
14721675
17585259
14457637
13860651
16159370
14585876
14681630
16028042
15058648
16080180
13526580
16091269
15561563
16055037
14740037
15698638
16853262
15685620
14717557
14912346
14566593
16775303
15754552
13628964
16569246
16394647
16421277
14458136
14358864
15148655
16216863
16238060
14934235
13983912
14686522
17024452
14432049
17554915
14154273
17547818
13634014
15023133
14720836
15234989
16285144
16596539
16150595
15010504
14256109
16451397
14910156
15642975
14831196
15650797
18249911
14776773
13836002
16268386
16383907
14676440
14826400
15019728
14688564
13739749
14389444
13832064
14378788
17015238
14469637
13758374
12601586
14861067
14311671
14263973
16366943
15146509
15729271
15151503
14291415
15211749
17235645
13590518
15282036
14997519
17298303
15555804
16876376
17204885
14213907
17327568
14195998
15335553
14144461
14141039
15381049
15704082
15183223
15354302
15204724
16039409
13240595
17455376
15555149
15245618
14973389
13220223
14657337
14702635
15332123
16314753
15669527
16186319
14415314
16389452
14817082
14975788
15168931
14788592
15272387
15817020
13470672
14096831
17051326
14693616
13662146
13469549
14980181
16579353
16816629
15324860
15403255
14075457
15596163
14877816
17015259
15300597
15789213
13788399
15566384
14600999
15017692
15388421
16785398
13657839
16049323
13349642
14108560
15593599
15649595
14909445
16787737
15863903
14892001
15439288
15659550
17005025
14514210
15657712
13732861
16875960
15107574
15931930
15738568
15763848
15551661
16084209
15060886
14950298
13942661
16767804
15822643
15536043
15146700
15862243
14373056
15449587
14715021
14950787
15141549
14267775
16609098
15255230
16341453
14184527
13599040
16565569
15390319
15162048
15503064
13365881
15162030
13879524
15409527
17007280
14355012
14182605
14683491
13750150
15426522
15785212
15480333
15098755
15799124
15798715
14485420
15549161
16169691
16321254
15057958
12810736
14326968
16149905
16592558
16300066
15036477
15528947
15345521
14069619
11981201
13527924
15251581
16711639
15375841
13377983
14899953
14176395
15386964
15381876
15085009
15206690
16608047
14808157
16462121
14690434
16116349
14108011
16130164
14260905
15200054
16215000
14368540
15088521
15561938
13862880
15129467
15460434
15707087
16645041
16100580
17116522
17553649
15038472
16573539
15300876
15259080
14467752
16649674
15968628
14652068
15218504
14991524
16800224
15030374
14428866
15867098
15491169
14330981
14713669
14685957
15450732
15562511
14302934
14259454
16067288
12889191
15359155
16246300
16701316
16108499
13792122
15274534
14537904
15872728
16047885
15534414
14421420
16847089
13742391
15241895
14596760
16712336
14689600
15249679
14588873
15173253
16522427
13442935
14748327
14061184
15097006
14309761
15464748
15945677
14485127
14832853
14932432
14343409
15022297
14643203
14641507
14895571
16899408
13238084
15398988
15537457
15314713
14882965
15653398
14071260
14164285
15613593
12646187
15526420
14321379
15791455
15033409
14644263
15409908
14988479
13899377
12706048
16677612
16189768
18052440
15139076
15227440
14531791
14443370
15303673
15251359
16030867
15823788
14830353
15702018
16344585
15577914
14523126
16513883
15954893
16345857
14422901
15943661
15148787
14657218
15184786
13648306
16090238
16062094
15061792
14706073
15135243
14764931
16241101
14736346
15177573
15744588
14751420
15396805
15073854
15933562
14895501
14170319
14883640
15002645
15267009
14951757
14787845
14785432
15685023
16104429
15090279
15072525
14572326
15023291
13712980
15691627
15396926
14822337
16759236
17691139
16949651
13441269
14144743
16306766
15007304
13744149
16588509
16716336
16427619
15951080
15013617
15101777
16267316
13803120
15815063
16532959
14959483
16720798
16522396
17347263
16105760
15420726
16509372
15212281
15555820
14818727
14819637
15483557
15367487
15801442
14954610
15469400
15653679
16844306
15419217
15086037
16412070
15182942
14609956
15960854
15855810
15911831
14704496
15023336
15529118
15702992
14656133
15766703
15005646
15009418
15071887
14294666
16097597
16382737
14664280
15630201
15796376
13519515
16821820
17163625
14512943
15590383
15335350
15247849
13624883
14423923
14888985
14605862
15642127
14719979
14988851
15088542
16308145
14685160
13330339
14532184
14385670
15569059
15053402
16858416
14293508
13087545
14898186
14944803
16175112
14628691
14818801
15117728
14622570
14426494
15797172
14292044
15913431
14561504
15058691
15247119
13880857
14615337
17022157
15068160
13313183
13685505
14474428
13717573
15593579
14084035
16719438
15057789
15853160
16484161
14630041
14064463
14423112
14947042
13072598
14393516
15785696
14841269
13534212
14279695
15231503
14896246
16379992
15370187
14535155
14802384
16744542
15557052
15469063
14913883
14803374
15434536
14693167
15337719
15087746
17097721
13216066
16884727
15989206
15055962
13771151
15330935
14582540
16233018
14675464
15010005
15469769
15950528
15761200
17032485
15749238
15542402
15407030
15049813
12602166
17486285
14091452
15679503
15417766
14990563
14069282
14464821
14061078
14660012
16383896
14789588
16084387
15648448
15220023
13158189
16775666
16511683
16325893
15482619
13284064
15638205
14731311
13718132
15220557
14824770
16730514
15406530
16324066
15546125
16031756
15518990
15150391
15193898
14052654
15663009
13199101
14536477
15163986
17532914
16612131
15341001
14794102
15837064
16267773
15564176
12000990
15267209
14399348
15782883
14841653
16883990
15243976
15474952
15427517
13612976
15005137
14955421
15741987
16226588
14397315
14751467
13856798
15188806
14147578
16684546
15996393
14340708
13872312
14862320
16574803
14503464
14396335
13518463
16795361
14387922
15238927
16048412
14264857
15349293
14237166
14084028
14752665
14794997
14019477
16057936
17032646
14592065
14395998
15453654
16293002
16050031
16865001
14717600
15542404
15236690
16239990
16862497
16329513
16122142
15564031
15403522
15539267
16990373
14998689
14191876
14774186
15563566
15067143
13733089
13864595
13462391
13060459
14484840
14411367
14645704
16063289
14345791
16872097
15518171
14241919
16190795
14633497
13931213
15644309
15142333
14447725
14194842
16013145
16032166
15018064
15256598
13895036
14821024
16401886
14976903
15323567
15199407
16099959
17016719
14928685
15780787
14451093
14885373
15481758
15113502
15568411
15629968
15581022
14409642
14526372
17906088
15057619
16775762
16226755
16098884
15153701
15953461
13122889
15615862
14784585
15064728
14174624
15191542
15559634
14279464
15338733
13892436
14997487
16305203
14229167
15419416
15440534
15018439
15022274
16490944
14555213
14676511
15058121
14811549
15671799
15699389
16949839
14786276
15271608
15840460
15330233
14543507
13852122
14133111
12177541
15625808
14888212
15778727
14668512
13513286
15887414
15257859
15298772
15188529
14053740
15053269
15135543
15648213
15859259
15219921
14968923
15811379
16645912
15356229
16910034
16160977
16050618
14708934
13324770
14360638
13991546
13130966
14467241
14127471
14337883
15890346
17859851
14936054
13536848
15115534
14155747
16237445
16317505
14607253
16003362
15453721
16154880
14168266
15748405
16084946
15362225
15370511
15288490
15509913
15711657
14624637
15715645
14851216
14426167
16978784
15541102
15011114
15595579
16196558
15414414
14131215
15995630
15455930
14577883
16551088
15665705
16146397
14237826
14026797
14656452
14529887
15539615
15278857
13691417
14924768
14191431
15583748
15036363
14642187
16908063
13578455
15358858
16119737
16435960
14008650
14564127
15953181
14210095
17005093
15114204
14850568
14090531
16519964
13192662
14149229
15653760
13474534
14245177
15316621
15617782
14303322
14874839
14728968
15205934
15314795
14081796
15106102
16555646
12669849
14430179
14948230
16543142
15694768
13058298
16454526
16726975
14873672
14501957
16293246
15553728
14337583
14627829
16450462
14512080
13791932
14591322
15841147
15031236
16518001
15796523
13885009
15444024
15202993
14320469
15932940
12810591
14752146
15338314
16049334
15466963
15470879
16053040
15565629
14764310
14678516
14349776
16898731
15970199
15443508
14507358
14543627
16646958
15680260
14640075
14849692
15772275
15768620
15881283
14959255
13871210
14641642
13360443
15491947
16344026
14913671
16494073
13858984
15740873
17694226
14549970
14884437
14577473
15139091
14856721
12456492
14772002
14600136
13728783
12763500
15029632
14828909
15076407
17098671
13107351
16598821
15060007
13665064
14809914
14589058
17545636
15802528
15009547
16688005
16210985
14226902
16209570
15935770
15114680
17362748
14990609
15042124
16620495
15461699
12870943
15297139
15652434
15546942
14432011
14639498
14726630
14964534
13966386
14162171
14433233
13521233
15350290
15130726
15782673
17109024
14888031
15167143
16739753
15424834
14727367
15378437
17699873
14600950
14252081
13876264
17212650
14447696
15215189
14670501
15780114
13743958
14898413
14902984
14679597
14785270
15183024
14113348
16348913
16709566
16274863
14404816
14803181
14865255
16062534
14482795
16561335
15700470
14980066
13963499
16481082
14337580
14690358
16480901
14978330
16289654
14299295
16042497
17026211
15856195
13683445
17018123
14259195
16262683
12552035
14822075
14509036
14569474
15292405
13986621
14430915
13946325
14439119
15750422
14053867
15893483
15914699
15619377
15284135
15366240
17040606
15745444
14570149
15442331
15203953
16660878
15624237
15464483
14892163
15482907
16433087
15036193
14777177
15570010
13795158
14283773
15349017
15067407
15643720
16567370
15643160
12732656
16798261
14415699
16594110
15044303
15239811
14556008
14754668
15274077
16116773
16461731
12684921
13326513
15772505
14611148
14505811
15868333
15104699
17920753
16562642
16828343
15781944
15462291
13372519
17137225
14619891
14846658
13659698
15516163
15099678
14085084
15392743
15600025
14230761
15081938
14572882
14486662
15417858
16446315
14140597
15589758
15112893
14990956
16294048
16135671
15892747
17654871
14849934
15937919
16677625
17006690
15983811
15545876
15505799
14535922
14213581
17300012
16897983
15026111
15148270
16163737
14585981
14342216
15059991
16662779
14541271
15350793
13902150
15499179
15203763
15247635
14618027
14972272
15368980
15059153
16148510
12628854
13295964
15398348
15535399
15989824
16453035
15406881
14628930
14941254
15245053
16878772
12253071
13974044
15925852
16089091
15619104
15641721
15995742
14867650
16078982
15235408
15266316
16698710
16502709
16133010
15659222
15456231
13797690
15751204
14097892
14494432
17136750
15357230
16270077
16896137
14695807
15221711
13812349
16017842
15476854
16178136
15942688
14332982
15022002
15667359
14730623
17012750
15271811
15619843
14707648
15895689
14501456
15346564
14255628
15094044
16830760
15006745
14452683
15720301
16380859
14959159
15310931
14759974
15867405
14089247
14061025
13059304
15836823
15308904
13949466
16066162
11604006
15185730
14370816
14759581
13650021
15117848
16036683
15032935
13247557
16770447
13028456
13895062
13137217
14186566
16959024
15298943
14909914
15003311
15766057
15069708
15118922
15939049
15114607
15433572
16147508
15747788
14660225
14334955
16530864
14560681
15229040
14489484
15892279
16425007
15231154
13826906
15247855
15429779
14052271
16580592
16631490
13784477
15566893
15272806
15220140
14875636
17122895
15240646
15704188
15247691
15033305
13276401
13264134
14220251
14481558
13535960
13971784
14451355
15710858
15349748
16686377
15230150
15452267
14568643
14440059
14931528
15265787
16157891
14888101
13997357
15940489
15270002
16584098
14501772
14950355
13618702
16674794
16286815
16313432
15469357
16527438
16827293
14595861
15136455
15722475
13878952
14915825
14479567
15157080
14789954
15276966
14988203
14352538
15138525
16660036
13965630
16142686
15143157
15859529
14654250
16118342
13315470
13953421
13755512
15999558
14923870
14894305
13928425
14796345
15481243
14348715
16262512
15535705
16668379
16536525
15567699
16551407
14555820
16199262
13413324
16133598
15051032
15434557
13746562
14743117
14356065
15190458
15044871
15226272
14550558
15583113
16214950
15292021
17681605
17234531
15384541
15813480
14719705
15331914
14782086
15159757
15931045
16361553
15732370
14490908
15388773
13793633
14595356
15961698
15194845
13559540
14025438
15646273
14650110
16894394
15211494
17145499
13885682
15279469
16165995
14343370
13175128
15121356
15621321
15954011
15979638
15264709
14886880
16290267
15830727
16958963
14807363
15442678
16351180
13096911
15937665
13714145
15856800
13457026
16249078
15361804
14421356
16262982
14403879
15807832
14195928
15524727
15654687
15234760
16636853
15891752
15622309
16988044
14216752
15608256
14404935
11651085
15696983
15030849
16256840
15314521
15766445
13874690
16871286
13158424
15475806
12869512
16235309
16556842
15863979
16324663
14206711
15087714
16061405
15401776
15211988
15432524
14971208
15617713
15765940
17234534
16074957
15601198
14844586
14768239
15467152
15449366
14645236
15256148
14732699
15481475
13887472
15079449
15559668
15886464
15874976
14386742
16131073
14938517
16004307
14665602
15953895
15197289
14369861
15921156
13288922
15460515
14633614
15856278
13275583
15408562
15823000
14986277
15984982
15124274
16555755
15407177
12299172
13500177
14759313
15396702
14796478
14569711
14885133
14664026
14217095
15004411
14234843
15669930
15519306
14954904
13707474
15315258
15092726
15602202
16086951
16773840
14264280
14953628
14415439
15083076
13603558
15779578
15161431
15841258
16594251
15247057
14093735
14697240
14605440
15002035
14443615
15641597
15563149
16302862
15515968
16103520
15766447
15286652
15909028
15644254
14705556
15010567
14833340
16513549
15028892
15059005
13957459
14784533
15265837
15028829
14300775
14526913
13458502
15896518
12985172
16690467
15910201
14579743
17855004
15261039
14104285
14490752
15255751
15110526
14492589
15054259
15523984
14643767
14732751
15277632
15037635
13762371
15156696
14301182
15654334
15234372
15249580
16168079
14327422
15212065
15073872
16731636
13984410
15555467
14176083
16484022
15194574
16100156
13502551
15814125
14774710
15267633
16488236
14000896
15485273
16027680
14351334
14377687
15782565
15168020
14905454
15879904
14275753
15581731
15007484
16435041
15928943
16758693
15825203
14140532
15246400
14945963
14627565
16052571
14658231
14830019
14986654
15443781
16009543
14472834
15605996
16022763
14955605
16299715
14859353
17068695
16246649
13573436
15056333
15019026
14858402
16851323
14398049
16495580
14993618
14331715
14083289
15905826
14757071
13723183
15006065
13818742
15777028
16134249
15820659
15663915
16130505
16171040
13097194
14658774
16367931
17974657
15803083
14683928
13474556
15555263
14266923
16389192
14857513
15362441
15832712
16024820
15939215
14715119
16181964
14025047
15989848
13570129
13183526
14353642
14044281
15603233
13593370
14713288
14632862
15833496
16285366
16628753
15947044
16184216
14815505
16508344
13744828
15887255
14684453
15473421
16405474
13649846
15112906
14502542
16859216
14669280
15105421
15028162
14151966
14429562
14590268
16966792
12784256
14692283
16287592
14464410
13186282
16451788
15134455
13741392
14834792
16567054
15747175
15322007
14424529
16719539
15654946
16090458
16130391
15149067
13922676
16559997
15575030
15007457
15986808
15724138
16098036
14477015
16364463
15730181
14131835
13831786
15782082
14282975
16731101
15304777
14643153
16697228
16789094
14280818
16050499
15484690
16396321
15049309
14410166
15818090
16486582
15226686
16922081
16216385
12952759
14565207
15054972
14916216
15936818
17688587
16035517
15192565
15894417
13545439
14529450
15782424
13785166
15633899
16122055
14657198
15880555
15413370
14108589
16996877
13429793
16721583
15422994
16506524
14073005
15625791
15984568
15781309
14510682
16679743
14539369
15692216
18376069
15299140
14123819
16056424
14831013
14714961
14987675
15440661
14815416
13826603
14693357
14700717
13936358
14443165
14646947
14749922
16559943
15385549
15361929
13098530
16526526
15881202
15947726
15292721
17264330
14996993
17019370
15731565
12575093
14200019
15325777
14587252
14261960
14075362
15996720
14988218
16571627
17068529
15051156
15284611
15637001
16775409
14983956
16192142
15362936
16605926
13468107
15270615
15516412
15869990
13140762
14842322
15358468
14739994
14896458
16647647
16138610
17941847
14401067
14860815
16002721
14083297
16424707
14865526
14624918
15200554
14703348
15265974
14334856
14143069
15890923
14752157
15128435
14124920
15116846
15215602
15988439
14110175
16151488
15694354
15187153
15694160
16435968
13485817
14184686
16309288
16442127
15401063
15376261
15563042
15173056
15750330
16663026
15899297
14525169
15096287
16000960
15509787
16352674
14682699
16270580
13580083
15546198
16016375
15467273
16069636
13593241
16624119
13229665
13650012
15590005
14441539
15807378
15717552
15940184
15478795
15514502
15744692
16267503
15139861
13872345
16522737
15555846
14797748
15198186
16852769
15204792
16363929
16661219
14427952
16133079
15209568
17277263
15432040
16530908
13848398
15127249
15253013
15768360
16328136
14145468
16922776
14158820
13360215
14761455
16576678
15014059
14051463
14668499
15352675
14246212
16493021
16428760
14786564
16777808
15394586
13756479
15702996
16317241
16289699
13353894
16234373
16194964
15392406
16187973
15928827
14708060
15805240
15178436
13546594
14685665
14279586
14820204
15535858
16576536
14792961
15486825
13762946
15692761
15800370
14224365
14767333
15758792
13617867
11921406
14607513
15956285
14331683
14276555
13482061
15710053
14547088
16431901
14364119
16098802
14547600
16341465
14931743
16293997
16310915
14084649
14732492
14384668
15668198
15640622
15319344
15378037
16488819
16960466
15533625
14428799
14937249
15014440
13087312
15592241
15673859
14946601
14406567
16367625
13526853
16321017
14117654
16604421
15077345
17225442
15572544
14658871
16813523
14548845
15311412
15179416
16509731
16092117
15685941
14734476
15378578
17082052
16208110
14702642
14154483
14886306
14886351
15248462
16371394
14901431
15010917
13791832
15349870
16399593
16893338
17381412
15164525
16388502
16046581
14903708
13486049
16680024
16251339
13581866
14473544
13798983
12567028
16639962
14481559
14031052
16267176
14630974
16461526
15903784
13325143
15279497
14886770
15172885
15064549
15589624
16780901
17138156
15523966
15423879
14105654
14173198
15265479
16202385
14945216
15223769
15020088
14051317
16253831
14374829
16173378
14882633
15882445
15047735
16107604
16159108
14193748
15231146
15422003
13876375
16885392
15374046
15554587
13795818
12139172
16229913
16629358
14765930
15742580
14578860
15021369
13448430
15360465
14788782
15960978
15259509
15154176
14625010
15605025
15140406
14792266
14359280
13559703
15225187
15336757
16792778
15734814
16402282
16930144
14219069
15843574
14429202
16775192
14552648
14548668
15234518
13343465
15363138
12956840
15392745
16038942
16066041
14963038
14674567
16458658
14967067
14906796
14274556
14875314
14863864
13273913
15484883
16220240
15758887
15556610
14722139
13084810
13966071
15467912
16116377
15318569
14591445
17198066
16392239
14884223
15269075
14429764
15688500
14851658
14622393
13941110
15445064
15201797
14610195
14503640
14142483
15614551
16326927
15023024
16356308
15621095
15603628
16719979
15010630
14521299
16031527
12681944
15746602
16035573
15724873
14541488
15821473
15469439
14536499
13765231
14893642
14353786
14743167
14516928
14813944
13512569
14323196
14595219
13902371
15499407
17311028
16086875
17686360
14448547
15671102
15242616
13949046
14565411
15570555
16280244
16324723
16661777
13056717
15568341
16112626
13743190
16295622
15253716
17389450
14676098
15317617
14397738
17383943
16417782
16127586
16429950
17035848
15184513
16621046
16097598
16630165
15753213
16368028
15300925
15368810
15796005
16820928
15975636
14730141
15100061
14127439
14399918
15502388
15760618
15573755
14787349
15449320
15154454
14391690
16091032
13248836
14115262
15018715
14602801
16034280
16261883
15644535
16097773
15394664
16818834
13813752
15466520
15205690
15454819
15578994
15414984
16061871
14345565
15634519
15138937
13261032
14699728
14997412
14640525
16670938
15539263
15856833
15498421
14907397
14694273
15401608
15851447
17311003
13687244
14966646
13659956
16548705
15422298
14364359
13839249
14783137
16002222
15813835
15476688
14042491
13767935
14837644
15220335
13841042
17630707
15069024
15421479
16384456
15345947
15625354
15591553
15794001
15348559
16209319
13794729
15414661
14868117
14403692
17884936
14647961
15229669
13994974
14879191
13752019
13321797
14578297
15927463
15380667
15872541
15588339
15714514
15266820
13917540
15617388
14227904
14011156
16549967
16524051
13244206
14257099
14560735
13289145
16183604
14693991
14349581
15213928
15722661
15873773
17544862
14732030
13998016
16151258
14906243
13328214
15432545
15824020
13646220
14616190
14962560
15727682
18184148
17002062
12475013
14757783
15465256
13947394
15609845
15770566
15861330
13847447
16260582
15391009
14517925
14260197
16665946
14428063
14911580
14047190
15776828
15237817
13297783
15068109
16703156
15269380
14871689
15551770
14778443
13816884
14942256
15197969
15803159
16567298
13992497
16196804
16741710
13689177
15195295
16133335
14846060
16331466
14055971
14881864
15060018
15786518
16095815
14713747
14309026
15574917
16034114
16764064
16083683
13334865
14942437
15750237
15467669
14034727
14514227
15034315
15680716
14196360
14594461
15372001
14486636
14951876
15769920
14953112
16438081
15399956
13996021
14929940
14743643
15016754
14936046
14619839
14752610
15395244
15409980
15748098
14952730
15413249
15644834
13434028
15670715
17618306
17051214
15109000
14345508
15236105
14974818
15103983
16068951
15399031
15897514
14867400
14190803
14069092
13870713
16392234
14413083
13854039
15746940
15454467
15566450
16219024
14221303
14154035
16967800
18376204
13952473
15316633
14535006
16206638
13941056
14872400
15914779
14897791
15475566
15280508
15142482
17456985
15404739
15101077
14575626
14906985
16078323
15504798
14467262
15853509
13876509
16021169
14971167
15032891
15024341
15151467
15320995
14836638
15964056
13179387
15283128
15758848
15349126
13650065
15664964
14264039
14926657
15768876
16032647
16175558
14153413
15599261
15473427
14953206
14490640
15365022
12666395
14343020
14149422
15355831
12653288
15254715
15673419
12862770
16547093
15099525
15600118
15038564
14554183
16642078
14817865
14697179
16430948
14534216
15860658
13910615
17144963
15306022
15439247
15415245
14293351
15883231
15658320
14404791
13663140
15292217
15442594
14829460
15229585
14419381
15398947
15485351
16866864
13918472
14651644
14048177
14082387
17260145
15009446
13940262
14961566
14400212
15178200
14037993
13965067
15583545
14808906
14984601
16158789
13285658
15219264
15017547
15552211
15934778
14862266
14628719
15303241
13979065
16910904
15850321
15259235
16556035
16037100
15360651
14944854
16481726
16793708
15514850
16131317
14645709
14548805
13122006
15717039
14313578
15184774
13262730
14799459
14336698
13951391
15173439
13154404
15520917
14523921
15017486
16040902
16242103
14328320
15126102
17313172
15448428
16765135
13717846
14824834
15342753
15019349
14018015
16222147
13779472
16275309
16295741
14849458
16242681
14477603
15041807
14392725
17496896
15941117
15629026
14243932
16619573
15401225
15960313
13203779
16668128
15727205
14352140
14901659
14139430
16847550
16548673
15310422
15882075
14958557
15545395
15365359
15991391
16723160
17431402
14634928
15745109
14571590
16997307
14581281
15706638
16575844
14682939
14516138
14752939
14254448
15697537
14612636
16905594
16104596
15000177
15811923
15880544
15503448
15302913
15532763
15751291
16353510
14743266
15938112
16234519
16225167
13818270
13523007
14486016
15037683
15507974
17155994
15525522
15405113
16478159
16014388
15451456
17972883
16451254
15112812
15644312
15467311
16086235
13218501
14758387
14808220
14695913
15781270
15098653
16392626
14490430
15568722
14747751
15979901
14314835
14884129
14838814
14736711
15238566
17380586
15220517
15379349
14670902
15747668
17188300
16179184
13709178
15120742
16207022
14648280
15162593
14508532
15557006
14707318
14796709
14232862
15190303
14723141
13671931
16314945
15911223
15554214
15590660
14991527
14859155
16402190
15597003
14593032
14784406
15345085
14550281
14246067
15125937
16356354
13533823
14341732
15856503
15899563
15002238
13998620
14689524
15623367
15736654
12706702
15668116
15443038
15230096
16524299
15807412
13733421
16848494
15112296
14456522
14999703
14148320
14317900
15379672
16464265
14302629
13508666
15578644
15173268
15295068
16394818
15582107
15396052
14544849
16301865
14232546
16249855
16459519
15954668
15034973
15073967
15266520
15606576
15986885
17549476
15503313
15042213
15848602
16356338
16185163
14282233
14206667
15934895
16816253
14998461
16383631
16049553
15873549
14646216
13897593
15941661
14868694
15758955
16427508
14149227
15467776
13876386
15270299
15754697
16206335
16162767
15288289
14892965
13757866
16159143
14847538
14261091
15582111
15599841
15374838
16823560
15251533
15833114
14615112
15062409
14733438
15677953
14235382
16328790
15580530
14864600
13812700
16949701
14991677
16090735
14992640
13330869
14347640
15649505
16085694
13373498
14893178
15357364
15416250
17974238
15955114
15621144
14518758
15590623
13889324
15548351
14729649
15929218
14867810
17090219
16103713
13812757
13879388
15392051
14884261
14978094
16134425
13286879
15725996
15639263
16119741
16004571
15492763
16517088
14467990
15863778
15117749
15234070
13896527
16885718
15742985
14383410
15782203
16094629
14133394
14528824
16177579
14711951
15512026
15713808
13145238
15304233
15066639
17051936
14180643
16399382
15279448
14635402
14668668
13508239
15258321
15797772
16188132
14190785
14754349
15034801
15813813
17062762
17513967
15895669
15903998
14353304
16414142
16017321
16186603
15760286
14846103
16314714
14472458
15336373
14849691
15578575
12966685
13810712
14835131
15365656
16853641
14829866
14994604
13180508
16234914
15597207
14987696
16424980
15940965
15436818
14138746
13613508
15354761
16868784
14825306
15570635
15823173
15633526
16413265
14434092
15723075
15036693
16660225
16203272
14193053
14425519
13093042
14032499
13074225
12661321
16497645
14851602
15625720
15047158
14798777
14037576
14267248
15317646
15147356
14377885
16021469
16379159
15542912
13697467
15355002
14850099
15183239
16030831
15348499
14622366
15496670
14703750
14077136
16354113
14341262
13667497
15116530
16649505
15464617
15826715
16230500
16081503
15789990
15423485
16484786
13961384
15334093
15186651
15596799
16993648
15774523
15329161
15716196
13353580
15121932
14505963
15589594
14437129
16968997
16253480
18378416
14737662
15655410
15570986
13923610
12724194
16266443
14519858
14379028
15281290
14970410
15025277
14354785
13332644
14744106
13853088
16343390
14438888
16588076
15377220
16749595
16205111
14260213
14934599
14561968
16446652
15368066
16294232
15298277
15534828
15134380
13727365
16476678
16211103
13791706
14199925
15465118
15408573
15380992
13942545
13525678
14669031
14167492
17157942
13909302
17505546
16059970
17269864
16215650
13042041
14176106
14721053
14554509
15552452
16170181
14105744
14336615
16522395
17833911
15693787
15932995
14301153
15402664
15006089
14073816
13324894
15111560
13906488
15645055
15008310
13456949
14945304
14549486
15070034
14794265
16913186
14658901
13582129
15013407
15833157
17131087
16801967
16894906
15277870
13445537
12813088
14755034
14740320
15871792
14014086
14428348
14883273
15851908
17541997
15200137
13964893
13440953
15819345
14497650
15781968
13920585
15362053
14516409
15271814
14499093
16036333
15020750
17014352
16075321
16290009
15836165
14430199
15160124
14779588
16817677
15398087
15152828
14619240
14953685
14602524
15504593
15166054
15352298
15325978
16845889
12521899
13932861
14375544
16271757
13015036
15241907
15012251
16028592
14200376
15444918
14965335
15963372
15640691
14681670
16830113
13940458
14965754
15822245
14768403
16254970
15082998
14348881
16910655
15646598
15408264
16258893
17615357
14365964
14818514
14907144
14726594
15231935
13427957
16159131
15806791
14915027
16355069
16545336
15783610
16084358
15512468
14753160
13389810
16005918
14542234
14732588
15783936
15547871
15467535
14864240
15714071
15615488
14999805
16127598
15989098
14203053
15494201
16873846
12326123
15443494
13420373
18307817
14485848
13100259
15386311
14572522
14716819
15089743
15218282
15822913
15323096
15732162
16056507
15607858
15572540
15770655
14485592
14999936
15263251
15252457
17106065
16000968
15835483
13549663
15516640
14113796
15102779
15458482
16418818
15386546
15249974
17069751
13703973
17853006
15882479
14409832
16596749
15203334
13939286
16178845
14590904
16860928
15046312
14048898
13814206
16149894
15815684
13929380
15095900
15958430
15959679
14991281
16995787
17503531
15222678
14173110
16237988
14688610
16998094
15636955
14361149
15896944
15226145
16930024
14552590
15326692
15121309
13987799
16329183
17121013
16176927
13454384
15859745
15971057
14900823
13034778
14766029
14437503
16064638
13508504
15487530
16654437
15501881
14747375
14566291
15901059
14176586
13276728
15483462
14031204
12315596
15624989
14751761
16961600
16410566
14296887
16523671
15499508
15970152
15195927
14717563
16593548
14841570
15813358
14795823
15183714
16460667
14906027
14057512
14580713
14372353
16509673
15432484
14449169
14897394
16034155
14641683
16563075
14506325
15438568
15006466
15443661
13744408
13277999
15169481
15262152
16105216
15809465
15025506
15199445
15326421
13417591
14575959
14697593
14938239
15158386
15680766
13715072
14220792
14628192
16490687
15622914
17274198
15544135
15096026
15744082
15267907
15013534
12853834
17312217
15469946
14502691
15529261
15886105
17626103
16040732
15895295
14207445
13758835
16396409
15615715
15216908
16362672
16443230
14921720
17297674
16300502
15796072
14448709
16877900
14698211
14079505
16181265
14750014
14842235
16911864
17442415
16605608
14547018
15968838
15487969
16506133
16011479
14586111
17131841
14240800
14332762
15729135
15472000
15472604
15572439
15660675
13020532
16155679
14462801
17050407
15524867
13846985
16496844
15466431
12944736
14821837
14918288
15268037
15095234
14964307
13648901
16725634
14017375
16117561
16982730
16082052
15098259
16603522
13615179
16487637
15967176
16568376
14056660
14484363
15222848
15427046
15191380
16177773
15020830
17406276
15378066
15553579
15093425
15786472
16003579
15869601
15673764
14657784
15912388
16553607
14918346
16523603
14337194
16358314
14582999
17775215
15083884
17069419
15976012
15300829
15151902
13750489
15304903
13840699
14757290
14638173
14277999
13067146
15516643
16691214
16003351
15454568
16753287
16107454
14686720
16037013
13642875
15683753
16173020
15947619
15556130
15714474
15580331
15617045
16394480
14669208
16516436
15012036
15165932
14765388
16961897
16346827
14726876
14423645
14335340
12914197
14133934
15755425
14949477
15202341
14091681
13536151
15931825
16309715
15228183
14993531
15443473
15976596
15908357
14805876
15218730
14817687
15383809
13835439
16054524
13718722
14522225
15969091
16260494
15520974
15765734
16070164
15368178
13437832
14518411
16023451
15276911
15559126
13099444
15431915
16537244
16950929
13457311
14981905
13553158
15566735
13812266
17106889
14279579
14442355
15958723
14678868
14602198
15997745
13398419
15229289
16263909
15307129
12731611
15737540
14998047
15363597
15244112
15996203
14445981
13826687
15767412
14392638
14415435
14114043
16315125
14867866
15354010
13620991
15343805
15114054
15161882
15281670
15182460
14875924
14130676
12880005
14483741
14147511
13215051
14620462
14731771
14237057
15529881
17068135
16084508
15346912
15988513
15115409
14105072
16583791
15173406
15780717
16204606
16976051
14507849
15124307
17275972
15983182
17293907
14290519
15204386
15485340
14693961
15630497
17082431
14969555
14703312
13943694
15092471
17170338
14977493
14622153
16135412
15027224
15234006
14711977
14082757
15511561
14360959
14765747
15405131
15628502
15857991
16303775
16432810
14252393
17007808
16584150
18395259
14977978
16126619
14868425
14122920
13804340
14949161
16419847
15507456
14824213
15087664
14031293
14498098
15840507
16237464
14331189
16299948
15213694
13756242
16263028
15423948
14577221
15584247
13752797
14847966
15833574
15617172
15073558
12807998
14709626
15788641
15265299
14839035
15997512
15487323
15337264
15002731
13893661
15794584
15073727
15327062
15014999
15059657
14871959
16332992
15514973
14914919
16011271
15263456
14484236
14563035
17378571
15062825
15168321
15707515
16236586
15076928
15028315
15948829
14297417
15910062
14532249
16336906
16414670
15395445
15846367
15678122
13327388
14996470
15152148
14316514
15621430
17009802
15270300
14984451
14707153
13374042
13249667
14645734
15960530
14705690
15829710
13647603
15567895
16626829
15724571
16138493
15659088
15249921
14697762
15474202
14930274
15889730
16199397
16428396
15176777
16214257
15172817
15115860
14852788
16648583
16829433
16348604
15010218
14660799
13769480
16151724
15108426
14786638
15019928
14371161
14849795
14525926
14906957
15622727
16516968
15987734
13950322
15780190
14662133
12433663
15257942
15512581
14827291
15752798
13771542
13751991
15476962
15272134
14648638
15138690
16167002
16167235
13715324
16557012
13877892
14576551
14312717
15305675
14828628
14618747
16619767
15551393
13791091
15092205
16845993
15633482
15336730
13375039
14382728
15899173
15530067
15745766
15818747
17522527
16411536
14881197
15402592
15600944
16842206
14394179
14226901
16371293
14523703
14582167
14683221
14423307
14765543
15125200
14731847
16556729
16698545
14645245
14390213
14314047
14331957
14450625
17530039
17725936
16126077
13646087
14347345
14318103
16259191
16375725
14928879
13680368
15202755
15774535
14825472
16947585
13485601
15273320
