468
1300
1391
8422
13192
13738
14867
28751
32237
32451
32978
36380
39762
39877
40536
52521
53557
55796
56048
56510
58113
61016
65156
69116
74789
78450
87330
88943
96398
99912
100997
101345
102601
103602
104912
108496
109634
112109
115090
118893
122849
123609
130919
131548
132784
134666
138986
151041
164196
164445
173437
176193
187562
190569
196876
198979
202686
203418
208009
209250
214249
218999
222192
222880
228691
230753
242849
243066
246062
246840
250602
257252
264433
279749
295372
297889
298501
304373
305311
306859
309259
311011
316645
324151
325541
333086
334705
337349
340835
341369
342599
345171
345852
352944
354199
354553
356704
359219
365030
365066
365618
366223
369278
370096
374414
377435
377737
380044
385415
388461
388896
388922
389203
391166
393314
400107
404968
407133
408090
410068
410255
411578
412613
413337
414887
416607
423092
423118
423663
428467
431999
433123
435593
443196
443763
443847
443894
452116
455146
455170
456789
457422
467446
469290
470143
472248
479601
480866
481344
482821
490207
493863
497299
497350
497512
497744
502345
503431
503557
504030
506188
506225
514029
518244
524046
524904
528025
531733
534903
540415
542733
545292
545483
547697
548485
548556
548992
552129
561075
564271
573746
584495
586626
587332
591426
592194
594597
598643
603352
606029
617555
620002
620216
620477
625237
628482
629581
630847
633632
635472
636574
643673
644638
646510
646902
649586
660210
667906
674278
680277
680529
683681
684468
686572
686690
689278
695757
698347
699399
700383
700726
711754
712172
713812
719628
725982
728486
740567
745828
748732
750343
750537
751630
753039
753808
754177
757610
759185
766152
771514
773508
776031
779547
782237
786325
793333
797379
797650
801303
803630
803944
809204
810704
811822
814087
816670
817623
819553
820475
820611
821055
823356
823469
824025
826574
827404
830117
830866
831712
833687
833761
835912
837057
840624
840972
854265
856906
858202
861493
862219
866441
868726
871844
882081
885482
885541
885774
887217
890791
890883
892169
895301
895820
900029
905455
909251
912101
912664
913361
918632
918700
918997
922728
923009
926877
931218
931596
936294
936580
942062
949794
953776
955281
957945
961260
961286
963176
965628
965802
985651
991162
992499
992807
992870
994873
998588
999180
1003606
1005490
1010447
1011220
1011997
1021258
1025968
1027739
1030179
1032218
1035220
1036105
1040935
1043771
1052757
1055251
1058368
1064123
1068576
1075628
1076551
1077802
1078716
1079562
1086511
1089367
1091713
1092139
1092901
1093834
1099692
1102492
1104717
1112955
1115737
1120337
1121546
1130405
1134638
1136873
1149980
1150319
1151236
1153706
1158910
1160366
1161086
1170781
1172598
1173403
1177308
1177579
1178457
1179564
1181108
1184476
1185410
1198834
1200107
1203281
1203996
1205872
1215450
1219284
1219590
1221063
1222463
1222722
1222815
1230245
1234820
1236784
1243737
1244175
1246091
1246820
1247459
1262195
1263805
1267570
1267718
1268671
1274369
1275442
1280923
1281635
1287883
1288242
1291700
1292958
1300544
1303097
1307753
1309176
1310345
1313627
1317075
1326832
1332393
1339785
1340970
1341454
1341714
1343662
1351195
1352969
1356843
1360355
1362557
1364377
1366634
1367765
1367973
1368366
1376925
1377294
1377305
1381311
1385145
1390604
1392942
1395269
1396957
1399044
1401098
1402590
1403809
1406434
1408947
1413972
1417513
1419240
1421254
1421623
1426785
1428480
1430006
1431316
1436978
1438187
1440515
1445585
1446867
1447037
1451446
1451666
1457456
1460261
1461138
1462259
1463337
1466352
1466923
1471328
1475149
1475319
1479268
1479727
1491071
1492651
1492993
1494282
1501887
1502366
1502896
1511163
1513577
1522407
1523357
1523368
1525930
1530052
1536931
1537033
1537788
1538555
1540540
1542280
1542377
1550510
1551595
1552648
1555163
1567236
1573788
1574208
1574574
1576164
1577002
1578961
1580689
1581277
1582567
1583180
1587443
1588446
1589252
1592482
1592706
1593087
1594316
1595339
1595729
1596774
1598409
1606080
1607518
1607729
1608500
1617336
1619276
1621804
1627909
1629548
1648628
1650007
1651024
1652739
1654373
1655033
1658574
1659625
1663878
1664901
1667261
1669375
1673583
1673637
1689841
1694141
1695204
1695841
1700319
1701229
1704584
1705764
1710079
1713260
1713709
1717121
1720361
1728768
1731322
1732151
1732940
1733827
1741666
1744515
1744553
1751122
1759582
1762029
1764911
1765114
1765821
1768687
1773610
1776795
1778690
1785587
1786544
1790060
1795397
1797142
1802461
1803757
1814367
1814745
1814917
1815882
1816144
1818563
1818662
1823406
1825634
1825962
1837690
1839413
1844808
1850582
1853670
1856215
1858125
1859539
1864625
1864955
1868624
1868718
1872504
1874403
1874734
1875276
1876039
1885074
1888997
1889562
1892090
1894493
1894880
1900144
1906365
1909752
1911528
1912969
1915997
1916789
1921885
1922041
1926829
1927708
1930620
1931139
1931930
1935477
1939619
1944552
1948882
1949588
1951524
1954169
1954643
1957308
1958109
1959149
1978766
1979251
1980953
1983470
1985462
1985978
1997496
2000922
2004123
2021932
2022514
2023294
2028563
2028843
2030844
2031780
2044420
2047615
2051952
2057068
2060881
2061204
2062150
2064914
2065158
2069860
2074804
2078742
2080029
2087932
2093471
2094761
2095560
2111532
2119040
2122616
2127491
2135025
2135586
2136239
2139177
2141020
2141341
2151389
2151891
2153118
2156129
2159087
2160443
2161092
2163281
2164247
2168598
2174807
2177706
2178836
2179543
2185859
2187712
2188282
2188853
2190615
2194733
2198019
2204601
2208625
2215830
2215869
2220530
2224712
2226023
2230107
2230466
2237293
2245258
2251683
2251992
2252282
2252894
2252999
2260271
2261451
2264461
2269263
2269407
2274515
2275727
2275994
2277573
2279440
2280654
2284892
2284987
2287516
2297530
2300449
2305028
2305057
2308221
2308930
2310564
2322450
2331361
2337927
2349338
2350883
2359051
2360698
2361612
2361818
2362948
2363327
2365423
2367413
2369879
2373166
2373722
2374117
2374889
2376250
2387994
2400005
2406266
2410834
2411666
2412037
2414395
2417307
2417886
2419508
2421280
2427637
2427875
2427931
2428350
2434211
2434361
2434604
2436670
2438503
2438864
2439426
2440003
2441688
2443743
2448060
2460345
2467463
2467975
2469931
2474192
2475659
2477907
2481283
2485752
2492077
2493496
2494788
2497836
2509235
2513182
2516060
2521689
2526403
2528188
2531434
2531742
2532951
2535027
2538856
2540464
2541038
2542369
2544767
2552052
2552665
2556655
2559009
2563921
2577326
2578920
2579038
2580163
2586387
2591766
2593966
2599288
2605397
2605825
2606636
2606856
2609344
2612009
2612534
2616424
2627630
2636725
2636959
2638723
2645770
2650862
2652969
2655100
2656108
2657304
2658027
2661450
2661846
2662648
2668904
2670799
2671093
2673879
2674433
2675431
2683294
2683749
2684000
2685654
2691837
2693793
2695088
2704592
2705168
2709556
2709912
2711863
2715511
2717044
2721714
2723631
2728160
2732005
2733776
2738347
2738456
2740405
2742416
2754201
2759127
2766186
2769713
2771719
2772761
2774938
2776206
2777334
2781228
2781813
2784548
2787265
2788009
2789325
2789646
2790106
2792498
2793415
2793940
2795020
2795284
2798029
2799152
2800940
2802658
2805675
2807670
2808775
2809413
2811569
2813650
2820559
2822100
2822890
2825899
2828994
2832715
2835665
2838497
2843783
2856134
2856242
2856453
2856522
2860076
2862446
2867910
2868513
2871369
2877711
2879586
2880350
2881628
2885921
2886752
2887325
2887575
2890442
2893590
2895186
2896361
2897281
2899178
2903336
2906281
2908695
2909459
2910145
2917152
2920496
2924162
2937011
2943994
2944119
2947954
2949100
2955541
2962092
2964846
2965491
2977842
2981022
2982976
2988044
2989584
2990656
2994749
3002981
3010727
3012983
3013733
3018722
3018930
3019783
3022120
3022999
3025688
3028004
3028757
3029621
3034130
3038903
3043502
3044399
3047301
3056149
3060682
3063515
3073674
3074888
3086731
3092732
3094789
3095275
3104627
3105698
3109035
3112208
3113125
3115868
3117202
3118717
3118779
3122704
3127325
3130941
3137711
3138149
3139857
3140895
3146659
3148145
3153654
3160530
3161313
3161969
3165370
3165566
3182665
3192241
3194119
3194275
3198295
3199215
3201985
3204510
3207448
3211390
3218964
3219759
3220532
3221272
3224669
3225352
3225605
3226083
3227989
3231949
3232022
3233385
3237021
3239928
3240348
3242777
3245154
3248730
3254209
3260227
3260538
3261401
3263319
3263992
3278879
3280861
3281167
3283083
3283344
3289218
3292126
3293957
3295208
3295938
3300967
3305017
3308540
3313010
3313295
3323731
3332065
3332992
3344876
3347471
3350095
3355861
3363566
3367030
3370410
3371692
3378076
3378641
3384560
3391792
3393458
3396893
3405842
3406118
3408101
3413816
3416961
3418457
3425887
3427993
3430171
3433241
3434097
3442123
3443649
3450974
3454951
3459474
3462377
3463220
3464731
3467307
3469265
3482000
3487825
3494850
3501533
3506264
3506536
3509749
3513694
3515973
3516224
3516451
3517002
3519642
3520667
3521377
3529432
3531543
3531964
3544413
3558405
3558443
3559087
3565262
3572145
3574999
3575503
3576345
3579746
3589344
3590705
3592154
3593436
3594560
3601488
3606299
3617012
3620923
3621885
3634567
3639464
3640284
3641373
3644565
3646333
3648013
3652182
3655131
3665798
3667512
3667883
3672067
3675599
3677005
3683982
3692672
3695620
3704604
3709175
3715541
3718585
3721712
3726761
3728574
3728872
3738089
3738976
3751222
3760297
3768778
3770563
3774652
3775896
3776736
3777226
3777290
3778225
3780853
3782944
3784914
3791072
3796019
3797639
3799346
3801147
3801259
3810868
3812214
3812357
3813098
3813921
3816538
3819666
3820435
3822030
3824994
3829829
3831578
3832442
3832607
3836182
3836361
3846771
3849189
3850179
3851278
3851777
3852331
3853522
3858350
3858383
3867285
3870214
3870669
3877215
3877863
3882925
3883749
3886194
3888230
3891733
3892418
3892761
3893140
3908672
3909377
3909859
3912331
3913296
3915024
3918112
3919851
3926895
3926940
3929596
3931409
3932478
3935790
3941027
3945681
3950358
3951785
3954201
3957362
3958564
3961953
3962543
3963876
3970048
3971127
3972337
3973445
3974948
3977302
3981422
3983173
3984728
3991702
3992905
3997362
4005148
4017661
4020438
4020483
4023285
4024153
4025716
4029076
4030352
4032758
4035673
4040136
4043884
4046281
4046830
4049221
4051153
4051734
4068501
4072204
4076788
4080127
4086199
4088598
4092475
4095809
4097126
4098358
4099299
4106893
4107105
4108969
4110092
4112321
4113925
4114479
4117708
4119868
4120477
4121201
4126004
4127606
4133976
4135311
4135472
4137357
4139379
4140720
4146245
4148119
4148183
4148864
4153022
4154657
4155427
4159038
4167381
4175376
4179941
4192374
4192439
4195454
4198530
4199547
4200830
4200860
4203240
4203834
4209174
4214026
4214288
4222214
4225467
4226240
4228219
4229376
4230128
4230636
4234718
4237248
4239709
4247867
4247933
4255180
4256601
4257938
4264199
4265156
4265937
4265942
4270308
4271603
4273026
4275107
4287915
4289927
4292634
4292836
4293003
4294378
4294980
4299131
4303275
4303349
4304051
4305270
4309553
4309634
4310729
4313269
4313315
4315896
4322145
4323485
4325069
4326795
4328926
4334066
4334156
4336915
4341438
4341857
4342911
4343688
4344529
4345658
4347603
4349435
4350194
4352738
4355229
4356117
4365933
4367937
4374719
4378164
4378595
4384558
4386764
4386960
4387885
4388448
4388525
4391884
4399644
4401208
4404008
4406629
4407220
4407324
4411417
4412749
4416836
4416866
4425588
4430318
4430811
4431620
4433584
4436818
4444453
4447443
4459568
4462655
4462842
4465077
4466736
4468723
4472419
4476164
4476178
4484461
4485899
4487393
4496680
4506016
4506136
4506854
4511360
4512387
4515199
4519083
4521869
4521975
4529934
4530139
4531322
4537095
4537250
4540557
4542725
4547208
4548072
4548652
4548726
4549248
4550142
4553627
4556209
4563148
4565728
4567641
4568336
4568600
4569409
4584774
4584847
4586694
4586874
4595562
4595569
4597243
4600645
4603382
4612526
4614314
4615495
4617591
4618818
4619343
4621777
4622910
4623658
4627510
4628069
4629306
4629512
4630372
4631954
4633581
4633677
4643013
4644427
4652448
4658081
4662944
4663317
4663759
4668550
4670922
4679648
4683132
4683939
4686748
4688128
4688804
4690183
4692542
4695934
4699018
4704702
4704773
4705399
4706384
4718166
4719895
4720599
4722067
4722915
4728175
4729555
4730244
4740195
4742264
4744640
4744795
4746825
4747476
4753265
4753361
4753529
4758879
4759559
4761129
4762609
4768228
4769374
4776966
4792117
4792548
4793497
4798145
4798248
4800348
4802995
4804753
4805884
4806665
4809945
4812291
4815506
4817227
4817230
4819619
4823855
4824640
4825028
4831328
4832373
4844332
4852545
4854764
4859925
4863210
4864097
4865661
4877186
4877353
4886724
4889377
4890135
4898180
4901091
4905279
4910351
4914619
4916007
4921713
4925121
4925269
4925380
4927319
4927340
4929140
4929551
4930321
4932714
4941005
4942541
4951077
4951284
4954036
4957628
4962789
4963274
4969188
4970733
4973359
4978536
4984563
4990421
4992841
4993033
4994456
4995664
4995773
5001240
5001823
5002365
5004735
5013543
5020137
5021069
5028738
5028957
5030507
5032162
5035532
5035635
5036950
5038869
5047299
5048642
5055408
5055736
5056661
5056688
5062499
5065192
5065740
5066337
5072111
5077415
5078071
5083279
5085331
5091097
5092310
5093706
5095014
5099268
5102924
5103353
5108098
5111719
5112630
5113531
5116906
5117614
5119798
5123896
5127744
5130821
5143046
5151822
5152203
5158721
5159176
5165175
5168197
5169755
5171178
5172077
5173293
5174572
5176722
5176990
5177435
5180336
5183056
5191643
5193864
5194328
5194579
5195605
5195813
5197308
5199253
5199435
5201140
5210047
5212235
5216702
5217130
5227271
5230560
5237090
5238067
5238795
5242771
5257362
5270343
5271938
5273277
5276031
5280616
5289625
5289718
5290052
5292898
5295143
5297374
5299118
5303865
5306186
5310967
5311553
5313018
5316490
5317223
5318111
5321330
5325238
5327684
5331019
5332789
5338975
5343302
5343503
5349388
5361740
5361891
5367759
5369187
5371433
5371863
5378675
5382849
5383507
5391771
5392663
5395416
5397719
5399352
5400990
5404473
5417796
5420652
5420780
5429322
5430551
5434479
5434940
5435148
5435792
5436022
5440498
5441384
5453077
5455656
5467093
5469490
5469622
5472345
5473823
5473883
5478562
5479134
5484762
5486237
5487066
5489044
5489315
5489552
5492948
5496780
5497309
5499401
5503586
5507291
5507611
5507973
5511948
5513935
5517076
5519102
5525483
5525809
5528751
5532788
5536098
5536964
5538734
5541341
5542127
5544328
5545541
5549387
5551660
5552600
5554576
5559027
5563904
5570840
5572857
5573107
5577359
5581959
5586645
5587022
5589466
5591080
5592957
5594005
5594289
5595996
5600949
5601218
5603255
5607961
5608505
5608949
5616689
5617495
5619874
5621732
5623552
5624226
5626561
5628242
5635903
5637698
5644865
5645728
5650871
5653356
5654196
5654332
5654987
5661656
5661759
5663576
5673666
5673766
5674780
5682132
5685820
5686045
5686978
5690181
5691422
5694225
5694570
5696977
5697769
5710852
5712885
5716403
5723552
5723612
5736577
5740216
5742361
5743416
5744238
5746824
5750667
5751345
5759454
5761558
5765814
5772969
5774648
5782762
5783799
5788210
5792079
5797727
5797895
5801165
5801272
5805180
5806471
5807487
5810951
5818738
5821800
5829365
5832441
5835009
5835427
5837710
5838550
5846574
5848784
5853806
5857057
5863445
5865201
5868929
5869041
5871711
5873384
5874751
5888935
5889528
5889617
5889657
5889822
5891122
5897609
5899512
5902363
5914795
5922128
5927700
5929927
5933289
5936587
5939112
5946376
5949302
5950493
5952488
5957870
5965950
5965998
5967659
5968195
5970954
5973379
5986905
5988536
5994021
5994414
5999165
6000247
6004164
6008522
6014044
6014685
6019192
6023384
6026529
6028004
6029826
6031256
6036787
6039013
6044394
6044894
6047706
6049645
6049662
6049905
6056588
6058198
6060236
6062679
6065176
6068965
6081490
6085997
6089055
6089181
6093513
6099113
6100137
6110926
6112660
6114858
6116223
6121123
6121346
6129344
6134682
6146944
6147652
6149947
6153621
6154672
6156117
6157305
6157530
6158714
6159901
6161352
6162128
6162184
6163614
6163769
6172422
6174240
6176278
6179767
6186180
6192234
6192991
6193616
6203405
6204387
6205858
6208239
6220877
6224789
6230782
6231269
6231303
6232084
6235670
6239619
6244430
6246596
6247880
6252235
6253796
6259859
6260285
6261705
6263359
6266054
6268170
6271288
6271609
6273230
6278534
6282237
6283112
6292206
6295295
6295615
6296767
6298583
6305345
6306048
6308685
6319106
6319935
6322468
6325720
6332879
6333415
6335396
6338203
6339992
6340695
6346668
6348397
6355484
6356591
6356756
6357319
6360153
6366456
6367189
6370486
6370961
6375894
6376990
6385493
6387099
6391659
6393011
6394174
6395418
6396223
6396933
6399570
6400133
6401124
6404425
6405990
6407847
6414839
6416139
6418144
6422948
6423635
6427631
6428918
6431659
6433432
6436919
6441687
6443146
6445275
6448619
6453767
6458808
6460279
6462811
6463004
6464854
6469399
6470047
6471717
6476299
6483833
6488126
6488435
6492180
6494906
6495270
6500239
6521240
6521836
6530286
6536603
6537362
6537471
6539698
6556606
6560904
6560966
6563962
6579217
6583429
6589046
6593135
6593483
6596029
6597326
6597331
6599960
6601288
6602542
6609654
6610218
6612083
6614753
6614805
6616945
6621429
6624307
6627377
6629760
6635532
6635821
6637300
6639379
6647813
6651335
6653185
6653427
6654776
6655543
6656948
6657361
6657615
6661661
6662120
6667549
6670526
6671367
6671776
6672391
6676880
6677769
6682277
6682804
6683172
6688075
6689097
6691927
6693159
6696695
6698302
6699667
6700570
6701757
6713327
6719295
6720849
6722619
6724832
6728094
6730946
6732548
6734753
6736690
6739959
6742420
6743977
6747290
6748831
6753201
6753286
6756307
6760462
6768253
6770992
6778573
6781942
6782830
6783513
6787679
6792976
6797818
6802346
6804331
6804854
6806268
6808811
6809374
6811560
6812426
6813082
6814298
6815713
6815780
6817377
6823715
6826317
6838385
6840816
6841213
6843439
6845734
6848503
6849057
6851858
6852086
6852900
6855761
6858768
6859170
6859330
6859766
6863598
6864040
6865335
6866403
6867256
6874241
6876371
6878656
6885502
6885784
6890067
6891695
6893729
6895846
6897589
6901444
6909891
6910791
6911204
6927929
6930193
6933497
6936914
6937656
6942442
6945660
6946548
6946964
6947591
6952389
6961695
6963286
6966230
6966513
6971111
6977961
6979914
6984305
6984703
6984816
6984835
6986526
6986953
6988943
6993605
6999678
7007137
7013086
7017289
7019272
7023270
7024994
7033058
7036799
7036989
7037311
7042289
7044108
7048391
7049605
7050592
7051827
7056130
7056917
7058946
7059158
7060018
7066394
7067838
7068077
7070857
7077787
7080862
7082839
7090518
7090780
7091697
7093654
7093854
7093955
7096621
7104450
7105149
7109122
7112698
7115871
7116081
7118035
7118414
7121206
7121457
7122928
7129465
7129639
7130503
7131163
7137566
7138152
7139548
7140607
7140759
7144398
7147714
7150266
7150327
7162168
7163362
7164568
7166262
7168600
7170194
7171773
7173894
7174382
7175110
7184724
7186195
7188718
7191130
7198814
7202487
7206841
7213112
7213241
7213288
7218212
7223316
7223815
7224452
7224510
7226441
7227418
7229758
7233700
7246677
7250579
7251177
7251654
7253002
7258139
7261085
7263074
7267243
7274016
7274564
7275644
7280896
7281458
7281483
7283645
7284485
7286971
7289394
7289895
7292460
7298976
7300636
7318584
7321996
7324221
7325208
7327061
7331694
7335093
7337637
7340894
7342288
7350530
7352992
7357686
7359830
7362960
7370309
7371581
7375530
7377562
7379326
7380140
7381913
7382588
7383358
7384501
7389024
7391245
7392865
7397505
7401466
7407560
7407892
7410049
7410103
7410906
7412777
7413654
7413856
7414000
7416567
7416731
7418081
7418353
7419381
7421351
7427993
7433010
7433616
7437535
7437999
7439448
7439927
7442095
7447996
7452103
7453973
7458413
7467374
7467392
7467907
7468868
7469284
7482237
7483081
7486967
7491622
7495505
7495596
7498127
7500410
7501724
7506918
7511442
7513001
7524078
7525130
7526768
7528170
7528536
7533598
7534096
7534945
7535604
7536738
7537053
7537607
7547986
7555879
7560348
7562505
7564136
7576631
7580921
7581967
7582292
7584994
7589128
7591661
7598654
7599539
7602069
7603376
7604622
7607922
7609431
7616285
7620751
7625398
7628952
7629037
7629130
7630213
7632490
7636446
7645871
7658164
7660812
7661949
7663704
7665737
7666936
7670325
7672043
7678834
7681365
7681609
7681811
7686644
7689798
7695390
7705011
7718728
7718897
7720695
7730808
7731286
7737672
7738838
7739327
7748450
7748717
7749093
7750905
7755132
7758681
7760424
7763113
7764179
7765030
7768032
7771155
7771172
7771474
7775408
7778844
7786704
7790848
7795099
7799350
7801212
7803761
7813393
7813642
7817076
7819375
7819487
7820942
7824480
7836673
7843839
7847426
7847476
7848705
7858136
7858567
7861674
7862988
7866729
7866861
7869385
7869873
7878174
7883943
7884193
7884545
7886799
7898787
7908379
7911780
7914123
7916716
7920089
7921346
7923805
7928019
7929546
7936213
7938438
7939036
7944097
7946700
7947209
7949211
7960497
7960586
7960859
7962048
7962337
7964062
7970286
7971390
7971883
7976036
7977363
7978791
7978960
7986023
7991407
7999303
8005817
8008746
8011473
8012961
8013373
8017102
8022335
8029386
8032021
8033328
8037095
8037124
8038757
8042768
8043632
8043655
8044082
8045036
8046329
8047236
8048069
8056005
8059659
8059889
8060718
8063946
8066368
8069793
8072141
8072492
8072922
8078865
8083539
8084731
8087201
8088205
8090700
8090867
8092229
8096790
8101929
8102709
8116217
8116847
8120506
8121701
8128312
8129384
8130289
8130833
8131999
8132354
8137408
8141217
8149742
8152647
8153401
8154014
8154087
8154558
8157337
8166522
8167253
8168558
8169735
8178889
8180739
8188319
8191546
8192310
8197328
8197619
8199441
8209532
8212830
8213379
8228133
8231438
8236227
8238577
8250751
8252680
8253987
8255517
8257283
8259572
8262815
8263464
8266373
8270095
8275511
8276830
8284283
8284521
8292316
8292977
8293408
8295340
8298561
8303904
8305137
8306619
8309495
8310665
8325651
8326551
8328152
8329522
8332760
8334809
8335820
8337467
8338988
8344703
8347601
8349456
8350226
8364109
8372533
8374740
8376076
8377850
8377992
8379350
8383025
8390842
8391913
8394202
8394990
8396881
8397999
8398514
8402528
8414617
8415480
8415724
8417611
8417946
8418194
8420021
8423474
8426685
8426791
8439885
8443579
8444455
8451499
8453184
8457465
8458848
8459204
8475015
8477843
8478834
8480407
8488492
8495231
8496996
8497272
8498290
8503900
8504967
8507561
8510437
8513463
8523698
8524516
8525797
8537473
8543976
8545407
8552600
8558392
8564503
8565725
8569046
8572249
8573212
8574479
8579161
8584299
8584686
8585490
8588197
8588546
8589366
8593659
8593670
8597545
8601816
8603234
8604447
8609647
8613718
8613981
8616736
8620948
8622696
8630374
8631222
8632549
8636882
8638056
8638753
8642652
8643628
8646282
8648292
8649147
8653176
8658442
8658866
8660577
8666263
8667093
8667330
8668374
8669200
8669583
8673199
8681222
8682835
8684208
8687862
8689943
8696941
8702710
8704450
8711764
8714624
8718794
8720091
8723066
8726777
8727707
8729661
8730327
8738176
8747377
8748023
8749630
8751395
8763191
8767696
8768817
8776723
8777156
8779790
8780209
8786387
8789610
8791472
8791495
8792269
8795826
8795839
8801423
8801426
8802435
8803905
8810361
8813145
8816883
8817088
8829442
8831618
8831922
8835560
8839642
8842437
8854841
8856332
8856420
8856635
8858454
8860801
8861201
8862738
8866056
8866953
8869852
8870200
8872583
8881100
8884086
8885016
8888492
8889241
8889717
8897010
8897141
8898162
8902671
8908862
8911629
8914593
8915472
8917892
8918901
8924580
8928046
8931541
8932424
8935258
8938762
8943847
8944858
8946630
8950241
8951295
8952078
8958455
8958835
8970503
8973610
8976517
8978191
8978654
8980027
8980461
8983809
8989528
8990610
9003840
9004168
9009130
9012354
9013465
9014314
9018083
9035374
9037152
9045562
9045724
9050657
9051939
9052119
9055225
9058310
9061022
9061117
9065099
9065652
9068907
9074001
9074119
9075565
9080544
9087108
9089913
9091779
9093092
9095025
9099827
9102923
9107178
9107739
9109345
9109480
9111334
9112117
9114629
9117892
9117927
9122491
9123026
9128026
9129426
9130870
9131346
9132006
9139147
9139778
9141538
9143390
9154943
9155568
9164350
9167270
9174172
9175145
9177446
9179561
9181095
9185134
9185567
9185608
9189582
9189836
9194759
9197590
9204952
9209780
9210533
9210881
9213243
9222452
9230896
9235818
9239655
9242396
9251742
9253885
9253997
9266658
9269442
9275223
9276411
9281942
9290368
9294090
9300787
9306839
9311537
9317102
9317820
9318857
9320274
9323036
9323364
9323727
9328303
9328490
9329677
9330498
9334689
9336561
9336933
9337761
9338175
9342746
9346105
9351831
9354194
9360399
9364988
9365282
9371909
9374788
9381814
9392692
9393557
9396449
9396910
9397269
9402538
9404189
9407782
9408819
9414771
9418495
9423706
9424253
9428145
9432303
9440194
9447894
9451146
9454721
9465727
9466299
9468584
9477265
9485739
9486079
9490151
9490372
9490846
9492408
9497204
9508624
9508751
9511765
9514666
9518681
9519399
9527535
9528447
9529240
9531901
9532632
9544234
9544602
9548660
9552079
9556285
9557405
9558800
9559446
9564205
9565413
9567938
9569803
9570999
9575396
9579899
9589280
9591233
9592218
9593784
9601952
9603557
9609551
9609657
9610204
9611231
9612070
9613370
9622694
9635326
9635928
9637505
9637674
9642792
9644898
9647746
9647926
9654211
9658342
9659848
9661441
9662648
9664861
9668435
9669313
9671186
9672929
9674189
9674348
9677135
9679851
9687690
9688831
9689402
9693846
9695107
9695396
9707879
9709375
9711313
9715854
9719601
9721751
9726095
9727945
9731220
9731948
9733396
9734048
9735897
9738770
9739307
9739610
9740142
9741432
9741976
9747561
9747898
9749433
9750269
9750731
9752102
9756885
9764632
9771454
9771816
9774035
9774542
9776844
9781366
9785460
9785711
9786257
9787668
9790022
9790456
9791111
9794973
9799112
9799114
9800796
9810977
9818757
9820750
9822977
9823297
9823906
9825840
9828867
9830422
9831730
9832212
9835546
9838623
9838774
9839177
9845898
9852761
9852908
9855493
9864548
9865303
9867488
9868662
9870043
9873869
9878161
9878857
9879009
9902802
9904584
9906737
9910046
9912552
9913173
9918462
9918968
9919227
9919598
9927982
9929270
9930315
9930730
9934547
9935097
9941999
9944558
9944853
9948298
9950058
9956261
9962507
9964653
9971485
9973848
9978714
9982710
9983359
9984310
9984479
9992728
9995946
9997830
10002510
10002598
10006678
10006968
10007043
10007848
10017333
10017391
10022314
10023533
10024330
10024949
10027947
10032798
10034146
10036178
10037773
10038904
10045004
10050129
10053502
10057894
10058468
10063187
10070694
10076881
10078007
10078451
10079357
10082469
10085164
10091805
10092738
10096000
10097441
10100858
10103914
10106688
10107565
10109798
10110026
10117481
10127916
10127958
10129586
10130155
10131140
10139982
10142880
10144357
10145916
10147669
10148353
10151328
10152356
10153470
10155656
10157718
10159905
10161382
10164216
10164895
10166625
10167812
10170555
10174276
10175451
10176410
10180646
10190524
10191428
10195126
10201173
10206734
10210211
10210299
10212386
10213203
10213730
10214466
10221449
10222094
10223827
10229921
10230861
10233165
10240513
10241292
10246214
10246529
10252390
10264984
10270059
10276882
10278356
10283593
10285646
10286938
10287018
10287383
10300010
10305302
10306313
10307621
10311096
10312566
10312790
10325498
10325947
10328193
10330864
10339556
10341064
10343488
10345433
10347530
10347810
10351320
10353853
10358632
10363103
10363684
10363729
10367479
10373915
10374108
10380501
10391272
10391706
10392923
10394145
10399499
10399616
10400760
10401246
10405981
10406353
10409155
10411449
10416457
10416936
10425191
10430499
10432434
10435132
10440968
10441786
10448129
10451517
10451839
10456043
10464572
10471447
10472647
10474304
10477893
10484229
10486199
10486208
10488723
10496542
10497540
10498050
10498355
10503696
10509877
10509939
10510150
10511090
10511173
10511521
10517967
10518164
10520006
10524265
10531387
10531818
10533875
10536216
10536549
10541577
10547722
10550000
10550015
10558965
10559185
10561645
10561682
10565987
10567734
10572226
10574355
10575371
10576379
10579227
10579565
10584096
10585018
10585424
10587224
10590948
10595141
10599565
10616570
10619968
10623074
10626238
10630003
10631191
10631532
10634943
10637138
10639151
10640180
10640218
10650490
10654184
10659086
10670365
10671580
10672056
10679848
10687719
10687945
10691389
10692643
10696862
10697060
10700132
10702397
10708455
10717047
10719080
10725298
10731142
10734697
10736635
10736838
10737700
10737854
10744349
10746940
10747770
10750309
10750570
10752229
10754838
10760168
10761412
10762852
10764155
10765199
10772833
10777777
10779498
10780939
10785371
10795748
10804644
10805156
10806479
10808323
10820526
10822733
10823614
10823735
10829581
10830678
10834242
10834867
10835414
10838436
10838962
10842895
10842947
10849188
10849309
10855826
10857940
10861923
10863855
10866514
10881143
10882227
10882587
10893795
10900182
10901561
10903365
10911680
10911947
10918265
10920052
10921470
10922053
10927167
10929944
10933163
10939604
10942942
10945844
10959179
10965015
10965621
10967008
10968214
10977911
10981977
10983229
10984096
10990163
10995172
10995253
10996540
11005125
11008757
11011855
11012761
11013706
11017624
11018651
11023713
11029403
11030800
11034363
11039755
11040696
11043050
11044279
11046823
11048520
11049663
11049843
11051731
11054623
11055784
11056842
11057212
11058494
11064570
11064662
11064849
11075044
11077488
11088730
11095071
11097983
11099483
11100608
11104411
11104828
11107013
11107170
11112178
11117586
11117853
11127317
11127336
11127665
11127790
11128293
11129110
11129633
11134654
11135599
11137648
11137904
11141498
11150830
11156566
11156981
11159189
11159486
11161305
11161975
11164581
11167227
11169101
11169274
11170519
11171305
11172532
11176691
11177457
11180789
11181424
11186031
11187190
11188828
11189792
11191030
11191220
11191936
11195749
11200470
11200861
11207483
11212103
11220574
11222327
11223482
11224687
11225314
11236243
11245289
11251629
11253592
11254370
11254822
11255828
11258832
11259711
11260026
11261209
11262214
11263815
11266440
11270606
11276251
11277829
11279904
11281835
11282551
11282718
11284311
11288075
11289550
11294144
11314418
11322315
11327377
11328122
11329440
11335042
11341029
11341775
11342523
11343018
11344661
11357800
11360692
11361683
11363440
11363799
11369026
11369671
11370039
11371410
11373851
11376336
11376776
11377125
11378287
11380489
11386102
11392531
11394902
11396629
11398164
11398425
11400649
11402780
11404009
11414533
11422672
11424065
11424393
11424582
11429966
11433427
11434373
11444950
11445004
11446853
11450380
11467513
11470990
11471765
11478751
11482754
11483869
11483913
11486530
11487874
11495497
11502101
11502986
11512700
11513718
11516321
11519734
11521542
11523074
11533840
11546622
11547343
11550894
11555633
11557331
11558243
11560607
11566689
11570562
11573964
11577293
11579328
11580381
11584931
11585509
11586086
11588388
11592806
11594546
11596168
11599226
11602196
11608232
11609596
11609794
11613269
11613694
11616401
11619756
11622783
11622802
11626321
11627821
11628225
11633780
11638489
11643282
11648672
11657039
11658191
11658419
11658539
11663583
11665719
11665770
11669029
11669820
11670623
11672113
11674783
11676520
11676835
11682188
11683198
11685173
11696364
11707994
11710127
11721840
11723714
11727066
11730196
11735278
11735387
11739403
11741283
11741605
11744710
11748626
11757872
11761419
11766616
11767162
11775322
11776605
11777431
11777903
11779242
11783293
11784378
11787744
11789187
11799711
11806188
11807074
11807660
11807770
11808902
11810893
11815368
11817438
11817491
11817995
11821686
11822421
11833497
11835242
11842696
11845570
11846356
11847877
11851126
11852504
11861109
11862473
11871580
11871679
11872359
11874629
11874735
11883333
11883519
11885943
11891982
11892253
11897258
11903843
11904303
11904313
11910099
11918283
11918512
11919177
11921544
11922041
11933917
11936564
11937844
11937902
11939184
11939561
11940498
11944385
11948176
11951441
11953125
11955188
11956959
11959395
11963335
11966857
11970122
11970883
11971514
11977438
11985561
11986376
11987019
11990714
11991535
11993804
11998745
11998833
12003235
12004490
12008202
12010993
12011086
12011357
12014935
12017457
12019967
12024901
12026751
12032504
12034145
12041485
12044434
12044849
12049819
12051876
12052370
12053901
12054042
12055312
12060237
12063581
12068523
12070436
12073027
12076456
12078971
12082432
12086276
12090440
12098513
12098828
12105275
12112997
12113078
12115839
12119065
12124535
12127432
12127911
12131535
12133527
12134931
12135437
12142368
12142969
12143488
12145923
12146084
12151915
12156929
12160593
12163556
12172472
12174901
12179728
12198400
12201115
12203458
12204177
12208314
12212122
12216789
12217834
12219063
12220638
12222842
12226900
12227682
12230257
12231401
12240332
12241593
12245207
12245350
12245480
12249339
12252775
12255016
12255062
12256167
12257152
12262833
12266309
12268829
12279355
12280963
12282539
12284626
12285790
12286294
12287589
12287940
12293262
12299069
12300384
12300657
12303082
12306677
12309558
12310757
12312934
12323164
12324648
12326613
12331093
12335389
12342788
12344343
12344834
12345800
12349289
12350721
12351671
12357057
12357734
12360169
12368839
12373401
12375230
12375982
12382533
12385424
12393567
12394032
12394654
12394797
12396925
12396972
12397229
12401094
12401884
12403063
12404000
12408662
12414047
12417392
12418115
12421326
12425051
12426521
12427147
12428607
12435844
12436442
12442683
12444695
12445072
12445364
12452608
12453200
12461805
12464628
12467963
12470700
12472747
12473918
12475007
12492187
12494556
12496982
12500727
12510619
12511008
12511537
12513934
12516582
12521930
12522052
12528120
12531271
12533515
12537366
12540456
12548359
12549090
12550152
12562739
12570351
12570521
12573845
12576062
12578645
12583275
12583780
12583973
12587975
12591187
12602546
12603987
12604948
12609192
12611232
12614593
12616243
12618771
12621264
12621683
12625113
12625794
12626323
12626827
12628011
12628585
12628864
12633197
12634818
12638349
12638904
12648161
12655056
12657583
12662341
12662502
12663032
12665635
12665728
12668933
12669288
12675012
12679329
12682254
12684628
12687381
12688109
12696449
12700077
12703422
12704245
12708373
12711322
12712766
12726496
12729732
12738697
12739330
12747739
12749549
12749844
12755688
12758638
12759835
12760670
12762265
12762573
12768167
12768965
12777855
12779646
12793974
12795077
12797854
12798047
12798364
12802503
12803525
12808878
12809588
12813249
12814610
12819381
12823959
12825302
12831207
12834612
12835018
12842946
12844144
12849325
12851033
12856417
12856503
12860174
12860271
12861017
12867186
12872131
12873368
12873971
12875723
12876703
12881490
12884247
12885296
12889581
12893615
12894120
12903252
12908050
12917011
12919253
12920081
12921478
12923358
12927991
12933651
12936174
12939231
12940533
12943629
12944246
12947410
12951509
12952648
12952899
12956382
12960503
12961789
12963478
12964687
12975191
12976212
12979862
12980002
12985411
12989348
12996439
12999609
13006833
13015505
13016513
13018350
13020780
13022688
13026439
13027450
13028286
13031287
13032040
13040015
13043934
13046378
13046558
13055646
13055896
13060051
13064113
13073967
13086633
13090140
13098307
13099859
13105529
13109594
13110112
13110155
13111560
13113167
13115860
13119981
13120097
13120704
13129778
13131591
13134461
13134958
13137118
13140815
13149380
13152986
13153258
13157879
13161575
13163939
13164476
13164942
13165048
13168263
13171707
13175930
13178018
13179641
13182190
13185781
13189841
13191191
13192775
13198857
13199970
13200693
13204346
13207967
13208013
13210172
13217023
13220611
13229521
13231514
13231527
13232669
13232884
13236791
13243274
13246139
13249570
13255050
13258227
13267049
13269951
13275393
13277083
13278535
13279246
13280865
13281225
13281311
13281510
13283048
13283095
13286662
13288993
13290626
13293241
13294812
13297153
13305993
13310301
13312075
13315740
13318257
13320004
13321392
13324174
13326210
13332663
13336277
13336480
13336874
13338779
13339012
13342638
13344098
13346099
13346100
13347829
13354554
13354833
13357188
13360482
13361553
13371256
13377848
13380438
13381180
13392404
13394722
13396240
13400881
13402398
13403033
13408139
13410785
13411090
13417271
13420240
13426516
13428511
13432751
13443491
13444130
13447446
13448912
13450997
13458636
13459288
13463662
13464204
13470288
13476397
13479857
13483138
13484352
13485716
13488886
13490748
13495422
13496782
13496897
13498641
13501825
13505614
13506317
13508699
13511857
13514678
13516628
13520428
13524303
13526409
13529775
13533352
13537933
13541400
13542520
13543951
13544113
13544607
13545268
13551350
13551707
13554032
13556825
13557443
13564869
13573579
13575793
13579645
13580496
13583148
13583950
13584835
13590229
13590814
13593092
13598072
13599201
13600227
13601750
13602312
13604698
13606845
13610305
13611348
13615970
13616627
13617779
13617894
13627023
13628104
13628358
13628923
13634374
13636925
13638609
13644777
13648025
13649362
13653929
13660710
13662243
13663368
13667187
13667629
13668724
13672331
13676971
13679142
13685468
13686522
13690030
13690125
13694836
13700516
13703162
13704603
13706123
13721416
13723300
13723869
13725201
13726572
13728489
13729926
13732791
13733411
13744192
13748852
13750060
13750566
13753108
13753741
13755080
13762723
13763632
13766455
13768061
13770333
13770556
13772923
13773526
13775488
13777425
13779233
13782622
13787578
13791253
13796359
13802597
13804922
13814121
13816592
13817898
13819674
13824007
13829375
13829496
13832341
13833667
13834048
13834491
13834742
13834977
13835505
13835915
13837591
13839538
13841495
13845527
13848804
13850430
13850572
13865266
13865548
13865785
13872696
13874905
13878075
13880902
13883008
13886277
13886946
13889481
13892011
13892406
13894324
13909000
13910317
13911590
13917087
13919706
13921076
13923335
13930176
13930771
13931199
13932089
13932114
13934598
13936818
13937769
13939728
13940179
13940451
13940842
13942332
13943653
13949973
13954049
13956712
13957325
13957823
13958038
13961693
13961981
13962439
13964196
13969007
13976797
13979828
13992760
13998873
14001119
14001963
14003929
14005665
14006527
14008832
14011417
14012529
14026785
14028992
14029626
14039608
14051790
14054119
14054365
14058989
14063672
14068629
14070043
14072330
14072975
14076844
14079089
14082469
14086901
14091155
14091261
14095611
14095988
14098683
14104287
14105311
14108974
14111264
14113496
14118831
14120489
14123212
14123436
14134122
14137898
14141918
14143732
14146032
14146825
14147321
14151725
14159617
14160667
14169447
14170678
14171458
14171760
14173275
14173555
14174675
14183893
14186881
14189628
14190637
14190884
14191406
14205200
14208308
14208479
14209932
14216458
14217438
14227871
14230136
14234446
14236569
14237470
14237511
14239116
14244450
14248545
14252913
14259748
14264024
14265324
14271042
14273925
14274124
14283095
14285289
14286162
14287084
14287690
14293996
14301736
14302710
14303103
14303493
14303507
14306818
14308589
14310130
14312121
14312250
14314038
14316449
14317396
14317869
14319419
14322518
14326684
14335108
14338563
14342648
14343774
14346179
14349237
14358233
14377375
14378451
14387816
14389979
14390059
14414413
14419002
14421907
14434129
14436255
14439273
14439719
14441569
14443666
14445664
14449083
14455806
14455918
14456703
14457610
14458489
14461072
14461626
14461699
14464603
14465217
14476652
14480235
14482769
14484039
14485299
14486760
14492361
14495307
14497481
14498101
14503712
14512432
14513568
14525089
14530252
14533624
14533661
14534167
14536184
14537905
14538542
14540381
14548883
14551706
14552252
14558202
14558692
14571104
14576819
14590236
14595982
14597863
14600623
14606504
14608846
14611100
14612097
14612114
14638165
14648028
14649239
14654133
14658226
14658979
14661378
14671566
14678558
14686610
14686890
14698708
14705928
14706660
14707326
14711339
14714070
14721636
14732469
14734791
14735646
14737367
14739486
14739591
14742002
14745476
14746658
14751822
14765906
14767250
14767879
14768472
14769528
14769853
14774595
14781236
14784558
14787222
14794179
14803946
14804334
14804433
14804917
14806320
14807268
14808166
14812501
14825183
14825708
14826591
14830796
14832001
14835057
14837872
14837981
14842776
14845771
14846866
14849811
14852382
14858245
14867691
14870181
14882953
14885579
14888017
14888313
14893167
14894505
14894612
14898029
14902560
14903781
14908314
14908697
14911190
14912503
14913286
14915875
14917427
14918121
14922186
14923570
14924210
14927610
14929201
14931098
14935936
14943885
14946983
14949528
14963634
14965982
14966780
14972384
14976191
14979063
14981597
14983709
14986818
14988794
14992662
14993026
14994419
15000659
15007982
15011423
15013454
15013521
15014505
15024267
15025056
15025156
15026043
15026437
15027278
15028957
15032407
15033102
15040063
15041428
15045575
15047396
15048307
15054954
15056661
15060341
15066657
15068073
15073051
15075729
15079010
15087316
15091028
15092648
15097944
15099631
15100410
15100773
15101866
15103688
15105620
15106530
15109690
15118574
15127492
15131103
15131453
15134625
15142428
15143452
15144242
15145893
15147824
15150507
15150972
15153327
15153600
15156533
15159819
15162570
15163586
15163678
15165539
15166506
15166951
15166995
15167991
15173445
15173613
15179693
15183478
15186220
15186293
15189805
15191352
15192862
15194007
15194565
15196403
15201208
15201494
15201687
15204852
15207572
15208563
15209397
15210222
15215464
15215742
15218642
15218908
15220847
15222442
15222455
15222549
15223509
15225243
15226569
15228979
15229815
15230415
15231788
15232452
15233478
15239052
15243882
15251012
15252301
15254360
15266431
15268849
15272600
15275488
15276503
15277172
15278887
15281761
15282494
15289233
15293249
15293615
15296552
15297491
15303841
15308521
15309539
15314651
15319291
15320093
15320572
15325281
15327625
15331603
15334848
15335625
15340641
15343207
15344631
15345433
15347605
15352678
15355917
15356476
15361952
15362382
15370773
15371528
15373755
15381418
15384072
15384198
15384502
15385477
15386245
15387230
15390059
15393577
15400055
15402396
15403274
15404164
15405554
15406839
15414447
15416221
15416323
15417696
15419325
15422589
15442996
15457173
15465722
15475765
15478161
15480202
15483423
15487869
15488522
15494332
15497538
15497618
15497928
15498710
15499783
15506001
15511579
15516586
15523667
15525743
15526784
15529640
15532181
15533041
15534685
15534698
15537751
15539057
15541290
15541704
15546422
15547076
15548369
15549681
15552159
15552856
15555263
15559262
15559400
15565673
15565832
15576978
15578544
15579675
15582495
15582828
15585952
15589101
15589388
15590319
15592735
15601722
15602928
15603172
15608426
15608517
15608652
15612496
15615324
15617377
15619177
15621586
15622869
15624640
15625249
15626049
15626454
15632092
15635861
15636961
15640447
15643553
15643727
15648022
15651997
15655167
15655659
15662584
15671570
15672786
15675569
15675837
15688821
15689992
15699644
15699694
15699865
15700024
15705642
15706539
15708086
15709460
15710025
15715888
15717449
15717654
15719569
15722168
15724254
15724575
15739559
15739742
15741069
15742217
15743094
15748631
15749973
15752211
15752751
15753222
15753281
15759981
15760928
15761276
15767111
15767942
15768799
15772232
15772696
15773029
15773312
15773710
15786370
15786523
15788596
15790099
15791379
15794161
15797757
15806207
15809881
15817197
15819714
15822062
15822115
15825129
15826681
15827756
15832954
15833727
15836676
15839804
15840443
15842997
15852314
15853500
15863752
15868199
15869173
15870799
15872608
15872937
15873123
15874849
15875996
15882545
15884323
15887211
15891979
15895742
15911541
15913312
15915371
15917435
15919051
15925299
15925350
15925517
15938931
15941394
15949582
15950704
15953540
15955137
15955440
15956143
15963939
15969261
15973292
15976000
15977656
15982179
15986174
15988755
15991771
15992996
15993815
15995315
16005540
16006013
16009357
16013143
16018660
16020937
16021039
16024450
16029926
16030635
16031726
16032220
16039437
16040326
16047884
16051567
16052621
16052901
16054504
16059945
16065457
16067839
16072387
16080250
16081064
16084129
16086768
16086916
16087442
16088771
16088871
16090204
16101771
16103800
16106371
16112751
16118470
16119007
16119161
16119722
16119947
16121732
16121950
16123909
16126750
16127219
16131636
16132855
16136263
16138608
16138876
16139690
16140498
16141568
16145517
16145655
16152186
16159466
16159839
16163369
16164801
16167756
16168105
16173317
16176571
16178567
16180921
16182175
16183470
16191007
16191423
16192006
16193749
16207061
16208598
16215859
16232653
16236943
16242370
16244671
16253191
16257265
16257847
16259683
16260023
16267570
16270533
16271928
16278032
16279543
16289940
16292756
16296175
16305341
16307900
16309476
16311092
16311843
16313235
16313443
16321762
16325990
16328190
16328325
16328346
16329478
16329812
16332788
16333260
16336780
16339692
16340918
16341395
16345874
16348034
16350118
16353051
16360003
16361326
16362270
16367775
16371793
16371917
16378815
16386077
16386659
16393994
16394435
16400162
16402903
16404445
16407773
16408033
16409042
16420511
16426332
16430389
16431342
16433180
16435028
16441469
16442228
16456312
16468003
16476487
16476498
16482756
16488742
16490251
16491404
16502475
16506120
16506958
16509804
16513499
16514958
16517698
16518077
16525634
16526620
16528208
16529279
16529809
16533496
16538386
16538798
16540794
16541599
16543142
16547135
16547596
16550731
16554036
16559211
16562455
16566124
16569589
16570296
16574263
16580820
16580897
16581213
16585587
16590602
16590972
16592169
16600297
16601409
16601648
16605178
16606166
16606866
16612951
16616817
16618960
16619147
16620836
16621124
16621455
16624535
16629667
16633180
16634824
16636919
16637425
16640520
16646830
16647896
16648957
16651813
16651906
16652988
16653089
16653800
16659994
16660566
16660706
16662461
16663608
16664811
16666589
16670346
16670574
16671087
16672249
16672280
16673196
16673207
16673995
16681017
16681649
16685590
16690646
16698934
16702654
16702894
16705141
16705493
16715600
16719432
16719951
16720623
16723862
16726714
16727418
16733439
16734682
16745357
16746947
16756468
16761439
16764703
16764926
16765898
16767136
16770555
16772979
16782977
16783402
16798511
16798676
16801220
16805861
16808765
16809284
16810123
16812060
16816248
16825916
16837436
16850974
16856738
16858114
16868988
16871413
16875277
16881355
16881668
16882078
16887017
16893262
16894953
16898354
16899888
16903657
16909057
16910103
16915255
16918704
16923050
16924093
16930624
16931313
16933702
16938012
16940848
16949083
16950385
16952743
16957778
16958454
16958777
16959707
16967739
16978299
16980310
16981016
16982080
16986050
16991434
16992251
16994308
16996805
17005277
17007599
17011169
17013914
17020883
17022068
17028896
17032953
17034863
17035678
17035967
17036140
17038512
17039706
17043818
17058275
17059245
17060374
17063456
17066793
17068751
17068862
17073671
17077716
17081727
17082658
17083080
17085025
17085828
17090011
17093302
17093423
17097189
17098114
17103345
17103720
17104196
17110450
17111788
17125461
17125792
17128157
17132645
17134898
17136316
17136566
17137756
17148294
17152082
17154206
17154548
17156012
17157138
17159445
17160503
17161583
17164369
17164553
17175998
17176587
17177630
17178286
17179795
17180540
17189006
17195366
17196319
17202324
17202369
17205609
17205682
17207683
17207724
17209352
17210970
17214865
17217060
17217372
17222882
17231808
17232265
17234844
17236180
17238596
17242577
17249614
17249650
17250439
17250761
17251584
17253788
17254490
17256713
17265332
17266864
17267903
17268913
17270577
17270725
17272735
17273066
17275862
17277538
17278235
17281812
17288627
17292863
17293727
17296661
17304978
17307541
17308292
17313416
17313425
17313531
17314568
17314811
17318307
17318600
17318770
17322441
17322496
17323250
17329969
17331458
17343287
17344159
17348166
17350903
17351403
17360312
17363523
17368262
17370352
17375378
17380251
17383362
17384650
17386775
17388215
17389578
17390070
17395942
17404781
17405201
17410357
17411938
17412150
17413158
17414320
17416236
17417181
17417737
17423531
17423599
17424518
17426059
17426888
17427709
17430510
17431953
17432649
17436278
17436737
17442488
17442923
17444395
17446004
17447376
17457284
17469901
17471869
17475559
17478307
17479011
17479379
17482508
17485293
17485364
17485470
17487585
17488656
17488949
17490886
17494958
17498332
17503798
17504616
17508399
17509584
17512733
17519400
17521900
17524742
17533736
17540981
17543172
17547776
17558074
17558614
17560740
17562642
17572920
17573973
17574153
17574800
17578763
17583056
17583461
17584564
17589543
17590256
17590454
17592040
17592749
17595309
17595831
17600740
17600945
17602785
17607229
17607861
17611398
17615936
17615959
17616717
17620841
17621043
17624651
17625087
17629125
17629460
17631434
17640950
17648169
17651604
17655564
17656093
17661929
17662756
17666075
17667277
17674379
17677236
17684446
17687978
17689844
17693636
17706489
17709037
17710363
17711540
17711932
17712404
17720361
17726183
17728643
17737320
17740039
17741017
17742022
17743982
17744011
17749177
17755753
17760902
17765591
17770055
17771021
17771459
17780341
17782020
17782945
17784709
17786243
17792973
17794766
17805711
17806910
17808251
17809048
17813389
17815126
17815446
17815970
17816042
17817432
17818468
17822689
17843999
17845044
17850244
17852573
17853534
17853644
17858900
17859236
17863184
17868963
17879773
17884305
17885098
17885517
17894311
17894660
17895940
17897510
17898067
17900190
17901832
17901982
17907668
17908321
17914569
17914605
17923822
17924024
17926550
17939934
17945282
17946738
17946766
17950013
17950091
17950270
17955081
17959414
17959660
17960174
17962875
17973871
17974734
17976881
17978286
17984554
17984632
17985486
17989792
17994116
17997294
18008119
18012883
18013296
18017399
18020010
18021806
18025105
18026070
18034092
18039084
18041063
18041566
18044120
18057366
18061690
18062865
18065896
18070435
18072402
18073593
18074843
18079852
18087239
18089225
18089648
18099927
18100023
18104078
18105879
18108467
18110995
18113928
18119777
18120597
18121024
18121138
18121960
18132512
18135281
18140994
18145053
18147940
18149363
18150359
18152613
18158581
18159082
18160311
18165156
18166809
18167025
18176265
18177374
18177566
18184344
18189605
18193138
18193829
18198287
18200169
18201021
18201633
18203571
18204456
18204966
18207454
18207460
18208534
18208549
18214000
18215001
18220939
18221235
18224858
18225920
18226970
18232425
18233868
18234696
18236561
18239637
18243414
18251391
18251509
18252491
18253256
18255144
18259085
18260189
18263988
18264963
18265593
18272070
18272471
18274892
18283454
18287224
18291937
18294201
18294676
18297296
18297363
18300741
18302091
18303044
18303281
18307461
18308874
18309637
18309831
18314160
18314911
18318129
18326894
18329629
18329642
18331846
18338825
18344862
18348933
18349694
18357255
18359540
18363868
18374074
18378197
18381114
18384678
18386530
18389883
18394786
18398820
18408384
18415807
18430217
18435404
18436492
18436925
18437285
18437873
18439260
18441632
18442069
18444101
18444236
18446517
18448192
18449730
18449951
18454760
18456217
18461716
18461843
18463673
18472166
18475922
18476923
18477846
18481297
18486002
18486339
18487089
18487242
18488494
18489444
18493134
18493446
18493765
18497572
18503950
18511497
18512285
18516990
18524986
18531780
18535072
18536561
18539349
18548454
18548693
18550829
18560887
18565421
18566634
18567441
18568987
18571248
18578393
18590400
18594742
18600324
18601671
18602586
18609484
18614998
18617642
18618340
18619449
18620701
18623196
18640986
18642467
18648117
18649735
18651259
18661168
18663133
18664315
18664911
18667366
18671043
18675813
18676636
18678979
18683335
18683979
18685665
18687433
18688891
18696335
18698331
18698556
18699089
18699335
18705499
18706992
18708353
18715868
18725948
18730073
18730074
18733038
18733888
18734147
18734817
18738937
18743130
18744290
18744461
18748415
18749428
18749777
18751852
18752630
18753293
18755378
18756977
18757638
18758245
18759149
18761679
18762108
18765719
18769378
18774113
18775095
18778322
18780959
18788906
18789817
18790057
18790547
18792806
18794996
18798696
18798913
18799376
18802815
18803646
18804367
18810385
18812949
18813444
18814916
18817089
18817478
18822607
18828728
18829519
18834302
18841074
18843575
18846569
18846940
18848502
18852959
18853268
18853894
18855146
18860485
18861860
18865732
18867998
18869390
18870721
18871147
18872163
18874851
18878454
18879012
18880443
18884127
18885181
18887153
18892463
18892836
18895486
18900709
18902467
18903410
18904706
18907753
18911193
18912913
18915145
18918358
18919235
18923047
18923838
18924919
18925757
18925968
18927251
18941751
18951721
18952854
18954328
18956624
18961618
18966036
18966300
18967673
18970276
18970385
18971313
18974531
18975593
18982023
18987135
18987979
18990758
18991000
18995389
18995443
18999741
19005533
19005629
19005745
19006463
19006777
19006896
19009283
19014138
19014220
19016231
19016838
19020113
19023894
19024560
19030254
19033796
19036134
19036858
19041288
19043559
19046502
19046535
19056828
19057753
19058260
19066364
19069937
19073874
19075914
19078645
19080121
19084596
19086030
19093675
19096262
19111108
19114708
19116691
19116859
19118241
19119604
19124810
19126802
19126988
19129716
19130539
19131369
19132167
19134149
19135004
19136971
19138109
19139666
19140446
19140846
19141109
19143614
19147403
19150984
19159404
19163059
19170254
19179475
19181867
19183738
19188723
19189364
19190128
19190137
19190148
19195734
19196796
19204857
19227461
19228592
19237674
19239226
19241060
19242769
19245562
19249600
19250224
19251455
19252158
19253987
19261836
19264286
19264705
19272839
19273223
19275175
19284088
19287340
19287560
19288347
19288350
19294150
19297056
19304272
19305923
19310705
19314411
19317045
19317877
19318774
19318825
19325988
19326306
19327361
19331702
19336897
19338574
19342487
19345697
19348288
19349623
19356781
19359449
19370672
19371982
19374658
19374732
19374935
19378453
19381052
19384924
19388520
19389803
19391009
19392769
19393764
19401190
19401896
19403083
19404802
19407455
19414998
19419362
19424920
19425818
19426195
19427825
19428590
19430138
19430943
19431431
19432263
19440396
19445392
19447481
19453368
19453422
19454098
19455644
19458604
19460526
19460860
19462160
19464892
19465405
19467595
19468269
19469463
19475281
19477572
19478337
19479030
19481553
19484043
19492336
19496439
19499150
19501621
19502453
19502824
19512994
19522535
19527360
19536530
19537556
19541884
19546279
19555672
19566361
19569708
19572781
19573465
19573472
19576132
19579632
19579997
19583696
19584371
19586909
19590027
19593705
19596704
19601753
19603311
19609553
19610735
19615634
19617436
19619320
19622283
19624718
19626438
19626485
19628462
19628783
19629288
19629290
19630712
19631114
19639437
19648132
19654370
19655886
19656004
19656530
19659440
19662124
19662513
19663339
19668432
19674417
19676407
19676503
19678830
19679687
19679840
19681020
19689888
19692070
19692619
19696517
19699980
19700591
19701274
19703485
19709946
19717280
19720729
19728790
19728823
19731178
19733480
19734215
19734784
19737364
19739311
19740306
19746431
19749666
19752868
19755229
19768086
19769461
19770903
19772058
19772913
19775026
19775595
19777783
19780597
19781295
19783229
19786525
19787809
19806921
19810446
19811087
19814422
19816342
19816949
19817815
19818334
19823340
19823855
19825211
19831368
19834565
19840012
19840054
19846075
19848686
19849654
19853914
19856271
19860566
19861965
19862311
19863758
19863827
19873373
19875717
19876669
19877401
19880598
19884998
19885864
19890886
19892480
19894594
19896245
19900522
19901189
19905960
19908551
19909842
19910178
19913056
19913331
19913756
19914975
19916055
19917252
19917509
19919513
19919631
19920314
19921074
19921689
19925013
19925313
19936289
19941713
19948699
19951326
19955253
19960597
19965251
19967482
19975991
19979084
19993059
19995431
19996970
19999359
20001036
20001315
20003741
20004187
20004326
20006617
20010972
20016104
20018951
20019148
20027549
20028353
20030068
20030138
20033400
20037156
20037207
20041546
20041747
20042201
20045822
20045823
20047978
20054903
20057171
20058450
20060482
20063096
20067458
20071855
20073060
20073521
20075921
20084033
20084357
20087189
20088998
20091438
20091887
20092186
20093088
20098737
20105090
20108075
20110545
20112552
20115746
20116960
20121443
20124214
20126061
20127004
20130078
20133657
20133903
20134855
20140782
20141019
20149931
20154573
20158956
20162101
20162553
20164289
20166323
20166472
20174620
20175179
20178100
20186112
20190973
20192842
20196530
20196833
20196870
20196914
20198060
20201011
20202581
20214135
20220778
20221677
20225200
20228186
20228319
20229544
20232397
20233962
20235171
20239128
20242300
20250755
20254945
20258099
20258545
20260721
20264288
20265056
20265355
20265416
20266304
20275789
20278473
20281233
20281552
20282799
20283757
20285605
20287910
20288716
20291865
20292995
20296101
20296250
20297768
20300005
20303311
20304921
20305090
20313225
20319249
20321670
20322535
20322988
20325569
20327465
20338381
20341763
20342447
20346827
20349475
20353146
20354151
20356941
20357094
20358371
20359467
20360288
20361409
20367123
20371225
20376258
20379682
20382438
20385619
20388296
20390968
20393858
20394791
20396400
20397683
20398601
20403475
20404503
20405689
20406605
20406999
20410556
20414157
20416226
20418588
20431139
20433694
20436718
20438743
20439881
20442550
20443083
20444197
20445933
20452147
20456230
20461755
20466094
20467194
20468741
20469210
20470802
20471920
20479627
20480802
20482720
20488487
20491667
20493130
20495820
20498261
20499558
20501842
20502018
20504739
20510490
20511692
20512533
20513165
20513481
20516316
20516753
20520794
20523171
20523617
20529934
20542713
20545424
20551751
20554324
20557858
20559619
20559653
20561976
20563347
20564423
20565804
20570144
20573972
20578274
20580568
20583803
20587011
20592580
20595718
20596138
20599596
20599722
20603804
20605982
20606941
20609107
20610040
20612042
20612272
20615717
20616194
20619715
20623728
20624947
20625765
20629098
20633888
20635066
20635585
20640256
20641246
20646194
20651382
20651426
20652502
20654328
20665907
20673674
20674552
20677471
20679511
20686765
20691260
20698971
20703433
20703608
20707823
20722525
20723840
20725151
20726907
20727741
20730805
20740272
20743945
20750499
20753259
20757026
20760113
20760596
20768040
20770062
20770899
20771536
20771839
20776051
20776641
20776997
20779075
20780661
20781753
20784013
20784627
20785178
20792482
20798993
20801220
20806415
20808501
20809970
20811743
20812910
20815476
20817079
20822457
20825803
20830520
20839088
20848348
20851631
20858003
20862291
20862659
20865824
20870192
20870895
20886149
20903740
20904767
20905598
20906710
20908073
20908375
20908924
20915167
20920837
20923379
20923565
20924316
20926835
20927290
20934936
20935155
20944359
20946625
20947922
20948907
20949854
20950147
20952759
20953273
20953612
20954395
20958349
20963220
20964964
20965372
20969111
20972663
20975098
20978982
20980653
20981731
20986851
20989788
20991396
20993613
20994954
20995697
21005598
21008141
21011211
21012693
21014163
21015741
21020466
21022099
21025029
21029481
21032390
21037900
21040210
21041977
21044170
21044342
21046517
21049616
21052174
21052793
21054381
21056554
21061077
21061353
21062861
21064688
21064723
21067644
21070117
21070497
21070941
21070952
21075496
21079351
21087015
21093954
21094196
21099440
21099916
21100581
21101342
21120352
21125274
21127424
21127794
21128630
21129738
21129858
21132878
21133939
21135816
21137997
21140446
21141068
21142186
21143474
21144425
21146939
21149555
21152067
21152922
21155414
21157977
21162719
21163437
21180098
21181680
21193241
21193292
21194649
21196361
21203279
21207805
21209719
21213597
21215571
21217073
21220898
21222482
21232848
21234918
21238215
21244535
21249034
21249484
21254330
21261792
21268868
21275825
21279475
21282371
21286941
21288657
21290321
21291795
21295296
21301528
21305067
21308218
21309269
21314996
21319557
21322390
21323572
21329228
21330370
21333106
21336765
21338119
21340434
21343917
21344049
21346464
21351389
21351981
21357936
21358281
21358833
21361261
21361528
21363174
21366822
21367855
21371070
21373890
21381903
21383490
21384659
21385310
21386410
21387106
21390279
21391417
21392455
21397432
21398986
21403813
21409824
21410331
21416047
21425964
21433642
21435402
21436745
21450220
21454890
21455196
21456018
21456155
21458029
21459399
21461030
21464092
21464372
21465413
21465415
21465582
21478923
21479916
21483096
21483244
21484804
21491717
21493918
21496330
21498093
21499570
21508480
21510990
21516938
21520299
21522850
21523147
21523712
21525343
21528930
21532618
21532651
21542666
21545927
21549455
21553607
21560096
21560864
21561685
21562076
21562148
21568560
21569665
21570398
21577167
21580313
21580889
21581025
21586361
21588038
21593020
21600146
21601912
21603191
21606113
21609820
21610899
21611135
21613932
21618508
21618973
21620802
21626312
21639866
21654332
21659903
21664561
21665546
21666813
21668832
21670083
21670348
21672771
21673860
21675889
21680712
21681005
21681660
21684775
21687255
21695164
21700683
21702532
21705392
21708843
21709139
21710119
21713482
21718863
21722584
21724562
21730648
21730664
21731126
21733735
21734060
21736586
21737216
21737612
21739877
21745151
21747867
21753078
21755979
21757743
21758984
21765012
21767472
21776642
21776896
21780322
21784059
21785297
21793565
21800005
21801686
21807988
21809275
21812193
21819087
21819742
21820692
21825232
21831089
21835716
21836083
21840821
21844177
21844486
21846680
21849432
21853388
21855721
21855914
21859543
21860072
21860227
21863053
21867786
21868414
21871277
21872746
21874766
21876786
21879441
21884866
21885309
21886146
21886990
21890335
21893069
21893646
21896687
21900502
21900738
21908389
21910824
21911526
21914270
21915385
21916973
21921775
21922090
21922690
21929481
21937633
21943170
21944528
21950052
21951298
21952742
21953965
21954029
21959567
21960112
21964812
21965478
21966016
21967264
21968505
21969093
21970259
21973721
21978127
21978557
21980556
21980759
21981539
21987950
21994950
21997587
21998359
21999562
22000147
22009373
22013516
22014042
22014273
22014469
22014691
22015004
22016897
22016999
22018531
22018973
22020223
22026681
22029371
22031089
22036562
22038479
22038496
22041185
22041509
22043052
22048269
22059024
22070953
22075319
22077994
22089361
22093369
22096587
22097335
22105939
22106906
22122978
22127665
22127994
22133588
22137831
22142029
22142624
22148126
22149748
22150523
22156469
22156682
22156897
22162107
22164362
22166943
22169385
22191216
22191334
22192301
22195805
22197483
22199007
22199144
22200816
22206612
22211434
22215728
22218375
22219372
22228072
22229665
22233032
22237250
22238156
22239763
22243750
22246427
22251177
22255869
22256797
22257022
22261286
22264307
22265800
22267988
22269978
22273086
22278528
22285083
22290646
22290798
22293690
22297163
22301321
22301410
22303274
22303477
22304474
22312657
22312698
22314471
22321502
22326869
22328495
22334236
22338425
22347298
22349032
22350357
22361801
22361918
22362007
22372119
22372185
22385974
22389708
22392504
22395991
22396390
22396964
22398253
22403996
22406262
22407767
22408024
22411707
22413354
22414281
22417020
22418768
22421332
22422285
22424437
22424541
22425543
22426562
22428707
22430762
22435094
22438587
22450397
22459273
22460152
22460746
22463371
22464375
22465812
22466265
22468964
22469247
22469871
22473364
22476837
22478978
22482214
22482876
22496302
22497643
22501554
22504147
22506776
22512625
22519548
22521923
22523964
22543965
22548548
22550583
22551849
22557064
22559320
22559776
22565704
22566496
22566829
22568441
22573272
22573711
22575642
22578819
22579034
22579839
22580809
22581110
22581352
22588650
22590121
22592364
22592605
22598572
22598624
22599592
22599833
22600056
22602949
22604300
22606103
22610520
22621758
22622357
22622785
22623744
22624247
22626668
22633532
22639934
22641539
22643535
22643802
22644236
22644325
22651764
22654607
22654684
22657903
22659058
22664403
22664754
22670010
22677764
22687121
22689100
22689143
22692148
22692692
22693617
22695566
22697834
22698283
22698498
22699723
22700113
22704764
22707821
22707992
22708312
22711496
22714963
22718830
22720903
22721388
22723197
22735540
22739053
22744194
22744722
22751080
22752360
22760883
22763685
22765085
22766312
22767073
22768205
22772000
22776912
22777882
22780830
22782530
22786210
22789341
22794853
22794929
22797642
22803028
22807306
22807676
22808220
22812099
22813280
22813696
22815389
22816238
22817584
22817799
22821160
22821753
22825025
22832461
22832700
22833697
22841424
22842420
22844221
22846045
22846821
22856727
22857607
22858818
22867792
22872940
22874967
22876599
22878960
22880776
22881651
22886752
22887181
22888102
22894163
22896234
22897848
22902944
22903992
22908811
22910784
22916464
22919832
22923115
22927514
22929003
22929470
22934390
22934496
22937892
22942742
22943700
22948020
22949562
22952090
22953576
22955478
22957269
22958792
22961719
22966494
22967384
22968950
22969776
22970004
22975151
22976481
22977406
22977781
22977799
22981854
22982863
22985901
22991690
22995445
22996616
22998306
22998400
23000932
23004794
23015505
23016619
23018858
23021081
23021466
23034540
23043642
23044348
23047001
23055213
23061758
23063446
23063938
23067552
23072750
23077774
23077900
23081212
23085304
23091241
23099682
23101917
23118774
23119489
23132761
23132788
23133871
23134292
23135039
23135858
23137062
23137247
23140563
23141288
23142393
23143974
23144001
23147129
23154830
23157856
23164141
23167805
23172150
23180004
23180465
23183072
23183158
23184008
23186632
23188996
23195101
23196063
23202789
23204939
23208362
23210300
23210675
23213161
23221832
23223786
23229273
23238373
23238599
23239252
23244342
23245650
23254148
23254972
23259167
23260519
23266411
23269177
23271581
23273189
23273525
23274672
23284791
23284796
23291461
23291787
23298609
23299015
23299843
23303033
23303274
23309570
23310994
23312440
23313102
23314472
23315398
23316562
23319836
23337383
23340978
23343573
23346135
23346775
23349055
23351133
23352082
23353310
23353639
23358159
23359332
23367083
23368377
23371317
23374950
23377022
23378774
23380142
23386123
23390797
23390852
23392163
23393850
23394487
23394530
23396339
23400010
23406918
23406975
23417180
23418290
23418363
23422000
23424010
23425471
23429394
23437372
23438702
23443178
23447119
23449252
23452699
23453352
23453695
23455085
23456015
23465479
23465499
23483285
23484824
23487008
23488602
23494048
23495855
23502367
23503962
23504246
23505102
23505340
23505456
23517466
23517749
23519765
23523342
23528209
23530790
23539122
23540232
23542125
23544812
23553355
23554234
23558983
23561743
23573253
23579884
23579997
23588834
23589294
23589926
23591590
23593204
23597185
23598630
23598698
23599239
23599355
23600432
23603631
23605647
23608109
23610270
23611609
23614694
23616876
23617656
23620758
23622768
23624231
23626676
23627521
23632597
23634418
23635768
23637079
23638036
23638648
23641826
23642252
23647759
23648053
23649330
23657078
23658926
23662211
23662891
23665860
23672514
23673109
23674457
23674666
23681310
23682003
23683935
23684011
23684295
23686827
23687704
23688932
23689392
23697513
23701286
23703336
23703771
23707506
23712239
23712589
23712941
23716053
23722002
23724204
23727996
23729621
23730022
23735344
23738256
23738525
23738668
23744018
23747873
23751275
23751672
23752596
23753235
23754293
23755229
23755625
23761714
23763377
23765424
23773687
23774738
23781451
23782569
23785057
23787372
23788165
23790578
23790835
23792130
23809492
23813090
23815415
23815542
23816702
23818870
23821597
23831023
23833458
23843327
23843997
23844116
23844181
23846818
23850007
23852969
23858868
23859097
23860397
23868521
23872287
23872536
23874118
23876052
23887682
23890911
23893118
23898880
23899665
23899853
23900747
23904553
23908591
23910124
23910507
23922412
23923595
23924557
23929881
23931722
23935034
23938303
23942268
23942842
23947386
23947406
23949063
23950347
23953072
23966935
23967169
23969186
23969883
23971231
23971913
23972757
23973876
23975143
23978738
23985938
23990773
23991222
23994921
23995360
24004254
24009711
24012719
24016121
24023657
24025140
24025678
24027531
24031090
24031708
24032334
24037109
24038284
24039710
24040100
24040935
24044524
24047331
24054442
24055316
24061583
24063933
24066095
24074028
24074553
24080927
24084684
24100170
24104222
24107560
24108368
24112247
24122236
24123750
24131161
24131494
24131709
24133244
24135230
24137369
24147882
24149243
24151150
24159191
24160821
24162217
24169117
24170307
24172451
24173022
24174061
24180158
24180191
24184121
24184394
24185582
24185653
24190117
24191515
24193413
24193618
24195289
24205907
24216523
24216888
24222720
24223535
24223689
24223726
24223960
24226323
24229310
24230535
24230565
24231074
24231194
24231421
24233955
24236918
24245092
24248330
24248385
24248861
24249766
24254275
24257235
24261547
24265299
24268929
24272244
24273976
24274786
24277141
24277833
24278397
24283490
24285125
24285942
24286092
24286336
24291449
24292182
24299506
24303082
24305052
24307887
24313290
24316880
24323810
24323981
24325928
24328199
24331311
24334165
24334830
24335387
24335456
24335967
24336201
24340503
24341377
24343975
24345655
24346036
24347118
24350164
24358353
24363142
24364555
24371596
24373963
24375964
24378643
24380968
24382847
24390376
24392231
24396586
24399046
24400127
24402867
24402946
24407267
24410471
24418328
24420507
24424091
24424567
24424863
24427504
24429924
24432072
24433633
24437010
24446444
24451777
24452125
24453299
24454665
24457724
24457872
24460051
24460847
24467557
24473960
24477429
24484289
24494401
24494407
24494766
24496924
24503889
24504063
24504703
24504982
24505855
24508465
24509584
24510435
24516059
24516072
24516851
24519882
24525945
24527686
24528461
24530376
24532030
24540607
24541056
24541291
24542954
24546599
24546802
24559617
24562812
24564900
24569938
24572456
24573300
24574170
24575733
24579414
24581470
24587585
24594118
24596219
24597424
24598538
24598828
24611593
24616756
24617389
24618590
24619563
24627127
24628694
24632491
24633599
24637141
24638453
24643991
24646324
24649543
24650349
24662126
24669717
24674424
24675556
24681713
24682660
24685723
24691956
24693106
24694051
24694482
24695111
24695827
24696597
24699580
24699582
24709927
24715539
24723818
24723973
24726617
24727184
24732131
24732618
24735823
24735907
24739285
24747387
24756855
24774361
24774864
24776809
24780595
24787734
24788305
24789532
24792363
24794940
24795089
24795380
24798293
24803781
24806530
24806667
24808606
24809919
24811671
24817296
24818788
24823498
24839736
24846812
24856501
24868248
24874947
24878115
24886964
24898440
24900495
24901930
24904053
24904415
24909279
24913685
24918009
24923084
24923508
24923593
24923659
24925669
24927437
24930887
24932252
24933846
24937998
24939615
24945866
24951992
24955364
24956388
24958768
24958835
24959705
24962987
24965359
24965401
24965828
24965999
24975874
24984358
24986229
24994393
24995092
25002220
25004848
25010948
25015059
25016621
25021249
25022385
25023392
25025467
25025929
25026283
25039134
25040924
25041743
25043963
25046960
25048685
25057396
25058718
25062165
25064346
25069916
25075144
25078024
25080142
25087823
25090596
25094051
25096170
25102700
25103929
25104916
25112950
25115841
25117219
25118055
25118094
25120595
25124206
25125685
25127213
25135954
25135967
25141366
25145771
25149468
25156578
25158705
25159044
25159452
25160379
25164031
25166650
25168468
25169103
25172065
25175416
25175665
25179596
25181026
25181624
25184438
25185397
25191187
25199598
25201077
25209930
25211559
25213918
25216845
25217772
25222970
25224115
25235760
25236919
25240264
25241492
25247023
25250477
25252587
25255230
25261044
25263685
25268425
25272149
25276155
25277347
25278758
25280452
25298506
25300289
25301018
25302376
25305335
25314595
25316162
25317291
25321220
25329524
25333969
25335268
25337389
25345630
25347461
25355249
25357480
25359000
25360495
25362045
25363036
25365577
25375403
25377831
25383988
25384077
25387435
25392904
25393640
25395417
25405227
25408343
25408364
25410837
25411904
25412852
25417414
25426904
25438415
25439233
25443362
25444622
25445653
25448478
25449171
25453209
25454494
25459328
25461902
25462505
25464958
25470171
25470511
25470774
25471570
25471686
25473671
25475344
25477244
25479231
25482724
25482792
25485098
25485252
25495000
25499519
25500560
25502634
25502789
25502932
25505222
25507294
25509679
25514176
25529696
25537802
25540541
25543149
25546522
25547774
25549752
25550892
25554014
25554239
25554267
25556056
25556389
25556645
25560601
25563390
25563566
25569348
25570627
25571344
25572869
25590653
25593556
25594278
25594882
25595567
25596342
25597995
25599457
25601019
25603019
25608598
25614310
25615618
25616186
25617499
25617702
25619099
25620270
25621389
25626095
25626620
25633119
25635186
25635492
25639838
25651073
25652901
25656038
25656585
25656796
25656967
25663984
25663990
25665178
25666661
25669285
25671324
25671889
25676780
25680067
25682904
25683147
25684139
25693115
25694182
25697977
25700827
25703434
25714495
25714857
25721471
25727149
25727230
25733497
25734418
25737254
25740890
25741972
25742871
25746452
25753122
25755007
25759665
25761914
25770808
25775203
25777390
25779833
25779947
25789174
25790103
25791305
25793565
25794037
25796434
25798099
25800326
25804930
25805169
25805242
25809990
25810360
25811844
25821196
25824669
25826668
25830701
25834433
25836066
25845362
25851568
25852929
25856749
25858791
25861311
25861571
25867366
25867602
25869624
25870797
25877596
25883367
25886652
25891097
25892502
25894185
25899005
25903113
25909141
25913150
25915303
25917395
25917473
25919196
25932182
25936799
25940125
25942599
25945249
25954606
25964400
25964702
25966492
25975021
25976111
25976114
25980428
25984237
25985606
25989608
25991483
25991537
25999531
26001412
26002433
26007834
26008048
26011229
26013370
26017781
26027074
26030154
26032928
26033470
26036428
26038505
26038666
26041718
26041876
26043009
26044956
26048112
26063497
26068169
26075511
26083585
26088994
26089268
26096225
26099612
26100924
26101968
26118225
26118482
26121940
26122418
26125508
26127308
26131114
26137890
26138211
26138720
26147773
26148875
26160181
26162664
26170271
26170573
26172208
26173855
26176632
26183073
26184066
26192652
26192671
26195675
26198657
26199411
26204838
26206727
26207543
26211433
26213973
26218368
26226261
26227469
26227532
26231497
26232005
26233363
26233420
26235115
26235931
26247647
26248669
26252314
26257896
26268429
26269018
26269366
26274320
26277836
26278438
26278751
26279179
26280250
26281263
26283685
26283912
26287730
26291264
26300613
26303420
26304020
26310266
26312914
26316161
26318327
26320235
26326718
26327196
26333177
26337234
26337904
26338507
26339539
26344109
26348363
26350204
26350499
26350756
26354510
26355678
26360173
26363494
26364799
26365611
26369153
26370053
26370379
26373503
26373694
26375743
26377237
26380750
26389178
26389955
26390918
26394155
26394862
26396039
26403196
26403757
26404551
26406246
26410846
26412646
26413199
26428119
26430205
26431222
26432653
26435577
26439639
26451776
26459113
26462293
26463499
26464276
26466271
26469415
26472986
26482279
26487358
26488330
26491268
26494035
26498456
26502853
26507285
26507509
26511393
26513563
26519927
26526519
26527573
26528760
26535993
26539795
26540966
26549136
26554114
26555076
26558430
26558788
26567610
26569684
26576728
26578934
26584792
26586606
26602070
26603640
26606340
26606760
26610513
26614024
26614365
26620408
26622174
26625982
26626171
26627730
26631859
26632562
26640528
26643216
26645704
26652763
26655393
26664726
26669169
26670257
26674035
26675327
26678735
26679317
26685019
26686437
26694023
26694528
26694937
26695161
26698807
26699713
26700109
26700651
26712129
26715585
26715741
26717769
26719974
26724014
26724096
26735482
26736090
26736687
26738983
26739228
26739897
26745896
26746668
26750309
26751028
26753928
26755833
26758619
26762332
26763422
26769741
26770459
26770612
26775182
26778093
26778793
26789232
26793830
26794063
26795859
26801276
26802012
26803006
26804159
26804743
26806056
26808336
26809632
26817031
26817125
26823324
26824125
26827521
26831619
26833650
26836821
26837043
26838485
26841867
26844535
26848558
26852207
26858364
26858848
26869270
26871854
26881705
26881930
26884810
26886041
26887093
26905605
26910118
26912288
26919751
26922062
26924222
26927747
26929926
26932735
26933758
26934083
26934597
26937933
26938321
26940149
26940520
26944586
26946751
26955084
26955554
26961883
26964066
26964596
26974031
26975351
26976814
26980144
26984118
26989134
26992453
27001451
27002172
27002532
27004262
27008782
27009529
27012424
27012425
27013253
27023879
27024653
27026563
27030070
27030125
27039345
27044074
27045274
27049438
27050632
27050921
27051360
27064042
27066655
27067076
27068067
27073137
27073744
27077228
27078000
27087281
27089404
27091210
27092098
27095058
27095509
27099629
27100448
27100818
27102881
27105430
27113466
27114334
27116757
27117292
27118380
27119361
27120765
27125236
27127705
27127788
27132793
27135949
27136270
27138184
27144015
27149963
27153009
27154765
27155393
27156074
27156173
27158630
27161032
27161266
27162649
27170570
27170781
27171384
27173748
27175502
27178779
27179941
27185758
27186341
27186529
27191796
27193532
27197492
27199196
27208910
27210557
27214307
27229276
27232573
27235498
27240877
27242344
27243309
27246916
27250393
27250941
27251960
27252086
27256243
27257104
27260917
27261469
27265477
27265872
27268544
27276538
27277816
27278565
27284954
27285675
27286751
27287981
27289734
27292696
27296835
27298232
27299791
27302327
27305412
27307282
27315193
27316786
27317553
27319252
27331319
27332810
27338139
27340232
27341522
27343081
27346164
27346361
27346857
27348721
27349062
27353662
27353918
27354184
27354261
27355406
27355552
27356496
27357687
27360271
27362231
27366284
27366762
27369867
27376056
27378407
27379554
27382382
27397704
27398476
27411088
27411951
27417159
27417719
27421182
27427846
27438347
27441555
27443085
27447446
27453422
27454086
27454176
27460636
27460783
27462527
27463370
27465210
27465843
27466484
27470979
27477911
27484314
27484487
27489945
27497043
27501142
27503877
27521853
27527673
27531110
27536586
27538207
27542176
27544607
27547000
27554224
27555804
27556392
27558372
27566634
27572737
27573590
27578255
27582610
27587248
27594652
27594737
27595161
27601550
27602499
27602565
27603081
27603083
27607093
27608881
27609897
27612228
27622235
27623523
27624197
27624662
27625035
27625634
27626591
27632427
27640141
27640261
27648913
27648982
27655451
27657587
27662062
27666164
27667069
27667880
27668565
27669558
27671634
27672657
27673643
27674139
27675528
27676410
27678025
27678557
27679292
27682596
27682778
27697343
27702409
27704235
27704568
27708405
27714346
27718718
27721575
27722229
27724513
27726292
27728232
27728813
27728886
27737791
27739686
27741931
27743139
27746804
27748576
27754937
27767200
27767763
27772643
27774290
27776791
27779393
27779580
27780297
27783609
27788878
27792162
27795136
27798499
27800561
27801383
27807867
27814354
27814687
27816283
27816842
27820771
27821755
27822844
27823455
27823809
27824847
27825412
27834282
27834706
27844048
27847181
27848420
27849980
27868560
27868816
27872595
27874624
27875423
27880007
27880635
27882359
27885540
27886142
27891271
27898201
27898905
27900812
27906579
27907445
27913991
27918400
27919466
27922407
27924286
27924596
27924773
27928651
27930470
27932250
27934295
27935797
27936722
27937308
27939505
27941763
27942011
27949346
27950099
27953901
27955453
27959647
27960664
27961080
27966944
27971260
27986785
27990393
27999483
28000429
28007216
28007642
28012365
28014782
28019896
28021648
28022814
28029084
28036115
28039398
28044228
28048566
28052939
28053378
28054346
28064207
28065944
28068714
28072100
28084283
28084467
28087113
28088401
28088930
28091158
28092703
28099191
28103916
28119713
28120505
28122238
28122527
28123506
28124043
28124229
28128135
28132175
28133781
28134033
28134738
28148259
28149183
28149922
28150106
28151974
28152107
28153128
28153512
28154101
28157521
28162534
28174721
28178243
28179494
28182029
28185079
28186438
28192620
28199651
28200565
28202077
28203528
28204302
28204358
28206694
28207391
28208974
28209136
28212399
28212443
28219446
28222112
28226465
28229924
28234310
28234614
28235941
28236262
28240419
28241059
28244405
28248092
28251069
28265032
28266708
28266726
28267403
28275262
28275636
28289306
28289908
28293616
28303481
28306016
28306737
28309293
28314495
28319428
28321688
28325040
28325563
28326722
28330138
28331313
28331716
28343677
28346891
28347570
28356658
28357086
28364355
28366593
28379057
28381002
28381410
28386336
28386667
28388438
28391748
28399158
28401753
28402743
28408599
28411800
28412790
28417190
28419551
28424434
28424953
28425619
28428713
28437833
28438873
28441101
28441143
28443153
28448578
28454036
28459783
28463113
28464417
28469401
28470604
28474439
28477613
28483914
28484065
28484824
28497006
28497019
28508947
28510278
28511611
28512653
28514184
28517244
28520657
28521392
28523590
28524973
28527791
28529336
28531664
28535991
28536197
28539501
28543414
28547192
28547236
28550883
28553553
28553766
28555607
28559637
28562195
28567392
28569903
28573594
28575469
28576606
28578452
28581068
28584355
28585183
28586145
28587303
28589901
28592967
28602976
28603401
28605050
28606794
28607866
28615272
28616244
28620634
28621446
28622723
28634293
28635276
28640484
28640645
28643476
28648700
28648772
28650376
28656571
28662299
28665640
28671129
28672607
28673211
28678309
28680847
28682789
28685113
28686499
28687673
28689024
28698557
28698820
28698974
28708586
28709277
28711552
28714932
28718332
28720123
28722055
28729100
28731201
28735179
28740108
28743984
28749194
28751517
28753747
28756726
28761390
28761946
28763204
28763363
28764535
28771420
28775826
28777369
28778046
28778980
28782807
28785417
28786024
28787417
28787601
28788510
28795377
28797764
28800481
28801583
28807762
28810168
28811699
28814873
28818866
28821206
28821315
28829401
28831954
28834078
28839473
28844828
28845230
28846322
28849559
28853170
28866877
28867879
28868351
28871934
28878392
28878583
28880047
28882052
28891172
28896773
28900208
28903842
28907164
28915515
28918255
28920458
28921827
28923133
28924612
28925580
28927544
28932604
28933122
28933174
28939616
28948514
28953085
28962327
28964293
28965266
28966899
28967990
28969913
28971460
28974352
28975610
28976006
28976612
28976812
28981521
28982212
28983861
28985283
28988934
28991083
28991153
28994812
28995820
28997242
29004975
29007297
29010781
29013253
29013376
29017231
29018128
29018737
29020883
29022668
29023222
29025044
29025597
29029314
29030229
29030874
29033566
29035486
29036025
29038798
29038827
29040958
29041970
29041977
29043723
29044490
29046714
29049972
29051533
29058405
29060472
29060666
29062433
29063574
29064537
29067418
29068136
29069288
29075605
29085909
29091791
29092233
29107743
29108068
29110237
29112577
29123053
29124171
29130563
29131270
29135527
29140596
29146198
29148938
29149305
29151743
29152218
29155228
29155768
29158352
29158512
29160893
29163647
29167926
29172499
29172691
29173570
29177447
29182073
29182584
29183931
29185730
29187526
29189032
29189600
29194238
29196682
29204855
29206098
29206915
29218508
29219961
29224811
29226118
29226153
29231156
29231443
29231497
29239977
29243362
29245255
29250041
29250171
29256359
29258998
29259963
29260053
29272424
29274110
29274238
29278411
29285258
29286665
29289523
29294996
29295313
29296056
29300070
29305712
29311596
29317847
29324825
29327440
29331133
29331282
29332207
29333184
29333809
29336664
29339795
29339960
29340476
29340763
29341358
29342441
29342637
29343442
29349060
29351078
29363225
29366447
29369127
29369400
29370275
29371927
29376591
29383531
29383874
29385874
29386167
29388060
29389996
29390925
29396710
29400709
29401358
29403150
29405523
29406678
29410612
29412540
29414128
29418859
29419054
29422606
29424772
29425473
29426258
29427156
29429628
29435105
29436254
29438120
29453866
29455482
29457577
29459568
29460655
29467519
29471295
29472060
29472727
29474045
29476470
29477783
29478512
29491252
29492810
29493133
29499066
29503139
29506919
29508922
29518051
29518561
29519271
29520992
29521779
29525470
29531023
29534729
29539855
29543016
29543438
29552305
29552857
29554274
29559503
29562372
29585407
29586792
29588311
29588771
29590368
29591052
29591291
29592280
29593799
29595959
29599385
29599610
29601024
29602051
29604215
29608790
29612368
29615933
29618172
29618827
29619374
29623931
29628632
29629252
29629819
29632721
29637910
29641860
29642302
29644028
29644353
29647445
29651479
29654949
29661979
29665424
29666119
29671199
29681029
29681998
29682070
29683367
29684142
29685254
29686906
29688228
29688876
29689765
29691430
29693421
29694766
29695530
29700126
29702539
29705241
29705482
29707179
29707931
29713937
29714255
29718985
29719899
29725764
29726839
29728909
29729825
29732403
29732579
29733592
29743903
29751696
29751800
29754627
29763395
29765376
29766082
29769264
29772614
29773913
29775842
29777271
29779202
29781289
29788127
29788234
29791809
29791954
29794642
29795068
29797947
29798632
29803653
29805500
29806098
29806117
29808705
29810326
29815687
29819596
29821099
29827962
29830458
29830712
29832674
29835338
29837022
29837330
29839329
29840082
29841236
29843500
29843690
29845299
29845961
29848558
29851142
29852958
29853937
29856455
29858478
29868849
29869960
29873944
29874543
29874959
29875530
29876842
29879229
29884325
29885537
29886353
29892199
29898640
29899726
29900364
29903584
29922972
29929994
29931690
29932197
29935928
29941477
29942669
29945623
29947852
29948380
29949634
29950307
29962324
29972325
29972720
29974804
29975376
29976759
29978129
29988176
29989065
29990881
29991568
29995012
29998215
30003286
30006450
30006876
30008222
30008575
30009552
30012064
30019467
30020845
30023848
30026023
30029009
30030500
30030776
30033568
30040250
30044391
30046318
30048785
30051187
30051544
30053399
30061202
30062474
30064054
30067947
30069571
30070063
30071071
30071344
30072004
30075313
30082906
30091839
30095980
30097417
30098500
30099527
30104486
30105128
30113922
30115421
30117000
30121870
30124592
30127035
30133320
30134186
30139970
30140787
30141170
30141295
30142838
30143593
30144625
30146173
30147830
30151539
30155743
30157859
30164458
30174269
30177230
30177958
30179480
30182161
30185954
30195441
30198102
30202368
30203553
30206707
30207776
30207957
30209974
30212376
30213204
30223374
30225099
30235041
30244789
30249415
30251616
30253702
30253797
30255408
30257845
30259871
30260644
30261768
30263012
30264871
30279680
30280257
30285690
30287457
30288392
30292104
30294296
30294633
30295799
30299744
30300705
30302269
30306016
30306863
30308701
30318582
30319253
30321680
30322982
30324474
30324705
30328570
30330524
30335694
30339642
30347490
30350126
30350822
30351358
30360926
30364026
30370731
30376777
30377527
30380843
30383724
30399139
30402423
30406718
30412665
30414191
30415298
30416124
30419935
30420745
30421654
30421801
30424325
30427226
