0.125
0.08333333333333333
0.125
0.5
0.2
0.3333333333333333
0.125
0.125
0.1111111111111111
0.16666666666666666
0.3333333333333333
0.2
0.14285714285714285
0.1111111111111111
0.3333333333333333
0.125
0.125
0.25
0.16666666666666666
0.25
0.14285714285714285
0.14285714285714285
0.25
0.09090909090909091
0.14285714285714285
0.2
0.25
0.14285714285714285
0.16666666666666666
0.1
0.2
0.3333333333333333
0.1111111111111111
0.2
0.2
0.16666666666666666
0.16666666666666666
0.1
0.3333333333333333
0.125
0.5
0.125
0.16666666666666666
0.125
0.2
0.2
0.16666666666666666
0.3333333333333333
0.3333333333333333
0.25
0.16666666666666666
0.25
0.14285714285714285
0.25
0.25
0.2
0.3333333333333333
0.14285714285714285
0.16666666666666666
0.3333333333333333
0.16666666666666666
0.2
0.3333333333333333
0.14285714285714285
0.3333333333333333
0.125
0.25
0.09090909090909091
0.125
0.14285714285714285
0.3333333333333333
0.25
0.3333333333333333
0.16666666666666666
0.14285714285714285
0.25
0.3333333333333333
0.3333333333333333
0.125
0.16666666666666666
0.1111111111111111
0.1111111111111111
0.1
0.25
0.2
0.14285714285714285
0.2
0.125
0.16666666666666666
0.14285714285714285
0.125
0.16666666666666666
0.3333333333333333
0.2
0.2
0.25
0.25
0.2
0.14285714285714285
0.3333333333333333
0.2
0.1111111111111111
0.16666666666666666
0.5
0.2
0.1111111111111111
0.3333333333333333
0.2
0.3333333333333333
0.5
0.14285714285714285
0.25
0.16666666666666666
0.5
0.2
0.125
0.09090909090909091
0.125
0.5
0.1111111111111111
1.0
0.25
0.3333333333333333
0.125
0.2
0.16666666666666666
0.25
0.25
0.125
0.14285714285714285
0.16666666666666666
0.14285714285714285
0.2
0.25
0.25
0.2
0.14285714285714285
0.3333333333333333
0.2
0.16666666666666666
0.2
0.2
0.3333333333333333
0.25
0.14285714285714285
0.125
0.125
0.5
0.25
0.14285714285714285
0.14285714285714285
0.3333333333333333
0.25
0.1111111111111111
0.125
0.3333333333333333
0.16666666666666666
0.2
0.14285714285714285
0.1111111111111111
0.1111111111111111
0.25
0.25
0.14285714285714285
0.1
0.1
0.14285714285714285
0.16666666666666666
0.14285714285714285
0.16666666666666666
0.08333333333333333
0.16666666666666666
0.25
0.16666666666666666
0.25
0.25
0.25
0.25
0.25
0.25
0.5
0.09090909090909091
0.25
0.16666666666666666
0.1
0.1111111111111111
0.25
0.25
0.2
0.2
0.16666666666666666
0.1111111111111111
0.2
0.5
0.14285714285714285
0.14285714285714285
0.125
0.25
0.2
0.14285714285714285
0.1
0.16666666666666666
0.125
0.25
0.125
0.125
0.2
0.1
0.2
0.14285714285714285
0.3333333333333333
0.2
0.14285714285714285
0.25
0.1
0.3333333333333333
0.25
0.2
0.09090909090909091
0.2
0.2
0.3333333333333333
0.16666666666666666
0.14285714285714285
0.14285714285714285
0.16666666666666666
0.14285714285714285
0.125
0.16666666666666666
0.3333333333333333
0.16666666666666666
0.5
0.5
0.5
0.5
0.25
0.25
0.16666666666666666
0.14285714285714285
0.09090909090909091
0.16666666666666666
0.14285714285714285
0.125
0.25
0.07692307692307693
0.25
0.125
0.2
0.1111111111111111
0.125
0.3333333333333333
0.1111111111111111
0.5
0.125
0.14285714285714285
0.25
0.2
0.3333333333333333
0.5
0.25
0.3333333333333333
0.16666666666666666
0.125
0.25
0.3333333333333333
0.25
0.2
0.3333333333333333
0.09090909090909091
0.2
0.2
0.2
0.25
0.16666666666666666
0.1111111111111111
0.16666666666666666
0.3333333333333333
0.2
0.2
0.25
0.06666666666666667
0.25
0.2
0.3333333333333333
0.25
0.16666666666666666
0.16666666666666666
0.14285714285714285
0.14285714285714285
0.16666666666666666
0.14285714285714285
0.14285714285714285
0.2
0.14285714285714285
0.2
0.14285714285714285
0.1111111111111111
0.14285714285714285
0.14285714285714285
0.5
0.14285714285714285
0.125
0.2
0.1111111111111111
0.125
0.2
0.16666666666666666
0.16666666666666666
0.25
0.25
0.25
0.1111111111111111
0.3333333333333333
0.1111111111111111
0.1
0.14285714285714285
0.125
0.3333333333333333
0.5
0.14285714285714285
0.2
0.16666666666666666
0.16666666666666666
0.125
0.125
0.14285714285714285
0.14285714285714285
1.0
0.25
0.2
0.125
0.3333333333333333
0.1111111111111111
0.25
0.2
0.14285714285714285
0.14285714285714285
0.2
0.06666666666666667
0.16666666666666666
0.1111111111111111
0.25
0.2
0.5
0.125
0.125
0.25
0.3333333333333333
0.25
0.25
0.2
0.25
0.16666666666666666
0.14285714285714285
0.16666666666666666
0.125
0.5
0.16666666666666666
0.125
0.2
0.25
0.2
0.1
0.16666666666666666
0.1111111111111111
0.09090909090909091
0.16666666666666666
0.14285714285714285
0.25
0.125
0.14285714285714285
0.3333333333333333
0.14285714285714285
0.16666666666666666
0.14285714285714285
0.16666666666666666
0.125
0.25
0.1111111111111111
0.25
0.25
0.3333333333333333
0.08333333333333333
0.16666666666666666
0.09090909090909091
0.125
1.0
0.25
0.5
0.2
0.16666666666666666
1.0
0.3333333333333333
0.5
0.14285714285714285
0.2
0.2
0.5
0.1111111111111111
0.2
0.2
0.3333333333333333
0.1111111111111111
1.0
0.3333333333333333
0.5
0.16666666666666666
0.14285714285714285
0.5
0.1
0.14285714285714285
0.16666666666666666
0.25
0.25
0.3333333333333333
0.3333333333333333
0.16666666666666666
0.16666666666666666
0.14285714285714285
0.07692307692307693
0.16666666666666666
0.1111111111111111
0.09090909090909091
0.16666666666666666
0.2
0.3333333333333333
0.5
0.1111111111111111
0.2
0.25
0.16666666666666666
0.1
0.2
0.25
0.125
0.3333333333333333
0.2
0.125
0.25
0.14285714285714285
0.14285714285714285
0.16666666666666666
0.14285714285714285
0.1
0.25
0.16666666666666666
0.2
0.16666666666666666
0.16666666666666666
0.2
0.14285714285714285
0.2
0.25
0.25
0.2
0.1111111111111111
0.5
0.1111111111111111
0.25
0.2
0.16666666666666666
0.3333333333333333
0.14285714285714285
0.16666666666666666
0.16666666666666666
0.125
0.09090909090909091
0.14285714285714285
0.25
0.25
0.2
0.2
0.16666666666666666
0.14285714285714285
0.1
0.5
0.14285714285714285
0.2
0.1111111111111111
0.2
0.16666666666666666
0.5
0.1
0.1111111111111111
0.125
0.3333333333333333
0.1
0.0625
0.3333333333333333
0.1
0.14285714285714285
0.3333333333333333
0.06666666666666667
0.16666666666666666
0.3333333333333333
0.16666666666666666
0.3333333333333333
0.16666666666666666
0.5
0.16666666666666666
0.1
0.16666666666666666
0.14285714285714285
0.14285714285714285
0.2
0.125
0.16666666666666666
0.1
0.25
0.5
0.25
0.1111111111111111
0.16666666666666666
0.2
0.09090909090909091
0.3333333333333333
0.16666666666666666
0.16666666666666666
0.16666666666666666
0.14285714285714285
0.25
0.125
0.125
0.1111111111111111
0.14285714285714285
1.0
0.14285714285714285
0.5
0.25
0.3333333333333333
0.16666666666666666
0.16666666666666666
0.25
0.2
0.125
0.14285714285714285
0.3333333333333333
0.3333333333333333
0.2
0.125
0.125
0.1111111111111111
0.16666666666666666
0.25
0.14285714285714285
0.5
0.16666666666666666
0.2
0.2
0.2
0.2
0.25
0.1
0.3333333333333333
0.1
0.2
0.25
0.5
0.25
0.1111111111111111
0.2
0.125
0.2
0.125
0.2
0.1
0.2
0.16666666666666666
0.14285714285714285
0.3333333333333333
0.2
0.16666666666666666
0.3333333333333333
0.2
0.2
0.1111111111111111
0.25
0.2
0.2
0.16666666666666666
0.2
0.1
0.2
0.25
0.2
0.125
0.25
0.1
0.2
0.25
0.14285714285714285
0.5
0.2
0.06666666666666667
0.125
0.09090909090909091
0.25
0.125
0.3333333333333333
0.1111111111111111
0.3333333333333333
0.1
0.2
0.14285714285714285
0.25
0.3333333333333333
0.16666666666666666
0.1111111111111111
0.125
0.16666666666666666
0.1111111111111111
0.3333333333333333
0.3333333333333333
0.14285714285714285
0.2
0.3333333333333333
0.16666666666666666
0.5
0.14285714285714285
0.16666666666666666
0.08333333333333333
0.2
0.125
0.3333333333333333
0.1
0.125
0.16666666666666666
0.125
0.125
0.16666666666666666
0.25
0.08333333333333333
0.14285714285714285
0.1
0.16666666666666666
0.1111111111111111
0.2
0.25
0.2
0.1111111111111111
0.14285714285714285
0.14285714285714285
0.16666666666666666
0.14285714285714285
0.16666666666666666
1.0
0.16666666666666666
0.125
0.14285714285714285
0.16666666666666666
0.125
0.25
0.125
0.5
0.2
0.08333333333333333
0.16666666666666666
0.5
0.09090909090909091
0.2
0.2
0.125
0.09090909090909091
0.14285714285714285
0.3333333333333333
0.3333333333333333
0.3333333333333333
0.125
0.3333333333333333
0.2
0.3333333333333333
0.1111111111111111
0.5
0.14285714285714285
0.25
0.2
0.16666666666666666
0.16666666666666666
0.125
0.3333333333333333
0.25
0.125
0.25
0.3333333333333333
0.2
0.2
0.25
0.1
0.3333333333333333
0.16666666666666666
0.16666666666666666
0.2
0.16666666666666666
0.5
0.125
0.14285714285714285
0.3333333333333333
0.2
0.2
0.25
0.2
0.1111111111111111
0.1
0.16666666666666666
0.25
0.25
0.16666666666666666
0.25
0.16666666666666666
0.25
0.2
0.3333333333333333
0.14285714285714285
0.3333333333333333
0.07692307692307693
0.25
0.14285714285714285
0.25
1.0
0.25
0.25
0.16666666666666666
0.16666666666666666
1.0
0.1
0.25
0.3333333333333333
0.25
0.16666666666666666
0.125
0.3333333333333333
0.25
0.16666666666666666
0.16666666666666666
0.16666666666666666
0.14285714285714285
0.16666666666666666
0.125
0.25
0.2
0.14285714285714285
0.25
0.08333333333333333
0.16666666666666666
0.5
0.14285714285714285
0.14285714285714285
0.25
0.2
0.3333333333333333
0.25
0.3333333333333333
0.25
0.16666666666666666
0.14285714285714285
0.2
0.14285714285714285
0.2
0.2
0.5
0.2
0.25
0.4
0.16666666666666666
0.125
0.125
0.5
0.125
0.2
0.25
0.3333333333333333
0.3333333333333333
0.25
0.2
0.2
0.14285714285714285
0.25
0.16666666666666666
0.2
0.14285714285714285
0.3333333333333333
0.2857142857142857
0.125
0.25
0.14285714285714285
0.16666666666666666
0.14285714285714285
0.2
0.16666666666666666
0.14285714285714285
0.16666666666666666
0.25
0.16666666666666666
0.14285714285714285
0.14285714285714285
0.4
0.25
0.16666666666666666
0.14285714285714285
0.6666666666666666
0.125
0.3333333333333333
0.5
0.2857142857142857
0.125
0.25
0.14285714285714285
1.0
0.3333333333333333
0.125
0.25
0.14285714285714285
0.2
0.5
0.16666666666666666
0.14285714285714285
0.2
0.25
0.2
0.16666666666666666
0.42857142857142855
0.4
0.3333333333333333
0.14285714285714285
0.1111111111111111
0.09090909090909091
0.5
0.4
0.3333333333333333
0.2
0.8333333333333334
0.16666666666666666
0.2
1.5
0.3333333333333333
0.16666666666666666
1.5
0.2222222222222222
0.25
0.2
0.7142857142857143
0.375
0.4
1.5
0.5714285714285714
0.42857142857142855
0.7142857142857143
0.125
1.0
0.3333333333333333
0.16666666666666666
1.1666666666666667
0.75
0.5
0.5
0.42857142857142855
1.5
0.5714285714285714
0.75
0.2
1.1666666666666667
1.0
1.0
0.8
0.4
2.0
1.5
0.8
0.6666666666666666
1.6666666666666667
1.0
0.5
0.6666666666666666
0.36363636363636365
0.38461538461538464
1.3333333333333333
1.0
1.3333333333333333
1.0
1.4
2.25
1.75
1.1111111111111112
1.125
1.0
1.2222222222222223
2.0
2.6666666666666665
2.75
1.6
0.875
2.0
1.4444444444444444
4.0
1.75
3.0
1.2
3.3333333333333335
2.5
3.6666666666666665
4.333333333333333
1.5
2.0
3.2
2.125
1.5
4.0
5.333333333333333
1.5
9.5
4.0
2.0
2.5
2.25
3.5
2.272727272727273
2.8333333333333335
5.5
1.2
1.3636363636363635
6.666666666666667
6.0
2.3333333333333335
4.4
3.125
5.4
2.4285714285714284
18.0
3.5714285714285716
2.888888888888889
3.0
4.0
3.8
2.4
24.0
2.6666666666666665
4.0
4.0
3.5714285714285716
10.5
5.8
5.285714285714286
3.375
6.25
5.5
9.0
6.285714285714286
6.6
3.7142857142857144
5.25
5.6
4.375
5.75
6.0
8.75
4.444444444444445
7.333333333333333
7.8
7.0
9.8
7.166666666666667
5.0
9.25
9.0
5.444444444444445
9.0
11.4
8.5
7.571428571428571
7.25
7.6
11.75
6.8
7.75
16.5
6.75
9.4
8.6
19.333333333333332
7.0
14.2
6.5
6.444444444444445
4.333333333333333
5.2
13.0
14.166666666666666
5.2727272727272725
6.111111111111111
4.285714285714286
17.666666666666668
5.0
9.75
6.0
7.555555555555555
13.4
9.666666666666666
10.833333333333334
15.25
7.111111111111111
11.2
8.833333333333334
15.75
7.8
6.5
8.428571428571429
17.25
5.916666666666667
7.555555555555555
7.142857142857143
11.6
7.428571428571429
32.0
12.25
5.090909090909091
10.5
6.875
4.9
7.0
12.333333333333334
14.25
9.25
8.875
11.4
19.0
11.5
10.857142857142858
13.6
20.25
12.285714285714286
9.666666666666666
10.25
14.75
13.6
23.333333333333332
8.4
11.8
6.111111111111111
8.125
5.5
6.5
15.333333333333334
15.0
11.666666666666666
11.166666666666666
12.25
19.25
9.8
7.444444444444445
7.333333333333333
8.5
20.5
6.3
5.777777777777778
8.857142857142858
32.0
5.75
8.4
13.25
13.25
9.2
11.25
8.0
20.0
6.285714285714286
5.8
8.75
7.166666666666667
3.6666666666666665
10.0
9.714285714285714
21.5
8.0
6.888888888888889
3.5714285714285716
23.0
3.8461538461538463
4.9
4.6
11.0
3.6363636363636362
4.571428571428571
6.428571428571429
12.75
2.6363636363636362
15.5
9.0
6.857142857142857
9.75
25.0
4.666666666666667
6.25
7.333333333333333
9.25
4.5
10.0
5.375
3.142857142857143
5.5
5.0
7.4
6.5
3.5714285714285716
4.4
3.4
3.4166666666666665
4.25
6.75
9.333333333333334
5.0
5.75
4.428571428571429
5.5
4.25
5.2
6.5
2.2222222222222223
3.857142857142857
1.7777777777777777
4.0
4.833333333333333
3.4
11.0
3.1666666666666665
5.4
4.75
2.6666666666666665
6.25
2.375
8.0
6.0
1.6666666666666667
3.5
3.6
1.7777777777777777
6.5
1.6666666666666667
2.8333333333333335
2.1666666666666665
1.5
2.142857142857143
4.666666666666667
1.875
1.875
1.1111111111111112
0.9090909090909091
2.25
1.8571428571428572
4.0
0.6666666666666666
0.3333333333333333
1.8333333333333333
2.6
3.25
1.6666666666666667
1.2
0.8
6.5
3.0
1.8333333333333333
2.0
0.7
0.8
1.6666666666666667
3.5
2.0
0.4
0.7142857142857143
0.6666666666666666
0.5555555555555556
0.6666666666666666
1.0
0.8
0.4444444444444444
0.8571428571428571
1.0
1.0
0.42857142857142855
0.125
1.0
0.8333333333333334
0.6666666666666666
0.36363636363636365
0.625
0.75
2.3333333333333335
0.4444444444444444
1.5
0.3333333333333333
1.0
0.16666666666666666
1.25
0.14285714285714285
0.6666666666666666
0.8
0.2857142857142857
0.6666666666666666
0.375
0.125
0.16666666666666666
0.25
0.4
1.0
0.6666666666666666
0.5
0.8
0.4
0.2857142857142857
0.5
0.2222222222222222
0.3333333333333333
0.14285714285714285
0.3
0.16666666666666666
0.75
0.3333333333333333
0.2
0.3333333333333333
0.3333333333333333
0.25
1.0
0.2
0.2857142857142857
0.3333333333333333
0.25
0.18181818181818182
0.1111111111111111
0.4
0.3333333333333333
0.3333333333333333
0.375
0.3333333333333333
0.2
0.1111111111111111
0.16666666666666666
0.16666666666666666
0.2
0.2
0.16666666666666666
0.5
0.1111111111111111
0.25
0.1111111111111111
0.09090909090909091
0.1
0.14285714285714285
0.14285714285714285
0.3333333333333333
0.3333333333333333
0.1111111111111111
0.25
0.3333333333333333
0.125
0.1111111111111111
0.4
0.16666666666666666
0.16666666666666666
0.2
0.2
0.25
0.25
0.16666666666666666
0.3333333333333333
0.14285714285714285
0.14285714285714285
0.2
0.2
0.2
0.5
0.25
0.09090909090909091
0.16666666666666666
0.3333333333333333
0.25
0.16666666666666666
0.1
0.2
0.25
0.2222222222222222
0.5
0.6666666666666666
0.16666666666666666
0.25
0.1111111111111111
0.25
0.2
0.3333333333333333
0.3333333333333333
0.1111111111111111
0.25
0.14285714285714285
0.1111111111111111
0.25
0.16666666666666666
0.14285714285714285
0.125
0.14285714285714285
0.4
0.5
0.1
0.16666666666666666
0.16666666666666666
0.25
0.25
0.16666666666666666
0.1
0.125
0.1111111111111111
0.14285714285714285
0.5
0.2
0.3333333333333333
0.25
0.3333333333333333
0.2
0.3333333333333333
0.125
0.1
0.25
0.125
0.09090909090909091
0.16666666666666666
0.125
0.125
0.125
0.3333333333333333
0.16666666666666666
0.3333333333333333
0.16666666666666666
0.2
0.1
0.14285714285714285
0.125
0.3333333333333333
0.25
0.14285714285714285
0.16666666666666666
0.125
0.14285714285714285
0.25
1.0
0.1
0.2
0.3333333333333333
0.16666666666666666
0.3333333333333333
0.2
0.25
0.14285714285714285
0.16666666666666666
0.14285714285714285
0.2
0.25
0.125
0.3333333333333333
0.08333333333333333
0.125
0.16666666666666666
0.3333333333333333
0.2
0.125
0.25
0.1111111111111111
0.1111111111111111
0.2
0.16666666666666666
0.2
0.16666666666666666
0.25
0.1111111111111111
0.2
0.2
0.1111111111111111
0.25
0.25
0.5
0.2
0.3333333333333333
0.5
0.16666666666666666
0.1111111111111111
0.3333333333333333
0.1111111111111111
0.5
0.25
0.3333333333333333
0.14285714285714285
0.125
0.3333333333333333
0.16666666666666666
0.125
0.25
1.0
0.16666666666666666
1.0
0.5
0.09090909090909091
0.16666666666666666
0.14285714285714285
0.1111111111111111
0.3333333333333333
0.14285714285714285
0.25
0.25
0.2
0.3333333333333333
0.5
0.07692307692307693
0.25
0.16666666666666666
0.08333333333333333
0.2
0.3333333333333333
0.16666666666666666
0.2
0.125
0.125
0.125
0.25
0.25
0.1111111111111111
0.1111111111111111
0.1111111111111111
0.125
0.2
0.25
0.1111111111111111
0.25
0.25
0.2
0.2
0.125
0.2
0.125
0.16666666666666666
0.2
0.2
0.125
0.25
0.16666666666666666
0.25
0.1
0.14285714285714285
0.16666666666666666
0.1
0.1111111111111111
0.5
0.2
0.16666666666666666
0.25
0.16666666666666666
0.16666666666666666
0.3333333333333333
0.3333333333333333
0.14285714285714285
0.14285714285714285
0.16666666666666666
0.14285714285714285
0.125
0.2
0.14285714285714285
0.5
0.25
0.1
0.3333333333333333
0.1111111111111111
0.16666666666666666
0.2
0.2
0.16666666666666666
0.1
0.09090909090909091
0.2
0.25
0.2
0.14285714285714285
0.08333333333333333
0.14285714285714285
0.1111111111111111
0.09090909090909091
0.25
0.2
0.2
0.14285714285714285
0.1111111111111111
0.09090909090909091
0.16666666666666666
0.5
0.16666666666666666
0.16666666666666666
0.3333333333333333
0.3333333333333333
0.1111111111111111
0.2
0.3333333333333333
0.14285714285714285
0.3333333333333333
0.14285714285714285
0.25
0.1111111111111111
0.25
0.1111111111111111
0.25
0.1111111111111111
0.3333333333333333
0.3333333333333333
0.25
0.16666666666666666
0.25
0.2
0.1111111111111111
0.16666666666666666
0.3333333333333333
0.2
0.125
0.07692307692307693
0.1
0.3333333333333333
0.14285714285714285
0.2
0.16666666666666666
0.2
0.125
0.2
0.25
0.16666666666666666
0.5
0.2
0.2
0.16666666666666666
0.2
0.3333333333333333
0.125
0.09090909090909091
0.25
0.1111111111111111
0.14285714285714285
0.16666666666666666
0.25
0.3333333333333333
0.14285714285714285
0.16666666666666666
0.1111111111111111
0.1111111111111111
0.16666666666666666
0.125
0.25
0.125
0.25
0.25
0.2
0.2
0.1111111111111111
0.2
0.2
0.5
0.5
0.14285714285714285
0.125
0.16666666666666666
0.16666666666666666
0.125
0.14285714285714285
0.2
0.16666666666666666
0.1111111111111111
0.16666666666666666
0.125
0.1
0.14285714285714285
0.14285714285714285
0.08333333333333333
0.25
0.14285714285714285
0.5
0.5
0.1111111111111111
0.2
0.25
0.5
0.2
0.1111111111111111
0.3333333333333333
0.14285714285714285
0.14285714285714285
0.16666666666666666
0.16666666666666666
0.09090909090909091
0.1111111111111111
0.16666666666666666
0.16666666666666666
0.25
0.2
0.08333333333333333
0.16666666666666666
0.16666666666666666
0.14285714285714285
0.25
0.2
0.2
0.125
0.2
0.14285714285714285
0.14285714285714285
0.1111111111111111
0.3333333333333333
0.2
0.25
0.125
0.2
0.125
0.14285714285714285
0.3333333333333333
0.125
0.25
0.14285714285714285
0.2
0.16666666666666666
0.25
0.14285714285714285
0.5
0.1
0.1
0.2
0.16666666666666666
0.5
0.25
0.1
0.5
0.1111111111111111
0.16666666666666666
0.14285714285714285
0.2
0.25
0.16666666666666666
0.125
0.125
0.2
0.25
0.25
0.16666666666666666
0.5
0.2
0.25
0.3333333333333333
0.3333333333333333
0.16666666666666666
1.0
0.2
0.14285714285714285
0.1111111111111111
0.1111111111111111
0.16666666666666666
0.2
0.16666666666666666
0.2
0.2
0.16666666666666666
0.125
1.0
0.14285714285714285
0.2
0.3333333333333333
0.2
0.09090909090909091
0.125
0.3333333333333333
0.5
0.14285714285714285
0.09090909090909091
0.125
1.0
0.2
0.14285714285714285
0.1111111111111111
0.25
0.14285714285714285
0.2
0.2
0.3333333333333333
0.2
0.14285714285714285
0.125
0.14285714285714285
0.16666666666666666
0.16666666666666666
0.3333333333333333
0.25
0.25
0.25
0.09090909090909091
0.2
0.14285714285714285
0.1111111111111111
0.16666666666666666
0.16666666666666666
0.25
0.25
0.2
0.07692307692307693
0.14285714285714285
0.16666666666666666
0.1
0.14285714285714285
0.07692307692307693
0.25
0.16666666666666666
0.14285714285714285
0.1111111111111111
0.09090909090909091
0.25
0.125
0.16666666666666666
0.09090909090909091
0.3333333333333333
0.2
0.25
0.14285714285714285
0.14285714285714285
0.25
0.16666666666666666
0.14285714285714285
0.2
0.2
0.09090909090909091
0.16666666666666666
0.1111111111111111
0.2
0.3333333333333333
0.2
0.1111111111111111
0.3333333333333333
0.3333333333333333
0.125
0.16666666666666666
0.25
0.14285714285714285
0.25
0.3333333333333333
0.25
0.2
0.125
0.1111111111111111
0.5
0.09090909090909091
0.3333333333333333
0.125
0.2
0.5
0.1111111111111111
0.16666666666666666
0.125
0.1111111111111111
0.16666666666666666
0.16666666666666666
0.1
0.2
0.1111111111111111
0.16666666666666666
0.25
0.25
0.2
0.16666666666666666
0.3333333333333333
0.2
0.14285714285714285
0.25
0.2
0.25
0.2
0.16666666666666666
0.3333333333333333
0.25
0.16666666666666666
0.1
0.14285714285714285
0.14285714285714285
0.1111111111111111
0.25
0.25
0.3333333333333333
0.25
0.14285714285714285
0.3333333333333333
0.125
0.125
0.125
0.2
0.08333333333333333
0.09090909090909091
0.16666666666666666
0.16666666666666666
0.25
0.2
0.125
0.14285714285714285
0.3333333333333333
0.3333333333333333
0.14285714285714285
0.08333333333333333
0.14285714285714285
0.5
0.125
0.1111111111111111
0.125
0.2
0.125
0.16666666666666666
0.3333333333333333
0.2
0.14285714285714285
0.1
0.14285714285714285
0.14285714285714285
0.3333333333333333
0.25
0.2
0.2
0.5
0.3333333333333333
0.08333333333333333
0.14285714285714285
0.09090909090909091
0.09090909090909091
0.16666666666666666
0.5
0.25
0.14285714285714285
0.16666666666666666
0.125
0.2
0.5
0.16666666666666666
0.16666666666666666
0.25
0.3333333333333333
0.125
0.16666666666666666
0.2
0.16666666666666666
0.2
0.25
0.2
0.1
0.3333333333333333
0.2
0.125
0.16666666666666666
0.5
0.2
0.25
0.2
0.3333333333333333
0.5
0.2
0.3333333333333333
0.2
0.125
0.16666666666666666
0.16666666666666666
0.25
0.14285714285714285
0.25
1.0
0.2
0.16666666666666666
0.1111111111111111
0.16666666666666666
0.2
0.16666666666666666
0.16666666666666666
0.1111111111111111
0.1111111111111111
0.125
0.1111111111111111
0.16666666666666666
0.2
0.3333333333333333
0.16666666666666666
0.125
0.2
0.125
0.3333333333333333
0.2
0.1111111111111111
0.3333333333333333
0.1111111111111111
0.2
0.14285714285714285
0.5
0.3333333333333333
0.25
0.09090909090909091
0.2
0.14285714285714285
0.1111111111111111
0.16666666666666666
0.2
0.2
0.07692307692307693
0.08333333333333333
0.3333333333333333
0.16666666666666666
0.2
0.1111111111111111
0.2
0.2
0.2
0.16666666666666666
0.125
0.14285714285714285
0.14285714285714285
0.125
0.16666666666666666
0.2
0.14285714285714285
0.14285714285714285
0.16666666666666666
0.14285714285714285
0.1
0.14285714285714285
0.2
0.14285714285714285
0.2
0.2
0.25
0.25
0.25
0.2
0.25
0.16666666666666666
0.14285714285714285
0.2
0.25
0.25
0.125
0.1
0.16666666666666666
0.125
0.5
0.2
0.14285714285714285
0.16666666666666666
0.1111111111111111
0.25
0.1
0.2
0.14285714285714285
0.125
0.16666666666666666
0.14285714285714285
0.14285714285714285
0.3333333333333333
0.2
0.09090909090909091
0.25
0.16666666666666666
0.16666666666666666
0.08333333333333333
0.2
0.14285714285714285
0.09090909090909091
0.1111111111111111
0.3333333333333333
0.25
0.25
0.09090909090909091
0.1
0.14285714285714285
0.25
0.3333333333333333
0.25
0.14285714285714285
0.14285714285714285
0.14285714285714285
0.2
0.2
0.125
0.14285714285714285
0.16666666666666666
0.14285714285714285
0.25
0.14285714285714285
0.2
0.14285714285714285
0.16666666666666666
0.125
0.3333333333333333
0.3333333333333333
0.2
0.3333333333333333
0.2
0.3333333333333333
0.14285714285714285
0.16666666666666666
0.3333333333333333
0.25
0.25
0.14285714285714285
0.16666666666666666
0.2
0.2
0.3333333333333333
0.14285714285714285
0.5
0.25
0.09090909090909091
0.25
0.2
0.2
0.14285714285714285
0.14285714285714285
0.09090909090909091
0.14285714285714285
0.1
0.16666666666666666
0.25
0.14285714285714285
0.125
0.16666666666666666
0.25
0.09090909090909091
0.14285714285714285
0.1111111111111111
0.14285714285714285
0.16666666666666666
0.14285714285714285
0.2
0.25
0.16666666666666666
0.5
0.25
