497961
504334
502067
501058
498671
502616
491490
500399
498789
497504
499308
495991
500048
490971
502506
503172
500212
500015
500643
501456
504358
503982
495349
503885
504063
498125
499614
509383
497715
504464
497293
496736
500579
497361
503916
501052
498254
499008
499925
505894
501079
494748
493037
504343
504453
496969
495823
503759
501902
500562
496333
502498
503881
502075
499062
504302
498677
491861
499417
498431
497115
503454
490540
506771
506977
504758
501359
493088
503991
498714
504427
503778
500289
500859
499138
503838
497583
500948
497909
497038
497591
503102
501971
500358
498891
497053
496185
497849
501608
490498
499739
500441
494906
496980
493223
503705
502117
493032
485027
504639
500544
495464
501154
496783
503794
499410
498936
494477
493845
497452
498739
509356
502120
493784
495759
494547
496442
502615
498731
493110
506724
500350
493776
507856
493012
492250
500259
503185
501493
500302
502465
499697
499467
500069
499810
500930
499564
492867
506624
495061
495222
498834
492988
504916
505718
496847
503937
499098
511297
512961
495154
502720
499886
496090
498963
496762
503150
505263
502273
502504
509997
496753
493111
498385
503945
503988
494799
505035
500167
493728
503022
505710
503276
497730
500799
492393
500062
503893
498221
502383
504200
500045
499184
498166
499215
500301
499514
501087
500077
508411
499527
501170
499758
494933
502061
497846
497790
504007
502046
502547
498899
493123
496813
501659
501576
494952
500887
495283
499845
493984
492123
501360
501309
497773
505409
496654
494386
503840
509451
499738
502307
501585
506577
501964
500031
496587
501657
503742
502776
506261
502691
504196
498605
500954
504295
500590
501805
501682
492798
495930
502857
501710
497032
497731
500121
499723
496944
499464
499302
497818
500773
500181
496437
505624
500597
499608
498971
495688
501056
501168
509298
501859
504017
496923
500106
500765
491808
501954
502836
502118
497612
498102
493745
498218
499811
506009
501174
507868
503749
495681
497688
494920
500635
492194
498787
495707
502161
501917
493796
495058
496631
497195
503358
497054
490412
508295
502621
503644
501571
496341
500675
499950
497428
497603
496248
500474
496539
499767
502650
503532
499891
496960
500336
497555
500754
498383
502323
495617
497018
501703
501987
503375
500605
498175
493928
506104
500901
499099
504842
508039
501596
501604
497475
498239
498272
502028
502254
495768
497069
503825
494161
495883
504442
496435
501471
499042
509515
501042
501504
493558
501221
503353
497511
504657
493478
497411
500715
496888
497202
498588
499694
497070
499515
494178
494582
492845
498655
495463
497003
500311
501263
498906
501739
499198
501432
502410
497235
497022
508989
503482
491071
499027
499191
498260
498353
498887
498395
496494
503613
499571
500925
496167
504293
504591
506317
502477
493861
502241
494276
500608
499317
505020
498184
501640
498785
498337
504192
495400
500918
502472
503458
505557
496710
493391
504097
501948
502224
498557
498737
500760
497388
495232
500413
504216
501960
490391
500771
497746
500692
501795
504193
504980
496595
504188
495824
493215
505168
500567
497123
505640
503586
501313
502492
495056
500985
496338
502452
499897
502497
494398
497954
497375
501537
505675
498281
497674
501714
493842
497228
505286
501823
501467
499962
499225
506493
495308
501784
503623
501700
504222
500393
501622
501281
498611
508430
495801
504823
499481
493162
507589
502866
501734
500150
499283
491324
506122
501298
503576
496840
493896
497421
497260
495414
505584
501245
506082
493859
501534
501046
503043
499715
505522
505958
506698
495013
494426
501273
501611
498155
489925
506750
500328
494721
498286
506463
492508
498133
499745
502433
489181
496449
502454
498951
506549
499065
495494
504781
516210
497843
501265
501782
509586
495802
501848
501637
503819
492061
503631
503829
500331
500926
504109
496681
507275
503313
500122
506997
505505
500416
505084
505341
498194
498910
492435
501617
496670
495721
500705
501923
496207
499072
504028
501373
501330
496108
502990
503451
502335
500152
505601
500385
500603
497547
496297
507293
496335
498778
500830
503516
495619
496908
498898
506477
498806
499030
498380
502305
503176
499054
495152
503666
501880
501054
499503
499340
498987
497324
499222
497439
500124
504143
503378
494575
508670
500762
497680
496483
505504
503241
501122
501224
495499
495663
496883
499620
504983
502937
495445
500937
502787
501128
503250
498534
502811
498372
493503
500111
507195
503689
502631
505209
498036
501649
493934
496331
501876
501518
500888
502532
504594
494997
486115
503649
498788
498826
513280
491740
498183
498397
503082
495963
497527
503639
500155
500853
495630
497942
495163
500194
490411
501677
501798
502290
500537
502658
498115
503972
500860
496606
501326
496648
498755
493232
508938
503382
498713
502683
501380
498250
500513
496919
496639
495236
505580
493460
500236
501246
496870
503440
496254
491769
497574
488082
496797
498160
495510
501478
494424
500631
496734
501606
497147
496891
501032
504899
502080
495448
501760
499580
501469
495540
496371
496390
501189
499069
492223
507893
497455
503093
505864
490897
499148
502063
503210
503480
498959
502077
505767
495405
502591
504539
503225
504218
499166
500848
502388
495809
502359
492379
498707
499830
501023
499227
501736
502669
504095
503077
503245
497023
501522
492319
499919
504670
500224
497406
500380
501290
499229
501824
494793
498029
497541
499537
502850
493038
501176
503349
500804
505561
501368
498549
501482
495730
498457
495053
504755
493118
499077
498147
500360
505367
495919
509282
493874
503685
498894
495224
499115
504102
500700
503433
499941
494970
502685
497454
491839
498540
507047
492203
496519
506661
498129
497045
507474
492989
501771
494578
499016
497946
496678
501928
494657
499495
495926
499818
491042
500489
498270
498516
503147
498222
499876
497959
502137
493056
494124
506781
500027
503506
495468
495699
496932
499908
497096
505184
498410
504938
501776
502570
499010
506039
499733
507907
494514
502395
499383
493620
495304
502419
508204
499354
497446
492532
493744
505821
502546
504001
495975
498252
497417
503380
494953
501621
492842
504407
496315
501968
496459
499140
499734
506338
497149
502549
497724
495243
496826
493461
497934
499984
499153
503784
504243
492651
505516
494435
498456
497513
494607
509013
501977
503908
501423
499935
499706
503727
498015
499988
499615
497979
501741
501226
499635
504450
500093
504631
499296
499087
492136
498764
501488
500094
499267
499298
496708
492039
505137
495732
506742
507096
499852
502351
498840
506488
503384
500976
503208
500227
505215
500378
498733
501106
499278
497236
501112
499133
494361
505918
497613
501888
501943
501067
505905
502727
507592
501843
500695
499972
506414
495922
496349
502767
501059
503523
505988
496968
503785
502158
504194
504702
503470
500169
501660
502175
496542
497608
495940
505292
501147
493360
499433
500019
506304
504529
504532
502261
500134
507377
496946
491620
502309
499259
498914
499676
499192
493432
500752
502858
494834
500880
495544
499324
500807
493927
505150
495406
499547
498536
500879
500907
496966
498302
496369
498912
500297
501497
489350
505019
500158
499384
501911
498846
494162
500503
499701
503015
498738
504569
500072
498917
502725
503801
503643
504463
498934
496640
506250
501111
501590
501418
498348
498448
494764
505835
495696
509220
504023
499285
503755
497633
495704
494666
503045
502187
502986
502459
496146
501629
494517
507984
499269
503464
492990
494552
497723
502699
495978
493274
506735
494737
498749
498012
501463
496662
491821
499275
503115
497091
494521
505285
504412
499279
499080
498484
504137
499804
500919
505462
499655
500673
493658
500354
498471
500698
495198
497535
499816
501770
504987
494941
505960
503656
498931
501354
506828
503181
502202
497710
500409
499967
494601
504767
502330
506180
496446
500160
494871
496480
506492
500711
501935
504082
502644
506394
505973
500086
497061
490354
492326
503089
499835
494334
498373
504499
505405
496482
502744
507079
498627
493826
496260
498658
500938
489138
493822
498327
494549
501092
494591
503954
497618
502460
500890
505270
501145
498525
495560
496351
490365
495260
489505
497609
504777
494283
492846
502164
504986
497072
504462
498881
503976
497653
503014
496792
503087
491053
504077
495149
495923
501190
504912
506976
498975
497466
490792
501883
500327
507888
501156
495887
507052
506129
502652
497232
500957
497792
500466
497762
505746
500237
498043
500458
498297
501325
495375
510065
507229
497118
499849
494014
492992
498642
499314
498435
496122
500189
498495
500726
505345
497130
507351
503958
498982
504719
504386
497183
495860
499171
505218
499828
502059
501350
497175
504136
499974
506029
499768
495709
500135
494017
489848
498369
504799
498517
491856
498444
499311
500165
501759
496731
499645
494425
500426
500684
503158
501093
504174
502128
497537
500996
502988
494745
494152
497623
504050
508086
498469
502930
499236
508071
496096
503025
502634
497134
507239
493577
508839
497777
500884
500798
493329
501157
497010
498583
501019
501752
502779
501754
497616
496170
504681
502817
510041
500364
497171
503302
502462
500293
497544
497080
502839
496250
501105
510386
499122
496557
502690
495193
495210
502975
494196
495399
500386
502089
502440
497927
500598
510224
506172
490658
493220
502235
503316
506177
502956
503424
491677
497857
499546
507116
499404
494812
493269
502390
501561
508532
500723
500053
507601
502790
502512
497567
497320
500211
502138
498489
494452
500720
501654
492431
499518
498514
497862
502268
499803
504679
500821
497313
501508
490910
490104
495012
500702
497642
502501
502085
499051
499205
500030
497295
500475
499759
503466
497588
504206
494706
506290
494434
494989
506990
501252
506508
494490
495348
503961
494190
507468
504390
505291
501199
492005
507769
504212
507533
491681
495521
498343
500599
494855
495631
514471
493866
502376
496683
495074
502941
498120
507440
501171
495934
497765
499955
500351
499480
500748
507258
503011
497771
503717
506579
502916
501587
500945
492239
499145
505941
500209
502114
501598
508785
495080
499292
496237
507557
497539
502966
499820
491924
498086
496402
502795
501163
500772
504352
496664
497969
498157
504521
506324
507010
502674
500768
507190
505866
499253
498880
507871
507204
500179
494363
495054
496478
499833
502288
495148
501451
493573
502678
497414
493048
505519
506298
502331
498710
508610
506993
501329
503438
506144
502009
505688
502020
492548
500248
501944
499711
491825
500054
498236
498038
505101
496824
505223
495079
506073
502466
503711
503372
493942
496787
497643
506745
496512
499175
501650
499501
500443
509649
499046
502055
496123
506688
502040
496761
502822
499747
501044
493303
494596
510066
496179
496665
499522
504872
498998
499832
510854
501762
503512
495449
498493
503490
496301
504946
500790
500864
501347
500865
489215
493748
503702
504703
498387
502269
489284
497278
502604
500667
493224
497657
497385
509806
498273
498246
500652
497882
492791
498993
498088
499150
495287
506540
496294
502425
506489
501095
497290
503431
504884
500670
509475
500056
504383
504392
491642
500233
502878
497097
504930
496316
497683
495102
499339
499372
502710
489636
500589
498849
503684
498833
498376
501536
496208
502932
498156
501250
504641
499232
505908
501118
497507
497939
501324
502677
497106
499607
499779
504598
497753
492367
501582
492464
500397
499143
494554
503621
497347
491435
499349
499457
495911
500483
496019
494967
501516
500177
507202
501863
493742
502732
500872
498528
498006
497456
497822
505903
497956
505927
500914
494212
506704
503974
501291
499998
501867
495455
504036
498130
497638
504503
504261
497440
505003
506979
506157
497953
504425
494197
498114
504525
495137
499513
501918
493470
497570
499258
499600
498358
496547
500560
499898
497321
500501
498301
495095
505459
507825
503137
506374
496809
499455
495628
493781
495909
506182
497829
505219
495722
500922
499260
500247
499017
496425
504377
503667
495620
500966
501434
501152
497661
504117
498983
497880
505028
503365
494647
498812
505395
497823
504794
500113
501114
497461
502541
495271
495502
503190
500893
490610
500382
497314
498136
497538
500977
498173
499183
501990
489404
501809
495664
505083
496257
496074
501337
501098
502422
496897
502676
500171
494533
503061
496064
495804
498757
500717
495674
497060
497189
498691
506379
502296
500811
502633
503407
501715
496307
497808
494670
498748
495181
498050
495753
493550
501982
505569
505064
499472
502223
499374
497606
498794
497911
496041
499895
500462
508082
504645
505244
505116
504845
500456
497108
497634
507306
492441
500128
504733
502709
510378
498076
498068
501024
506600
512733
504750
495011
501796
504967
504939
502149
501195
500173
504736
507974
503247
502952
500415
492565
505594
503767
501513
495834
503747
493085
499879
497640
504874
502155
494128
500459
506712
499529
506256
498956
500556
498838
503286
493397
498266
500815
498752
502064
505228
501696
503987
499726
505632
499473
499875
497651
505657
490485
499478
500972
498661
498511
497530
500487
494469
498451
498653
496778
496398
505620
495542
494301
499245
494954
501646
501301
497251
494325
502485
498897
501386
494531
500464
500329
494907
495874
493789
498685
504249
507255
496930
507069
498174
497103
501254
504886
496143
489686
497632
495429
500232
502766
