3187450
3201729
3201735
3284768
3302931
3307419
3331512
3397729
3401702
3418587
3431915
3451450
3460514
3467225
3488869
3564250
3609141
3617859
3668282
3668959
3727336
3765949
3775963
3780488
3877775
3882543
3929019
4015583
4069997
4070026
4167531
4172724
4172749
4199284
4288178
4349300
4354300
4396500
4409098
4409113
4534966
4534968
4559088
4560050
4577812
4589647
4595961
4595974
4597943
4616138
4632703
4650126
4702682
4724260
4728201
4739800
4807780
4855023
4860430
4867071
4903819
4919823
4919824
4932665
4945366
4945829
4945876
4967355
5024669
5039998
5041797
5043338
5068061
5084211
5088071
5102170
5102969
5149574
5155320
5155445
5171090
5178366
5178368
5178370
5206689
5253717
5253723
5253728
5328983
5330032
5349079
5357774
5357789
5388258
5388260
5401251
5435105
5435324
5435642
5499041
5499049
5500675
5509769
5531873
5533176
5540012
5540017
5540032
5599078
5601075
5637980
5659007
5659548
5659563
5659596
5661468
5663089
5663344
5663349
5822974
5861458
5865846
5869217
5869234
5869236
5869244
5885722
5886260
5886269
5886313
5886316
5891637
5915031
5934068
5949241
5962785
5970474
5970762
5971121
6026405
6026424
6064134
6064141
6065744
6088110
6136310
6136445
6136460
6137364
6169097
6169120
6172419
6181325
6187456
6191257
6191270
6198988
6199519
6206389
6207873
6219822
6233066
6235693
6246985
6247305
6255435
6255448
6264047
6264054
6293507
6316385
6361998
6372432
6372518
6377373
6380124
6380692
6380709
6380710
6383452
6383625
6410345
6410352
6413443
6478886
6483062
6483073
6486030
6514403
6521379
6521523
6589117
6631940
6678287
6679837
6682884
6685117
6777437
6777569
6777837
6778576
6783761
6783849
6798758
6798775
6798802
6798806
6835566
6849605
6849903
6849914
6864503
6929960
6940285
6940291
6941247
7066615
7066626
7067520
7067526
7077665
7092788
7110658
7130656
7131533
7131580
7131587
7216927
7226994
7271635
7271639
7271641
7271644
7271686
7271725
7277698
7293987
7298200
7307322
7307346
7328044
7328048
7328051
7329316
7330422
7330433
7330441
7346482
7346506
7414980
7415905
7418156
7428193
7438763
7438766
7463304
7584759
7586580
7602151
7603559
7603649
7603731
7644252
7644264
7644266
7644296
7656960
7657457
7657665
7657999
7658063
7658641
7658645
7658650
7658815
7658828
7659139
7659341
7659346
7659352
7659381
7660846
7662529
7662745
7664847
7665695
7665696
7665723
7686707
7728510
7728513
7755397
7769296
7769790
7777258
7847046
7848175
7851457
7851468
7851469
7851475
7852033
7853997
7861172
7891578
7891994
7894522
7895709
7898832
7939454
7944034
7964510
7964511
7997243
7997375
7997376
8100268
8111752
8111754
8111818
8111819
8111822
8117131
8118067
8118069
8142308
8165524
8165525
8169224
8182783
8192368
8229778
8229790
8286011
8288802
8288806
8288817
8288906
8288945
8312778
8312783
8316283
8316290
8324543
8426590
8469041
8495398
8519950
8528915
8529945
8529947
8530512
8535001
8535107
8535128
8542088
8543712
8601867
8601939
8635620
8635624
8638035
8643588
8643789
8688427
8726978
8726985
8758497
8758531
8758827
8765097
8767612
8769071
8773507
8776134
8777718
8777721
8777973
8778007
8778616
8781236
8798916
8821053
8828983
8830767
8830768
8830769
8878864
8878876
8878931
8889023
8972975
8974237
8986340
8986341
8986345
8988939
9013417
9013418
9024969
9026394
9026395
9041741
9059385
9116976
9123963
9127979
9130554
9134767
9134833
9137274
9137286
9162506
9162510
9162514
9162517
9162523
9173696
9201406
9222796
9227899
9282945
9282999
9283005
9318259
9373886
9373981
9374170
9374176
9375613
9387548
9387565
9389499
9461103
9469722
9502829
9502843
9503008
9541453
9545475
9545522
9545897
9545924
9546422
9548960
9548983
9562312
9585592
9585595
9620642
9620648
9620649
9643520
9728685
9728695
9749893
9776520
9780098
9804210
9807983
9822212
9822214
9822301
9822312
9822316
9840388
9904110
9904119
9914943
9915478
9915587
9916029
9928186
9937713
9940941
9941139
9941167
9941759
9946088
9946112
9991899
9999991
10035872
10056547
10056592
10056594
10056599
10056605
10056609
10060828
10081237
10109548
10142806
10145774
10155185
10248497
10254251
10256653
10285177
10297600
10306926
10317668
10318759
10328361
10357830
10401181
10482080
10485848
10495636
10495672
10501504
10503867
10505183
10505184
10520513
10535792
10548587
10553658
10554076
10565155
10614163
10634203
10634732
10634733
10650007
10657036
10708025
10708026
10708027
10712702
10732790
10750386
10765964
10765967
10767545
10767548
10768210
10768692
10768862
10768871
10769107
10772798
10786066
10787935
10800400
10808371
10809704
10820471
10820561
10849146
10850368
10866301
10866307
10879188
10897557
10932150
10932152
10971497
10974624
10976674
10978860
10980142
10981848
10981849
10981861
10987729
10993356
11062540
11110177
11110218
11133099
11135291
11147242
11170268
11179595
11182286
11182293
11232831
11246832
11250710
11285411
11285786
11356134
11407261
11413821
11414025
11414127
11431891
11450609
11450613
11456015
11470449
11484487
11488520
11493583
11598272
11598639
11606190
11606199
11631762
11635231
11658078
11673943
11673978
11673982
11673996
11704183
11734894
11734923
11745637
11762773
11791784
11791790
11792221
11792463
11856202
11887083
11901522
11930167
11931803
11932805
11932812
11957864
12016478
12016486
12023117
12024813
12025267
12032755
12068282
12075214
12075690
12078869
12078914
12078921
12089165
12123382
12123383
12123384
12171098
12179012
12193046
12202241
12204491
12220526
12223493
12233844
12282309
12282358
12309176
12310949
12310952
12341086
12344132
12347761
12349099
12352443
12357677
12481518
12486634
12503084
12571662
12653198
12659346
12659419
12672546
12679151
12684916
12709026
12737088
12740811
12799582
12847417
12869606
12890245
12890728
12975903
13018529
13052450
13052452
13065384
13069243
13071475
13087885
13107557
13268910
13323298
13324088
13400102
13416764
13448031
13453359
13463293
13486623
13486624
13490092
13502984
13534601
13550472
13611832
13639054
13681302
13775116
13811163
13822632
13827483
13862577
13862718
13891199
13950803
13989463
14025125
14025151
