1097880
1097883
1097884
1848991
2848835
3253244
3406891
3406894
3406903
3406917
3406933
3576885
3576920
3576921
3576922
4004739
4008436
4008451
7114010
9237473
11208479
11217777
11218614
11235648
11582331
11668792
11668847
11673121
11677492
11681860
11683053
11683614
11687968
11702296
11703905
11704370
11704387
11704853
11704998
11705673
11706291
11706364
11708511
11709221
11709300
11709303
11710217
11710220
11710529
11710576
11711179
11711640
11723322
11724272
11725026
11726083
11726122
11726259
11726338
11727385
11728349
11728757
11728782
11728927
11730569
11730570
11730571
11730616
11730663
11731380
11731433
11731582
11731668
11731700
11731780
11731782
11731994
11732497
11732501
11732512
11732521
11732620
11732677
11733073
11734017
11734031
11735848
11736179
11742979
11754087
11756220
11756260
11757643
11760482
11760502
11768361
11770090
11770099
11770819
11770936
11770962
11787593
11791832
11792533
11796656
11822134
11827948
11830682
11879954
11885384
11897815
11948374
11948384
11950918
11956117
11956122
11956124
11956134
11956158
11956181
11956727
11957804
11959264
11960861
11961377
11961396
11963311
11965545
11965596
11992584
12012432
12012722
12046808
12052460
12052512
12055020
12056498
12060999
12061218
12061223
12065226
12084773
12804506
12804568
12806562
12806581
12807737
12807740
12807968
12814168
12817236
12819805
12825324
12826070
12826789
12826829
12826832
12848531
12876641
12878510
12886465
12886593
13157526
14704200
14793480
15023219
15640885
16400201
18200037
20294782
20686207
21319998
21320592
22985168
25546144
