1049665
1051373
1052448
1052455
1052960
1054577
1054632
1054641
1055270
1055285
1057244
5806518
5806759
5806780
5807596
5807996
5808003
5808339
5808348
5808349
5808360
5808973
5809515
5809523
5809525
5811754
5813522
5814303
5814335
5814348
6165179
6166425
6166648
6166772
6166786
6167695
6169227
6169234
6169439
6215043
6218632
6219392
6221188
6221827
6222145
6222156
6222158
6222175
6222655
6322880
6323115
6323358
6323365
6323367
6323370
6323379
6323394
6324689
6324692
6324696
6407305
6407351
6407443
6409821
6411182
6411975
6411979
6412088
6412667
6412696
6413611
6413875
6415329
6415359
6415665
6415678
6416647
6416846
6419503
6420945
6420973
6758588
6758597
6759256
6759471
6759504
6760204
6760385
6761189
6761862
6762130
6762154
6762244
6762373
6762374
6763155
6765967
6809172
6809545
6809673
6809678
6810813
6810848
6811268
6812021
6812482
6812493
6813078
6813097
6813120
6814669
6914006
6914027
6914028
6914092
6915504
6915510
6915836
6917204
6919720
6920062
6923313
6982213
6982225
6982349
6982354
6982379
6983418
6984216
6985281
6985282
6985422
6985841
6985843
6986017
6986020
6986703
6987497
6987506
6996321
6996702
6996712
6999808
7001911
7001965
7002985
7003080
7003173
7003176
7003448
7003456
7003463
7004019
7004473
7006838
7006839
7006861
7007490
7007989
7007992
7008013
7008015
7008020
7008022
7008534
7011181
7012975
7013419
7013422
7013630
7013670
7013790
7014642
7014904
7014913
7018000
7018015
7018810
7095239
7095242
7095378
7096297
7097484
7097488
7098680
7098688
7098699
7098725
7099169
7099566
7099582
7099724
7100746
7100752
7100830
7100923
7180290
7180386
7180812
7180816
7181007
7181148
7181154
7181401
7182076
7182304
7182332
7184122
7184245
7184287
7184293
7184299
7184386
7184518
7186684
7186742
7195265
7195266
7195268
7196322
7197493
7200023
7200040
7201094
7201100
7201103
7201109
7202452
7202611
7202881
7202883
7202890
7203233
7203240
7203269
7205073
7206622
7206683
7208131
7208139
7208165
7226886
7226891
7227080
7227795
7227908
7228256
7228257
7228280
7228521
7228711
7228986
7230016
7230086
7230705
7230714
7231740
7231821
7232027
7232587
7372080
7372086
7372582
7374510
7374513
7374878
7374879
7375068
7375072
7377202
7394658
7395162
7395329
7395609
7395629
7395635
7395989
7397239
7397985
7398053
7398851
7399212
7399216
7399270
7399277
7399283
7400627
7400628
7400629
7402287
7402896
7402914
7405174
7405527
7405528
7405551
7405563
7405916
7405926
7406071
7406081
7406094
7406115
7406203
7408027
7410971
7411737
7412173
7412468
7412477
7413049
7413102
7589101
7590032
7590113
7590895
7591584
7591605
7591611
7591626
7591693
7592314
7592318
7592718
7623576
7624154
7624186
7624198
7624536
7624784
7624924
7624932
7628668
7628693
7628695
7629788
7629815
7630930
7630976
7631158
7631163
7631174
7631179
7631799
7631821
7631884
7631889
7632474
7632483
7632486
7632506
7632539
7632555
7664050
7664089
7664096
7664104
7664130
7664132
7664664
7664694
7668971
7669087
7669110
7669116
7669853
7669888
7669891
7727840
7727853
7728406
7729311
7729331
7729418
7729421
7729428
7729977
7730007
7730011
7731683
7731684
7731915
7731923
7731927
7731939
7731947
7731958
7731960
7731970
7733754
7733806
7733895
7843880
7844029
7844421
7844434
7844441
7844792
7844822
7844865
7845748
7846091
7846874
7846969
7849564
7851193
7851223
7851230
7851632
7889630
7891261
7891506
7892586
7894387
7894398
7894965
7895306
7895313
7896213
7896746
7918889
7919702
7919904
7919960
7920404
7921125
7921739
7921747
7922190
7923092
7924402
7924403
7924413
7924936
7953997
7955015
7955460
7955489
7955494
7955797
7955804
7955814
7955922
7955929
7955946
7955947
7955957
7956746
7956757
7956762
7956798
7957968
8001780
8001922
8001986
8003706
8005392
8006220
8006236
8006271
8006277
8006854
8006856
8008574
8008586
8020472
8021191
8021204
8021442
8021451
8022309
8022311
8022575
8022609
8024385
8024408
8024435
8024437
8024529
8024553
8024555
8024910
8098601
8098940
8099170
8099402
8099665
8100330
8100344
8100895
8100907
8100913
8101021
8102787
8204514
8205015
8207151
8208804
8209120
8209163
8209282
8209283
8209306
8209398
8209413
8209895
8209953
8282575
8282577
8282591
8282593
8282760
8282764
8282785
8282961
8287437
8287909
8288298
8448669
8449029
8450934
8451768
8451777
8451786
8451798
8452641
8454261
8454262
8454316
8454795
8454812
8554198
8554203
8554239
8554271
8554384
8556037
8556409
8556419
8556434
8556723
8556726
8556801
8557081
8557133
8557883
8557990
8558153
8754112
8754121
8754906
8755376
8755421
8755942
8756113
8756159
8757425
8757440
8757677
8758844
8758845
8758961
8759006
8759325
8759327
8760759
8760771
8760775
8760782
8760803
8761694
8761718
8761787
8771875
8771885
8771889
8771971
8771979
8772011
8772813
8772821
8772825
8772859
8772943
8774619
8785840
8786311
8786709
8787743
8787751
8787776
8787779
8789088
8789286
8790942
8791183
8791193
8791374
8791376
8792556
8792582
8792711
8794912
8796158
8796181
8797165
8797316
8797321
8797866
8798581
8798591
8798597
8798620
8798722
8799761
8800179
8845565
8846263
8846270
8846289
8846302
8847281
8847361
8847397
8848133
8848557
8848905
8849519
8851622
8851779
8851979
9102921
9103141
9104486
9104504
9104517
9106651
9107258
9108274
9108293
9108331
9110237
9159483
9159505
9161984
9161985
9162154
9162533
9162541
9162550
9163979
9163982
9164669
9165302
9167003
9167006
9167227
9167476
9168050
9168823
9169794
9169895
9170657
9170659
9171047
9171294
9171413
9181136
9182115
9182175
9182275
9182631
9182646
9182671
9183973
9184016
9417400
9417402
9418203
9419032
9419844
9419881
9419892
9420159
9422095
9422310
9423883
9424131
9425134
9425182
9425292
9426487
9426519
9426527
9426551
9427539
9427593
9427819
9427825
9428016
9428107
9428137
9430269
9445761
9445777
9447790
9448240
9448664
9448667
9449268
9450654
9450695
9451056
9451564
9452394
9455302
9455304
9455346
9455527
9456156
9456159
9457046
9457062
9457500
9457534
9458897
9458915
9458921
9459786
9460063
9460215
9460220
9460228
9460543
9460559
9460767
9461707
9461751
9461767
9462014
9462034
9462039
9462047
9462381
9462404
9464853
9464875
9465627
9465659
9465670
9465673
9466856
9467109
9467818
9467835
9470580
9471440
9471449
9471483
9472576
9746415
9746645
9747722
9747725
9747735
9748149
9749010
9749133
9752702
9752703
9752708
9752715
9798687
9798716
9799444
9799943
9800748
9801372
9801710
9802719
9802722
9803744
9914857
9915844
9917352
9917522
9917532
9917535
9918732
9918973
9919353
9919368
9919376
9919380
10161971
10161977
10162663
10163121
10165376
10165410
10165424
10165457
10165489
10165499
10166236
10166365
10169328
10256165
10256171
10256178
10256184
10256192
10256200
10262492
10262493
10262495
10262498
10263391
10264017
10573444
10573582
10573671
10573672
10574389
10575065
10575370
10575447
10577817
10577825
10578085
10612321
10612328
10612347
10612504
10612505
10612518
10612521
10613993
10613994
10614048
10614413
10614711
10614871
10615156
10615558
10615561
10615563
10615571
10615589
10615614
10617446
10617469
10617938
10875203
10877872
10877908
10877917
10877930
10878361
10878373
10878380
10878382
10878396
10966348
10966649
10966829
10967952
10967969
10967970
10968956
10970208
10970285
10970330
10970334
10970759
11015500
11015634
11015643
11016278
11017516
11017518
11017527
11017989
11018354
11018620
11018668
11019879
11024722
11024725
11024749
11032537
11032649
11032809
11032813
11035349
11035866
11035869
11035887
11035909
11035911
11559556
11559570
11559579
11561162
11561201
11562450
11562453
11563274
11563733
11563744
11563769
11563809
12110614
12110615
12110616
12110708
12112571
12112575
12114790
12115483
12115487
12115489
12115492
12116100
12116411
13880243
13880289
13880297
13880306
13881296
13881306
13881426
13882165
13882166
13882418
13883005
13885647
