1461358
1463366
1463696
1465065
1465094
1465429
1466122
1467979
1468453
1468664
1468763
1469167
1469291
1469581
1469701
1469871
1469884
1469928
1470099
1470141
1470519
1470888
1470921
1471242
1471901
1471910
1471960
1472025
1472127
1472491
1472618
1472624
1472741
1473144
1473200
1473230
1473413
1473457
1473481
1473625
1473627
1473752
1473777
1473779
1473848
1473899
1473973
1473991
1474008
1474199
1474257
1474335
1474426
1474531
1474633
1474654
1474892
1474916
1474916
1475072
1475079
1475138
1475170
1475255
1475414
1475755
1475755
1475849
1475945
1475950
1475955
1476095
1476152
1476227
1476238
1476495
1476609
1476610
1476767
1476878
1476934
1476939
1477121
1477387
1477400
1477434
1477523
1477604
1477633
1477677
1477774
1477785
1477805
1477814
1477918
1478032
1478034
1478260
1478308
1478309
1478333
1478415
1478476
1478534
1478621
1478635
1478663
1478817
1478842
1478922
1478924
1478977
1479016
1479065
1479104
1479133
1479142
1479188
1479190
1479229
1479236
1479237
1479290
1479302
1479313
1479413
1479451
1479512
1479529
1479574
1479619
1479640
1479645
1479669
1479752
1479767
1479779
1479790
1479792
1479860
1479866
1479878
1479968
1480008
1480063
1480069
1480085
1480126
1480139
1480225
1480226
1480242
1480257
1480273
1480340
1480350
1480476
1480533
1480537
1480546
1480564
1480583
1480622
1480670
1480678
1480703
1480745
1480753
1480796
1480819
1480826
1480846
1480930
1481016
1481029
1481071
1481086
1481092
1481154
1481208
1481212
1481264
1481267
1481310
1481330
1481361
1481404
1481428
1481451
1481468
1481509
1481528
1481571
1481597
1481638
1481640
1481658
1481675
1481679
1481710
1481753
1481755
1481758
1481865
1481867
1481903
1481913
1481934
1481940
1481965
1481988
1482003
1482008
1482018
1482065
1482070
1482074
1482082
1482097
1482194
1482277
1482338
1482356
1482378
1482392
1482418
1482445
1482487
1482498
1482501
1482535
1482556
1482569
1482575
1482614
1482644
1482672
1482691
1482748
1482751
1482756
1482760
1482765
1482792
1482798
1482800
1482805
1482852
1482871
1482923
1482958
1482990
1482992
1483000
1483004
1483021
1483022
1483054
1483074
1483113
1483195
1483205
1483242
1483303
1483381
1483385
1483417
1483427
1483428
1483458
1483493
1483506
1483524
1483526
1483531
1483547
1483550
1483572
1483593
1483608
1483608
1483661
1483691
1483700
1483701
1483712
1483737
1483753
1483764
1483768
1483778
1483817
1483833
1483840
1483841
1483878
1483890
1483924
1483928
1483948
1483963
1483964
1483972
1484005
1484017
1484028
1484042
1484073
1484108
1484110
1484175
1484200
1484215
1484220
1484224
1484241
1484259
1484292
1484316
1484354
1484407
1484424
1484441
1484445
1484487
1484494
1484498
1484501
1484516
1484541
1484546
1484549
1484578
1484594
1484595
1484598
1484607
1484619
1484630
1484633
1484649
1484679
1484681
1484693
1484706
1484713
1484728
1484749
1484772
1484793
1484808
1484815
1484830
1484850
1484859
1484864
1484892
1484893
1484901
1484945
1484970
1484972
1484979
1485009
1485015
1485032
1485093
1485095
1485112
1485120
1485131
1485134
1485166
1485171
1485178
1485183
1485236
1485249
1485281
1485282
1485336
1485357
1485360
1485394
1485422
1485426
1485446
1485450
1485500
1485557
1485598
1485603
1485653
1485662
1485695
1485727
1485731
1485760
1485765
1485785
1485792
1485793
1485801
1485803
1485809
1485815
1485821
1485849
1485854
1485949
1485952
1485980
1485996
1485998
1486006
1486022
1486043
1486044
1486050
1486068
1486072
1486079
1486084
1486098
1486156
1486157
1486174
1486201
1486233
1486248
1486290
1486294
1486310
1486328
1486336
1486342
1486343
1486357
1486369
1486382
1486387
1486409
1486430
1486473
1486479
1486491
1486493
1486504
1486511
1486543
1486563
1486577
1486589
1486597
1486620
1486648
1486666
1486667
1486681
1486685
1486686
1486744
1486767
1486774
1486798
1486826
1486835
1486836
1486842
1486859
1486871
1486873
1486878
1486888
1486895
1486900
1486911
1486943
1486948
1486952
1486953
1486954
1486959
1486961
1486963
1486970
1486989
1487047
1487050
1487057
1487059
1487085
1487097
1487110
1487121
1487126
1487153
1487178
1487194
1487200
1487203
1487210
1487212
1487213
1487215
1487221
1487222
1487225
1487239
1487254
1487260
1487276
1487277
1487288
1487324
1487339
1487352
1487354
1487368
1487371
1487374
1487378
1487395
1487403
1487414
1487415
1487416
1487419
1487428
1487460
1487485
1487486
1487510
1487522
1487585
1487594
1487596
1487604
1487623
1487624
1487646
1487651
1487654
1487659
1487689
1487697
1487725
1487726
1487733
1487738
1487756
1487770
1487790
1487808
1487813
1487814
1487823
1487835
1487839
1487843
1487850
1487852
1487884
1487896
1487905
1487916
1487943
1487949
1487956
1487957
1487967
1487997
1488001
1488005
1488014
1488017
1488052
1488059
1488068
1488075
1488084
1488104
1488111
1488125
1488128
1488136
1488164
1488166
1488171
1488183
1488186
1488195
1488197
1488209
1488213
1488219
1488243
1488256
1488275
1488297
1488309
1488318
1488326
1488330
1488339
1488342
1488349
1488390
1488412
1488423
1488425
1488441
1488470
1488485
1488489
1488490
1488507
1488510
1488513
1488516
1488520
1488522
1488564
1488568
1488572
1488578
1488583
1488588
1488599
1488607
1488611
1488612
1488616
1488659
1488665
1488691
1488693
1488703
1488705
1488707
1488713
1488716
1488717
1488722
1488732
1488743
1488750
1488766
1488778
1488822
1488827
1488829
1488830
1488833
1488835
1488842
1488845
1488856
1488857
1488872
1488894
1488905
1488908
1488916
1488936
1488939
1488944
1488960
1488970
1488977
1489009
1489036
1489045
1489049
1489079
1489080
1489090
1489091
1489105
1489113
1489116
1489154
1489158
1489161
1489174
1489180
1489181
1489182
1489189
1489209
1489231
1489255
1489267
1489278
1489283
1489292
1489303
1489326
1489326
1489328
1489335
1489349
1489368
1489382
1489384
1489392
1489409
1489410
1489414
1489428
1489440
1489443
1489450
1489462
1489468
1489472
1489480
1489481
1489499
1489504
1489524
1489528
1489529
1489531
1489532
1489551
1489555
1489569
1489581
1489583
1489588
1489594
1489600
1489603
1489613
1489622
1489623
1489630
1489637
1489644
1489646
1489653
1489701
1489708
1489724
1489733
1489734
1489737
1489743
1489744
1489770
1489772
1489776
1489777
1489778
1489791
1489806
1489809
1489819
1489828
1489830
1489845
1489863
1489874
1489879
1489880
1489886
1489897
1489901
1489910
1489911
1489939
1489948
1489949
1489964
1489970
1489971
1489977
1489979
1489984
1489994
1490003
1490009
1490011
1490013
1490018
1490021
1490022
1490027
1490030
1490038
1490041
1490062
1490067
1490070
1490075
1490085
1490111
1490117
1490118
1490128
1490148
1490151
1490173
1490185
1490189
1490190
1490196
1490200
1490204
1490206
1490210
1490213
1490216
1490218
1490219
1490222
1490256
1490274
1490300
1490305
1490329
1490339
1490347
1490353
1490356
1490367
1490372
1490378
1490408
1490415
1490428
1490432
1490451
1490452
1490454
1490456
1490460
1490461
1490470
1490479
1490509
1490512
1490514
1490520
1490523
1490562
1490568
1490571
1490594
1490596
1490600
1490603
1490638
1490644
1490647
1490655
1490658
1490660
1490661
1490665
1490667
1490668
1490691
1490695
1490704
1490706
1490712
1490717
1490735
1490739
1490769
1490770
1490779
1490787
1490803
1490811
1490817
1490820
1490821
1490829
1490840
1490882
1490883
1490884
1490886
1490887
1490888
1490889
1490897
1490907
1490924
1490925
1490929
1490932
1490947
1490968
1490982
1490988
1490994
1490995
1491011
1491016
1491023
1491030
1491045
1491054
1491055
1491066
1491074
1491075
1491079
1491082
1491090
1491091
1491093
1491095
1491098
1491104
1491118
1491135
1491137
1491138
1491144
1491149
1491152
1491154
1491164
1491175
1491187
1491188
1491211
1491222
1491225
1491227
1491232
1491233
1491240
1491247
1491248
1491269
1491271
1491306
1491311
1491317
1491325
1491332
1491335
1491342
1491366
1491368
1491376
1491377
1491388
1491389
1491394
1491397
1491419
1491423
1491424
1491436
1491437
1491444
1491445
1491459
1491466
1491470
1491471
1491473
1491480
1491500
1491503
1491516
1491531
1491542
1491544
1491557
1491572
1491580
1491586
1491587
1491589
1491604
1491605
1491631
1491637
1491646
1491649
1491674
1491676
1491686
1491697
1491724
1491729
1491734
1491740
1491741
1491752
1491758
1491778
1491795
1491825
1491827
1491829
1491840
1491842
1491850
1491878
1491881
1491890
1491895
1491901
1491921
1491930
1491945
1491959
1491992
1492003
1492007
1492016
1492017
1492022
1492026
1492032
1492050
1492055
1492058
1492065
1492078
1492080
1492086
1492092
1492094
1492109
1492119
1492124
1492133
1492150
1492168
1492169
1492170
1492173
1492180
1492192
1492195
1492196
1492201
1492210
1492214
1492238
1492240
1492250
1492255
1492264
1492272
1492276
1492307
1492328
1492336
1492344
1492353
1492354
1492362
1492367
1492370
1492373
1492404
1492412
1492416
1492418
1492425
1492426
1492427
1492441
1492442
1492446
1492448
1492450
1492452
1492475
1492476
1492486
1492488
1492534
1492537
1492553
1492554
1492559
1492563
1492564
1492565
1492567
1492589
1492592
1492599
1492603
1492605
1492612
1492614
1492615
1492619
1492630
1492631
1492640
1492642
1492645
1492646
1492647
1492648
1492656
1492659
1492673
1492686
1492713
1492721
1492725
1492740
1492742
1492749
1492766
1492768
1492770
1492771
1492782
1492783
1492806
1492807
1492816
1492817
1492825
1492830
1492838
1492846
1492871
1492872
1492873
1492881
1492888
1492904
1492911
1492918
1492920
1492921
1492926
1492932
1492943
1492948
1492956
1492963
1492976
1492989
1492996
1493002
1493006
1493007
1493009
1493016
1493022
1493023
1493025
1493028
1493035
1493039
1493046
1493049
1493051
1493059
1493060
1493061
1493064
1493073
1493081
1493090
1493093
1493095
1493097
1493100
1493115
1493117
1493122
1493123
1493133
1493142
1493150
1493158
1493163
1493165
1493166
1493176
1493177
1493184
1493192
1493204
1493205
1493214
1493219
1493232
1493268
1493269
1493271
1493272
1493310
1493314
1493321
1493329
1493331
1493344
1493358
1493360
1493369
1493370
1493372
1493373
1493376
1493379
1493382
1493385
1493426
1493438
1493446
1493447
1493454
1493459
1493460
1493484
1493495
1493496
1493501
1493503
1493507
1493510
1493523
1493533
1493534
1493538
1493539
1493542
1493549
1493553
1493564
1493567
1493581
1493582
1493595
1493607
1493610
1493633
1493638
1493648
1493651
1493657
1493659
1493664
1493667
1493670
1493677
1493684
1493696
1493699
1493700
1493702
1493705
1493718
1493721
1493726
1493734
1493735
1493737
1493741
1493743
1493744
1493750
1493759
1493770
1493777
1493788
1493805
1493809
1493810
1493828
1493831
1493832
1493834
1493853
1493860
1493865
1493870
1493871
1493884
1493889
1493900
1493902
1493912
1493920
1493936
1493953
1493955
1493959
1493978
1493982
1493990
1493991
1493992
1494000
1494002
1494011
1494014
1494026
1494029
1494041
1494044
1494060
1494065
1494067
1494078
1494080
1494093
1494106
1494107
1494117
1494122
1494123
1494131
1494137
1494144
1494162
1494166
1494173
1494199
1494200
1494219
1494222
1494243
1494243
1494247
1494249
1494251
1494259
1494260
1494261
1494263
1494266
1494288
1494290
1494291
1494292
1494301
1494302
1494306
1494308
1494311
1494320
1494336
1494339
1494343
1494348
1494354
1494361
1494370
1494371
1494383
1494386
1494389
1494390
1494394
1494395
1494398
1494400
1494408
1494412
1494413
1494430
1494434
1494435
1494442
1494449
1494452
1494454
1494467
1494468
1494473
1494488
1494500
1494504
1494511
1494518
1494525
1494544
1494546
1494548
1494551
1494554
1494556
1494560
1494562
1494568
1494576
1494578
1494582
1494589
1494590
1494603
1494605
1494618
1494622
1494623
1494656
1494658
1494660
1494661
1494665
1494675
1494684
1494704
1494709
1494712
1494730
1494731
1494733
1494757
1494765
1494766
1494768
1494770
1494785
1494788
1494791
1494807
1494811
1494813
1494815
1494817
1494834
1494842
1494861
1494863
1494868
1494869
1494870
1494877
1494891
1494893
1494902
1494903
1494904
1494905
1494908
1494912
1494916
1494931
1494935
1494944
1494945
1494952
1494956
1494978
1494981
1494982
1494999
1495013
1495017
1495024
1495026
1495028
1495033
1495036
1495040
1495046
1495047
1495052
1495054
1495060
1495066
1495075
1495079
1495081
1495087
1495092
1495093
1495098
1495105
1495115
1495116
1495124
1495132
1495136
1495143
1495145
1495162
1495174
1495181
1495185
1495191
1495201
1495202
1495232
1495239
1495241
1495243
1495245
1495247
1495264
1495265
1495272
1495279
1495281
1495284
1495285
1495297
1495308
1495311
1495318
1495320
1495324
1495350
1495367
1495378
1495381
1495387
1495399
1495402
1495406
1495412
1495419
1495427
1495434
1495444
1495458
1495461
1495463
1495471
1495475
1495480
1495482
1495488
1495489
1495502
1495511
1495515
1495520
1495535
1495542
1495546
1495551
1495556
1495557
1495561
1495562
1495566
1495569
1495570
1495574
1495575
1495580
1495600
1495605
1495607
1495621
1495631
1495636
1495643
1495652
1495654
1495655
1495659
1495673
1495699
1495700
1495705
1495715
1495717
1495724
1495727
1495736
1495743
1495746
1495749
1495755
1495760
1495761
1495762
1495763
1495766
1495768
1495772
1495773
1495773
1495782
1495800
1495801
1495811
1495827
1495831
1495834
1495836
1495837
1495847
1495855
1495860
1495866
1495874
1495878
1495879
1495881
1495884
1495885
1495888
1495892
1495893
1495894
1495899
1495900
1495911
1495923
1495933
1495940
1495941
1495950
1495953
1495960
1495971
1495975
1495986
1495993
1495994
1496016
1496021
1496033
1496038
1496041
1496042
1496051
1496055
1496056
1496062
1496064
1496069
1496073
1496074
1496080
1496082
1496083
1496087
1496089
1496092
1496100
1496101
1496106
1496107
1496109
1496115
1496123
1496130
1496147
1496154
1496155
1496156
1496158
1496164
1496181
1496183
1496189
1496192
1496196
1496204
1496221
1496223
1496227
1496229
1496233
1496237
1496245
1496255
1496261
1496270
1496284
1496285
1496286
1496309
1496314
1496318
1496319
1496322
1496325
1496334
1496335
1496336
1496340
1496341
1496357
1496364
1496373
1496385
1496387
1496389
1496390
1496393
1496400
1496408
1496411
1496416
1496425
1496429
1496431
1496438
1496439
1496440
1496441
1496445
1496451
1496456
1496457
1496462
1496465
1496476
1496486
1496487
1496498
1496500
1496501
1496507
1496519
1496529
1496530
1496532
1496536
1496547
1496559
1496567
1496569
1496583
1496585
1496595
1496601
1496604
1496606
1496620
1496623
1496625
1496627
1496633
1496636
1496647
1496657
1496669
1496677
1496678
1496681
1496682
1496685
1496690
1496707
1496710
1496712
1496725
1496742
1496745
1496749
1496759
1496767
1496781
1496782
1496784
1496785
1496796
1496807
1496815
1496825
1496826
1496834
1496843
1496844
1496851
1496862
1496865
1496869
1496870
1496895
1496898
1496907
1496926
1496951
1496977
1496981
1496984
1496985
1496987
1496992
1497002
1497014
1497018
1497019
1497028
1497040
1497041
1497048
1497055
1497056
1497060
1497068
1497069
1497072
1497074
1497076
1497083
1497085
1497104
1497110
1497116
1497136
1497140
1497151
1497155
1497157
1497161
1497167
1497176
1497186
1497188
1497190
1497198
1497200
1497201
1497204
1497231
1497232
1497235
1497246
1497266
1497282
1497286
1497288
1497292
1497301
1497302
1497303
1497308
1497310
1497314
1497315
1497322
1497328
1497340
1497341
1497344
1497351
1497352
1497353
1497356
1497360
1497361
1497362
1497364
1497371
1497372
1497373
1497379
1497381
1497386
1497402
1497403
1497413
1497414
1497423
1497427
1497433
1497435
1497436
1497455
1497456
1497461
1497464
1497470
1497473
1497476
1497483
1497494
1497498
1497503
1497504
1497513
1497519
1497526
1497534
1497537
1497539
1497541
1497548
1497550
1497554
1497558
1497562
1497566
1497575
1497578
1497579
1497602
1497607
1497609
1497610
1497621
1497622
1497623
1497628
1497634
1497639
1497663
1497664
1497670
1497671
1497677
1497691
1497692
1497697
1497702
1497705
1497714
1497728
1497729
1497733
1497736
1497745
1497748
1497749
1497758
1497765
1497767
1497769
1497770
1497771
1497776
1497777
1497779
1497780
1497787
1497796
1497831
1497834
1497836
1497850
1497851
1497853
1497856
1497863
1497866
1497868
1497872
1497876
1497885
1497888
1497892
1497895
1497897
1497900
1497902
1497905
1497908
1497927
1497929
1497940
1497947
1497963
1497968
1497976
1497981
1497992
1497993
1498005
1498008
1498010
1498013
1498021
1498025
1498028
1498030
1498032
1498034
1498040
1498044
1498046
1498049
1498061
1498064
1498087
1498105
1498107
1498123
1498135
1498141
1498144
1498145
1498154
1498160
1498163
1498172
1498176
1498182
1498191
1498197
1498200
1498201
1498202
1498209
1498216
1498221
1498231
1498232
1498242
1498251
1498255
1498261
1498265
1498267
1498271
1498280
1498291
1498297
1498301
1498313
1498315
1498317
1498320
1498336
1498337
1498338
1498340
1498349
1498350
1498352
1498358
1498361
1498368
1498377
1498381
1498384
1498386
1498398
1498402
1498413
1498424
1498425
1498429
1498431
1498432
1498434
1498435
1498438
1498439
1498444
1498458
1498460
1498464
1498469
1498470
1498474
1498484
1498490
1498496
1498497
1498498
1498503
1498514
1498522
1498526
1498530
1498531
1498534
1498538
1498542
1498551
1498553
1498559
1498569
1498572
1498580
1498581
1498589
1498595
1498611
1498612
1498613
1498616
1498623
1498626
1498632
1498644
1498655
1498659
1498661
1498664
1498666
1498670
1498671
1498672
1498673
1498674
1498681
1498682
1498683
1498685
1498690
1498693
1498694
1498698
1498699
1498702
1498704
1498705
1498713
1498716
1498717
1498723
1498727
1498728
1498733
1498739
1498743
1498745
1498764
1498768
1498769
1498773
1498796
1498807
1498816
1498818
1498819
1498822
1498829
1498834
1498843
1498844
1498846
1498852
1498856
1498869
1498877
1498879
1498880
1498882
1498886
1498892
1498896
1498900
1498902
1498915
1498918
1498920
1498921
1498924
1498943
1498946
1498949
1498951
1498952
1498962
1498967
1498968
1498977
1498980
1498989
1498991
1499001
1499002
1499008
1499011
1499013
1499021
1499027
1499029
1499036
1499037
1499038
1499039
1499064
1499066
1499079
1499082
1499091
1499098
1499108
1499113
1499123
1499129
1499135
1499155
1499160
1499164
1499170
1499177
1499178
1499193
1499195
1499197
1499204
1499215
1499227
1499232
1499241
1499247
1499254
1499256
1499263
1499265
1499266
1499267
1499271
1499272
1499274
1499277
1499278
1499281
1499286
1499311
1499318
1499321
1499326
1499335
1499337
1499341
1499344
1499353
1499357
1499359
1499374
1499376
1499378
1499384
1499388
1499389
1499396
1499401
1499405
1499408
1499415
1499418
1499419
1499426
1499431
1499434
1499435
1499443
1499444
1499457
1499459
1499461
1499465
1499468
1499479
1499489
1499494
1499497
1499498
1499502
1499508
1499511
1499514
1499516
1499517
1499519
1499524
1499528
1499529
1499538
1499550
1499554
1499554
1499564
1499579
1499582
1499583
1499586
1499590
1499635
1499640
1499648
1499666
1499670
1499675
1499684
1499688
1499695
1499706
1499728
1499732
1499739
1499748
1499758
1499762
1499765
1499774
1499785
1499792
1499800
1499805
1499807
1499819
1499821
1499825
1499834
1499835
1499836
1499838
1499843
1499844
1499849
1499851
1499857
1499862
1499867
1499868
1499877
1499880
1499881
1499882
1499890
1499893
1499906
1499908
1499917
1499928
1499936
1499948
1499950
1499959
1499962
1499966
1499968
1499971
1499978
1499979
1499980
1499992
1499995
1500025
1500032
1500034
1500043
1500044
1500046
1500048
1500067
1500100
1500123
1500127
1500134
1500135
1500136
1500143
1500147
1500150
1500156
1500162
1500167
1500178
1500180
1500185
1500190
1500193
1500202
1500207
1500218
1500221
1500225
1500227
1500230
1500233
1500237
1500239
1500248
1500249
1500254
1500256
1500273
1500274
1500283
1500291
1500293
1500295
1500296
1500299
1500306
1500307
1500308
1500312
1500313
1500319
1500338
1500340
1500342
1500348
1500352
1500358
1500359
1500362
1500366
1500376
1500379
1500380
1500392
1500393
1500396
1500397
1500415
1500420
1500428
1500432
1500435
1500438
1500442
1500466
1500467
1500470
1500476
1500478
1500481
1500485
1500490
1500520
1500521
1500522
1500533
1500535
1500538
1500542
1500552
1500567
1500568
1500571
1500573
1500577
1500581
1500601
1500604
1500605
1500606
1500615
1500616
1500619
1500624
1500627
1500630
1500634
1500637
1500638
1500639
1500640
1500642
1500651
1500672
1500674
1500675
1500688
1500706
1500707
1500713
1500716
1500722
1500738
1500739
1500742
1500745
1500746
1500752
1500763
1500766
1500768
1500776
1500793
1500826
1500831
1500842
1500846
1500852
1500856
1500869
1500870
1500873
1500875
1500881
1500885
1500887
1500889
1500895
1500903
1500911
1500913
1500919
1500922
1500928
1500929
1500932
1500934
1500940
1500953
1500955
1500956
1500965
1500967
1500987
1500992
1500993
1500999
1501001
1501002
1501004
1501013
1501014
1501018
1501019
1501022
1501026
1501028
1501029
1501031
1501032
1501033
1501038
1501043
1501044
1501047
1501063
1501067
1501075
1501076
1501077
1501083
1501087
1501092
1501098
1501112
1501121
1501129
1501137
1501142
1501149
1501150
1501161
1501162
1501166
1501170
1501171
1501173
1501177
1501192
1501196
1501205
1501217
1501224
1501228
1501236
1501248
1501252
1501256
1501264
1501269
1501271
1501296
1501304
1501307
1501315
1501318
1501331
1501333
1501340
1501348
1501350
1501357
1501358
1501359
1501365
1501376
1501377
1501386
1501387
1501390
1501391
1501393
1501397
1501399
1501403
1501410
1501413
1501415
1501416
1501417
1501420
1501424
1501426
1501431
1501433
1501435
1501436
1501437
1501440
1501443
1501447
1501448
1501471
1501472
1501475
1501479
1501481
1501482
1501484
1501485
1501496
1501505
1501508
1501519
1501523
1501533
1501542
1501549
1501550
1501552
1501558
1501559
1501563
1501567
1501571
1501575
1501590
1501594
1501596
1501600
1501603
1501606
1501618
1501621
1501623
1501626
1501627
1501633
1501634
1501649
1501661
1501665
1501671
1501674
1501695
1501721
1501724
1501732
1501743
1501758
1501764
1501765
1501772
1501780
1501781
1501784
1501788
1501789
1501790
1501792
1501794
1501805
1501808
1501809
1501813
1501816
1501817
1501832
1501840
1501842
1501854
1501861
1501862
1501866
1501868
1501878
1501880
1501882
1501889
1501894
1501897
1501898
1501899
1501903
1501905
1501914
1501916
1501920
1501922
1501926
1501935
1501936
1501944
1501945
1501961
1501963
1501965
1501969
1501979
1501981
1501982
1501992
1501996
1501999
1502002
1502009
1502014
1502018
1502020
1502025
1502026
1502041
1502048
1502052
1502054
1502056
1502059
1502061
1502064
1502076
1502077
1502086
1502090
1502091
1502093
1502098
1502109
1502111
1502112
1502115
1502126
1502127
1502137
1502140
1502143
1502146
1502150
1502160
1502166
1502178
1502182
1502183
1502195
1502207
1502209
1502214
1502217
1502225
1502229
1502239
1502240
1502241
1502242
1502247
1502257
1502258
1502273
1502276
1502279
1502285
1502288
1502297
1502301
1502306
1502314
1502318
1502329
1502330
1502333
1502339
1502343
1502361
1502362
1502369
1502374
1502376
1502379
1502387
1502389
1502391
1502410
1502412
1502413
1502415
1502419
1502426
1502431
1502445
1502449
1502451
1502457
1502457
1502462
1502470
1502471
1502475
1502483
1502489
1502494
1502500
1502502
1502510
1502511
1502515
1502518
1502519
1502541
1502547
1502550
1502551
1502552
1502553
1502554
1502556
1502557
1502565
1502575
1502583
1502587
1502590
1502595
1502603
1502611
1502614
1502617
1502622
1502627
1502630
1502632
1502635
1502638
1502649
1502652
1502656
1502658
1502662
1502663
1502666
1502670
1502671
1502682
1502684
1502692
1502699
1502701
1502702
1502703
1502705
1502708
1502711
1502712
1502715
1502733
1502749
1502750
1502760
1502761
1502765
1502776
1502779
1502780
1502796
1502803
1502805
1502807
1502810
1502817
1502819
1502824
1502825
1502827
1502835
1502841
1502853
1502859
1502860
1502866
1502877
1502881
1502888
1502894
1502895
1502896
1502916
1502928
1502931
1502933
1502935
1502941
1502951
1502977
1502987
1502991
1502999
1503003
1503011
1503042
1503045
1503055
1503058
1503068
1503071
1503082
1503086
1503088
1503103
1503104
1503113
1503117
1503122
1503129
1503133
1503136
1503137
1503144
1503145
1503149
1503157
1503163
1503173
1503176
1503190
1503198
1503203
1503205
1503209
1503211
1503215
1503217
1503219
1503226
1503233
1503237
1503240
1503242
1503243
1503244
1503249
1503278
1503279
1503288
1503294
1503297
1503298
1503304
1503305
1503317
1503322
1503323
1503325
1503339
1503341
1503342
1503345
1503352
1503360
1503361
1503364
1503366
1503378
1503386
1503403
1503408
1503410
1503424
1503427
1503428
1503449
1503454
1503467
1503489
1503499
1503503
1503510
1503511
1503516
1503520
1503527
1503529
1503547
1503549
1503554
1503564
1503567
1503574
1503576
1503578
1503580
1503582
1503589
1503597
1503605
1503611
1503616
1503617
1503628
1503636
1503638
1503641
1503645
1503651
1503654
1503674
1503677
1503680
1503689
1503695
1503698
1503706
1503708
1503710
1503712
1503715
1503718
1503725
1503734
1503735
1503757
1503766
1503767
1503768
1503772
1503773
1503781
1503785
1503787
1503797
1503798
1503802
1503806
1503811
1503824
1503829
1503830
1503832
1503835
1503836
1503840
1503847
1503852
1503856
1503859
1503860
1503866
1503870
1503874
1503884
1503887
1503891
1503895
1503898
1503924
1503925
1503939
1503945
1503947
1503949
1503956
1503957
1503958
1503960
1503962
1503991
1503996
1504010
1504011
1504012
1504018
1504027
1504034
1504035
1504039
1504046
1504059
1504062
1504068
1504071
1504084
1504094
1504096
1504100
1504102
1504110
1504124
1504128
1504156
1504157
1504161
1504164
1504165
1504168
1504173
1504174
1504178
1504181
1504183
1504197
1504203
1504209
1504210
1504212
1504225
1504236
1504237
1504242
1504268
1504273
1504276
1504281
1504284
1504286
1504287
1504294
1504298
1504301
1504302
1504319
1504322
1504326
1504333
1504334
1504347
1504350
1504355
1504361
1504364
1504365
1504366
1504375
1504381
1504387
1504396
1504402
1504406
1504409
1504418
1504432
1504438
1504439
1504440
1504448
1504451
1504457
1504458
1504468
1504469
1504473
1504480
1504481
1504488
1504491
1504496
1504498
1504503
1504506
1504507
1504515
1504516
1504519
1504520
1504521
1504526
1504534
1504539
1504540
1504542
1504546
1504556
1504557
1504559
1504567
1504586
1504595
1504601
1504606
1504610
1504615
1504625
1504634
1504644
1504650
1504651
1504667
1504677
1504686
1504690
1504692
1504696
1504697
1504705
1504707
1504709
1504714
1504730
1504734
1504739
1504743
1504743
1504748
1504753
1504758
1504764
1504771
1504773
1504776
1504783
1504786
1504795
1504796
1504803
1504808
1504811
1504823
1504824
1504825
1504826
1504838
1504848
1504850
1504855
1504859
1504864
1504867
1504870
1504875
1504882
1504883
1504889
1504890
1504892
1504894
1504910
1504911
1504928
1504932
1504940
1504947
1504960
1504962
1504966
1504979
1504987
1504990
1504991
1504998
1505009
1505011
1505015
1505020
1505027
1505029
1505030
1505043
1505045
1505052
1505060
1505061
1505076
1505083
1505088
1505089
1505091
1505095
1505100
1505103
1505110
1505120
1505122
1505126
1505136
1505141
1505151
1505171
1505174
1505178
1505181
1505189
1505206
1505210
1505231
1505239
1505241
1505243
1505247
1505257
1505261
1505262
1505268
1505275
1505276
1505285
1505296
1505297
1505302
1505304
1505310
1505311
1505317
1505321
1505322
1505324
1505331
1505334
1505347
1505356
1505359
1505364
1505367
1505372
1505374
1505379
1505389
1505400
1505406
1505408
1505410
1505413
1505417
1505419
1505420
1505421
1505422
1505424
1505430
1505435
1505440
1505442
1505455
1505470
1505472
1505475
1505480
1505481
1505488
1505490
1505495
1505498
1505499
1505528
1505543
1505544
1505550
1505554
1505559
1505566
1505570
1505572
1505574
1505581
1505595
1505598
1505599
1505604
1505611
1505618
1505620
1505622
1505628
1505629
1505645
1505653
1505660
1505661
1505664
1505667
1505672
1505679
1505687
1505690
1505691
1505700
1505714
1505720
1505721
1505723
1505729
1505731
1505735
1505736
1505747
1505752
1505757
1505762
1505768
1505769
1505775
1505777
1505778
1505781
1505788
1505798
1505808
1505809
1505819
1505823
1505831
1505833
1505834
1505835
1505836
1505844
1505854
1505864
1505879
1505883
1505884
1505888
1505894
1505899
1505904
1505909
1505914
1505925
1505927
1505931
1505936
1505942
1505943
1505953
1505954
1505967
1505970
1505972
1505977
1505980
1505981
1505990
1505992
1506000
1506006
1506009
1506010
1506015
1506019
1506041
1506045
1506053
1506062
1506070
1506077
1506086
1506090
1506091
1506092
1506100
1506101
1506102
1506104
1506114
1506116
1506118
1506127
1506133
1506148
1506150
1506151
1506158
1506163
1506164
1506169
1506172
1506176
1506185
1506188
1506195
1506200
1506204
1506230
1506243
1506247
1506250
1506254
1506256
1506272
1506278
1506297
1506298
1506310
1506313
1506315
1506319
1506320
1506331
1506336
1506339
1506346
1506347
1506349
1506350
1506355
1506362
1506364
1506369
1506370
1506372
1506376
1506383
1506394
1506395
1506396
1506402
1506407
1506408
1506411
1506435
1506436
1506438
1506441
1506446
1506458
1506461
1506462
1506463
1506478
1506482
1506483
1506491
1506495
1506512
1506517
1506518
1506519
1506533
1506534
1506538
1506544
1506554
1506575
1506584
1506588
1506593
1506598
1506617
1506618
1506619
1506625
1506630
1506635
1506646
1506654
1506656
1506668
1506675
1506676
1506677
1506681
1506701
1506717
1506724
1506737
1506739
1506758
1506766
1506769
1506774
1506777
1506786
1506787
1506801
1506827
1506828
1506829
1506833
1506836
1506844
1506847
1506852
1506856
1506871
1506873
1506881
1506883
1506889
1506891
1506896
1506906
1506908
1506909
1506918
1506921
1506950
1506954
1506961
1506968
1506969
1506991
1507001
1507004
1507005
1507013
1507018
1507021
1507024
1507040
1507041
1507042
1507043
1507051
1507062
1507076
1507085
1507089
1507090
1507091
1507092
1507098
1507101
1507103
1507122
1507133
1507142
1507148
1507149
1507156
1507162
1507166
1507171
1507173
1507175
1507178
1507179
1507186
1507187
1507191
1507197
1507200
1507203
1507204
1507218
1507222
1507225
1507227
1507228
1507233
1507237
1507245
1507252
1507253
1507254
1507255
1507266
1507267
1507273
1507276
1507285
1507294
1507297
1507305
1507309
1507320
1507325
1507327
1507329
1507330
1507344
1507350
1507357
1507363
1507374
1507376
1507380
1507388
1507390
1507393
1507396
1507397
1507398
1507401
1507404
1507406
1507407
1507415
1507422
1507442
1507451
1507456
1507460
1507462
1507471
1507472
1507480
1507481
1507484
1507486
1507488
1507518
1507521
1507524
1507528
1507543
1507546
1507553
1507557
1507562
1507563
1507567
1507568
1507578
1507582
1507587
1507590
1507608
1507622
1507647
1507650
1507655
1507661
1507664
1507670
1507685
1507693
1507694
1507696
1507704
1507708
1507714
1507718
1507719
1507722
1507723
1507726
1507742
1507743
1507751
1507754
1507758
1507772
1507775
1507780
1507795
1507809
1507820
1507822
1507830
1507840
1507842
1507852
1507864
1507874
1507885
1507898
1507905
1507907
1507920
1507921
1507924
1507926
1507931
1507934
1507943
1507949
1507952
1507963
1507972
1507977
1507989
1507991
1508000
1508011
1508044
1508046
1508049
1508056
1508060
1508062
1508070
1508085
1508087
1508092
1508097
1508098
1508101
1508105
1508120
1508126
1508129
1508141
1508147
1508152
1508157
1508158
1508170
1508171
1508183
1508192
1508199
1508201
1508216
1508218
1508233
1508241
1508244
1508246
1508256
1508259
1508277
1508279
1508282
1508287
1508293
1508294
1508304
1508305
1508314
1508317
1508319
1508331
1508334
1508336
1508344
1508345
1508350
1508364
1508365
1508367
1508370
1508376
1508378
1508380
1508381
1508386
1508387
1508388
1508389
1508392
1508402
1508404
1508406
1508412
1508413
1508414
1508427
1508431
1508433
1508465
1508467
1508477
1508481
1508486
1508499
1508500
1508501
1508502
1508506
1508507
1508508
1508515
1508527
1508529
1508542
1508548
1508562
1508566
1508575
1508591
1508606
1508610
1508613
1508615
1508616
1508618
1508619
1508624
1508627
1508637
1508644
1508650
1508660
1508661
1508670
1508671
1508683
1508685
1508689
1508692
1508694
1508698
1508702
1508706
1508717
1508722
1508729
1508734
1508742
1508744
1508751
1508752
1508764
1508765
1508770
1508773
1508780
1508782
1508784
1508789
1508792
1508794
1508795
1508796
1508818
1508845
1508846
1508847
1508898
1508905
1508918
1508939
1508944
1508953
1508959
1508965
1508977
1508978
1508984
1509002
1509008
1509024
1509036
1509040
1509047
1509065
1509071
1509074
1509075
1509081
1509084
1509087
1509096
1509097
1509128
1509134
1509139
1509167
1509171
1509175
1509177
1509187
1509188
1509197
1509202
1509220
1509224
1509239
1509248
1509254
1509269
1509277
1509278
1509279
1509280
1509284
1509285
1509290
1509313
1509319
1509332
1509335
1509345
1509346
1509384
1509393
1509400
1509410
1509414
1509416
1509424
1509429
1509438
1509447
1509468
1509472
1509482
1509489
1509492
1509504
1509505
1509512
1509517
1509523
1509525
1509528
1509539
1509548
1509561
1509562
1509570
1509577
1509581
1509587
1509592
1509597
1509605
1509614
1509635
1509638
1509649
1509650
1509652
1509658
1509661
1509679
1509697
1509715
1509718
1509744
1509745
1509748
1509751
1509757
1509758
1509764
1509765
1509767
1509779
1509780
1509783
1509794
1509797
1509813
1509819
1509823
1509824
1509829
1509830
1509832
1509835
1509838
1509853
1509858
1509865
1509871
1509874
1509875
1509877
1509880
1509887
1509893
1509896
1509897
1509913
1509914
1509919
1509922
1509924
1509926
1509943
1509965
1509969
1509972
1509990
1510000
1510009
1510012
1510019
1510028
1510044
1510047
1510048
1510057
1510068
1510070
1510072
1510117
1510129
1510146
1510148
1510151
1510167
1510171
1510175
1510187
1510196
1510199
1510210
1510219
1510225
1510258
1510284
1510286
1510287
1510299
1510300
1510306
1510309
1510316
1510320
1510325
1510343
1510344
1510356
1510378
1510384
1510387
1510388
1510389
1510390
1510392
1510407
1510409
1510411
1510445
1510447
1510462
1510466
1510469
1510478
1510480
1510489
1510490
1510498
1510515
1510521
1510524
1510535
1510536
1510575
1510576
1510587
1510592
1510609
1510610
1510629
1510633
1510647
1510657
1510664
1510667
1510676
1510680
1510684
1510685
1510694
1510695
1510700
1510703
1510708
1510719
1510722
1510723
1510727
1510737
1510757
1510759
1510767
1510772
1510787
1510789
1510797
1510828
1510866
1510873
1510882
1510894
1510912
1510914
1510922
1510939
1510943
1510944
1510956
1510958
1510975
1510980
1510992
1511001
1511002
1511004
1511012
1511015
1511018
1511025
1511033
1511034
1511064
1511067
1511071
1511080
1511081
1511087
1511089
1511090
1511094
1511099
1511100
1511110
1511116
1511128
1511131
1511132
1511152
1511181
1511194
1511195
1511211
1511217
1511219
1511223
1511224
1511231
1511249
1511255
1511279
1511292
1511294
1511304
1511316
1511319
1511320
1511324
1511330
1511339
1511347
1511350
1511353
1511363
1511367
1511368
1511371
1511372
1511377
1511380
1511391
1511401
1511404
1511419
1511424
1511426
1511430
1511433
1511438
1511440
1511460
1511462
1511465
1511467
1511468
1511469
1511478
1511507
1511514
1511521
1511522
1511526
1511534
1511554
1511559
1511562
1511565
1511568
1511570
1511574
1511586
1511587
1511592
1511596
1511601
1511603
1511612
1511620
1511634
1511635
1511640
1511648
1511658
1511672
1511675
1511682
1511699
1511711
1511720
1511735
1511737
1511738
1511742
1511747
1511755
1511786
1511788
1511792
1511798
1511817
1511818
1511842
1511843
1511850
1511868
1511886
1511894
1511900
1511913
1511931
1511948
1511959
1511961
1511965
1511966
1511967
1511971
1511975
1512022
1512023
1512028
1512045
1512049
1512050
1512051
1512077
1512090
1512091
1512099
1512104
1512113
1512116
1512131
1512133
1512137
1512141
1512147
1512148
1512157
1512164
1512166
1512187
1512210
1512219
1512224
1512228
1512229
1512235
1512244
1512261
1512264
1512265
1512267
1512270
1512271
1512278
1512283
1512291
1512307
1512333
1512353
1512355
1512376
1512382
1512388
1512391
1512396
1512401
1512407
1512410
1512428
1512429
1512454
1512465
1512466
1512470
1512483
1512501
1512511
1512540
1512544
1512551
1512566
1512571
1512572
1512573
1512579
1512581
1512587
1512594
1512601
1512606
1512616
1512633
1512634
1512637
1512673
1512682
1512683
1512688
1512694
1512697
1512726
1512727
1512734
1512735
1512736
1512737
1512739
1512749
1512754
1512760
1512780
1512788
1512791
1512803
1512805
1512807
1512808
1512810
1512825
1512842
1512844
1512855
1512858
1512867
1512876
1512883
1512885
1512891
1512898
1512904
1512915
1512916
1512925
1512929
1512974
1512992
1513000
1513035
1513040
1513065
1513067
1513077
1513103
1513109
1513111
1513112
1513113
1513115
1513126
1513128
1513146
1513156
1513167
1513198
1513207
1513209
1513217
1513227
1513235
1513236
1513238
1513255
1513262
1513264
1513274
1513285
1513296
1513298
1513302
1513308
1513320
1513340
1513350
1513356
1513365
1513373
1513374
1513375
1513376
1513396
1513404
1513408
1513411
1513423
1513442
1513443
1513461
1513462
1513464
1513476
1513487
1513495
1513497
1513499
1513505
1513513
1513523
1513524
1513525
1513531
1513535
1513559
1513562
1513571
1513572
1513573
1513590
1513595
1513606
1513611
1513618
1513629
1513637
1513643
1513647
1513649
1513655
1513669
1513678
1513682
1513684
1513688
1513717
1513725
1513733
1513738
1513740
1513754
1513756
1513765
1513768
1513775
1513783
1513786
1513789
1513796
1513800
1513801
1513804
1513808
1513846
1513847
1513854
1513865
1513884
1513886
1513886
1513896
1513897
1513911
1513912
1513933
1513949
1513950
1513972
1513976
1514000
1514001
1514002
1514006
1514013
1514014
1514019
1514027
1514034
1514039
1514053
1514056
1514058
1514061
1514077
1514084
1514109
1514113
1514115
1514124
1514125
1514127
1514129
1514135
1514137
1514154
1514157
1514170
1514182
1514185
1514187
1514194
1514196
1514200
1514216
1514217
1514219
1514221
1514224
1514240
1514243
1514245
1514250
1514257
1514261
1514276
1514284
1514286
1514288
1514292
1514298
1514304
1514309
1514315
1514316
1514321
1514324
1514334
1514342
1514349
1514353
1514365
1514373
1514389
1514403
1514415
1514422
1514434
1514436
1514443
1514447
1514455
1514458
1514467
1514472
1514486
1514491
1514492
1514499
1514502
1514506
1514509
1514515
1514529
1514561
1514580
1514581
1514588
1514595
1514597
1514609
1514618
1514648
1514650
1514656
1514659
1514688
1514690
1514708
1514725
1514731
1514742
1514768
1514782
1514789
1514790
1514806
1514816
1514828
1514836
1514848
1514865
1514873
1514881
1514889
1514892
1514894
1514904
1514905
1514918
1514937
1514940
1514973
1514990
1514996
1515020
1515035
1515036
1515070
1515076
1515085
1515090
1515093
1515099
1515143
1515156
1515161
1515182
1515190
1515217
1515244
1515245
1515250
1515262
1515272
1515277
1515294
1515308
1515310
1515315
1515323
1515330
1515331
1515335
1515339
1515353
1515358
1515373
1515395
1515400
1515402
1515411
1515415
1515433
1515437
1515440
1515442
1515443
1515472
1515481
1515483
1515486
1515489
1515508
1515514
1515519
1515525
1515531
1515537
1515546
1515555
1515565
1515583
1515594
1515600
1515628
1515633
1515654
1515656
1515670
1515674
1515677
1515682
1515688
1515710
1515722
1515735
1515746
1515759
1515773
1515774
1515775
1515786
1515800
1515804
1515810
1515828
1515859
1515867
1515881
1515884
1515888
1515902
1515921
1515928
1515930
1515935
1515937
1515950
1515951
1515953
1515960
1515962
1515963
1515979
1515983
1515985
1515989
1515999
1516019
1516041
1516045
1516046
1516082
1516100
1516102
1516106
1516109
1516127
1516128
1516141
1516143
1516144
1516156
1516171
1516193
1516195
1516200
1516202
1516203
1516212
1516214
1516219
1516236
1516240
1516287
1516297
1516305
1516309
1516316
1516330
1516344
1516350
1516353
1516363
1516368
1516386
1516404
1516407
1516419
1516423
1516453
1516458
1516467
1516488
1516499
1516500
1516536
1516539
1516553
1516555
1516571
1516578
1516581
1516588
1516589
1516592
1516621
1516624
1516651
1516655
1516657
1516663
1516671
1516672
1516677
1516697
1516699
1516721
1516725
1516736
1516739
1516748
1516767
1516772
1516779
1516788
1516790
1516802
1516823
1516828
1516835
1516854
1516872
1516876
1516888
1516893
1516902
1516916
1516922
1516929
1516932
1516948
1516966
1516977
1516980
1517025
1517027
1517030
1517038
1517044
1517056
1517062
1517063
1517069
1517102
1517118
1517119
1517120
1517122
1517151
1517170
1517182
1517243
1517246
1517249
1517258
1517259
1517276
1517283
1517286
1517293
1517295
1517313
1517331
1517337
1517341
1517355
1517361
1517386
1517388
1517396
1517405
1517411
1517427
1517461
1517463
1517477
1517497
1517509
1517534
1517538
1517549
1517578
1517588
1517589
1517593
1517607
1517624
1517631
1517637
1517638
1517641
1517668
1517670
1517671
1517672
1517684
1517695
1517727
1517731
1517771
1517787
1517790
1517797
1517890
1517894
1517895
1517939
1517941
1517952
1517975
1517976
1517983
1517993
1517999
1518003
1518028
1518048
1518052
1518060
1518092
1518102
1518114
1518129
1518134
1518135
1518158
1518164
1518174
1518181
1518188
1518198
1518205
1518213
1518214
1518227
1518251
1518252
1518253
1518292
1518304
1518316
1518318
1518325
1518332
1518333
1518339
1518362
1518367
1518371
1518389
1518441
1518442
1518467
1518474
1518476
1518482
1518490
1518517
1518524
1518530
1518532
1518559
1518561
1518565
1518579
1518587
1518593
1518607
1518608
1518617
1518627
1518634
1518641
1518644
1518664
1518677
1518690
1518699
1518700
1518716
1518719
1518725
1518741
1518745
1518749
1518750
1518798
1518813
1518815
1518823
1518834
1518836
1518841
1518847
1518868
1518882
1518886
1518890
1518900
1518905
1518913
1518925
1518949
1518950
1518969
1518994
1518996
1519060
1519088
1519107
1519117
1519118
1519121
1519131
1519172
1519179
1519202
1519220
1519237
1519249
1519254
1519280
1519283
1519287
1519294
1519309
1519338
1519349
1519363
1519364
1519370
1519388
1519391
1519412
1519419
1519420
1519422
1519423
1519434
1519450
1519462
1519470
1519475
1519484
1519505
1519507
1519522
1519527
1519543
1519549
1519554
1519591
1519629
1519634
1519660
1519670
1519683
1519738
1519742
1519744
1519781
1519785
1519816
1519845
1519846
1519894
1519919
1519944
1519946
1519950
1519986
1520006
1520011
1520018
1520030
1520058
1520066
1520068
1520070
1520110
1520112
1520121
1520164
1520168
1520183
1520198
1520200
1520228
1520238
1520242
1520258
1520280
1520313
1520314
1520353
1520359
1520391
1520397
1520422
1520424
1520427
1520434
1520450
1520456
1520475
1520488
1520494
1520496
1520515
1520522
1520523
1520534
1520543
1520545
1520546
1520566
1520574
1520593
1520602
1520605
1520612
1520639
1520658
1520712
1520722
1520731
1520742
1520788
1520795
1520816
1520859
1520860
1520863
1520877
1520884
1520901
1520956
1520967
1520996
1521018
1521047
1521058
1521062
1521096
1521137
1521156
1521159
1521167
1521172
1521188
1521193
1521209
1521221
1521240
1521276
1521281
1521285
1521288
1521297
1521321
1521364
1521370
1521371
1521375
1521387
1521392
1521407
1521412
1521451
1521454
1521458
1521475
1521497
1521505
1521515
1521517
1521527
1521542
1521565
1521568
1521575
1521602
1521606
1521616
1521635
1521638
1521676
1521698
1521719
1521721
1521790
1521792
1521799
1521800
1521811
1521816
1521819
1521822
1521845
1521857
1521863
1521870
1521885
1521900
1521908
1521932
1521953
1521972
1521996
1522020
1522037
1522046
1522047
1522065
1522067
1522101
1522104
1522107
1522118
1522133
1522154
1522162
1522166
1522187
1522189
1522192
1522214
1522224
1522227
1522236
1522246
1522264
1522266
1522270
1522305
1522313
1522315
1522321
1522336
1522339
1522346
1522359
1522368
1522377
1522424
1522431
1522436
1522449
1522474
1522497
1522499
1522511
1522518
1522519
1522537
1522564
1522575
1522581
1522590
1522649
1522705
1522707
1522716
1522752
1522798
1522800
1522805
1522818
1522849
1522858
1522870
1522871
1522872
1522882
1522897
1522900
1522917
1522923
1522983
1522992
1522994
1523006
1523041
1523052
1523106
1523110
1523126
1523146
1523167
1523185
1523200
1523208
1523214
1523217
1523224
1523258
1523270
1523284
1523289
1523347
1523390
1523399
1523403
1523414
1523423
1523431
1523456
1523480
1523492
1523512
1523522
1523529
1523572
1523577
1523590
1523593
1523619
1523652
1523658
1523679
1523712
1523724
1523739
1523752
1523848
1523863
1523895
1523941
1523988
1523996
1523998
1524028
1524041
1524069
1524073
1524103
1524116
1524119
1524120
1524122
1524155
1524178
1524191
1524227
1524228
1524233
1524268
1524279
1524289
1524291
1524293
1524323
1524329
1524338
1524340
1524356
1524357
1524383
1524391
1524399
1524411
1524424
1524458
1524467
1524507
1524513
1524530
1524550
1524558
1524561
1524576
1524578
1524606
1524617
1524678
1524683
1524750
1524787
1524806
1524904
1524950
1524955
1524983
1525002
1525162
1525217
1525224
1525275
1525332
1525382
1525454
1525456
1525472
1525498
1525617
1525623
1525639
1525646
1525698
1525716
1525720
1525729
1525827
1525835
1525843
1525845
1525942
1525948
1525953
1525974
1525985
1526026
1526043
1526045
1526069
1526072
1526106
1526115
1526150
1526165
1526173
1526186
1526201
1526244
1526246
1526253
1526254
1526280
1526291
1526293
1526314
1526326
1526347
1526390
1526390
1526392
1526403
1526411
1526422
1526436
1526450
1526459
1526497
1526622
1526650
1526682
1526710
1526731
1526756
1526775
1526781
1526804
1526832
1526871
1527038
1527053
1527054
1527080
1527092
1527176
1527280
1527304
1527366
1527387
1527393
1527424
1527431
1527520
1527550
1527554
1527626
1527664
1527697
1527755
1527787
1527844
1527890
1527892
1527946
1527955
1528025
1528047
1528059
1528063
1528075
1528109
1528121
1528156
1528168
1528205
1528227
1528229
1528276
1528282
1528315
1528317
1528369
1528480
1528526
1528563
1528574
1528598
1528609
1528709
1528730
1528831
1528844
1528859
1528951
1528999
1529144
1529145
1529197
1529246
1529274
1529281
1529329
1529440
1529572
1529749
1529894
1529944
1530012
1530042
1530160
1530164
1530188
1530213
1530326
1530334
1530339
1530396
1530404
1530507
1530576
1530646
1530851
1530896
1530923
1531001
1531100
1531123
1531137
1531219
1531239
1531283
1531552
1531758
1531988
1532046
1532115
1532171
1532224
1532282
1532391
1532598
1532626
1532724
1532764
1532811
1532898
1533167
1533220
1533401
1533431
1533448
1533614
1533617
1533815
1533970
1534102
1534206
1534270
1535327
1535474
1535532
1535548
1535710
1535876
1535922
1535968
1536124
1536476
1536821
1536881
1537786
1537802
1538820
1538852
1539530
1544103
