647
1187
9523
10986
15089
22016
38879
41303
42026
49867
50915
51726
57586
58377
63482
67701
71169
77142
79640
79850
84003
84348
92506
94718
95831
98567
99349
102341
107173
107461
111850
112411
114172
116861
123438
129618
134522
137492
140743
143024
154484
156988
157363
163388
170882
173022
182843
195040
198588
201379
202957
204978
209574
210790
214647
214781
215486
216689
217381
221502
224606
229908
237230
238386
242117
242285
243996
249437
250557
250578
264717
265962
267920
273797
277195
283670
287556
293502
297301
297550
300917
307282
308160
308436
309906
317115
324002
324217
327145
339813
344914
345491
347858
349658
355185
357993
360272
364374
366081
366968
367914
369565
373088
373423
375032
375127
376522
378078
379617
382046
382802
383959
384306
385858
387565
393155
394411
396398
397568
397677
400397
400695
405399
406599
412424
414126
417648
418708
431173
431509
433589
433763
434751
443496
444171
444325
445223
447173
447442
449820
451300
452544
453533
453769
458016
458453
458766
460040
460762
462271
470903
473635
473688
474177
481463
487946
489192
490011
492802
500961
501343
507233
515446
522221
523735
526120
528430
529624
529720
529932
531797
531929
539438
541577
542263
545014
552722
555210
555827
560928
561952
563776
571820
572910
574682
584359
588962
595526
595533
599445
600320
601785
613034
621076
621803
622724
624082
628873
629969
635301
642050
647671
653608
654958
656708
658657
665809
666770
667344
674235
675066
677129
677994
684474
687686
697540
701077
703885
706087
707134
707867
719799
722799
723656
728061
728233
736485
736831
737604
739049
741412
741518
742587
749585
750925
756904
763452
763516
768371
773482
773579
781360
781368
785632
787006
788258
788458
793932
794393
794688
797698
804947
805861
805990
807657
808413
809361
809383
809689
809760
813033
815542
819105
822494
827201
828518
831509
834365
837569
844770
853481
856195
860561
864209
871205
872987
874173
874199
876101
878400
878838
881363
884915
885584
889097
894757
896158
896729
903551
910287
916282
918085
920057
923340
932401
934355
938471
941353
945546
949510
949732
955226
957379
957661
964637
964688
965548
966968
969175
969412
970292
971204
974405
979350
981343
981437
981612
982055
983017
984526
988345
991057
994255
1000129
1003829
1004909
1005444
1012259
1012374
1013640
1017261
1023920
1031411
1031852
1033430
1035770
1038423
1038923
1043143
1045200
1049892
1052595
1052972
1062003
1063359
1064520
1071550
1072151
1074591
1076779
1077120
1080724
1081993
1083896
1089249
1090574
1095735
1096986
1098773
1104073
1104214
1109578
1110359
1111571
1111951
1112839
1113709
1114883
1114909
1115173
1115314
1118488
1119192
1119386
1119427
1121770
1128783
1130881
1133856
1146311
1147309
1149424
1153784
1157287
1158223
1160317
1160632
1166817
1168572
1171399
1173023
1173450
1175425
1189355
1191158
1192451
1193532
1196657
1198002
1199322
1199712
1201625
1205182
1206872
1207941
1211406
1212369
1217970
1218445
1220522
1223113
1230698
1231241
1232013
1233628
1236023
1236326
1253691
1262271
1267234
1267361
1270745
1271372
1275981
1278966
1284081
1289047
1296485
1296796
1298132
1300299
1301386
1301553
1302440
1303918
1305780
1307162
1308043
1310966
1314495
1315775
1316857
1317862
1324082
1326963
1336751
1338483
1341502
1347921
1356591
1361301
1362699
1362932
1363644
1370569
1370872
1372566
1375708
1378840
1378972
1379714
1381010
1384651
1389218
1389892
1394233
1399699
1399908
1400588
1401323
1407124
1416916
1418587
1418846
1421768
1427367
1439876
1441096
1445471
1447247
1449712
1458952
1459406
1460229
1466510
1472966
1473292
1473973
1478847
1482123
1483587
1487848
1491177
1492095
1500167
1501778
1506804
1511988
1512751
1514415
1515169
1521765
1521956
1526461
1531614
1535978
1537035
1539153
1548133
1548471
1549553
1550866
1553223
1554969
1562043
1564287
1566660
1570172
1571095
1577000
1588581
1590385
1595729
1601483
1601571
1604860
1608404
1610630
1611279
1618131
1619087
1620750
1626538
1628841
1629600
1630244
1633618
1638896
1640322
1643377
1644143
1646667
1646802
1651164
1656544
1660937
1664628
1665683
1667732
1668530
1668937
1670493
1671551
1673483
1673782
1674342
1675043
1676204
1679028
1692143
1696312
1698325
1700836
1701659
1705131
1705473
1708844
1711764
1718797
1719909
1721870
1723729
1727134
1728941
1734843
1737706
1745715
1746698
1748820
1755066
1755204
1768869
1771470
1775609
1780212
1783035
1783646
1784116
1784171
1791133
1791538
1792040
1793155
1796039
1798394
1803996
1806246
1807018
1807457
1808249
1815681
1822645
1837626
1839786
1849608
1852964
1855765
1857695
1857741
1867884
1868541
1871337
1871513
1873088
1873116
1881324
1888521
1891453
1894440
1896093
1902947
1910414
1919310
1921904
1922858
1924930
1928585
1928903
1930363
1931779
1932712
1933356
1937417
1942533
1943073
1954985
1959680
1960464
1962002
1963354
1964240
1964382
1966643
1968156
1973242
1973321
1978077
1978128
1978246
1978306
1979467
1981020
1982679
1982866
1985947
1992915
2000948
2014817
2015055
2016257
2017560
2017815
2019951
2022235
2028017
2028376
2033783
2035138
2037892
2040045
2043312
2046925
2046986
2051517
2052208
2063979
2064710
2066978
2068099
2069727
2071127
2074000
2079044
2083999
2085851
2087667
2092437
2095253
2098586
2104571
2107692
2108975
2110587
2120553
2126957
2136501
2140930
2148806
2152298
2156268
2158216
2158659
2160382
2165242
2166299
2169708
2170392
2175950
2176443
2192118
2193563
2193816
2204231
2204707
2205046
2209715
2210943
2212807
2213051
2214246
2218927
2223392
2230625
2231604
2240558
2245317
2246799
2248221
2249213
2250897
2253734
2259516
2260684
2267788
2283647
2283689
2284521
2285478
2286920
2287062
2291150
2292695
2295579
2296190
2301649
2301799
2302737
2307227
2310858
2319966
2320197
2322668
2325486
2328053
2328896
2328983
2335670
2336943
2338724
2339125
2339306
2342905
2344330
2347459
2350207
2352568
2360868
2361405
2363161
2369102
2371389
2376012
2377187
2377593
2377598
2377872
2380455
2381778
2383730
2391704
2401425
2402957
2407280
2412148
2412298
2413070
2418645
2419499
2425087
2427327
2427869
2429923
2430598
2430761
2442143
2444850
2449287
2450097
2462704
2472980
2476939
2482059
2482150
2483856
2486120
2495641
2496059
2496567
2500350
2501035
2505020
2506917
2508583
2509979
2510528
2515313
2515488
2516960
2521017
2524534
2525872
2527653
2528242
2531824
2533270
2533320
2536325
2536644
2537104
2539573
2542671
2543751
2550139
2550320
2554275
2554615
2558828
2559109
2559415
2561424
2562854
2565040
2565428
2567224
2568852
2573563
2577429
2578806
2580042
2585306
2590046
2591639
2591821
2596326
2598539
2602587
2603843
2604660
2606059
2607327
2613018
2619086
2619117
2620174
2624135
2625247
2626855
2630892
2633364
2638279
2639241
2641347
2641378
2645674
2647930
2648136
2649350
2650435
2652732
2656233
2658310
2658984
2661168
2677674
2679307
2679901
2684099
2685062
2689733
2694939
2694996
2695644
2702437
2703246
2704505
2704507
2704922
2708957
2709692
2712265
2714255
2715037
2723906
2727244
2734524
2738571
2738747
2740647
2741697
2742240
2742671
2744849
2751068
2755537
2755594
2756893
2761301
2764391
2764550
2766278
2766539
2771380
2772774
2772801
2773725
2776601
2777883
2782214
2785045
2786200
2789171
2794351
2797202
2801042
2806637
2811236
2822107
2822949
2828371
2829238
2833788
2839481
2840591
2841190
2841214
2846381
2847983
2849292
2857688
2860202
2862382
2865340
2872639
2875890
2877974
2878915
2882845
2884999
2890057
2890457
2895070
2898623
2898958
2902287
2905182
2906501
2906554
2906881
2908494
2908527
2912720
2916471
2919267
2920698
2925092
2925389
2925465
2925525
2925995
2927143
2930884
2941667
2942027
2943004
2947716
2953180
2953593
2953887
2958022
2965056
2972537
2983184
2983297
2992299
2994187
2994531
3000915
3002593
3004379
3008862
3016513
3019503
3027233
3028850
3030503
3031284
3031608
3031638
3034066
3035657
3038324
3042778
3046366
3056372
3056409
3057234
3061369
3061990
3074464
3077663
3078162
3080761
3085585
3087133
3087785
3089389
3093809
3096780
3100032
3104163
3111228
3118618
3124989
3129972
3131886
3138625
3139658
3139780
3144109
3144168
3149496
3151497
3154450
3154924
3158914
3159061
3160921
3161447
3165882
3171097
3178922
3185249
3189881
3190260
3197981
3202462
3209217
3210465
3210728
3224391
3226344
3226362
3227492
3227690
3231582
3235965
3247421
3253553
3253630
3254062
3254843
3255913
3264989
3265518
3273635
3276470
3276760
3277949
3285146
3287179
3296474
3299850
3306166
3308425
3313974
3314976
3319901
3320130
3325746
3332789
3332823
3334976
3337422
3339194
3342525
3347153
3351078
3351510
3352428
3353091
3355301
3361707
3362472
3363497
3364110
3364962
3365813
3368057
3368561
3368824
3369534
3376640
3379754
3380922
3381268
3381493
3382416
3391874
3393822
3395801
3401779
3402764
3402881
3402979
3405965
3411180
3414186
3414967
3418967
3422183
3424254
3426342
3427340
3432811
3433856
3434397
3440543
3442965
3445771
3445992
3450173
3452193
3453558
3463419
3468966
3469068
3473021
3477156
3478028
3480585
3482826
3495638
3505554
3509960
3514346
3518598
3520340
3521018
3527080
3529921
3535612
3544455
3546876
3555115
3558244
3564267
3566318
3567700
3570176
3574218
3574500
3575227
3577648
3579078
3581767
3582850
3585906
3587507
3591356
3591609
3594746
3595670
3596943
3598846
3598961
3602132
3602611
3611058
3613514
3616931
3626028
3627674
3632327
3634871
3637575
3639789
3641690
3642412
3643938
3646208
3648478
3652816
3662579
3663978
3664419
3665374
3667205
3675587
3686180
3687841
3688035
3688269
3688741
3690751
3697004
3699718
3702338
3706279
3707645
3708107
3708947
3711732
3716643
3717463
3719021
3719386
3722156
3723899
3725595
3726380
3727607
3728775
3732205
3733837
3743156
3745715
3751656
3752837
3754860
3765601
3767832
3768544
3780259
3780847
3783696
3786312
3787976
3795852
3797985
3801361
3812462
3820627
3820670
3822524
3825324
3828773
3832356
3836515
3836968
3839969
3843194
3845680
3846467
3847781
3849953
3855082
3858545
3859069
3862543
3865908
3867396
3872913
3874727
3876300
3880204
3880615
3880721
3880954
3884225
3890669
3891549
3892577
3893123
3895879
3895963
3898786
3901243
3902160
3909893
3910551
3912644
3913453
3914262
3914964
3921104
3927416
3927439
3927623
3931339
3932817
3933558
3938660
3940953
3945971
3949835
3952355
3953281
3966891
3970911
3971881
3976116
3976341
3976751
3985535
3986321
3987288
3988944
3995750
4000187
4003502
4005632
4012214
4012748
4012991
4015477
4017715
4022517
4024805
4031848
4033008
4038600
4038650
4049269
4053706
4060354
4064345
4065640
4068580
4070595
4074896
4076143
4078102
4078684
4079638
4079988
4083603
4085570
4090231
4091032
4091162
4091229
4092966
4095555
4096771
4103006
4103909
4110233
4114348
4118491
4119386
4119505
4120436
4120810
4121715
4123607
4123991
4124104
4124430
4125187
4126517
4126612
4127640
4129333
4137592
4140149
4146677
4148929
4159398
4162885
4166702
4168643
4169939
4172967
4173448
4175269
4176243
4184571
4188440
4190431
4194962
4195335
4205512
4207150
4214519
4217821
4217853
4218915
4219046
4221460
4230276
4232546
4233123
4235727
4236959
4237450
4239000
4239397
4243247
4245511
4245539
4252687
4265359
4265430
4267591
4271465
4272266
4274472
4276855
4284607
4288783
4290805
4298866
4308705
4309696
4311747
4316643
4317370
4317651
4317831
4319086
4323018
4323149
4328169
4328748
4332377
4332580
4336402
4337312
4341630
4349956
4350898
4352224
4353135
4355413
4355965
4356232
4356564
4357415
4362601
4364474
4373111
4375665
4379646
4380365
4382281
4384730
4392477
4395235
4414613
4422657
4431002
4432488
4440935
4442674
4445495
4447495
4449988
4453247
4457431
4458038
4461653
4464651
4467336
4477237
4484057
4486702
4488402
4489310
4496804
4498247
4503860
4507869
4509004
4509473
4509876
4511353
4514420
4514994
4523261
4523951
4524463
4524884
4526581
4530106
4533126
4534196
4537061
4537078
4538909
4541743
4542389
4542679
4544670
4553578
4557625
4557766
4558147
4559067
4559537
4560244
4565959
4566339
4575249
4576442
4576616
4579585
4581711
4584206
4591933
4593806
4602713
4603443
4604830
4608739
4614110
4618465
4618961
4622014
4623285
4625199
4626570
4632632
4642964
4646737
4647179
4650875
4651848
4653125
4654416
4657212
4663107
4665867
4667385
4673563
4683493
4690030
4691043
4692134
4692401
4695093
4695423
4698433
4699934
4701825
4702015
4706383
4709983
4710022
4710600
4715940
4717475
4720167
4720208
4720248
4722786
4723062
4723969
4727485
4732251
4734888
4735067
4735444
4737449
4738696
4740366
4748893
4755240
4756446
4764401
4764437
4777954
4782087
4788993
4793707
4804433
4807172
4807405
4808325
4815288
4819247
4821920
4824055
4825212
4830293
4844193
4849367
4853697
4855436
4864394
4867921
4870271
4881450
4885470
4885748
4894846
4897569
4897988
4899382
4903209
4908996
4911891
4916090
4918184
4918859
4919150
4919946
4927847
4928243
4929533
4929713
4931444
4941115
4943658
4944166
4944903
4945053
4946271
4948690
4953964
4954036
4956649
4961796
4963242
4963626
4963930
4965878
4967740
4970855
4975441
4980533
4983275
4986709
4987639
4989198
4996635
5005399
5009059
5011702
5014299
5016359
5017721
5020596
5028545
5033497
5043835
5046276
5058987
5059431
5062610
5064341
5065693
5071212
5073239
5073556
5076455
5081290
5082477
5082808
5086408
5091002
5094138
5095709
5098283
5099023
5105273
5106474
5106893
5110163
5112959
5113044
5113500
5115175
5116289
5122296
5127534
5128179
5131521
5137089
5149211
5152748
5155223
5155460
5156312
5157239
5165269
5166631
5167510
5168277
5168504
5168538
5170715
5174689
5177527
5178196
5182648
5182871
5183680
5184887
5186917
5188120
5188190
5189994
5192288
5196578
5196847
5204010
5206137
5207275
5214317
5216133
5223720
5223777
5226140
5226824
5235735
5237289
5239815
5240752
5243037
5245456
5247345
5251588
5252734
5254218
5258434
5261050
5264185
5269516
5275444
5281232
5282262
5288514
5292160
5294368
5295895
5299662
5302254
5307718
5319788
5323931
5324112
5327921
5328667
5330449
5331052
5331271
5334661
5341117
5342630
5342934
5343150
5347859
5373771
5378915
5380330
5383467
5387918
5397478
5399778
5409424
5411589
5413273
5416979
5417168
5418890
5423314
5424476
5432438
5433017
5434421
5436469
5445050
5445165
5449633
5449645
5450994
5453244
5454146
5456857
5458646
5461627
5466075
5466136
5467059
5473127
5473345
5474555
5476026
5477760
5478353
5479094
5479430
5486237
5488204
5490826
5496119
5500214
5503836
5510929
5511954
5520662
5526617
5527590
5531058
5536579
5540406
5546003
5547863
5550194
5551580
5553748
5556438
5559508
5561321
5561741
5561899
5562790
5574428
5574900
5582513
5584082
5588265
5594645
5595921
5596570
5612491
5613605
5618230
5620882
5620904
5624932
5630037
5635738
5644758
5649746
5650675
5654708
5655586
5657444
5657829
5660329
5660469
5661552
5662981
5669400
5669812
5670750
5671927
5673278
5676665
5676847
5678402
5680767
5686658
5688044
5692871
5693050
5694634
5706380
5710723
5711516
5714906
5716172
5723516
5727586
5728934
5731420
5731927
5732470
5741450
5742156
5742414
5742598
5743808
5744534
5744690
5750667
5751632
5756042
5756121
5758439
5760785
5760908
5761776
5766626
5769368
5772785
5773609
5773771
5780751
5784075
5785850
5787158
5788477
5790114
5792648
5794535
5794820
5799441
5806002
5806190
5806955
5813637
5815364
5815681
5817466
5818468
5819149
5821330
5825701
5826264
5827187
5833109
5833232
5834912
5835256
5839532
5847779
5849103
5850282
5851125
5851901
5854953
5860461
5861627
5865626
5865773
5867492
5868345
5871444
5873922
5877431
5879120
5880362
5884633
5885572
5886311
5887869
5895443
5902587
5905996
5907411
5908364
5914867
5920062
5920128
5922741
5926085
5927547
5935072
5937537
5939828
5944032
5945956
5947180
5952384
5953134
5954818
5962321
5963683
5964317
5965795
5968453
5971457
5971557
5975740
5982262
5983001
5985730
5987647
5989075
5990474
6000972
6002706
6010712
6014956
6016649
6019185
6019464
6025414
6027989
6030675
6030770
6039396
6043019
6046968
6051545
6053856
6061778
6064616
6067748
6074444
6075059
6077973
6079529
6079859
6082587
6083436
6085953
6091391
6093442
6095585
6098425
6100825
6107795
6108884
6110748
6111197
6114807
6116329
6122088
6122645
6133350
6134184
6141459
6146125
6149490
6155384
6157277
6161305
6162883
6168165
6172521
6182012
6183044
6187906
6188438
6190498
6191215
6194012
6195813
6196253
6201285
6203392
6214362
6214526
6219887
6221834
6225290
6226019
6227800
6229663
6230751
6232624
6237647
6243286
6243290
6243792
6246457
6252248
6253343
6253656
6258311
6260919
6266612
6268687
6270437
6271540
6272467
6276098
6282468
6292793
6299660
6305668
6310316
6310785
6311900
6311990
6318802
6318824
6320502
6322896
6324892
6326034
6341310
6343429
6343662
6344493
6346582
6350676
6360640
6361605
6362899
6365210
6367098
6367387
6368525
6368533
6369116
6373181
6376480
6377570
6378133
6380540
6383404
6386566
6388552
6393852
6394976
6395208
6398969
6399286
6406233
6406499
6406643
6412878
6417729
6421512
6430742
6434959
6439676
6439949
6440801
6452717
6452935
6457244
6458343
6459539
6460656
6470274
6474114
6485652
6492430
6499608
6500646
6504075
6505094
6509706
6509988
6514142
6516124
6517377
6524143
6525892
6527473
6528783
6530769
6532815
6541423
6545814
6547248
6549975
6550356
6555385
6555776
6559281
6560049
6561631
6564987
6565981
6566610
6566824
6567412
6568452
6569380
6572258
6575442
6577668
6582911
6586300
6586601
6587426
6590157
6592477
6593463
6596300
6598685
6601946
6610016
6614740
6616851
6623721
6626243
6626266
6627069
6627611
6634594
6640457
6644724
6644965
6646387
6648778
6651687
6659831
6660305
6661480
6664084
6664538
6667467
6692717
6693518
6694668
6697283
6701778
6705127
6706365
6710440
6716861
6720192
6725159
6728393
6730647
6733001
6733548
6734750
6735381
6735720
6736231
6736769
6744724
6744942
6748091
6756525
6757667
6758819
6762761
6765446
6769170
6769808
6775157
6775609
6776326
6782114
6784674
6784845
6788107
6789163
6795206
6795811
6797351
6802565
6805910
6808624
6809118
6812434
6812457
6813981
6814478
6818781
6821390
6824297
6827831
6827957
6841300
6841571
6843057
6844656
6845142
6847044
6848690
6850467
6851505
6856404
6862147
6863269
6864272
6865996
6866766
6868845
6872682
6872757
6874211
6876551
6882101
6888560
6893128
6895176
6900497
6905537
6906347
6907486
6907871
6920618
6925546
6926241
6928133
6931401
6932921
6935398
6935502
6937549
6940939
6944966
6945765
6946013
6947052
6951907
6953100
6959735
6961884
6962387
6963194
6964134
6964426
6964706
6967257
6968512
6972885
6977570
6982207
6984065
6986620
6991000
6991921
6998118
6999783
7003845
7005757
7008883
7009486
7009941
7011868
7016090
7022758
7023150
7023684
7028588
7033101
7036537
7037418
7040438
7042256
7043542
7049312
7050798
7054905
7056996
7059174
7066045
7067305
7070915
7081498
7082038
7083520
7085610
7087469
7093047
7100926
7106898
7106925
7115469
7118795
7119036
7121838
7122678
7128475
7133234
7134469
7137730
7137971
7141057
7151051
7160825
7163453
7169453
7169840
7169945
7172508
7175052
7178384
7179925
7181951
7188265
7196182
7220054
7223417
7226303
7227102
7227515
7229315
7230877
7231317
7235549
7237540
7241252
7242146
7244813
7246669
7250394
7250749
7254139
7257794
7260160
7262560
7265398
7268887
7269035
7269562
7269941
7270672
7277381
7278390
7282543
7283380
7284350
7285895
7287138
7287559
7291609
7294028
7294090
7295230
7298150
7301022
7307420
7312585
7312698
7318399
7322641
7324111
7325236
7327061
7327574
7329671
7340921
7343293
7345931
7351622
7354084
7361767
7367069
7368911
7371150
7377900
7379789
7384201
7386098
7389918
7390490
7396603
7397308
7403138
7404687
7409920
7414846
7419737
7421599
7423113
7423720
7425989
7426219
7427159
7427181
7434722
7436300
7440592
7444198
7444980
7447975
7452022
7454151
7454686
7459120
7459520
7464305
7465814
7465821
7470116
7470952
7471896
7475683
7479184
7479527
7481803
7481813
7487865
7489827
7490131
7490148
7493795
7494436
7494533
7497535
7499878
7501712
7503543
7504413
7504957
7516020
7521591
7526809
7528129
7530722
7534053
7535737
7537042
7539933
7550535
7551108
7555507
7557299
7559645
7560445
7562365
7564369
7572048
7574812
7575105
7578018
7579908
7582383
7582666
7589487
7595907
7599970
7601443
7604472
7606933
7609500
7610437
7611994
7619907
7621517
7621784
7622609
7624270
7626593
7626929
7627167
7627429
7628321
7631785
7631941
7633112
7635630
7638518
7646384
7647740
7648639
7660807
7661275
7663671
7667426
7676318
7696950
7701154
7704384
7708752
7712459
7714105
7714217
7716650
7720910
7738355
7740065
7740460
7741373
7741457
7751662
7752023
7761857
7762751
7763634
7765999
7768656
7775984
7776516
7780920
7782657
7785511
7785918
7786304
7786591
7787925
7788697
7789473
7791720
7803497
7803992
7804884
7810638
7813084
7813945
7814222
7818996
7820719
7821364
7827262
7835093
7838470
7841808
7843337
7846282
7850431
7854202
7856192
7858780
7861516
7862003
7862610
7862892
7864931
7867860
7875250
7876189
7879195
7882052
7883419
7884666
7885821
7887139
7889083
7892249
7892808
7899406
7899586
7904012
7904692
7905793
7906298
7909971
7911468
7913708
7914671
7918599
7918766
7924310
7925858
7925910
7928568
7930600
7935851
7943680
7945487
7948362
7948627
7950490
7950598
7951555
7954401
7956996
7957829
7963571
7967984
7969419
7974775
7976265
7980234
7981474
7986822
7991847
8003937
8004187
8004558
8013929
8014835
8018738
8021492
8023065
8025170
8025197
8025208
8026669
8032795
8033505
8035066
8035665
8036101
8036985
8041372
8044946
8050992
8055814
8060092
8060160
8061810
8064410
8065818
8066147
8069850
8073036
8073954
8074595
8078124
8085301
8087634
8089449
8090059
8090160
8098217
8098321
8098895
8101110
8101231
8102491
8104292
8105704
8106622
8107241
8108300
8110115
8121017
8121834
8126676
8130508
8132323
8132529
8133175
8136259
8137410
8139597
8140414
8142353
8155737
8160577
8160650
8162779
8167749
8170482
8174307
8176233
8176398
8177096
8177182
8177720
8178280
8185164
8187394
8199836
8199998
8201208
8203344
8203584
8204463
8208767
8213245
8219451
8220769
8222215
8225732
8225942
8226462
8230764
8231748
8232854
8240962
8242209
8242335
8252095
8255915
8260375
8260403
8264981
8267170
8267174
8268371
8270558
8270666
8274285
8275030
8276972
8277127
8277643
8281421
8282758
8288001
8293587
8294169
8294502
8295746
8296018
8298658
8300555
8300776
8307226
8308675
8318176
8318252
8320371
8321990
8324632
8334548
8340689
8345279
8345995
8347070
8347897
8353972
8356567
8363071
8363576
8365189
8371856
8372174
8375206
8376825
8378241
8379402
8382211
8394578
8397496
8398802
8400799
8406298
8409391
8413691
8415801
8416032
8422594
8424011
8424216
8428830
8432159
8434838
8439416
8439824
8443084
8445090
8448762
8449195
8451032
8454540
8456564
8458335
8463248
8469664
8473299
8475008
8476057
8478736
8481545
8482072
8485983
8488013
8491860
8497354
8505359
8510670
8515905
8518901
8520204
8528024
8543582
8545065
8548531
8550035
8557757
8564336
8564486
8570103
8577991
8589022
8589122
8589177
8589597
8590597
8595472
8595954
8600345
8602609
8604941
8609891
8613590
8617540
8628165
8632962
8639625
8640184
8645860
8647332
8650320
8651505
8652545
8659479
8660418
8667435
8667916
8670059
8674010
8675583
8680161
8680342
8682395
8687695
8692587
8692792
8698867
8702828
8708999
8711727
8712205
8712373
8717824
8719561
8729738
8729771
8731178
8733294
8733861
8735094
8740833
8741665
8742283
8752259
8760237
8765902
8766129
8767728
8772208
8773143
8777844
8779127
8783295
8783300
8786454
8789505
8792288
8796729
8797071
8800370
8805755
8808395
8808607
8812367
8814886
8818325
8818474
8818585
8823241
8823853
8826606
8832017
8837953
8838605
8840175
8844135
8844502
8846740
8847174
8847514
8849579
8849677
8852445
8854120
8861775
8865130
8870443
8875000
8878333
8882317
8887210
8890862
8891159
8897549
8899817
8900983
8904507
8906414
8907598
8911100
8911567
8916698
8920474
8937981
8940956
8945287
8949389
8950007
8950289
8957940
8962723
8965989
8966349
8971877
8972585
8972705
8974895
8975270
8976146
8979106
8991191
8997161
8999476
9006850
9008361
9019802
9020408
9020629
9024541
9025193
9026797
9027298
9029018
9030308
9040752
9040881
9042288
9042303
9044864
9047561
9050241
9054559
9061042
9061435
9063606
9064318
9070281
9086950
9092270
9093052
9095114
9098731
9117313
9120426
9123833
9123903
9127640
9130731
9132890
9133534
9135635
9139695
9142862
9144529
9147092
9152028
9155030
9160374
9162281
9162358
9164209
9164495
9165352
9170113
9170175
9170833
9176510
9176772
9177496
9180240
9181983
9183268
9183343
9184493
9188631
9192570
9192679
9194543
9195497
9200055
9201267
9205545
9210576
9217660
9221410
9226179
9226377
9228764
9231932
9237038
9237241
9237518
9237605
9239217
9239718
9243248
9243853
9248609
9250980
9251022
9253271
9261517
9263147
9265070
9279400
9279591
9279955
9281951
9282141
9285418
9286861
9286942
9287339
9288104
9290933
9291161
9293432
9294817
9297175
9298463
9301965
9306825
9314701
9316622
9318585
9330470
9333854
9335564
9335590
9336029
9341054
9341242
9342186
9348674
9349649
9350378
9353745
9354382
9358553
9358813
9363267
9365480
9367251
9368478
9369562
9369798
9372441
9372611
9379929
9384855
9385828
9386419
9386725
9387778
9395001
9396710
9397546
9397741
9404198
9405063
9406157
9410297
9410461
9415154
9420001
9425075
9429307
9431357
9434979
9436979
9446082
9447698
9453374
9459840
9460488
9461169
9461612
9465320
9486022
9488060
9489621
9491524
9493613
9494004
9494999
9498933
9502442
9503867
9508099
9509909
9510225
9514671
9521058
9521917
9523785
9524088
9539242
9539422
9549724
9550525
9556869
9557274
9566868
9572292
9572300
9573009
9580388
9586465
9603267
9604987
9605940
9611234
9612374
9617206
9620504
9620904
9623193
9639828
9643281
9644021
9644236
9648385
9659379
9659993
9664047
9665933
9666747
9666925
9668957
9669173
9675161
9682771
9684828
9685452
9685625
9685683
9688039
9697868
9701933
9703923
9709197
9716439
9719555
9720155
9726306
9729547
9730169
9736607
9739236
9739725
9741755
9744177
9745368
9746133
9746723
9755023
9755049
9756159
9756716
9757113
9765306
9770667
9774824
9776808
9778980
9779813
9780100
9784636
9791888
9799841
9799966
9803442
9804635
9807834
9809217
9810940
9814679
9815887
9823007
9826987
9829264
9836679
9847235
9855795
9859097
9864477
9866380
9872282
9874077
9874654
9874932
9875562
9875597
9877878
9879105
9887398
9888135
9889311
9896304
9899781
9909703
9915025
9921704
9921728
9922549
9925661
9928026
9935634
9937766
9940256
9940471
9945960
9947741
9948498
9952516
9959543
9962351
9962644
9978321
9978932
9979622
9983192
9983999
9985798
9990291
9991972
9994611
9994988
9997612
9999577
10004287
10007207
10007513
10010359
10017027
10018593
10022355
10026409
10030234
10033505
10039392
10042889
10043109
10043340
10046641
10048439
10050501
10056773
10058113
10067294
10070552
10070890
10077672
10081350
10083012
10083364
10090801
10094194
10094422
10094459
10095144
10099277
10104448
10110808
10115969
10118646
10120996
10123929
10126092
10127106
10128722
10129503
10134457
10134632
10134857
10136529
10137303
10137859
10138838
10138864
10138889
10146800
10147081
10147190
10147226
10150254
10151550
10152224
10152780
10155530
10155772
10157640
10159556
10163753
10170908
10176584
10182058
10183663
10184193
10184920
10190056
10201470
10202134
10206636
10208809
10211847
10215880
10219297
10223208
10226351
10236280
10240808
10243350
10270907
10272225
10278087
10279434
10280970
10282789
10287260
10289187
10289289
10290724
10291070
10291199
10292553
10296124
10298772
10298789
10303208
10305112
10306129
10308830
10314105
10331631
10332853
10335378
10335914
10340387
10348375
10350281
10350684
10357686
10358698
10363286
10363468
10367765
10369191
10370831
10371506
10372090
10374024
10375745
10381251
10383075
10383932
10387810
10388527
10390903
10391372
10395268
10395288
10401647
10402860
10403014
10406119
10406397
10409077
10409623
10418787
10422518
10424011
10426645
10427165
10427788
10437039
10441246
10442177
10442265
10442312
10445534
10448516
10453138
10453698
10453747
10454160
10455815
10460596
10465831
10468456
10469374
10471492
10474675
10475525
10480359
10483466
10485123
10485661
10491275
10492763
10497007
10500440
10501076
10503730
10504169
10507458
10513282
10515731
10524638
10530025
10530589
10531154
10533537
10542924
10550447
10551929
10560023
10569260
10570269
10571388
10573441
10574585
10579156
10579967
10580914
10582280
10583150
10584277
10585902
10586945
10590554
10593453
10594322
10599433
10604602
10605421
10607502
10611689
10613079
10613176
10617676
10619199
10622902
10623520
10636720
10637570
10639077
10639395
10640633
10640957
10641148
10648650
10651843
10652749
10654747
10666266
10668443
10669856
10677945
10679996
10681470
10684462
10686968
10689087
10691277
10701429
10714232
10714955
10717183
10717204
10723470
10728201
10730643
10734848
10753417
10755292
10757125
10758484
10764105
10767378
10767883
10769257
10773767
10778148
10779518
10781514
10782559
10786225
10786637
10787557
10790577
10796140
10797255
10800585
10803213
10804747
10805357
10813027
10813840
10816139
10818530
10819826
10824092
10824816
10825065
10826264
10833569
10839099
10847010
10849102
10850172
10850220
10852895
10853772
10856285
10857476
10862687
10865130
10866604
10867073
10869467
10874107
10874991
10875699
10890543
10891791
10893741
10911240
10911523
10916023
10919607
10922890
10929955
10931285
10932736
10933113
10935358
10935617
10940204
10942586
10948807
10950063
10950264
10955495
10959299
10965362
10968218
10969510
10970301
10971215
10976415
10982004
10984154
10987239
10988649
10993906
10995491
10998780
11005150
11008004
11008268
11021092
11026321
11027975
11031063
11031716
11034294
11036915
11037714
11037824
11038825
11041824
11044278
11047540
11048577
11050999
11053071
11060645
11062589
11063648
11065525
11067800
11075160
11075654
11079048
11082576
11084412
11085529
11092344
11093203
11094743
11094948
11096586
11099543
11102792
11105229
11108954
11110942
11112633
11113482
11114492
11120350
11124686
11125880
11128331
11128387
11129872
11132806
11140117
11140667
11146209
11147715
11150117
11162370
11164247
11167032
11171344
11174290
11178453
11180961
11185033
11190649
11192026
11201296
11203146
11207417
11213329
11218854
11219993
11222063
11224027
11224756
11226497
11231216
11231377
11232172
11234316
11238722
11238920
11245909
11248869
11252140
11255777
11255886
11256030
11258318
11259188
11261001
11265078
11267435
11275185
11275749
11275983
11276853
11280023
11287341
11288672
11294888
11299499
11307261
11311036
11311868
11315294
11316580
11319841
11322136
11323034
11323502
11329778
11330579
11331741
11337493
11339300
11340473
11348195
11350084
11357508
11358593
11374708
11380388
11381328
11390656
11393869
11398275
11398874
11400290
11407485
11408348
11410766
11411654
11414701
11419253
11423397
11428419
11428447
11429924
11433491
11433836
11436738
11438535
11438778
11444356
11453053
11457716
11462634
11463337
11472812
11472818
11475374
11484088
11484670
11484681
11488816
11494166
11494956
11500979
11502423
11504464
11506524
11506586
11506589
11508519
11511915
11519674
11519895
11522106
11525291
11531179
11538392
11538505
11540428
11542509
11542876
11548943
11549606
11555625
11555857
11557459
11558440
11559951
11565208
11588511
11588625
11588705
11591322
11602595
11604922
11610231
11610985
11616425
11616818
11621177
11640426
11649087
11652262
11652771
11653182
11661099
11663303
11664961
11665193
11665533
11666957
11677659
11680432
11680604
11681761
11689681
11690015
11691254
11695287
11695493
11696790
11701373
11705435
11706272
11712105
11714981
11719530
11721012
11722771
11722972
11727381
11733711
11735618
11735700
11737956
11739625
11740676
11740902
11741819
11744378
11744964
11747765
11749384
11749408
11751675
11751924
11752633
11756209
11761872
11769878
11771664
11781276
11782925
11783012
11785344
11785860
11792327
11797047
11797565
11800205
11802429
11807299
11808658
11810687
11811987
11817345
11817555
11823917
11829262
11829675
11837190
11837250
11846036
11849396
11850318
11850854
11863628
11864612
11867249
11869408
11871316
11871555
11872227
11873062
11876080
11878182
11880047
11880708
11881431
11881653
11886001
11887428
11888579
11891329
11894202
11896799
11896958
11897336
11902201
11904312
11916735
11918234
11918635
11918715
11919097
11920388
11921220
11924887
11928905
11933666
11936113
11944158
11958570
11959653
11970591
11971388
11975331
11988905
11989427
11990787
11993604
11998313
12006271
12008796
12011860
12014272
12014929
12015580
12025807
12027550
12030515
12038668
12043209
12047133
12047252
12050099
12059031
12065727
12072361
12073196
12074955
12075170
12077892
12078633
12080258
12088737
12091565
12094654
12102070
12107735
12115680
12120144
12122374
12125899
12128578
12130520
12131795
12137462
12143905
12144831
12148837
12154220
12155898
12157015
12157413
12160457
12161245
12168293
12180367
12181727
12190172
12196329
12199691
12200050
12200739
12206264
12207319
12207419
12208922
12213541
12222858
12223002
12224472
12227647
12234052
12234430
12238170
12239058
12242591
12244064
12246347
12247711
12248611
12248771
12249064
12249099
12249471
12257614
12258208
12259936
12260944
12262364
12263254
12265773
12266357
12273533
12274923
12277105
12279131
12294704
12301763
12303202
12304482
12305105
12305817
12306735
12316328
12316394
12319778
12328424
12330127
12334108
12335002
12337027
12337670
12342268
12345803
12347422
12348995
12355773
12358925
12364161
12364329
12365362
12380049
12387256
12392410
12392465
12393650
12395328
12403706
12404058
12407010
12412256
12415440
12417818
12425211
12427986
12428200
12429328
12439256
12441603
12445426
12448496
12449038
12449808
12450450
12451356
12455998
12464286
12473710
12478063
12480869
12481135
12481368
12482000
12482329
12490618
12492334
12492556
12495398
12500323
12501349
12507008
12508975
12510167
12511425
12513281
12517102
12521002
12524298
12524511
12525783
12527110
12530499
12531427
12533900
12536836
12537761
12538790
12542198
12549025
12550361
12559224
12562744
12565361
12566853
12571450
12572345
12573133
12573263
12573775
12575023
12576210
12580407
12585637
12586882
12589234
12590040
12590433
12590676
12597069
12597924
12603705
12607020
12608972
12610010
12614874
12629684
12630948
12634247
12635334
12643149
12645734
12646721
12647567
12647598
12651412
12655753
12659277
12662480
12663887
12664871
12678473
12679433
12681416
12683509
12685999
12686706
12688581
12693153
12694956
12702607
12702687
12705314
12705624
12707358
12710305
12712740
12715730
12715905
12720321
12725950
12726200
12727767
12732488
12732617
12736226
12745225
12745425
12747569
12749284
12749691
12752050
12756191
12757480
12758532
12762584
12775136
12775874
12776788
12777153
12777639
12783609
12784935
12791455
12794860
12795527
12798789
12801424
12807807
12819636
12820926
12821394
12826321
12828192
12829400
12831228
12834821
12845651
12855673
12856067
12857264
12860004
12869872
12875925
12877596
12879652
12880492
12883970
12890059
12890417
12896455
12897824
12897925
12898079
12899790
12903992
12908940
12915211
12916745
12919411
12925311
12927217
12930097
12931328
12932218
12933977
12934072
12940697
12941557
12946252
12947875
12954094
12955740
12955810
12955816
12956378
12960160
12961117
12966978
12967548
12976534
12990460
12993298
12999464
13002547
13003925
13005494
13005795
13009605
13009814
13014003
13017389
13026345
13027776
13033192
13033362
13038440
13043043
13043467
13043716
13046505
13048067
13052407
13055042
13056585
13064739
13066601
13066615
13067584
13073439
13073606
13093926
13094254
13094946
13111676
13112556
13113309
13116814
13123256
13130094
13131347
13137778
13139051
13139188
13139742
13140357
13147443
13156905
13160851
13163002
13179210
13188122
13195423
13197512
13197957
13200752
13204582
13209644
13212484
13213295
13217293
13221938
13222215
13228301
13243299
13246452
13246687
13248351
13257877
13260397
13262087
13264708
13272519
13277719
13282031
13283423
13285850
13286741
13287324
13287634
13296241
13297394
13300857
13307321
13309545
13310325
13311177
13313220
13315321
13323764
13326391
13327561
13333294
13334398
13338497
13344231
13346230
13348321
13353393
13359501
13360961
13361672
13362965
13363594
13364492
13365277
13367198
13369115
13369165
13369301
13373150
13373536
13376922
13381530
13382461
13386394
13387098
13387475
13391537
13395010
13396505
13398159
13399344
13400756
13402804
13411149
13423362
13426842
13427779
13438162
13444075
13450837
13452758
13457699
13460800
13463174
13463492
13467561
13469721
13476094
13478486
13482321
13484672
13484795
13489195
13490478
13492171
13496069
13497400
13498201
13502304
13503023
13503353
13503738
13503772
13503989
13514248
13514315
13517965
13520844
13537007
13537864
13537888
13538710
13541854
13542031
13543209
13546303
13547726
13548189
13552824
13565471
13566929
13567756
13568376
13568827
13572554
13587073
13589003
13591910
13595144
13596699
13598979
13599094
13603272
13604129
13605746
13606073
13606570
13607231
13609595
13611094
13614567
13618582
13619415
13620465
13623552
13625723
13627068
13627779
13628659
13628774
13629810
13638385
13638432
13643305
13644624
13650275
13654669
13657206
13659820
13659869
13663025
13665228
13667393
13672483
13677680
13689234
13694799
13701263
13701656
13709016
13710577
13712517
13712913
13713843
13714153
13715414
13723781
13724090
13727032
13727645
13731162
13733554
13736666
13739067
13740855
13743616
13744929
13746804
13748836
13750819
13753105
13755251
13755518
13758979
13761350
13765769
13774192
13776700
13776786
13780542
13788150
13788720
13791239
13799854
13801638
13803281
13805282
13807003
13807189
13822317
13823148
13825356
13831529
13834639
13836971
13838816
13841893
13844575
13851395
13852683
13852936
13857440
13857459
13860116
13863931
13864393
13866496
13872636
13873909
13874757
13879149
13883607
13887417
13889122
13895841
13896512
13896898
13896924
13897393
13899417
13904077
13907680
13909851
13911706
13912096
13916205
13916398
13917059
13924897
13933453
13940208
13940842
13947619
13949181
13950131
13952048
13954360
13956773
13967965
13970005
13973293
13973855
13979173
13982518
13986693
13987374
13991667
13991891
13993293
13994318
13997306
13999662
14002403
14006504
14008331
14014471
14015725
14017486
14024066
14025110
14026541
14028427
14029630
14030145
14040169
14040404
14043984
14047888
14048137
14056061
14056909
14058985
14059674
14063077
14064558
14064840
14067022
14069016
14070710
14072271
14079233
14085857
14091316
14092148
14094247
14101818
14104320
14105652
14109021
14112430
14113798
14118137
14121978
14127369
14128020
14132414
14135917
14136273
14141107
14144211
14145257
14145945
14147614
14153158
14153359
14156734
14157937
14160467
14162003
14166588
14166686
14170536
14171281
14174107
14175952
14176322
14182372
14183590
14191680
14193327
14193579
14194188
14194259
14196673
14197307
14198166
14199844
14200721
14203367
14206538
14206554
14207844
14210258
14211542
14216605
14217063
14217777
14225131
14225433
14232157
14238578
14249676
14250196
14253538
14253696
14254426
14260373
14266828
14268082
14271286
14272948
14276545
14276893
14278069
14283291
14285274
14286655
14290362
14295020
14297409
14302504
14305084
14308223
14309343
14322862
14325173
14335042
14336625
14341230
14341655
14344883
14348408
14348659
14353277
14361166
14365028
14365574
14366608
14368641
14369134
14369946
14372465
14372609
14373617
14378041
14378668
14385277
14385699
14386744
14391156
14392151
14392363
14392765
14402304
14409069
14417519
14418646
14424985
14426594
14432948
14435796
14439925
14440114
14440655
14446637
14449915
14454044
14454441
14459193
14462812
14464075
14465596
14466929
14468796
14469510
14470071
14470616
14472349
14473245
14477023
14478894
14479781
14480722
14484013
14484081
14484183
14488363
14489152
14490698
14491309
14493120
14494169
14502662
14503957
14518120
14520301
14524422
14526034
14536570
14544072
14550789
14551244
14556585
14556622
14559898
14570643
14574448
14575569
14578148
14578714
14583702
14586221
14587689
14589314
14592131
14592535
14595345
14596158
14597837
14597952
14599334
14599796
14603947
14610067
14614768
14617668
14623576
14624574
14625605
14633270
14633647
14634168
14642038
14642520
14644520
14647697
14651703
14653979
14654688
14654877
14657477
14662563
14668876
14670073
14671548
14672761
14675817
14678162
14680417
14693432
14707815
14708586
14709484
14712488
14713174
14717532
14720410
14721197
14722799
14728635
14734493
14741080
14743084
14749022
14749027
14751565
14756398
14765203
14766847
14766875
14770020
14774057
14774509
14774683
14774891
14780478
14792909
14793260
14797017
14801145
14806759
14811381
14812647
14820614
14823882
14824299
14827552
14833785
14834116
14845793
14852732
14864128
14867694
14867899
14868675
14869674
14873076
14874206
14874391
14879095
14891281
14893386
14898036
14899014
14901836
14903715
14916884
14918135
14925387
14927930
14936247
14938520
14945177
14947496
14949574
14955728
14957040
14958433
14959363
14962109
14970216
14973118
14977796
14978611
14985100
14988682
14997105
15002420
15007460
15019619
15019739
15023157
15034125
15034398
15036109
15038560
15039671
15041876
15045457
15047812
15048694
15050547
15052599
15056939
15057587
15059845
15059919
15068725
15070010
15074191
15077530
15078194
15078898
15084824
15087998
15090056
15090926
15100420
15106767
15111766
15112419
15115072
15119626
15126652
15127320
15127356
15129089
15130908
15131160
15131398
15133439
15136803
15138162
15138364
15140493
15148175
15148472
15152647
15153987
15154326
15155256
15159582
15159585
15161135
15163124
15166106
15169608
15170612
15172465
15174482
15177430
15179267
15182640
15191967
15193262
15195273
15196936
15204885
15206126
15212948
15214133
15214486
15228014
15229153
15230651
15232877
15233171
15234258
15235649
15239047
15242220
15244016
15245856
15248379
15253497
15253693
15260544
15264515
15267362
15270063
15273031
15273355
15280194
15281749
15283091
15284969
15285872
15287021
15288507
15293381
15295838
15295848
15301802
15303181
15303545
15303550
15305197
15309818
15314050
15314773
15315247
15316907
15323348
15323651
15324337
15325474
15327558
15328150
15329211
15330104
15332301
15344501
15346862
15350872
15356672
15357354
15357385
15375901
15381291
15382212
15384946
15385876
15397578
15402029
15402408
15403336
15405716
15406971
15407087
15410538
15411296
15417191
15418478
15420772
15426646
15427144
15427765
15429091
15431618
15434459
15439572
15440284
15442721
15447128
15449573
15449732
15451822
15452093
15455210
15461716
15469240
15474648
15476550
15478091
15479083
15486236
15490646
15492060
15492622
15494967
15497086
15503887
15513731
15514606
15515105
15517508
15517692
15533097
15547530
15547776
15549391
15549739
15551052
15552392
15554375
15555601
15556450
15558834
15558950
15563342
15564871
15567058
15569592
15571821
15577274
15581294
15587365
15587385
15587609
15594071
15594596
15595480
15598742
15609120
15609813
15610735
15614183
15614292
15616534
15621353
15621688
15629551
15631713
15635453
15637891
15638562
15639058
15640327
15642067
15645623
15646429
15646835
15651911
15651997
15653696
15653718
15662326
15668151
15674750
15675920
15678270
15682209
15686063
15687632
15687955
15689017
15689669
15690048
15693522
15697712
15699867
15701545
15704447
15704920
15705039
15707077
15715367
15717692
15726537
15727637
15731000
15733390
15734712
15736266
15737286
15739230
15743075
15747238
15754254
15761994
15763911
15766086
15773536
15773639
15788685
15789263
15793782
15794550
15795355
15806453
15815584
15815965
15816136
15818354
15826616
15829786
15843642
15850475
15855096
15857786
15858006
15862633
15864059
15865049
15865724
15868646
15869572
15870604
15872061
15874040
15877438
15880684
15882087
15888208
15892277
15892746
15900335
15902960
15908324
15910460
15922032
15924206
15929698
15930214
15933467
15935137
15940319
15944468
15951956
15959155
15963539
15965554
15970496
15981065
15982392
15986228
15990012
15997624
16000245
16001125
16007610
16023284
16036540
16037695
16037932
16041851
16042844
16052279
16052987
16054962
16055417
16055539
16066065
16068192
16070578
16071954
16072564
16074084
16076618
16081015
16081027
16086266
16090451
16090831
16094534
16094613
16095285
16100125
16111848
16112081
16117115
16122835
16124507
16124568
16142223
16145392
16146333
16147491
16153899
16154033
16155999
16160564
16162601
16162732
16166878
16172302
16173540
16176214
16178758
16178784
16179171
16180114
16181017
16182305
16182479
16183641
16183760
16185478
16186437
16190349
16191276
16193903
16203633
16206428
16209738
16212728
16214652
16216357
16216859
16217278
16221858
16222142
16231779
16234807
16235609
16238596
16238988
16239911
16240576
16246275
16248278
16251067
16251235
16257771
16260159
16260498
16261076
16263519
16266441
16274397
16279571
16279583
16279619
16283571
16284331
16288260
16291716
16296335
16298419
16301183
16302712
16304108
16308344
16309059
16332793
16333695
16334552
16336654
16337554
16342101
16344165
16345440
16346542
16349042
16352894
16355209
16355572
16356429
16357398
16359641
16360467
16368458
16369442
16369496
16372934
16373004
16380591
16386963
16389221
16396231
16396294
16397388
16398113
16409453
16413166
16419466
16422853
16435843
16436398
16437683
16442263
16449080
16452256
16454192
16457712
16461158
16461593
16464370
16464914
16466871
16469770
16471385
16472716
16473390
16474870
16480010
16484882
16485400
16487420
16489419
16492124
16493401
16495131
16495952
16500989
16501662
16509809
16514046
16516497
16517573
16518631
16518816
16519851
16520827
16520919
16521311
16527266
16530514
16532190
16532648
16532844
16534864
16543793
16546713
16550017
16551145
16551931
16555717
16557727
16559836
16560067
16568844
16570061
16573329
16578118
16578233
16579764
16583044
16584410
16585243
16586311
16592300
16601224
16603088
16607416
16608298
16610094
16610967
16616273
16616735
16624999
16627941
16633005
16637449
16637476
16640368
16642323
16644691
16646560
16647225
16651824
16657335
16660907
16668494
16670164
16670496
16675601
16676180
16678580
16681476
16691179
16693121
16695217
16699321
16699865
16713821
16720234
16723107
16724600
16729278
16729505
16731093
16733340
16734792
16734816
16740200
16740527
16740915
16746512
16748332
16752237
16753894
16756097
16756238
16757110
16759957
16761597
16768503
16769103
16778243
16779080
16786873
16789023
16790546
16793755
16802000
16803665
16813414
16813790
16815093
16819145
16819626
16820360
16822093
16823185
16827242
16829725
16833560
16840587
16842301
16842447
16844614
16845719
16847014
16849066
16850791
16853472
16856242
16867594
16869228
16871717
16875318
16876531
16877653
16881306
16881577
16883844
16885335
16888914
16889779
16893005
16897661
16898753
16900791
16904186
16904462
16908519
16914969
16917694
16923310
16925062
16930828
16933421
16939954
16941261
16942509
16949524
16950588
16952676
16953975
16955274
16955312
16959409
16966895
16972786
16977704
16977967
16980902
16990766
16991151
16992694
16993651
16998529
16998736
17001878
17003339
17007927
17008612
17013500
17013913
17015307
17018328
17022201
17029057
17032757
17035650
17040175
17042990
17043854
17046340
17048018
17049951
17051750
17052594
17067165
17071109
17074502
17079320
17081485
17087674
17090998
17092090
17094566
17095708
17096546
17098071
17098117
17106735
17108903
17112273
17113229
17113430
17113748
17116070
17116810
17120288
17130678
17135355
17137549
17139457
17146835
17147720
17149007
17150384
17159850
17163621
17164089
17166448
17166537
17169794
17170381
17170669
17176215
17177882
17182853
17189542
17196736
17197797
17198512
17201607
17203517
17207565
17208357
17210340
17213377
17217005
17222212
17226147
17226436
17227330
17228215
17232105
17236893
17237546
17238989
17243154
17243929
17252362
17252468
17258606
17268775
17268907
17269296
17271194
17272548
17274569
17279469
17285600
17286561
17289149
17291076
17292073
17292198
17294735
17295738
17302551
17305032
17305375
17311694
17314282
17315398
17316914
17316928
17317103
17321812
17327003
17333049
17335099
17337876
17338430
17345715
17356063
17357790
17357814
17363151
17363413
17368058
17368176
17386212
17390085
17392541
17393538
17397950
17401527
17404755
17409664
17417146
17420527
17423539
17428444
17432261
17432522
17432663
17435042
17436677
17438255
17440819
17443390
17446026
17446215
17446942
17450325
17450610
17455939
17460492
17465663
17479270
17488325
17492361
17498349
17498948
17499324
17511925
17518068
17518593
17523318
17524048
17529148
17530300
17536378
17544481
17544735
17557865
17559616
17559982
17560705
17561700
17563161
17563450
17563878
17566850
17569808
17570362
17575447
17577949
17578250
17581552
17582229
17585121
17587873
17589969
17591541
17611170
17612987
17615004
17617345
17618557
17619069
17625261
17635281
17643589
17647056
17647454
17648590
17651569
17659399
17660535
17662173
17664088
17665605
17667577
17668742
17671833
17677550
17679645
17681713
17687217
17700525
17705940
17716613
17719597
17721539
17721696
17723155
17728707
17734867
17742439
17753480
17754241
17761867
17763262
17765499
17766307
17770284
17772566
17774071
17775625
17777563
17777830
17779928
17780757
17782696
17786033
17786055
17788285
17789708
17790284
17790722
17794823
17795107
17795964
17797938
17798851
17804699
17804837
17806493
17808957
17810683
17812966
17818930
17819242
17819910
17823983
17824731
17833652
17840815
17845330
17854980
17857092
17858666
17858739
17859242
17861266
17861973
17863986
17869089
17871825
17872233
17873691
17874485
17882311
17896577
17903428
17906729
17909949
17912166
17915639
17916351
17924846
17927812
17928796
17933183
17935873
17938659
17939686
17940335
17942290
17943746
17948916
17949469
17954473
17964758
17973738
17997450
18001840
18002465
18003630
18006548
18006603
18008544
18023702
18029363
18033012
18042330
18043138
18044540
18045597
18048570
18048691
18052915
18053611
18058309
18058383
18058930
18059232
18063000
18072556
18078622
18078669
18082772
18096081
18100498
18107088
18111223
18111860
18112850
18116197
18119347
18124708
18127689
18132089
18134105
18136759
18146583
18148869
18151912
18152893
18157217
18159578
18159680
18159897
18164938
18166389
18175880
18179279
18182942
18185728
18187969
18188524
18192932
18195553
18201100
18203607
18206643
18209885
18211947
18216098
18218020
18220619
18223184
18224892
18228043
18229787
18235540
18240390
18243742
18246410
18257162
18257241
18261259
18264166
18269113
18272162
18273676
18276350
18282647
18283735
18284444
18289688
18290305
18292590
18303116
18307263
18309540
18320201
18322237
18327855
18347642
18347867
18349972
18364504
18368797
18369259
18371040
18371880
18371990
18378197
18380183
18386083
18395245
18395403
18399586
18399768
18405119
18405697
18405815
18411238
18415795
18415862
18418803
18419551
18421255
18429431
18432421
18433570
18437127
18438536
18441793
18442793
18453446
18455503
18460000
18463501
18466738
18471921
18472398
18473980
18475327
18476044
18477879
18478052
18479723
18483726
18488215
18490145
18496277
18498380
18499321
18507826
18521817
18524712
18531322
18532576
18534975
18535966
18537488
18538248
18544576
18553853
18555595
18556468
18564547
18568672
18572888
18574263
18575545
18576647
18578743
18579338
18582920
18583487
18585866
18585941
18598929
18599013
18602218
18602976
18610263
18611862
18613611
18614161
18615174
18617271
18618375
18619938
18622628
18623860
18624541
18630632
18631098
18640186
18641874
18647476
18649883
18653255
18655573
18656163
18656229
18659309
18666135
18670410
18678215
18678530
18679076
18687377
18687834
18688075
18692895
18694202
18694288
18694451
18709554
18709905
18714817
18717922
18721420
18725699
18732322
18733048
18736196
18740037
18742310
18742759
18745684
18746352
18750055
18751284
18754079
18762870
18764817
18767090
18768421
18770368
18771856
18772170
18779689
18780884
18783276
18784924
18787845
18792382
18793300
18799652
18800733
18805009
18809216
18812691
18817016
18817196
18820789
18826938
18839721
18843813
18843856
18856171
18860441
18861121
18870092
18871379
18872703
18875185
18877973
18889396
18892870
18893120
18895213
18898485
18908284
18911128
18914175
18917677
18922425
18929070
18929638
18930824
18935680
18936460
18937089
18937173
18939128
18939495
18945208
18945692
18958408
18960462
18969102
18973165
18974573
18976616
18977571
18989063
18991529
18993000
18997077
18997300
18997839
19002299
19006789
19007672
19008153
19008229
19011179
19012373
19013314
19014065
19015385
19015466
19019037
19026799
19030551
19031134
19031248
19031570
19032545
19033489
19035427
19035509
19036200
19039818
19050254
19052184
19057547
19058172
19061897
19066049
19066435
19072947
19073358
19077247
19082506
19083177
19086961
19089124
19089367
19092128
19102504
19113048
19113545
19114511
19122871
19129754
19135392
19136715
19138990
19140248
19144725
19149397
19151655
19152829
19157184
19158192
19158998
19159098
19159349
19159510
19161501
19162104
19163073
19163075
19166039
19166095
19166697
19172119
19177807
19178019
19178968
19182198
19186301
19186418
19191665
19195232
19200526
19201806
19207974
19208390
19209618
19214939
19215906
19216595
19220040
19227238
19230652
19230817
19248380
19248912
19257305
19258623
19267327
19267606
19269749
19273488
19277462
19278912
19278986
19279568
19284199
19291730
19293104
19293608
19293733
19297384
19300437
19300876
19302977
19303593
19306577
19307230
19315561
19317163
19319216
19321562
19328396
19331042
19332282
19332912
19333077
19335145
19340180
19340573
19357860
19358233
19361261
19366782
19369361
19370388
19370454
19370623
19375891
19387619
19393679
19394142
19397920
19398079
19405666
19407162
19415017
19417001
19417502
19423295
19423794
19426658
19429385
19438669
19443465
19443688
19444017
19444343
19445772
19452682
19463766
19464803
19465229
19467625
19474144
19476868
19480587
19482468
19483959
19486553
19490354
19497612
19506152
19510870
19511188
19512131
19515409
19518891
19521843
19523259
19526183
19532725
19535400
19536588
19539961
19542437
19547978
19550049
19555302
19567184
19571589
19576937
19577687
19585345
19592649
19593180
19594809
19596103
19605759
19605882
19607199
19607776
19610709
19611821
19611939
19619771
19621089
19627461
19628253
19628486
19632112
19632407
19632937
19634027
19634346
19634522
19636649
19638707
19638891
19644188
19653043
19658182
19661487
19665097
19668519
19676092
19678059
19682753
19684924
19688890
19690519
19692764
19694171
19694898
19695194
19705115
19707424
19710575
19717038
19719761
19720405
19720934
19721872
19722706
19723151
19723500
19726586
19727167
19730477
19730628
19738845
19742306
19743698
19746403
19759680
19759950
19760097
19762614
19764275
19771637
19772182
19773828
19775625
19777089
19777379
19777567
19778100
19783542
19785336
19785983
19787252
19790836
19791766
19794215
19794257
19796018
19798415
19799233
19800559
19802727
19810800
19811429
19812596
19812746
19820348
19820608
19822753
19826332
19828225
19828894
19831047
19831342
19833772
19838059
19848391
19850699
19850745
19851100
19856477
19859471
19859502
19863721
19882204
19886840
19890298
19892783
19893850
19896188
19897555
19898860
19904320
19905349
19906973
19908275
19911193
19911262
19922785
19924998
19925720
19927910
19930615
19931687
19932636
19936899
19947423
19949431
19949613
19952399
19956064
19957097
19958159
19958495
19959541
19960217
19968418
19974492
19977768
19979994
19980615
19981053
19982381
19989376
19990927
19991441
19993254
20002501
20007704
20010882
20015385
20033225
20034289
20034500
20035003
20042907
20044180
20048681
20048851
20049074
20050630
20052226
20054194
20057528
20058227
20058801
20062674
20065966
20073904
20079284
20079677
20084584
20090845
20094647
20096238
20097687
20098562
20101745
20102895
20104142
20105044
20110517
20110937
20118087
20120901
20136646
20141498
20142908
20147320
20153667
20153931
20154530
20156272
20158376
20159909
20160659
20161081
20166344
20166764
20166844
20171087
20171461
20172384
20174709
20175772
20184365
20186230
20193330
20197300
20198524
20201955
20208147
20214268
20215804
20217214
20217560
20217892
20220776
20225413
20226017
20226692
20236062
20236609
20239466
20250692
20254302
20254945
20256861
20260628
20265115
20267408
20279437
20280057
20281915
20282098
20285696
20288170
20291408
20292959
20295509
20296568
20302005
20303618
20305018
20312690
20313477
20317798
20318800
20322189
20324110
20324478
20330036
20332661
20333692
20334561
20334598
20336012
20350779
20351980
20354476
20354682
20354800
20356315
20359848
20360176
20366643
20372195
20379562
20381331
20386828
20389059
20390363
20391709
20393245
20394879
20395787
20396202
20396634
20396719
20398293
20399927
20402017
20402754
20403498
20408251
20409868
20410269
20412556
20413027
20417655
20424634
20428264
20434026
20434211
20434305
20439775
20444946
20447112
20453265
20456979
20463674
20467799
20470397
20479079
20480256
20484341
20488342
20489046
20489695
20497689
20498535
20503433
20503508
20507420
20509411
20511853
20517532
20520923
20524186
20526057
20529744
20530415
20534933
20542165
20543667
20555294
20556396
20557004
20559099
20560456
20561673
20565513
20567684
20569924
20575352
20580430
20580906
20583434
20585067
20587843
20588169
20590865
20599110
20619738
20620578
20622461
20623063
20625527
20628879
20631961
20632929
20633845
20636140
20640335
20643656
20649512
20650620
20658627
20660893
20669716
20671459
20673596
20680605
20682829
20683534
20683896
20683927
20685393
20687665
20693175
20693282
20693914
20695949
20697734
20698515
20700055
20701044
20710189
20711944
20714325
20714666
20716310
20719578
20719766
20721566
20725313
20725569
20730171
20730540
20734053
20735034
20735953
20739690
20741028
20742926
20744507
20744828
20746266
20749278
20752599
20755925
20757206
20760419
20761463
20762752
20766004
20766652
20768651
20770772
20778564
20779390
20782774
20784983
20785655
20789894
20790573
20793624
20796583
20796963
20799654
20810230
20811693
20813201
20818019
20819188
20821377
20828266
20829521
20829612
20829696
20835396
20837028
20841865
20843768
20845433
20851559
20852131
20856811
20857379
20858678
20858793
20863490
20866074
20868358
20868587
20869889
20871086
20877245
20878751
20880369
20881614
20882761
20883821
20887537
20887688
20887960
20889209
20891212
20893103
20893890
20901079
20906358
20908233
20909043
20909821
20911267
20912573
20919705
20923836
20926958
20938863
20945939
20946175
20949467
20951061
20951200
20956224
20957296
20957752
20958525
20968111
20969368
20972280
20974396
20981185
20985220
20986381
20990140
20993101
20999346
21001556
21001989
21004285
21009161
21012114
21015289
21015882
21016355
21035935
21043537
21047167
21048794
21052998
21054319
21055697
21057140
21063417
21070444
21080781
21086517
21087031
21088010
21088550
21088953
21089183
21090746
21092264
21092834
21096256
21101153
21102602
21102658
21107380
21107838
21108281
21108319
21113106
21113798
21114390
21117170
21117246
21118369
21119397
21119520
21120597
21123622
21123649
21131444
21131732
21134532
21138172
21138588
21139327
21141289
21144834
21145794
21150365
21169360
21180504
21183357
21186149
21188464
21189510
21193961
21196156
21202024
21203644
21206252
21209251
21211467
21211707
21213871
21214176
21215387
21218026
21221649
21221825
21223651
21224460
21226245
21230880
21232550
21234200
21239761
21241728
21248396
21250270
21254539
21258346
21260683
21263051
21264086
21264124
21268806
21268917
21270260
21281116
21288113
21290234
21293265
21304013
21308831
21309370
21309657
21321556
21322628
21322680
21323670
21326316
21334988
21335153
21337204
21338556
21340119
21341904
21346342
21348819
21348865
21349203
21351921
21358981
21364823
21375395
21378259
21379749
21384103
21390150
21390672
21406296
21411161
21412770
21412793
21414068
21421473
21425136
21426349
21428604
21431335
21431516
21434575
21435909
21437588
21440896
21444447
21453126
21457191
21457273
21458474
21460787
21461857
21462723
21464938
21465236
21465643
21466772
21466986
21475460
21475995
21476294
21477024
21477853
21478484
21480544
21488526
21488696
21490108
21491360
21493681
21496533
21506042
21507994
21508527
21518568
21522706
21524642
21533239
21536796
21537525
21537960
21542626
21543159
21545053
21557276
21558520
21559091
21561766
21564040
21566482
21571254
21572041
21581721
21584869
21584910
21593605
21597940
21600368
21601262
21604914
21604922
21605454
21606785
21608452
21608968
21610598
21615170
21615613
21618250
21621577
21623398
21625797
21626116
21628670
21631655
21635088
21635628
21635731
21636596
21639772
21643689
21644920
21645357
21647360
21648916
21653304
21654169
21654173
21654666
21657939
21658419
21660785
21661059
21663158
21672659
21676199
21676858
21678605
21682694
21682760
21683600
21685122
21685706
21686244
21697474
21700793
21705142
21706463
21711677
21712596
21713589
21718326
21719087
21719681
21731810
21734687
21738287
21738908
21739701
21741563
21742220
21743138
21743624
21746044
21746871
21750672
21750765
21751496
21753185
21759030
21763332
21764884
21772237
21774423
21777729
21779634
21779691
21779814
21794085
21794962
21799372
21800088
21803790
21804802
21819839
21824234
21826765
21827387
21828744
21830419
21842394
21842416
21842658
21843105
21850779
21859464
21860832
21868588
21878583
21882363
21883532
21887953
21891407
21891485
21891528
21895124
21897027
21898112
21899899
21900298
21903454
21907511
21908558
21909153
21911028
21911558
21912692
21913567
21914703
21916524
21918152
21921499
21929064
21930774
21932634
21935273
21938835
21940255
21940624
21941004
21947475
21950771
21952584
21953310
21955506
21955578
21956129
21956134
21956860
21963087
21967591
21969808
21974370
21975291
21977033
21977494
21982258
21982945
21984325
21989028
21992569
21999261
22002484
22002842
22005731
22007160
22011692
22013305
22014795
22025496
22029157
22029691
22031045
22034745
22037871
22039181
22040112
22042347
22045420
22045599
22047370
22048573
22049644
22049703
22051269
22052757
22053417
22062046
22066249
22066507
22066555
22067801
22074309
22075098
22076355
22082414
22086121
22090216
22093962
22095390
22096063
22098830
22099408
22102057
22102378
22105696
22107726
22111887
22112034
22112394
22112742
22115269
22116602
22118804
22119942
22121201
22127887
22134347
22134403
22140050
22141365
22142941
22144477
22148398
22149348
22150266
22150298
22151405
22154384
22158955
22159227
22159261
22160935
22164629
22166970
22172692
22173411
22173668
22175560
22176169
22176684
22178266
22180046
22182821
22183592
22191465
22192129
22201974
22203031
22204176
22207331
22209700
22217062
22217848
22219340
22225817
22226746
22228737
22230884
22231534
22231808
22232012
22238881
22244767
22245970
22246208
22255232
22256169
22259490
22261077
22265259
22269242
22270346
22270383
22273391
22273956
22274723
22277460
22283224
22285040
22286735
22289748
22295276
22298520
22299961
22300176
22303148
22305275
22309658
22311464
22314169
22315558
22316026
22326176
22331237
22335926
22336937
22339447
22340380
22343654
22344816
22344864
22346619
22348035
22348877
22350298
22353445
22356884
22363260
22367127
22373293
22373521
22373553
22375162
22378391
22378612
22379456
22381934
22385249
22388304
22395589
22399700
22414825
22420932
22422024
22422671
22423258
22425041
22434970
22435473
22437088
22437730
22442733
22444275
22446132
22448450
22449672
22452739
22453562
22456750
22460165
22462761
22474053
22476463
22476844
22478469
22480636
22481444
22482233
22489487
22492425
22496893
22502761
22503321
22507126
22510209
22515334
22520646
22523420
22526517
22530567
22531497
22537521
22538776
22540650
22540712
22547476
22549136
22553874
22554018
22554601
22554985
22559436
22563335
22563621
22568635
22569374
22572970
22575469
22578044
22580584
22581955
22588336
22589191
22591441
22591729
22596142
22596300
22603557
22605121
22616469
22618200
22624286
22625226
22630738
22633066
22640174
22646358
22648737
22653096
22654639
22655150
22656010
22660411
22661971
22662037
22663748
22664630
22664786
22669410
22669904
22670007
22674109
22674152
22680120
22682785
22689651
22690388
22693120
22695209
22699517
22701193
22703524
22709786
22714270
22720173
22723231
22742098
22744899
22745794
22750702
22752429
22752922
22758763
22762142
22762148
22766729
22770564
22777790
22782889
22785303
22787702
22790267
22791346
22798156
22799718
22800958
22802383
22803510
22805646
22805853
22809079
22811297
22814203
22815323
22817254
22817329
22819769
22827039
22828225
22832401
22833706
22834045
22837328
22838676
22841599
22842212
22842358
22844704
22853271
22862024
22865763
22868073
22870018
22873788
22874991
22877556
22885044
22888412
22893903
22902298
22910366
22913926
22916219
22919130
22919487
22919789
22920151
22922727
22925130
22930500
22930573
22931020
22937126
22941115
22941164
22943862
22945735
22955038
22958421
22960640
22965989
22967039
22969593
22980282
22980729
22981536
22985131
22986013
22986449
22987411
22989925
22991813
22992645
22995277
23002533
23003720
23005573
23006389
23006792
23007166
23008360
23009798
23015339
23015385
23017992
23019334
23026532
23030963
23031892
23033791
23036424
23036744
23042150
23054067
23054685
23056411
23057084
23058511
23059093
23065524
23067457
23069403
23072132
23073939
23074478
23077783
23079899
23083137
23086000
23088863
23089719
23093031
23095444
23107143
23107473
23114714
23114760
23118328
23118704
23122358
23123354
23129518
23132986
23133528
23141318
23141768
23142313
23143871
23158728
23159207
23160648
23161539
23167283
23173007
23175002
23175603
23176717
23178877
23179183
23184178
23184605
23185737
23189689
23191622
23206372
23207324
23208017
23208268
23212600
23214034
23221233
23224192
23225818
23226263
23226755
23240580
23241416
23246121
23249644
23251533
23252111
23253271
23257330
23259741
23261896
23264694
23266174
23268739
23268888
23275384
23277041
23280639
23281544
23284926
23285044
23287408
23287936
23288507
23288563
23291180
23292069
23293406
23298089
23298266
23299310
23299982
23302131
23302570
23305697
23312512
23312736
23315634
23318905
23319544
23330303
23334942
23339446
23340156
23344212
23345800
23349958
23351249
23351629
23354688
23357970
23360716
23361375
23361691
23362873
23366782
23368352
23370322
23379936
23385667
23389316
23399215
23401537
23407644
23407997
23409387
23409992
23416511
23419155
23421573
23421909
23423149
23431343
23432176
23433912
23434187
23435214
23436903
23440392
23441763
23441966
23444783
23453356
23456634
23461125
23462596
23463067
23468510
23469627
23471060
23471717
23472263
23472393
23478379
23483119
23483635
23485595
23489714
23496357
23496518
23497805
23501455
23501838
23502198
23502863
23503641
23506923
23511801
23517161
23518830
23520947
23525651
23526327
23527371
23530359
23533115
23534818
23538024
23545127
23545182
23546161
23562076
23565280
23573377
23573379
23575007
23592181
23594117
23597417
23597535
23603177
23606853
23612733
23613014
23613322
23615060
23618082
23619559
23621666
23622486
23633111
23635189
23637079
23643250
23647961
23649493
23650808
23656224
23662090
23664832
23665447
23665632
23670172
23672312
23672832
23673343
23674149
23675227
23677457
23695945
23697096
23701406
23701938
23701941
23702121
23704134
23706907
23707104
23711346
23713035
23714316
23726336
23728695
23737642
23739182
23742550
23743794
23746559
23750737
23751476
23760225
23763704
23768779
23769241
23770898
23772428
23775959
23779806
23781300
23784089
23785598
23789438
23792172
23792202
23794872
23794903
23797683
23803022
23803264
23806321
23810370
23813922
23816396
23819345
23821714
23824024
23830538
23831891
23834833
23836247
23839589
23841381
23843616
23844956
23845885
23846154
23846574
23846595
23848009
23850475
23854319
23860291
23866952
23867720
23877959
23878114
23883022
23893855
23901448
23902001
23905106
23911530
23911653
23911788
23913270
23914359
23915390
23916771
23918791
23921370
23921516
23923993
23928879
23930599
23934452
23936768
23939308
23941233
23949815
23950442
23950602
23952981
23953579
23962784
23965945
23969213
23972348
23979110
23979607
23982808
23986192
23986846
23987955
23988207
23990102
23991257
23993545
23993841
23996398
23997108
23999790
24003716
24005040
24009193
24011902
24019275
24020303
24020781
24020908
24022741
24024394
24028981
24029504
24031094
24031340
24031688
24035157
24036777
24040476
24042176
24042219
24042429
24050580
24050801
24051369
24066261
24069796
24070705
24071846
24072282
24072995
24078394
24083943
24092960
24093616
24096684
24102419
24102990
24104801
24104915
24106002
24106031
24111819
24112131
24115104
24126153
24127863
24131049
24137356
24147419
24155821
24157618
24158879
24159468
24163188
24163198
24163874
24165272
24166125
24169142
24169238
24172648
24176599
24176652
24176867
24184188
24187077
24188348
24189922
24190452
24196352
24198574
24199401
24200206
24205080
24205340
24207907
24208034
24215275
24225489
24225672
24226177
24227946
24233695
24234662
24237176
24242842
24243184
24253267
24254821
24255216
24255317
24259067
24261155
24261834
24264997
24265663
24266154
24267248
24271688
24272877
24273061
24276917
24280499
24281269
24285313
24292334
24294049
24306020
24311490
24312389
24314385
24329230
24330517
24334651
24340172
24341441
24342260
24343023
24343998
24345681
24346471
24349649
24352526
24356549
24360900
24361385
24361744
24362379
24363128
24368528
24370483
24370797
24373622
24377253
24384272
24385836
24390388
24397267
24398991
24402871
24403087
24403381
24403624
24407310
24413162
24414743
24417371
24421944
24426004
24427575
24430365
24430428
24434227
24438211
24440203
24440386
24441652
24442847
24443680
24449029
24455658
24465802
24470812
24471294
24476165
24477916
24484948
24485681
24493878
24494696
24499682
24503329
24505792
24512961
24514910
24515903
24519218
24519394
24520592
24521695
24528304
24529609
24529927
24533138
24536606
24537497
24537903
24541504
24544254
24548272
24561331
24561974
24573242
24584666
24586128
24588566
24591449
24592910
24600985
24602180
24603456
24605219
24609276
24609956
24612458
24612577
24617087
24617338
24617836
24619694
24621648
24623558
24629373
24631690
24633785
24633944
24636420
24638201
24638474
24639924
24651997
24652108
24659553
24660058
24664720
24669256
24675862
24679579
24679959
24682052
24694209
24694777
24697517
24699636
24703798
24709662
24711357
24713005
24713575
24717488
24718257
24721934
24727042
24728563
24729838
24731220
24739533
24741824
24751655
24752447
24756858
24758605
24761550
24764682
24767731
24768032
24768327
24770074
24780627
24786105
24787004
24796638
24797189
24798790
24800144
24800285
24802864
24806236
24807697
24808838
24809777
24814280
24814552
24816179
24816348
24816955
24817831
24825631
24825669
24826915
24835956
24839738
24842269
24847813
24848854
24850348
24858702
24861684
24863092
24864642
24865429
24872708
24873830
24873989
24882002
24884766
24884847
24887477
24892672
24895586
24897467
24900585
24902214
24903296
24911557
24922780
24925583
24930709
24932271
24938197
24940446
24945990
24947102
24951627
24951652
24952499
24954648
24956262
24956654
24958725
24958792
24961496
24962986
24968590
24971330
24972046
24975340
24977545
24978585
24979426
24984568
24985693
24989188
24992757
24996446
25001426
25002204
25004625
25005047
25007341
25007460
25010641
25011632
25011789
25012168
25018525
25020559
25025855
25029898
25036422
25036904
25038008
25041430
25046176
25047014
25056200
25057011
25058696
25058891
25064648
25073737
25075945
25077561
25078809
25082857
25087517
25089978
25093771
25094026
25094792
25094872
25096035
25098351
25100634
25101628
25103399
25107744
25109729
25112319
25114108
25126492
25126816
25130892
25135328
25141017
25142710
25146383
25146633
25147854
25148139
25156028
25156818
25170198
25171526
25176179
25180166
25180249
25183307
25184853
25184894
25185794
25189650
25190523
25191808
25192326
25192916
25195114
25196125
25197785
25199021
25199292
25199536
25211634
25215178
25215563
25218415
25220553
25222344
25228754
25229171
25231256
25234331
25235028
25235124
25235786
25258803
25269064
25270416
25272707
25276892
25279674
25282031
25284792
25285294
25286852
25289690
25297304
25297801
25301406
25306873
25309890
25313297
25314266
25331137
25335206
25337270
25338714
25339197
25341589
25341919
25343676
25348032
25352685
25353502
25359119
25360282
25371046
25376211
25376723
25378744
25379419
25380280
25384987
25386239
25393219
25393794
25396878
25397565
25404380
25406281
25413693
25425626
25429312
25430528
25430735
25435895
25436997
25440965
25454106
25463883
25466784
25470315
25475048
25478699
25484218
25491019
25491947
25500058
25503247
25505068
25508975
25512185
25519618
25536293
25536762
25540086
25542552
25543551
25545103
25548091
25552413
25558076
25558329
25560135
25561286
25563143
25564698
25582204
25586954
25592376
25594114
25598064
25602871
25605561
25616773
25629676
25634189
25634998
25638135
25639132
25646121
25648496
25651428
25652029
25653719
25662029
25664255
25665119
25665192
25671604
25672428
25676691
25680070
25683386
25690645
25697816
25700742
25700962
25701422
25702580
25713088
25713519
25714518
25720585
25720985
25721421
25724206
25729785
25736368
25736771
25738181
25739801
25740522
25743856
25749734
25756147
25756389
25756480
25756703
25758534
25759823
25764598
25773146
25773155
25773526
25776959
25779107
25779824
25780627
25786822
25794437
25797598
25798576
25799736
25809228
25809426
25810807
25822662
25823626
25825601
25825841
25825977
25827008
25830473
25832718
25836324
25837984
25838206
25841184
25841757
25843427
25844718
25849488
25854227
25854510
25855930
25858984
25861598
25870364
25875022
25878331
25879482
25881761
25887669
25888926
25889698
25892437
25895055
25895072
25899711
25902062
25902871
25908324
25908734
25910668
25916811
25928215
25934321
25936787
25937039
25937158
25937482
25939404
25940851
25942923
25943121
25943870
25945707
25946762
25946980
25950164
25952177
25952495
25952531
25963002
25963103
25964575
25971474
25973003
25975697
25975750
25976013
25976585
25976649
25984770
25988392
26003485
26006166
26006416
26011565
26016265
26019322
26019645
26029930
26032885
26034123
26036570
26038208
26041487
26043665
26047381
26054639
26057554
26059832
26060497
26061080
26062125
26067532
26069507
26072453
26074938
26079072
26079670
26082853
26089077
26089246
26089409
26090798
26091076
26091297
26093152
26095016
26106013
26106464
26107876
26110619
26111936
26116349
26116710
26118278
26119191
26124498
26126480
26130383
26134069
26141920
26143739
26146256
26152056
26154686
26157584
26158816
26163126
26165346
26172101
26178865
26181595
26182273
26183378
26185405
26189692
26207472
26209133
26212854
26213292
26215562
26218495
26220955
26223050
26231980
26232422
26234503
26236708
26244234
26252080
26252114
26253426
26253597
26258648
26265199
26273538
26276556
26276857
26280783
26284026
26285461
26286872
26288768
26293937
26294983
26296143
26301110
26302340
26307641
26309259
26315318
26317380
26324066
26324773
26326763
26338562
26345115
26349380
26351929
26355692
26358451
26360097
26360296
26360406
26364626
26367219
26368449
26370568
26372008
26373493
26375239
26375515
26380803
26381317
26388884
26388985
26392056
26392197
26400949
26402215
26407056
26421363
26428145
26430818
26432794
26433387
26434107
26434927
26435129
26442562
26451272
26451733
26451823
26457158
26457331
26457665
26458248
26459433
26466331
26472080
26472468
26473129
26476188
26476507
26481256
26481777
26482925
26493659
26494923
26495757
26497542
26500288
26500411
26502729
26508029
26508608
26522020
26528912
26530014
26535559
26537630
26538751
26540135
26540325
26548301
26548927
26551682
26551798
26558547
26560658
26564316
26568860
26572382
26576604
26580539
26582323
26583482
26586292
26587728
26588688
26592526
26593123
26597844
26600992
26612785
26618647
26620337
26624173
26625358
26636061
26650453
26655228
26656211
26664339
26671431
26673303
26675578
26677456
26683037
26683898
26684673
26686359
26687388
26689641
26690827
26691832
26692485
26694970
26695589
26695937
26696362
26711339
26713620
26717078
26719186
26719674
26719764
26724390
26726922
26730856
26733082
26733242
26734773
26738749
26741878
26742463
26743724
26744248
26746080
26746371
26749750
26750318
26755559
26755812
26757920
26760202
26765575
26765813
26769461
26773600
26778519
26778984
26779071
26781687
26783299
26785537
26786049
26786148
26786531
26790223
26790415
26791539
26796177
26797805
26800110
26802200
26806027
26809149
26818604
26821266
26822105
26822885
26823398
26830196
26831994
26832903
26840055
26840770
26842611
26844002
26848372
26854097
26855283
26857125
26857320
26860572
26867343
26868884
26874052
26875826
26878570
26879941
26885310
26886501
26887251
26888302
26889847
26894265
26901480
26903121
26905726
26906828
26913817
26915276
26916298
26924372
26925701
26927653
26929482
26929847
26933742
26934636
26941688
26944335
26950096
26953394
26954050
26956156
26956259
26956492
26960357
26960909
26961305
26964166
26968614
26969654
26971191
26972627
26973086
26973893
26975889
26977351
26978760
26980053
26982590
26988282
26996562
26999508
26999850
27003743
27004721
27013082
27015538
27018714
27019310
27021069
27024434
27024726
27032215
27039324
27047762
27055499
27058053
27060113
27065026
27066232
27066646
27069805
27070119
27071263
27075192
27079259
27079566
27081534
27082354
27086908
27095343
27097147
27107434
27111414
27116002
27118503
27118653
27121092
27121279
27122764
27125667
27126507
27128853
27129870
27130264
27130311
27133672
27134512
27134777
27135633
27136704
27137871
27139598
27142520
27144738
27150805
27152681
27153831
27154127
27156633
27174055
27177170
27179084
27179432
27179819
27181568
27181653
27185372
27185493
27187439
27194655
27196911
27203477
27204380
27210975
27212415
27213455
27221105
27225561
27228105
27229227
27232059
27234632
27235256
27237197
27240885
27245103
27247525
27249724
27249857
27250151
27250973
27251649
27251953
27257337
27257831
27264071
27267839
27269108
27271756
27275526
27277495
27282847
27290364
27291933
27295506
27296270
27309753
27315401
27315512
27316711
27319716
27320162
27322163
27330171
27331029
27332809
27338082
27339096
27341786
27348082
27348258
27355486
27358019
27359692
27362184
27365942
27366003
27368422
27368924
27372269
27372400
27372859
27375563
27377973
27378267
27380152
27381729
27386781
27389065
27391361
27392650
27393643
27394055
27399023
27402752
27406037
27414800
27419241
27421831
27424917
27425063
27426857
27431714
27433934
27436040
27437898
27439901
27445805
27446389
27452829
27455786
27456568
27459237
27460482
27463537
27468194
27468648
27469042
27475481
27478233
27478488
27481095
27484982
27489119
27491227
27492209
27495215
27496306
27499091
27499359
27504422
27508213
27511890
27513936
27514170
27518003
27525070
27533739
27534431
27537330
27538231
27538416
27540139
27549467
27550153
27550326
27555437
27556326
27557203
27559247
27560131
27560166
27560674
27561000
27562899
27564877
27566487
27571979
27572504
27577546
27580865
27582814
27583718
27585510
27586447
27588423
27589947
27607366
27612168
27617315
27617885
27624706
27624916
27626425
27630494
27633538
27636240
27638534
27640881
27641422
27646402
27654239
27656527
27660118
27667002
27667263
27669049
27670490
27672931
27672981
27689751
27690409
27696700
27700301
27704034
27711255
27714060
27733103
27734284
27735635
27738954
27739257
27743459
27743698
27745339
27749025
27750551
27755866
27756202
27760254
27764732
27776342
27777279
27781160
27784625
27794957
27795559
27797564
27799793
27804188
27814080
27820242
27820683
27822908
27824191
27827151
27829003
27831941
27832500
27833074
27833883
27838530
27838573
27842975
27846041
27852748
27860211
27865082
27868259
27868721
27874501
27874549
27876946
27881916
27882919
27888806
27890275
27891075
27892886
27895159
27895546
27898766
27906784
27908944
27916816
27921926
27923909
27929297
27929857
27930872
27932809
27935852
27938478
27948853
27957413
27968611
27970528
27977283
27979622
27981186
27981226
27981576
27993245
27993929
27995749
27998681
28000015
28003534
28008481
28014869
28017087
28017588
28018981
28023161
28023525
28024645
28027189
28030523
28030675
28032584
28034938
28036478
28039632
28041450
28045676
28047393
28053116
28055626
28056269
28056520
28058244
28063226
28064115
28069131
28074430
28076234
28076681
28077499
28082177
28083723
28084345
28088406
28096451
28098472
28098853
28100554
28102807
28115885
28119860
28122022
28128821
28130369
28131515
28132894
28133026
28133608
28135783
28138548
28139059
28141000
28142143
28142434
28142970
28143835
28145909
28146187
28148127
28150148
28152324
28152972
28163298
28184012
28187473
28187487
28193944
28194614
28196451
28197415
28201691
28210910
28211157
28213083
28218546
28220837
28223484
28224632
28226263
28231430
28233351
28233696
28233793
28239621
28244463
28247995
28251409
28253061
28255270
28263395
28265097
28266856
28270437
28275188
28285933
28287294
28293322
28293951
28296426
28296646
28299923
28305877
28306507
28310207
28314314
28317917
28319415
28325762
28326698
28328803
28334419
28336058
28342302
28343745
28346455
28348200
28348438
28348700
28350879
28357093
28357758
28357764
28360067
28364210
28366818
28367646
28368975
28370395
28372026
28378743
28378984
28384373
28386248
28391626
28392185
28392801
28393506
28394155
28395462
28396143
28407148
28410337
28411466
28412119
28420771
28427397
28428050
28429587
28430900
28432624
28436039
28438925
28442763
28443484
28445041
28448632
28450366
28454570
28455947
28457976
28459826
28464057
28464738
28466097
28468716
28470322
28470425
28481861
28486572
28489242
28492184
28496004
28497278
28500426
28501589
28503018
28504187
28505537
28506040
28507916
28514206
28516292
28520484
28534065
28537130
28540062
28540870
28543054
28551879
28556506
28556514
28556879
28558570
28562925
28566735
28567510
28569753
28577119
28578071
28582220
28589834
28590417
28591588
28592617
28595325
28595369
28597791
28608113
28608869
28616154
28619824
28622923
28625392
28631299
28632249
28633539
28634006
28634477
28638045
28639338
28644134
28645926
28648997
28649637
28652837
28653164
28659722
28660096
28660810
28667635
28670084
28673088
28674100
28675823
28685679
28690242
28694511
28694836
28697929
28701117
28704659
28706843
28715237
28715448
28716431
28717860
28719975
28726455
28728571
28732729
28734849
28738830
28739072
28741810
28742597
28742630
28746720
28751244
28752470
28754531
28759199
28763249
28763346
28764409
28766672
28772095
28775015
28779118
28782511
28783393
28783661
28797518
28798551
28799469
28799927
28803166
28804362
28805142
28810430
28810478
28820971
28822806
28828500
28830278
28834489
28834728
28835136
28837629
28844103
28847302
28848666
28851415
28855768
28856147
28856185
28857586
28859612
28860427
28861256
28862118
28867396
28867740
28868483
28870163
28872164
28874825
28876065
28876830
28881436
28881557
28883130
28884669
28898958
28899248
28909643
28911299
28915273
28916841
28919559
28920405
28923861
28927766
28930501
28931388
28933042
28933488
28937239
28948006
28954824
28954982
28963799
28966092
28967968
28970888
28973028
28975343
28976659
28978511
28979875
28986478
28993949
28995842
28997475
29000999
29004388
29005531
29016431
29019011
29027525
29060633
29061933
29070525
29072657
29073971
29076704
29081650
29083217
29085575
29086911
29087932
29088213
29090171
29090580
29090952
29091925
29100365
29101527
29105338
29107376
29113210
29113837
29117010
29118865
29118922
29120281
29120607
29130884
29131160
29132009
29140294
29140895
29141783
29144504
29145541
29153201
29163846
29164132
29172016
29173943
29180570
29182907
29183357
29183542
29186607
29190893
29194674
29199351
29199483
29202045
29203635
29205722
29206435
29210790
29211007
29217368
29219287
29219595
29220184
29224225
29226170
29235175
29236003
29236997
29239023
29240957
29241623
29253479
29256467
29257792
29258529
29259911
29262840
29264776
29266273
29267499
29270505
29272461
29273468
29273665
29273808
29274857
29275762
29277112
29282343
29288225
29289017
29290779
29296668
29301937
29304643
29305305
29306603
29306924
29313135
29313898
29314014
29316499
29316755
29317847
29319811
29321083
29325206
29328668
29329881
29334923
29336452
29340228
29340339
29341002
29348787
29353495
29353584
29355385
29357523
29357584
29362646
29363222
29364495
29364910
29366448
29372102
29372238
29372876
29375475
29401864
29402405
29403627
29404535
29416165
29417064
29426264
29428275
29432204
29432618
29434744
29438260
29438486
29439411
29441407
29443312
29446933
29447955
29449163
29453792
29454291
29455116
29456443
29461542
29462406
29463796
29474152
29475063
29477289
29477835
29482019
29482318
29483168
29487430
29492661
29494512
29498928
29502664
29508131
29513846
29515819
29522369
29522730
29524169
29524876
29525535
29529805
29535503
29537715
29542828
29546926
29548366
29549223
29549438
29550764
29550799
29552138
29552928
29554463
29557390
29559151
29566201
29567820
29570952
29571758
29575024
29576895
29579321
29584182
29585651
29594366
29595638
29596655
29601207
29604380
29609862
29610332
29611870
29612894
29615314
29618761
29622333
29627328
29630281
29633009
29633829
29635517
29636721
29636842
29639502
29639711
29640903
29645053
29655309
29658773
29659557
29660048
29666170
29667201
29677054
29691629
29699189
29700258
29707883
29710418
29713326
29718880
29726654
29727557
29729309
29731735
29734264
29742581
29744602
29745080
29752200
29752263
29754982
29760504
29760940
29764458
29771048
29773050
29774690
29775220
29777269
29780581
29780904
29782660
29785448
29785636
29787472
29787533
29790025
29792715
29801078
29809800
29810427
29810732
29814554
29815309
29820013
29821719
29822560
29825956
29826525
29837514
29838969
29844513
29844697
29844752
29846601
29847368
29852645
29855261
29856926
29872466
29874918
29879597
29881001
29881121
29887229
29888297
29897651
29899825
29901965
29904068
29906582
29907029
29912285
29913166
29916426
29924801
29934479
29934961
29948885
29949612
29950105
29953285
29958374
29959543
29972366
29973094
29979037
29980686
29982396
29983259
29987136
29990556
30000239
30000425
30006255
30011150
30014088
30019515
30020038
30020522
30020796
30039987
30042660
30043314
30043352
30051265
30051343
30051391
30052099
30053830
30054302
30055699
30059939
30062624
30068969
30075820
30078693
30085070
30086124
30086138
30095245
30096527
30105089
30107979
30108944
30109553
30110592
30112166
30115105
30119411
30121209
30123761
30126377
30127478
30137027
30137325
30137388
30141119
30146200
30148713
30150374
30153718
30162090
30164885
30164958
30170840
30171297
30171568
30177153
30178122
30179099
30180770
30183813
30186216
30193764
30196297
30197053
30201117
30202566
30204334
30209997
30213395
30214696
30215034
30215251
30226561
30229978
30230684
30231152
30232777
30239387
30242104
30245661
30251945
30252220
30252928
30253140
30255205
30257119
30257151
30257165
30259143
30259361
30260762
30267836
30268010
30271346
30271836
30272042
30272562
30278727
30286450
30291456
30291647
30293369
30296275
30308698
30318359
30319853
30322133
30322656
30326030
30327838
30336483
30337272
30339397
30340346
30340959
30343145
30345379
30345543
30346719
30350226
30350950
30351586
30352715
30354836
30356398
30358326
30367379
30367825
30367931
30372388
30374728
30383441
30387474
30387907
30387934
30388146
30391898
30392089
30406672
30408036
30412080
30414173
