4074
42941
43683
44133
45052
46255
46600
57126
66420
69524
74347
74398
74853
75397
76774
79884
85208
121671
132545
156081
157673
158944
169519
185881
196633
205620
206116
267126
278234
296515
299634
323525
324578
325402
333778
335510
335714
337540
344728
350220
350282
351227
351730
369943
404151
414943
416198
422722
422878
423049
424979
425629
439637
447099
482178
487848
494223
500116
524905
539116
544499
558099
582658
589932
596943
631050
646234
676677
676907
676910
700720
701442
703629
708435
734844
755152
756384
757688
759676
759903
764333
764902
771620
783379
788551
790983
809741
809961
810604
825241
827468
841203
841225
845015
852070
855505
864360
867070
874047
877645
885276
894793
896969
905856
941456
954967
973468
973555
973559
979508
995271
996634
1002683
1029116
1039620
1048205
1055777
1060023
1061906
1066858
1077082
1089256
1090679
1096444
1097424
1101980
1103516
1105550
1129087
1135065
1138837
1161237
1162022
1162025
1165318
1223250
1230404
1230419
1246911
1253311
1257008
1259177
1259183
1262618
1282807
1317517
1323800
1329357
1342876
1353199
1371375
1376820
1386157
1390682
1398476
1408498
1449505
1449508
1449671
1451422
1451493
1451494
1458175
1459454
1459808
1460781
1498739
1498763
1522713
1539451
1542674
1546522
1546527
1547043
1547967
1548094
1572078
1599560
1602181
1605043
1605067
1606334
1610674
1637557
1643870
1692150
1721152
1725870
1730024
1743148
1746235
1746908
1750124
1752521
1755580
1755890
1758495
1777504
1792421
1798927
1800929
1816590
1816726
1829273
1833836
1838853
1842274
1845719
1847826
1851899
1860047
1861619
1861751
1861855
1879506
1928521
1937262
1953310
1963877
1964580
1994281
2015896
2016078
2021782
2040731
2077159
2092089
2092255
2092440
2107341
2111881
2114537
2120042
2131552
2167079
2169752
2171215
2185220
2187500
2192543
2231603
2246902
2274889
2304557
2306486
2314667
2330897
2332327
2335260
2335266
2340421
2354283
2375828
2380835
2381819
2384260
2384261
2387490
2412925
2420638
2426841
2439024
2455640
2465821
2479094
2504981
2510353
2535668
2539447
2540736
2551656
2562998
2572672
2577096
2605486
2605487
2649016
2677397
2700094
2704039
2708115
2716016
2716263
2716577
2723362
2730821
2734214
2741478
2773043
2799161
2826297
2837233
2852501
2858901
2868167
2869569
2879187
2885755
2888386
2906411
2940254
2965299
2988208
2996220
3042651
3042915
3046580
3048046
3062690
3072535
3096059
3124979
3149193
3151032
3151832
3152362
3157239
3161181
3194212
3219203
3219624
3227807
3228701
3309651
3309945
3310638
3365455
3394900
3403659
3406567
3410229
3410234
3428305
3465715
3467318
3502454
3518635
3519085
3520585
3523790
3526334
3526405
3539327
3539477
3539705
3541042
3541289
3567795
3569456
3576698
3600315
3610135
3617225
3617339
3627783
3637069
3643931
3643955
3654476
3654839
3657085
3686528
3686706
3687727
3697129
3698252
3704851
3743633
3760815
3765942
3772155
3773226
3775830
3797598
3837199
3846173
3847248
3866103
3866270
3889576
3899309
3907478
3924408
3928379
3929840
3933527
3933882
3947449
3947515
3961187
3970620
3977412
3991239
3993573
4005543
4025842
4044810
4063975
4072901
4078542
4078562
4087695
4103406
4118507
4119383
4126000
4218817
4223112
4224536
4242092
4254759
4282832
4285486
4287871
4287879
4288521
4288697
4288733
4288836
4288860
4330740
4331499
4341196
4343583
4344818
4368934
4388866
4395740
4399702
4401786
4401818
4401830
4406998
4409468
4458256
4458355
4485460
4490652
4494286
4494753
4494847
4500007
4507012
4508431
4510044
4510106
4517376
4521615
4533158
4533348
4548443
4549176
4566089
4579683
4622175
4629776
4635629
4641248
4642311
4650526
4689076
4702969
4707031
4721194
4757619
4775722
4775730
4784576
4786626
4796491
4796513
4796647
4818463
4828699
4842238
4876178
4880591
4889138
4980298
4981972
4994394
5003132
5007330
5015822
5042418
5059669
5071722
5074790
5074801
5153860
5154717
5228489
5245367
5248698
5250796
5255728
5260713
5260905
5268953
5278058
5278218
5278262
5278819
5278914
5278972
5278986
5279146
5279205
5279462
5279542
5279849
5280284
5281087
5281566
5281811
5281840
5282421
5283367
5283425
5285152
5286160
5286430
5313812
5322425
5334706
5346351
5349352
5381037
5387146
5389196
5390038
5395114
5395789
5397148
5399578
5424448
5426434
5431527
5431827
5437283
5437342
5454076
5454080
5454581
5455195
5457080
5458627
5471633
5473539
5480326
5486500
5488372
5493180
5493181
5524139
5529918
5529937
5531115
5552059
5567355
5577502
5578251
5587124
5588205
5589094
5589475
5590247
5599266
5608434
5608536
5608930
5609086
5609099
5626488
5629315
5651408
5677499
5678565
5680063
5692568
5696964
5704591
5770812
5792730
5798269
5798473
5845270
5847040
5847046
5847056
5849567
5862280
5863076
5867709
5867719
5871187
5888340
5900902
5919108
5929351
5933192
5951048
5983073
5985740
6010670
6029047
6046251
6064555
6066011
6066867
6068501
6093787
6099608
6099737
6101078
6109085
6111346
6112301
6115052
6136992
6160416
6162355
6168279
6172839
6183381
6192063
6214236
6229904
6237585
6247199
6249982
6255220
6259380
6264211
6270498
6270516
6290975
6292389
6295217
6310538
6332402
6345375
6345663
6345869
6351405
6351444
6354300
6359472
6362499
6368408
6369852
6370436
6375145
6376912
6378480
6378618
6378640
6378644
6378648
6393554
6393571
6403400
6405219
6406444
6415897
6436777
6442297
6454061
6454064
6465041
6477605
6484045
6492973
6495117
6495176
6495181
6511641
6514893
6515070
6637420
6639255
6651772
6675329
6698435
6714141
6717133
6717506
6717885
6721946
6731169
6739079
6739119
6739452
6743226
6759555
6770281
6772245
6773223
6785128
6785148
6794846
6804470
6808713
6809835
6810302
6814792
6837545
6837672
6838378
6838750
6838781
6859329
6892912
6903642
6913983
6914909
7014496
7052140
7067008
7103697
7106038
7120381
7122314
7124783
7125440
7135321
7136658
7143082
7143190
7144454
7148614
7180562
7181607
7182358
7182361
7182938
7201120
7220353
7221629
7226554
7234662
7286649
7286825
7288370
7293037
7293536
7294960
7303614
7307445
7307706
7318760
7321754
7327275
7327567
7349196
7351632
7361110
7390842
7412383
7424108
7438845
7438868
7442581
7442709
7453883
7457326
7457593
7462089
7467651
7468959
7471675
7502386
7504282
7504367
7508382
7513755
7519587
7522031
7527053
7529432
7529560
7531204
7540515
7573049
7576448
7576849
7580140
7580404
7582931
7591507
7593716
7594310
7594493
7600145
7603137
7609822
7640651
7640677
7642689
7646791
7649807
7664256
7672884
7684228
7700574
7708692
7710973
7711407
7716795
7723075
7732802
7734393
7734720
7738599
7755925
7759706
7774083
7797735
7850926
7851400
7866200
7867266
7880048
7887875
7888557
7891716
7892615
7895906
7898422
7900903
7900929
7902170
7910882
7921233
7926079
7928378
7929647
7932673
7942030
7945578
7950140
7951555
7955762
7968489
7968786
7981634
7997448
8000375
8002697
8003616
8027869
8028029
8035365
8035447
8035795
8035932
8036255
8042616
8047735
8064584
8067285
8075841
8099630
8108472
8120956
8126089
8126669
8138359
8138762
8140290
8142251
8145596
8145631
8158290
8170057
8170188
8174657
8180400
8189190
8190620
8192646
8194008
8195555
8195881
8198942
8199377
8207187
8208849
8210175
8210301
8210328
8214149
8219074
8219107
8219108
8219204
8219346
8233508
8237505
8237895
8248167
8264598
8266700
8267196
8270406
8274974
8281221
8297838
8302445
8305514
8311059
8327542
8331710
8364500
8365482
8366695
8371457
8397877
8397878
8399967
8400881
8400998
8408079
8414787
8415912
8418641
8430849
8432814
8440494
8443756
8453584
8473801
8474396
8491493
8492448
8493307
8494196
8494900
8494904
8495420
8497369
8538332
8538728
8538736
8546753
8549273
8557632
8574552
8591800
8593138
8593377
8599255
8610873
8611042
8613801
8613978
8619049
8619499
8639538
8649399
8668486
8694881
8694922
8702873
8709225
8730389
8730390
8746295
8763247
8763286
8767032
8768826
8772893
8797165
8803822
8819913
8836572
8836820
8836911
8848533
8858919
8863676
8872477
8883854
8891603
8935274
8944077
8944086
8947057
8949375
8978306
8987184
8994326
8994422
8996094
9008354
9010086
9010090
9010092
9010110
9017843
9023030
9024125
9032658
9046552
9046655
9048205
9053702
9060399
9065305
9092657
9128746
9137929
9138680
9138900
9142598
9148887
9153583
9156852
9166916
9178323
9187340
9198027
9202610
9203107
9203488
9203523
9212096
9218104
9222921
9228744
9229346
9229864
9233529
9234522
9236233
9249880
9260733
9260837
9267052
9267056
9269392
9270725
9289238
9291511
9312227
9317513
9322599
9349323
9361394
9361886
9361950
9362490
9363415
9367772
9371407
9372485
9375424
9378546
9391516
9391684
9393654
9418272
9466094
9466095
9466225
9468930
9472039
9473158
9483391
9497318
9500203
9501435
9506937
9516112
9520835
9525156
9527767
9529499
9529519
9534051
9575108
9581259
9600618
9607720
9607922
9610894
9614823
9614832
9615076
9615196
9615234
9615260
9618990
9619046
9625196
9629384
9629395
9634097
9643398
9651703
9657960
9675030
9680975
9692057
9697986
9698255
9698717
9706275
9710487
9711363
9713554
9714349
9736642
9740884
9754086
9766411
9767139
9767241
9767242
9767356
9768022
9768099
9768403
9768584
9768863
9769217
9769227
9769438
9769603
9771988
9773812
9775630
9781616
9792523
9792703
9793193
9810552
9815566
9815577
9825765
9825787
9830232
9830659
9837698
9843072
9852764
9857087
9861531
9866655
9875257
9889639
9890682
9890916
9904789
9930852
9936217
9946059
9977631
9979256
9979265
10000496
10005010
10008789
10012554
10020953
10046715
10049054
10049282
10049405
10103516
10136661
10148248
10149444
10154655
10163837
10164150
10191655
10212521
10223271
10223295
10223443
10239728
10304686
10308099
10308912
10320285
10320891
10359660
10374797
10374833
10381415
10392112
10394270
10402200
10416739
10433610
10502131
10503722
10506960
10513917
10513926
10514076
10514396
10526057
10534214
10576696
10590942
10603121
10617699
10631247
10636006
10664734
10667049
10683275
10696333
10696340
10696782
10697436
10699010
10700006
10709745
10730044
10743422
10763608
10765120
10765380
10802880
10816890
10816986
10825372
10826775
10834664
10844639
10846399
10866940
10867683
10868660
10883621
10884543
10893838
10895480
10913624
10926617
10926618
10926624
10945633
10945806
10955243
10955539
10962569
10966678
10966686
10999249
11003501
11003505
11029939
11037995
11064076
11072123
11111083
11111090
11117932
11122242
11132477
11133818
11148876
11184313
11246000
11273065
11287776
11288783
11294422
11309183
11311006
11317243
11325026
11325176
11325386
11325525
11325600
11325647
11325649
11337018
11351996
11375142
11382095
11401060
11404985
11410193
11410499
11410839
11431153
11438662
11444294
11449151
11498124
11498206
11498669
11500901
11510145
11511411
11517866
11517921
11521692
11530496
11544890
11545848
11587476
11608786
11676580
11691343
11691386
11691418
11691475
11691481
11691485
11691492
11691548
11691598
11699311
11717494
11731294
11736721
11748151
11766924
11782627
11793907
11794357
11794654
11795182
11795860
11795941
11796568
11797076
11797748
11820871
11823031
11845674
11860419
11880137
11885949
11886016
11887689
11891808
11898744
11899859
11910271
11959830
12013721
12016777
12053796
12062556
12062897
12074841
12075380
12093331
12095418
12097143
12100092
12110696
12140194
12152371
12155022
12155026
12157769
12165107
12176722
12190924
12198078
12203564
12252621
12262343
12276208
12276461
12278033
12278766
12318751
12320279
12333736
12353374
12367716
12372168
12374911
12426684
12428358
12467780
12505740
12513433
12555249
12574937
12574939
12608264
12639709
12655516
12669478
12672098
12672213
12672252
12711524
12730846
12735178
12738255
12738265
12798433
12892180
12892216
12892349
12970549
12971315
12971342
12971371
12971436
12971454
12971630
12971642
12971756
12971757
12971811
12971836
12971929
12971969
12971983
12972097
12972129
12972239
12972268
12972558
12972581
12972686
12972911
12972917
12973030
12973043
12973068
12973126
12973575
12973887
12974054
12974109
12974110
12974124
12974179
12974213
12974260
12974271
12974279
12974363
12974536
12974689
12974716
12974825
12974893
12975107
12975115
12975298
12975793
12976232
12976278
12976355
12976425
12976652
12976839
12976867
12976872
12976988
12977067
12977330
12977378
12977502
12977544
12977587
12977590
12977627
12977671
12977919
12977970
12978118
12978224
12978271
12978304
12978306
12978420
12978432
12978523
12978553
12978561
12978751
12978860
12978864
12979076
12979361
12979388
12979471
12979591
12979596
12979791
12979977
12980183
12980300
12980371
12980510
12980521
12980537
12980568
12980687
12980937
12980991
12981081
12981186
12981269
12981487
12981519
12981633
12981755
12986734
13102341
13102705
13102905
13103666
13191855
13200827
13204634
13205739
13205755
13206690
13206809
13207013
13207193
13207270
13207358
13207434
13207498
13207503
13207561
13207718
13207818
13208194
13208631
13208672
13208839
13208961
13208977
13209347
13209539
13209592
13209637
13210514
13210696
13210773
13211309
13211548
13211646
13212361
13245194
13245325
13258285
13258330
13258358
13258711
13258804
13294704
13298017
13343180
13455130
13455162
13496772
13504624
13506233
13507588
13535014
13536468
13557728
13567188
13585149
13586987
13587091
13587094
13587116
13587160
13587288
13587334
13587416
13587427
13587438
13587457
13587462
13587489
13587585
13587592
13589009
13589087
13589121
13589260
13589261
13589446
13589831
13589835
13589837
13590184
13590264
13590898
13590900
13591845
13591861
13591966
13592043
13592572
13593064
13594137
13594436
13595490
13596411
13596484
13597529
13598212
13598517
13598551
13598577
13598585
13600250
13600280
13641048
13641069
13641247
13641314
13641403
13641411
13641478
13641828
13641872
13641894
13641938
13641959
13641999
13642090
13642584
13642592
13642649
13642657
13642720
13642753
13642848
13642902
13642918
13643075
13643108
13655306
13655502
13655721
13655733
13655804
13655832
13655850
13656028
13656070
13656071
13656675
13656694
13656722
13656831
13656833
13656872
13656900
13657072
13657093
13657158
13657225
13657250
13657271
13657292
13669929
13669935
13670547
13670988
13670999
13684290
13684711
13685811
13686551
13690371
13690548
13690561
13700442
13700548
13705732
13705813
13705955
13706162
13706240
13706309
13706323
13706359
13706553
13706628
13707802
13708096
13708763
13708844
13709775
13709833
13709858
13709894
13709924
13710024
13710025
13710252
13710774
13711458
13712248
13712345
13714997
13718411
13718592
13721212
13721546
13721556
13723239
13723910
13725666
13728398
13737606
13746135
13748930
13749995
13750814
13750817
13751172
13751466
13751467
13751481
13751562
13751704
13757715
13758955
13771165
13771203
13774025
13774787
13778564
13778565
13779275
13779313
13781112
13791612
13791904
13793361
13800814
13802080
13805776
13809688
13809879
13809882
13810030
13812310
13813321
13813633
13814113
13814441
13814775
13814827
13814833
13814883
13814910
13815826
13826493
13831265
13835094
13835101
13835139
13835285
13835504
13835516
13835520
13835527
13838469
13838988
13839002
13839010
13839098
13839127
13839865
13845413
13845457
13845785
13845815
13845837
13852822
13852901
13852933
13853345
13853725
13853755
13853893
13854290
13855308
13855960
13856765
13856776
13857314
13858990
13862093
13862115
13862546
13864072
13868522
13869789
13869888
13869910
13898822
13916936
13917088
13917259
13955864
13956455
13958269
13958555
13959342
13962305
13962445
13963003
13963008
13963361
13963366
13963532
13990491
13992242
13992367
14026840
14026956
14027440
14047328
14047334
14047631
14082726
14082996
14089850
14166183
14173427
14173459
14173517
14174455
14175954
14176352
14176840
14178806
14179307
14179905
14180253
14180325
14181573
14182762
14182940
14184170
14184474
14184657
14187059
14187145
14187651
14188769
14189048
14189090
14190546
14190652
14191497
14191854
14192121
14192268
14192350
14192565
14193272
14193389
14193531
14193613
14193745
14193896
14193972
14194175
14194519
14194786
14194933
14195015
14195230
14195675
14195685
14195887
14195933
14196383
14200076
14203681
14203798
14203858
14203940
14204022
14204154
14204305
14204381
14204584
14204772
14204783
14204927
14205194
14205617
14206896
14207400
14207637
14207973
14208082
14208323
14208327
14210085
14210367
14210458
14210639
14211232
14211383
14211390
14211401
14211414
14211441
14211448
14211485
14211522
14211624
14211738
14212221
14212237
14212338
14212408
14212454
14212458
14212480
14212601
14212630
14212719
14212729
14212740
14212856
14213980
14214681
14214727
14214854
14214924
14215330
14215498
14215612
14215652
14215731
14216159
14216269
14216298
14216488
14217447
14217620
14217623
14217797
14217832
14217834
14218014
14218130
14218188
14218830
14218998
14219795
14220658
14220666
14222947
14223193
14223641
14223742
14223773
14223878
14223903
14224161
14224229
14224317
14224342
14224382
14224499
14224943
14224963
14225002
14225013
14225099
14225159
14230118
14261414
14267015
14267049
14273641
14273878
14273891
14274034
14274858
14274867
14274965
14275253
14275482
14276241
14276624
14276966
14277019
14278731
14279017
14279795
14280691
14282990
14284051
14284333
14284904
14313767
14314912
14475624
14475646
14475799
14475957
14476036
14476047
14476068
14528839
14528869
14532763
14534913
14629325
14671601
14685009
14714305
14746639
14753183
14783476
14788292
14810952
14827243
14861988
14862531
14885261
14895376
14895600
14901030
14903374
14903410
14903991
14922170
14930927
14933437
14967042
14997947
14997969
14998365
14998939
14999523
14999580
14999821
14999842
14999921
15000056
15000251
15001259
15001379
15001485
15001596
15050269
15065924
15067147
15067163
15068615
15070431
15086578
15086582
15122289
15124611
15141063
15141076
15143350
15143362
15163146
15179308
15187949
15220718
15283995
15284016
15284017
15289585
15290189
15290308
15290429
15293505
15293934
15300719
15300787
15300829
15300859
15301343
15301599
15301780
15302219
15304588
15305530
15376948
15382039
15429368
15429373
15563243
15623263
15632681
15649609
15649658
15660051
15669928
15683077
15683553
15688054
15698841
15698882
15698913
15699013
15699565
15716686
15716936
15716947
15717241
15717282
15719045
15897560
15954268
15962166
16066524
16149556
16208016
16208021
16208662
16208732
16208845
16208989
16209091
16259263
16259294
16259303
16259340
16259460
16348426
16411999
16437128
16437158
16437220
16437226
16437301
16437357
16451595
16482443
16482450
16501163
16568348
16694105
16694106
16716922
16716996
16768584
17008727
17107565
17107998
17108607
17116609
17425103
17841426
17866635
18723951
18723998
18724050
18724123
18724128
18724402
18724439
18724448
18724477
18724515
18724594
18724705
18724737
18724762
18724787
18724868
18724934
18724935
18724952
18724963
18725035
18725241
18725267
18726325
18726665
18726680
18726783
18792800
18794150
20726443
20726663
20726954
21006635
21990312
22234895
22239844
22771635
22842953
