489316
490752
490927
491259
491358
491579
492016
492134
492150
492474
492717
492720
492781
492820
493031
493046
493116
493133
493161
493232
493281
493367
493460
493477
493482
493533
493753
493763
493998
494000
494018
494047
494216
494234
494240
494331
494417
494480
494689
494803
494953
494976
494980
495003
495012
495094
495129
495132
495136
495150
495265
495268
495306
495334
495345
495366
495383
495445
495447
495455
495468
495493
495512
495515
495522
495532
495536
495582
495597
495636
495638
495662
495699
495720
495785
495795
495820
495827
495852
495909
495950
495960
495961
495987
496003
496072
496073
496073
496075
496122
496256
496289
496308
496341
496348
496351
496355
496356
496384
496415
496418
496466
496467
496481
496482
496497
496530
496596
496597
496601
496615
496627
496631
496637
496672
496676
496693
496704
496718
496774
496779
496795
496823
496833
496858
496865
496868
496900
496902
496903
496953
496963
496976
496997
496998
497022
497026
497027
497041
497061
497062
497065
497074
497085
497103
497124
497162
497162
497186
497191
497194
497195
497221
497244
497249
497260
497265
497268
497293
497304
497317
497318
497344
497351
497363
497364
497375
497388
497393
497406
497411
497436
497459
497462
497477
497486
497506
497525
497543
497544
497588
497598
497608
497635
497637
497645
497713
497732
497737
497767
497773
497796
497802
497816
497840
497841
497853
497859
497867
497887
497900
497927
497953
497969
497978
497988
497995
498024
498046
498062
498072
498089
498099
498108
498130
498136
498155
498168
498182
498187
498192
498197
498204
498214
498224
498227
498279
498293
498317
498321
498332
498336
498349
498367
498387
498400
498406
498423
498439
498451
498456
498463
498471
498477
498479
498490
498491
498508
498523
498527
498534
498556
498559
498574
498576
498579
498584
498595
498597
498602
498608
498615
498627
498633
498651
498652
498659
498661
498662
498663
498671
498672
498703
498705
498718
498719
498734
498738
498746
498774
498778
498798
498846
498847
498848
498866
498876
498881
498884
498917
498943
498945
498976
498977
498979
498996
498998
499007
499012
499029
499037
499044
499047
499058
499076
499077
499079
499085
499089
499091
499097
499103
499114
499139
499144
499179
499184
499191
499196
499197
499199
499213
499226
499229
499241
499251
499262
499268
499270
499272
499273
499279
499286
499288
499306
499315
499318
499327
499335
499339
499344
499344
499351
499356
499375
499384
499396
499407
499424
499429
499434
499436
499444
499446
499448
499455
499463
499468
499470
499475
499484
499487
499507
499512
499513
499519
499528
499534
499543
499554
499565
499594
499607
499610
499619
499623
499628
499635
499636
499637
499645
499648
499649
499654
499655
499658
499662
499664
499666
499673
499689
499700
499719
499720
499735
499748
499757
499763
499765
499772
499775
499810
499811
499824
499829
499831
499835
499841
499842
499844
499851
499859
499861
499864
499867
499871
499873
499880
499884
499892
499905
499907
499933
499941
499944
499947
499957
499967
499968
499973
499991
499998
500004
500007
500035
500037
500040
500043
500053
500075
500078
500080
500083
500085
500100
500107
500109
500111
500115
500120
500138
500140
500143
500146
500148
500158
500160
500165
500168
500171
500172
500178
500179
500181
500183
500186
500207
500220
500227
500240
500247
500248
500255
500261
500269
500270
500281
500282
500283
500288
500290
500291
500302
500304
500318
500319
500320
500327
500331
500345
500361
500363
500383
500393
500396
500401
500403
500408
500427
500431
500453
500465
500466
500467
500485
500489
500491
500500
500503
500509
500512
500516
500517
500523
500524
500539
500541
500546
500568
500571
500573
500575
500577
500579
500582
500586
500602
500603
500612
500615
500623
500628
500633
500638
500649
500665
500679
500681
500682
500683
500685
500688
500695
500698
500702
500704
500709
500712
500720
500725
500731
500739
500744
500750
500755
500757
500766
500777
500780
500782
500784
500785
500787
500793
500801
500806
500809
500816
500819
500821
500825
500830
500832
500833
500834
500839
500841
500842
500844
500846
500848
500852
500860
500861
500863
500868
500879
500895
500896
500897
500908
500911
500914
500921
500942
500948
500950
500952
500956
500966
500980
500987
500992
501006
501009
501015
501032
501036
501038
501053
501072
501077
501079
501085
501090
501091
501096
501100
501115
501121
501125
501130
501133
501139
501141
501146
501154
501157
501159
501164
501168
501181
501182
501183
501184
501188
501189
501190
501192
501205
501211
501220
501226
501236
501238
501239
501240
501249
501258
501263
501264
501271
501276
501297
501299
501302
501308
501317
501322
501327
501330
501339
501355
501357
501359
501362
501369
501375
501381
501389
501391
501404
501415
501417
501419
501426
501429
501431
501432
501439
501445
501453
501458
501460
501461
501465
501477
501483
501490
501493
501496
501520
501525
501541
501542
501548
501550
501552
501555
501568
501569
501571
501575
501577
501580
501582
501585
501592
501598
501602
501611
501613
501618
501632
501636
501639
501645
501646
501656
501675
501677
501685
501688
501711
501714
501719
501724
501726
501733
501741
501742
501753
501756
501764
501768
501771
501772
501777
501783
501790
501807
501812
501813
501816
501818
501819
501824
501831
501834
501836
501843
501865
501868
501869
501873
501878
501885
501893
501904
501905
501914
501917
501926
501933
501943
501944
501945
501947
501949
501952
501954
501956
501966
501967
501968
501970
501971
501973
501974
501977
501983
501986
501997
502002
502003
502011
502014
502031
502034
502036
502037
502044
502061
502062
502069
502077
502081
502086
502101
502108
502109
502116
502119
502132
502136
502138
502142
502143
502146
502146
502147
502163
502176
502178
502184
502187
502199
502222
502224
502229
502237
502239
502245
502247
502250
502251
502254
502266
502269
502272
502276
502290
502295
502299
502300
502311
502312
502315
502323
502324
502329
502333
502345
502348
502353
502354
502356
502359
502362
502364
502365
502374
502385
502401
502403
502410
502417
502433
502444
502465
502468
502469
502475
502477
502480
502482
502488
502508
502510
502520
502524
502539
502541
502544
502556
502557
502560
502562
502563
502567
502573
502578
502579
502583
502588
502594
502595
502596
502603
502610
502628
502632
502634
502640
502643
502652
502655
502658
502661
502671
502672
502678
502689
502709
502714
502716
502728
502729
502731
502733
502737
502740
502746
502761
502762
502773
502779
502781
502788
502790
502792
502794
502803
502804
502805
502811
502817
502818
502833
502836
502838
502866
502874
502875
502885
502888
502892
502906
502910
502921
502928
502929
502931
502942
502946
502950
502954
502957
502962
502964
502970
502973
502974
502975
502982
502984
502992
503000
503012
503022
503023
503025
503027
503028
503030
503032
503034
503039
503042
503046
503050
503055
503058
503073
503086
503087
503096
503097
503098
503103
503105
503110
503118
503121
503129
503130
503136
503138
503140
503142
503147
503151
503157
503166
503175
503177
503180
503184
503188
503190
503197
503206
503208
503211
503215
503224
503230
503232
503235
503242
503245
503246
503248
503259
503265
503269
503271
503280
503285
503295
503298
503300
503301
503305
503307
503312
503314
503316
503317
503336
503337
503345
503349
503352
503353
503356
503357
503359
503364
503379
503388
503403
503407
503410
503415
503417
503423
503425
503441
503443
503444
503450
503454
503457
503461
503467
503479
503480
503483
503484
503490
503496
503502
503504
503517
503519
503528
503531
503534
503541
503546
503556
503558
503562
503563
503566
503570
503572
503573
503577
503582
503585
503595
503596
503603
503605
503610
503624
503637
503650
503655
503660
503667
503670
503678
503680
503683
503699
503719
503723
503731
503743
503744
503752
503756
503758
503768
503776
503779
503781
503784
503786
503787
503789
503790
503796
503806
503809
503810
503824
503827
503839
503842
503849
503851
503854
503856
503858
503870
503881
503883
503885
503886
503888
503910
503915
503922
503925
503950
503956
503965
503970
503971
503977
503979
503982
504007
504011
504015
504029
504031
504038
504041
504043
504044
504046
504047
504053
504056
504063
504066
504069
504070
504073
504076
504082
504083
504089
504107
504109
504110
504115
504121
504123
504127
504131
504132
504134
504141
504143
504145
504152
504158
504166
504171
504174
504175
504182
504185
504192
504197
504202
504206
504214
504217
504223
504229
504230
504241
504242
504255
504257
504258
504260
504265
504269
504270
504301
504309
504319
504323
504325
504331
504334
504348
504353
504362
504368
504371
504379
504391
504392
504395
504403
504416
504419
504423
504426
504433
504436
504437
504457
504473
504475
504486
504514
504518
504525
504534
504535
504539
504547
504554
504557
504558
504559
504563
504573
504578
504581
504584
504585
504588
504596
504598
504605
504606
504610
504614
504619
504634
504641
504647
504652
504655
504656
504658
504664
504675
504684
504701
504702
504704
504705
504708
504720
504721
504729
504733
504735
504741
504742
504743
504752
504765
504769
504807
504813
504822
504824
504825
504829
504834
504838
504841
504843
504845
504853
504863
504870
504881
504883
504904
504906
504907
504907
504914
504917
504921
504930
504932
504933
504944
504945
504954
504960
504963
504972
504987
504991
505000
505013
505015
505020
505025
505057
505077
505078
505085
505098
505101
505103
505109
505115
505119
505141
505142
505146
505160
505162
505164
505168
505184
505195
505216
505243
505245
505246
505267
505284
505286
505295
505318
505324
505326
505331
505333
505346
505353
505354
505357
505358
505370
505375
505379
505397
505411
505416
505421
505426
505431
505455
505475
505478
505482
505483
505487
505488
505494
505498
505506
505514
505515
505516
505518
505524
505526
505527
505528
505531
505532
505542
505544
505547
505555
505557
505563
505577
505586
505597
505608
505614
505622
505637
505643
505649
505651
505654
505693
505704
505718
505719
505723
505727
505730
505737
505741
505755
505774
505785
505789
505791
505793
505801
505809
505810
505811
505816
505839
505844
505851
505852
505874
505890
505906
505910
505925
505927
505928
505940
505948
505949
505955
505957
505963
505965
505966
505970
505972
505980
505987
505989
505990
506005
506012
506030
506035
506036
506038
506044
506052
506056
506060
506064
506071
506077
506085
506088
506094
506095
506100
506103
506124
506179
506199
506208
506211
506226
506239
506241
506243
506256
506260
506322
506328
506333
506335
506344
506345
506358
506379
506383
506386
506413
506424
506430
506433
506439
506448
506456
506474
506514
506534
506536
506537
506543
506544
506546
506547
506562
506574
506579
506581
506582
506592
506597
506598
506600
506603
506612
506618
506636
506649
506659
506672
506684
506695
506715
506720
506727
506761
506768
506774
506790
506803
506821
506827
506837
506839
506843
506844
506849
506861
506865
506869
506873
506877
506879
506881
506910
506919
506922
506923
506945
506954
506973
506974
506982
506986
506987
506991
507027
507031
507041
507044
507050
507052
507062
507069
507077
507082
507099
507101
507107
507110
507118
507121
507128
507137
507141
507142
507151
507152
507154
507160
507172
507174
507176
507193
507199
507208
507209
507218
507222
507224
507254
507257
507264
507272
507276
507292
507303
507307
507310
507311
507324
507334
507337
507348
507361
507387
507391
507392
507404
507425
507429
507433
507435
507436
507443
507449
507453
507454
507468
507476
507489
507512
507523
507528
507543
507548
507579
507603
507604
507605
507620
507626
507628
507652
507654
507666
507688
507691
507693
507708
507721
507723
507735
507737
507742
507750
507759
507779
507796
507832
507834
507838
507843
507847
507881
507882
507886
507908
507933
507946
507967
507988
507992
508000
508045
508055
508061
508063
508064
508068
508089
508129
508136
508138
508159
508172
508180
508195
508214
508224
508226
508229
508235
508243
508267
508269
508283
508293
508296
508300
508313
508316
508319
508324
508327
508338
508349
508369
508399
508400
508406
508416
508423
508438
508446
508450
508453
508463
508481
508507
508510
508540
508542
508557
508578
508610
508651
508663
508680
508683
508685
508690
508703
508705
508710
508756
508761
508765
508767
508778
508842
508847
508858
508869
508905
508927
508939
508942
508974
508992
509026
509027
509059
509116
509135
509159
509167
509199
509264
509294
509330
509360
509380
509383
509407
509408
509419
509431
509475
509479
509497
509519
509530
509531
509535
509544
509570
509586
509622
509623
509635
509638
509654
509663
509668
509671
509701
509732
509746
509751
509806
509819
509836
509845
509854
509864
509954
509972
510002
510028
510110
510112
510144
510244
510323
510392
510433
510508
510523
510539
510555
510580
510622
510633
510672
510680
510693
510795
510875
510904
510940
510955
510981
510991
511088
511099
511118
511239
511283
511294
511347
511361
511378
511438
511440
511505
511565
511608
511640
511671
511714
511844
511921
512093
512198
512369
512372
512416
512618
512628
512712
512875
512886
512943
513154
513296
513593
513739
513807
514180
516280
516374
516974
