38284
38295
38303
42339
45056
45079
46474
46660
64271
64279
64317
66740
103527
103533
159517
186495
186499
194204
207043
207048
256266
257846
257891
259667
259707
281896
328327
328333
335350
336445
336460
337418
339083
340643
340648
340658
341127
367121
367126
367132
367143
367158
367208
367211
375383
376304
393764
393767
395816
396063
458104
496961
502036
548824
558291
558293
580590
582172
604701
631431
631435
631442
631449
631451
631452
631478
631484
631651
631666
631683
664675
664950
688365
688369
688370
688371
688383
717052
717918
746891
750493
750518
751920
751981
788323
791385
793212
793714
793793
799351
799898
799900
799916
808097
808107
808122
870433
870434
870435
870441
870447
870459
879359
884758
884762
884769
884773
888961
888989
888993
914375
935639
935647
935670
942955
944665
962860
962864
962879
962880
962885
962900
962961
998962
1031042
1078073
1156048
1165527
1165538
1231346
1233668
1242167
1242170
1266348
1329276
1331198
1331251
1331330
1331337
1335947
1336091
1336255
1435615
1459583
1466175
1472663
1514565
1514571
1526198
1528597
1529763
1531108
1531216
1531227
1531537
1534702
1535488
1535517
1535533
1535568
1540306
1542168
1543005
1547154
1548495
1550465
1550474
1550491
1570822
1570930
1570933
1572014
1587607
1588429
1588435
1588440
1589090
1590680
1592975
1599905
1599916
1599924
1606672
1606725
1606771
1679703
1723696
1723697
1728285
1728292
1744671
1744678
1756034
1773587
1773621
1773633
1773641
1810657
1813772
1813986
1815682
1827618
1827627
1827652
1827656
1833298
1836993
1837024
1837246
1839901
1842715
1846075
1863735
1867265
1869279
1927303
1931446
1931459
1931474
1931486
1931493
1931521
1931524
1934288
1959539
1959601
1960101
1960103
1960653
1960868
1961415
1961600
1961607
1961887
1962069
2014219
2015691
2021414
2024062
2024070
2030830
2030874
2030879
2030970
2030972
2044356
2044365
2044367
2049450
2049454
2049478
2050919
2050922
2051482
2052517
2052525
2061029
2067934
2069720
2075267
2075268
2075419
2075424
2075453
2075565
2083391
2083403
2083417
2102317
2109821
2109833
2109834
2110348
2134195
2149907
2162216
2162222
2176501
2177420
2224676
2242210
2242216
2242223
2254409
2283670
2306681
2316285
2317590
2317606
2317645
2318854
2318856
2318857
2318872
2323851
2326121
2326126
2376659
2388632
2388811
2388829
2388876
2388915
2399592
2399597
2400560
2400569
2446620
2446621
2446629
2467632
2470395
2471803
2471985
2479287
2498334
2498339
2525720
2531494
2531497
2531505
2531659
2691060
2715791
2718463
2718476
2719387
2719414
2719415
2719432
2719441
2719448
2719453
2719457
2756948
2759424
2759443
2759492
2870307
2870323
2870359
2870479
2881656
2881658
2881663
2881668
2971088
2979320
3006118
3028368
3028545
3028776
3029150
3033047
3033049
3042210
3042713
3042720
3051621
3055392
3055393
3059355
3059364
3105430
3105435
3105483
3105511
3105529
3105530
3105534
3105540
3159880
3159886
3237285
3251650
3277857
3277861
3277867
3277875
3277883
3277892
3277909
3277910
3277940
3282277
3282856
3355999
3360169
3361112
3361215
3363576
3365458
3368084
3368128
3401486
3415031
3431304
3431309
3432186
3436299
3445816
3445820
3445822
3445823
3445833
3448835
3540437
3540522
3582455
3582463
3582464
3582470
3582471
3582476
3590286
3643286
3691686
3691688
3715415
3716208
3716368
3716750
3716814
3716827
3717256
3718414
3751839
3751871
3751884
3751889
3751899
3754837
3755994
3777683
3803150
3809048
3810985
3810988
3811000
3836791
3836828
3859264
3859268
3859501
3859624
3859633
3859634
3859658
3862537
3865085
3902081
3902088
3902089
3902093
3902104
3903570
3903571
4031163
4088799
4088813
4089133
4090052
4090112
4136359
4136380
4136793
4136812
4136833
4136834
4137206
4137220
4137246
4140453
4140512
4151352
4151377
4151823
4151828
4152337
4153323
4153329
4153411
4153413
4187643
4187715
4188911
4189660
4189675
4232447
4262405
4292607
4292620
4331135
4331499
4331521
4383756
4386040
4386070
4386105
4389554
4426651
4446274
4446282
4446292
4446300
4446321
4446359
4446366
4446372
4446387
4493659
4525718
4549303
4549333
4554723
4554887
4556464
4559516
4564934
4569122
4569131
4569133
4569471
4570003
4580898
4599398
4674981
4761697
4815103
4815125
4815131
4817708
4819103
4820392
4921489
4921563
4921564
4921576
4924068
4924284
4927430
4928049
4968099
4968112
4969365
4969383
4969508
5119249
5119326
5119338
5135030
5135034
5138601
5139823
5222293
5223135
5224616
5224699
5224733
5225372
5253507
5260456
5288805
5288858
5288926
5289036
5289107
5289119
5289123
5297713
5304323
5304789
5304819
5304839
5304844
5310818
5310827
5363750
5363757
5363759
5363783
5363794
5363802
5363814
5372373
5521796
5521821
5521975
5521976
5522411
5522486
5522589
5545389
5549492
5551179
5551180
5551181
5551233
5575132
5577833
5587835
5587852
5587872
5640319
5640335
5640682
5640690
5640692
5640693
5640719
5640779
5640783
5640786
5640807
5701126
5703014
5703015
5703023
5703063
5738439
5738442
5738443
5738450
5738452
5738460
5738553
5738560
5738562
5738566
5803808
5824163
5824204
5824319
5824505
5824517
5824545
5832455
5849519
5849527
5849541
5849764
5850120
5850275
5850295
5850306
5850307
5850326
5854935
5893688
5901702
5949425
5949432
5950377
5950384
6051316
6051337
6055012
6055031
6079035
6081290
6083126
6083168
6089884
6090970
6091000
6091003
6091006
6091012
6091021
6091033
6097732
6097740
6106314
6106326
6106347
6155982
6156009
6156018
6156822
6156824
6156832
6160339
6194747
6195845
6195911
6244065
6244507
6285743
6285746
6287091
6291933
6291941
6291950
6291961
6310787
6371936
6388957
6477585
6477597
6477615
6477618
6477619
6477621
6477645
6477657
6477669
6478486
6509782
6509787
6509790
6509800
6603862
6604627
6605218
6605532
6606175
6606188
6606914
6626497
6626518
6631453
6631460
6635585
6642701
6642702
6642707
6642717
6642733
6698924
6716338
6756232
6756234
6757772
6760220
6942031
6951834
6952681
6995413
7053443
7095265
7101336
7101345
7104056
7140075
7190316
7210633
7215729
7216842
7220248
7222250
7231561
7233688
7234124
7234125
7272345
7380987
7385470
7388445
7388450
7388466
7388488
7388738
7388744
7391658
7441368
7441404
7442844
7447668
7447669
7447670
7447676
7447693
7447898
7447899
7501387
7501393
7513881
7513896
7513911
7538078
7584454
7585498
7585514
7585558
7641129
7642517
7643911
7672094
7672535
7672634
7753450
7754751
7754919
7755010
7755085
7757587
7783895
7787583
7787595
7788343
7790438
7824923
7830652
7830663
7862345
7883466
7896374
7958810
7959916
7960856
7960955
8050100
8071616
8072119
8072670
8072680
8079176
8086673
8087552
8087570
8087573
8087574
8087586
8087590
8087650
8092886
8093245
8097905
8097922
8097926
8097970
8098008
8098017
8098026
8098029
8099957
8100077
8107087
8114141
8114144
8116085
8116091
8116095
8116296
8116297
8116314
8116372
8116617
8116621
8120161
8120170
8185905
8185920
8185983
8188365
8193445
8201372
8201376
8202455
8202456
8203830
8204695
8206983
8207765
8207769
8221215
8221218
8221245
8221268
8221272
8221303
8221986
8234227
8262350
8262362
8262368
8262381
8262416
8262424
8317395
8317396
8322674
8322675
8322691
8340895
8340926
8340930
8340941
8341090
8341854
8342245
8343605
8344718
8345359
8345370
8345371
8345468
8345659
8349343
8349870
8351101
8427674
8427711
8427847
8433152
8433157
8434113
8434285
8454514
8480949
8480998
8497558
8498376
8502977
8504103
8505688
8505937
8508162
8510241
8510360
8512295
8512760
8518412
8519515
8520539
8520781
8521710
8527714
8586807
8592185
8592186
8636610
8636699
8636751
8636760
8639286
8658235
8684954
8685743
8686182
8688146
8693214
8717798
8769636
8781120
8788746
8788752
8791845
8791853
8791871
8792408
8792445
8792744
8798085
8805621
8805626
8807990
8808011
8810258
8810261
8810272
8810320
8812722
8812741
8814348
8817873
8820610
8821756
8822394
8823604
8823612
8823618
8823738
8823785
8823872
8824048
8824072
8824076
8824105
8824153
8824250
8824256
8824384
8824498
8824876
8874432
8874886
8875775
8875899
8875920
8876010
8876604
8876624
8876649
8876655
8877601
8878108
8878618
8879216
8880430
8881929
8883846
8885565
8887185
8887357
8887793
8888585
8889118
8889352
8890050
8890088
8891584
8891620
8891626
8891894
8891920
8891935
8893552
8927315
8927332
8932928
8935642
8936677
8936705
8936957
8936961
8937115
8937271
8937768
8937780
8938383
8938399
8938678
8962250
8964008
8964011
8964024
8965125
8966045
8966320
8967389
8967404
8967406
8967749
8967755
8967760
8967768
8967949
8968197
8968201
8968211
8968486
8969382
8970055
8970059
8970075
8971105
8971108
8972740
8972764
8972765
8972907
8972908
8973650
8973681
8974067
8974512
8974586
8975502
8975959
8976284
9052848
9052864
9092972
9092973
9092975
9098780
9112529
9112542
9112575
9112607
9112608
9112613
9112618
9112637
9114361
9118000
9118026
9167599
9173415
9173416
9173417
9173421
9173452
9173480
9173487
9173494
9173501
9173508
9173538
9174300
9174741
9174742
9175697
9176607
9177388
9177433
9177435
9178788
9181884
9181885
9181896
9181917
9186058
9186073
9192783
9192788
9192793
9192801
9192804
9192900
9322664
9331153
9369191
9369193
9369204
9369244
9369296
9369415
9369416
9369419
9369431
9371256
9371259
9371424
9398133
9401798
9402629
9402930
9404806
9404824
9405049
9451569
9456874
9456883
9456886
9463063
9463089
9478738
9478763
9481247
9481249
9482509
9482554
9482759
9483030
9483858
9485265
9486221
9486584
9487784
9489987
9489994
9490000
9491315
9494078
9494096
9494123
9549258
9590450
9590521
9594426
9594442
9629158
9629622
9629640
9629764
9629777
9633816
9633848
9641176
9641314
9666082
9666272
9667272
9667920
9668169
9668286
9668295
9669019
9672553
9672609
9673928
9747810
9747811
9747815
9747928
9836901
9882357
9882367
9882700
9882706
9905923
9906002
9906007
9912783
9953782
9966991
9966995
9967400
9970489
9970574
9973959
9986451
10041428
10060865
10064389
10067546
10069112
10159276
10159300
10159306
10159324
10159325
10159348
10159354
10159355
10172788
10175517
10178256
10206148
10249896
10285291
10290523
10295920
10295948
10295951
10317736
10317767
10317864
10317880
10317888
10349171
10349184
10349187
10392135
10400449
10453573
10453615
10458264
10458280
10458284
10458285
10458824
10474725
10477914
10477920
10485029
10485033
10485068
10487913
10497475
10502938
10502940
10502954
10502955
10502960
10510455
10510812
10510818
10510823
10518767
10522790
10525343
10525364
10525379
10526283
10526289
10526756
10526780
10526826
10531986
10542781
10542782
10625183
10636892
10637911
10637952
10672859
10672900
10672944
10672945
10672946
10673661
10673663
10675266
10675276
10679024
10703923
10725601
10728373
10728377
10793981
10880411
10905278
11010155
11010161
11010741
11010799
11016013
11017661
11020721
11021804
11024806
11024811
11024893
11024901
11024903
11024912
11024921
11024937
11024939
11024952
11025741
11043919
11054776
11054835
11054852
11054877
11054987
11055019
11055055
11055093
11059871
11059882
11059952
11059959
11092482
11132371
11156810
11156823
11260230
11261718
11261751
11261752
11261753
11261756
11262353
11263762
11263777
11270648
11271645
11297746
11324023
11337077
11344266
11349344
11350047
11408035
11417807
11438562
11454025
11458418
11458427
11460316
11460401
11463927
11485650
11485684
11547499
11626522
11699084
11765714
11883338
11883345
11884543
11884544
11885439
11892017
11907501
11962788
11962802
11963820
11963841
11963845
11965522
11965527
11976042
11976082
11976892
11977169
11989383
11992341
12011245
12022691
12022708
12027906
12030057
12111168
12111202
12112094
12112107
12128531
12128537
12176349
12216565
12216600
12216607
12216615
12216616
12216625
12239793
12253540
12253547
12253554
12253567
12253572
12265521
12271263
12271271
12273397
12275130
12283249
12343311
12432630
12435689
12435710
12445516
12511342
12511358
12511360
12511589
12512666
12521359
12526685
12601742
12601747
12601751
12629871
12641541
12641585
12641587
12641597
12641600
12641602
12645081
12645086
12645742
12645961
12649304
12652442
12652696
12657533
12657534
12657537
12665711
12665731
12665739
12675672
12677794
12679240
12682563
12682615
12682876
12684654
12684714
12717516
12770044
12770053
12779184
12780389
12780394
12788310
12795008
12795052
12798522
12798526
12802836
12804603
12830675
12865077
12902707
13019820
13019823
13019824
13019845
13022383
13064872
13064884
13064892
13064916
13065838
13069659
13070748
13071058
13071062
13071063
13093179
13093231
13147901
13147912
13147937
13147938
13147942
13147947
13147957
13157062
13226978
13243075
13243078
13264798
13279874
13281288
13281289
13281303
13303152
13304967
13332009
13337298
13339545
13339581
13339587
13341936
13359644
13360461
13365753
13365775
13367307
13367313
13367318
13367329
13368248
13480865
13480908
13481405
13481422
13482739
13498617
13503374
13615807
13615860
13615958
13615959
13616216
13646209
13661026
13661039
13661102
13661106
13663206
13668378
13678292
13681064
13681743
13681818
13686488
13686500
13688169
13688199
13688220
13690901
13692830
13726515
13726605
13726622
13726630
13852443
13852462
13852465
13882945
13883109
13887233
13887679
13887695
13888084
13888085
13888558
13892756
13892900
13911285
13911518
13969032
14040866
14040880
14046046
14051086
14051237
14051240
14159675
14162274
14162306
14162315
14162319
14166538
14166627
14169175
14169293
14210895
14214504
14215003
14215007
14215014
14215053
14217117
14338207
14410741
14412007
14414334
14423286
14510944
14513711
14529157
14537328
14573308
14581252
14594504
14595324
14596368
14629677
14632359
14655795
14655810
14689976
14690004
14690120
14690133
14690142
14691264
14695782
14781807
14813736
14813753
14814327
14814344
14814354
14814676
14814684
14817423
14819444
14819913
14887829
14899332
14899356
14899377
14900932
14900942
14901057
14904121
14904255
14904840
14905467
14906891
14906892
14910151
14912255
14914409
14916833
14918572
14927216
14927219
14927229
14927244
14927250
14927251
14927266
14927275
14927296
14927297
14927309
14980608
15026226
15026235
15026259
15026261
15085676
15085723
15085729
15085811
15085996
15086029
15093156
15093159
15093186
15093911
15109028
15109459
15109465
15109812
15110716
15111251
15111310
15175384
15182438
15188004
15188624
15188653
15195272
15195274
15195326
15195329
15195330
15195359
15253814
15302364
15302365
15302379
15302382
15302838
15302977
15303371
15304633
15307200
15307609
15310040
15310512
15312332
15314340
15314536
15356020
15358157
15400416
15400434
15400435
15400438
15400440
15400443
15400453
15400480
15400489
15400493
15429079
15431485
15431695
15431930
15431962
15461299
15461311
15508551
15508552
15510993
15526841
15526855
15526946
15526966
15527397
15527475
15590527
15866829
15866831
15873656
15887842
15888530
15888752
15888759
15888763
15888792
15888863
15888875
15888880
15888892
15888985
15892062
15892064
15892070
15892071
15892076
15896215
15897923
15907521
15962388
15964023
15971442
15971704
15971706
15971709
15982159
15982394
15982429
15982533
15982536
15982543
15982544
15982545
15982560
15992594
16017682
16017689
16087635
16101412
16214529
16214548
16214555
16214558
16214560
16253807
16253819
16254558
16269875
16269900
16269903
16269916
16269917
16299245
16302356
16303184
16305530
16305536
16305781
16308316
16309182
16337445
16337515
16337554
16337556
16338579
16338601
16338666
16338721
16340556
16343174
16345101
16369057
16369060
16369423
16369425
16369431
16369432
16383637
16384695
16385772
16386878
16387560
16387568
16387576
16387649
16387655
16390958
16444104
16459719
16460278
16465114
16467338
16467360
16467361
16467362
16467372
16492310
16492653
16509379
16538939
16538942
16538945
16538948
16539323
16552810
16561622
16566506
16566527
16571231
16571233
16594200
16614120
16614410
16614453
16726588
16750342
16751467
16751477
16751544
16752070
16752089
16752261
16752267
16752279
16758919
16758924
16766948
16767107
16768140
16768141
16773353
16774877
16774881
16780912
16793028
16794544
16831409
16833190
16833204
16839846
16841450
16841716
16845202
16845218
16845221
16845808
16852634
16852681
16862166
16863787
16898593
16898859
16898971
16899094
16900943
16903274
16903278
16903288
16955925
16956258
16956271
16956292
16956335
16956518
17006867
17017710
17017712
17017724
17017736
17104781
17125173
17125206
17165676
17197471
17253403
17268904
17280630
17280670
17286089
17286091
17286102
17296828
17297295
17303701
17303705
17306020
17306782
17307601
17308480
17310355
17319947
17348793
17348797
17348798
17356250
17374694
17374736
17374739
17374790
17374796
17374847
17374853
17374871
17380236
17431019
17431049
17435885
17437006
17437007
17439564
17439617
17439885
17446936
17450603
17450639
17450646
17450662
17454078
17454119
17454171
17479289
17501479
17505884
17507478
17525378
17566038
17566085
17566087
17566088
17566090
17567695
17567709
17567713
17567724
17567725
17567726
17570290
17570352
17572035
17572055
17572064
17572067
17580634
17595003
17595004
17595076
17598320
17621828
17621843
17622193
17622204
17627172
17628557
17628678
17632393
17632399
17633263
17634468
17636372
17636842
17636858
17643442
17700055
17707327
17707328
17715622
17715632
17800335
17800336
17813775
17814824
17815909
17815918
17815920
17815921
17817991
17818018
17818021
17822766
17822819
17867750
17917742
17961568
17961668
17977751
17977787
