19915979
13263041
15191490
8785065
16613509
16429549
4670370
18983980
7354527
12239525
3337260
9732932
9347678
29307815
7061971
9537984
15668607
16009014
6485759
2403556
3724297
3096462
17266325
842773
26046240
22112191
6538383
9849498
6197310
10269570
7398564
6512247
6716258
24373044
2506130
28749511
13078907
13805343
23263851
18248173
18417694
15736611
154962
4918671
13402295
11632026
263973
10553876
25397546
11839733
10101661
3270751
20360326
30408026
17485371
24015992
11047420
19445072
3362712
14233058
2284278
306829
26576816
30325750
27107868
1638378
5150341
26244301
9962333
26315030
3324406
24541061
23278840
6542931
10839532
18100312
9738412
28468025
15701292
3440785
27160560
12823152
3512965
10495078
15629078
29363205
27823525
2324601
7040396
22769446
79680
3648062
12104074
14563454
30280077
14186676
27029299
3546433
4136815
432463
8746653
22408899
7536115
16095318
28320725
10987155
13619677
16894825
19768101
17255118
27170848
19783313
3398474
7187401
7589319
13975838
9783049
27257736
20803204
17829432
27997141
7808468
20083679
14083517
15584247
17406465
8513939
11480421
13699313
23030858
12747944
17944515
20075217
28621179
26549564
28806143
11759239
8451157
21290511
17931629
2762100
18109175
14745318
29107905
25028797
15836522
12341395
15142951
18509513
25741046
21885172
24106590
3377916
26307440
25165492
11848719
9168842
6533886
6003786
11217271
7852306
10911309
11082333
5930912
2896301
132584
10277193
98422
21732859
9296593
927612
17539513
26346666
579037
8638210
208254
16175337
20676629
4815311
18237847
30031713
3054614
21836395
7129000
2236715
16643669
673713
27201463
10947476
16031348
806641
5555406
12597736
19239340
28946919
7729428
22458830
19714184
2200090
16028607
19955369
3910903
10236201
17866386
22991832
16442509
25921130
11408660
14142624
11679506
28921847
2545107
3980727
28606184
9249450
20012813
11480331
21290909
22040673
19601735
28854400
7716363
10530666
26098809
5420283
15210276
29984493
11489290
5561998
11729709
27712837
8270120
28148232
14429895
16693245
7129896
2118120
10313329
26810925
11982679
15320981
309463
11415459
22776740
10453017
7497835
1780151
19367630
9623775
29568853
2378690
11056210
1970153
13223853
23650548
28942860
5395095
20241517
17484786
17730442
2272679
16965542
16173200
1390582
5370977
24029154
4310833
28687091
12452014
9368536
29829483
16825778
4935919
11881421
3177216
4853410
14216983
18005998
19979232
22578181
3059368
24694143
926405
22030847
9008401
26843311
17452946
28183512
27279789
23839384
25104486
6591086
2477903
28250548
15088671
29825692
15629360
2421466
26541576
4047497
6559126
2017614
14266347
11509948
2965102
11510751
3552847
7987854
18225682
13239679
6506896
25185218
19328770
22587428
18089626
12154979
28223659
4184164
30145227
7742948
2894057
10080673
1722832
12638291
25356673
19180722
14181907
4210865
25788997
374460
18338966
23020590
26611408
11545285
12506577
12196611
21178565
3693799
25811912
9227595
23226763
29954848
10749320
5238825
18845994
23817198
18794705
10999266
3329002
19395787
7874008
13885122
23812314
22362666
1841141
19622046
27387054
20332048
6271039
8171540
29023186
7742655
12435443
23489373
25031844
17508071
14432597
20449897
6345398
910340
15312043
5052009
9510212
23078282
6320056
23003886
13617197
6188600
3089908
3275009
3166001
17455490
25134197
24217860
2207376
8857633
12240737
25317924
165451
25382202
25383928
2660556
3090115
1790495
28132768
17441223
6856419
7110318
6971595
1136534
25011061
21479224
29321627
29291797
14365778
15912451
6953014
8850248
11564054
27681467
3824678
6053138
11671294
28568733
23442701
1850432
16486694
26221674
17691869
12525203
10301329
19334420
27472501
12902396
28206594
19171019
29863373
17806177
15913188
12808520
22180171
7911522
22118519
19963977
1824926
14437818
16003859
18714119
3820241
17808749
27002827
16176461
17271519
2509881
1579289
30221140
28379268
12962646
19220962
11480696
29406866
23013119
18059834
5885182
7821948
1434671
3666231
11003658
7162749
11676803
26750814
6031871
20123759
25494314
15542723
12322676
25383473
30024081
5395526
21407009
23477063
20986829
25998188
16049029
10482349
11550931
11860409
19119766
19692390
6842573
20410474
27863826
4114587
12265581
692315
9147749
22728606
22043416
9677980
8726426
10268888
2859956
20795069
22409211
13013523
2351944
10178542
7915478
21618635
29328047
24392446
25704971
19872158
27255773
2941819
13130716
10457668
14097053
17213267
22952499
10474763
2608676
28810362
16722106
20559080
7645593
22770992
3383409
17011319
22860442
22415321
15572205
4149682
11277430
12999525
26373409
29091526
21528876
27846715
1523978
16549590
29252057
11825230
14810806
18672092
15884859
29499890
10010456
29831012
318222
29934751
3646188
19267994
5836398
14620207
14360813
17319816
20571421
329857
4684073
13291419
20878273
4448094
18172530
14836897
30193913
11669956
22693037
9621335
20643085
26315150
21008471
28675472
24076691
17224391
4831008
8242557
20871005
26204227
7600840
22336272
18457044
22547277
12090489
241623
10281530
22175997
17702149
770641
18237024
9740458
26080924
28459477
19456607
24508412
10901179
7251000
17836064
29964434
21409219
30101795
22590406
19608290
7331413
7584575
7456868
16088238
23145958
9563442
25537969
8789660
12754933
24252228
6023238
23595139
11593085
6068882
8908511
1752453
24537704
22125204
5935678
26652594
19775759
27539632
25012514
5846861
7218906
3899921
728402
6811235
1376344
22442371
22112609
16647968
24812287
4936625
25112843
9102150
2393288
12583895
20867372
21908774
18145849
30316924
13589840
25875815
23629232
3389030
3775122
9355233
22287188
20391469
4746842
1463043
1581385
12214574
12892582
19542613
26913128
13530002
29854419
18538304
17604888
293628
18677958
18587018
21381469
27774420
11554829
13917869
11710869
5291792
13460780
22767890
19245631
29729585
27734191
19514201
26452975
5701180
16742832
28095326
934915
2437177
5531705
7159286
22157253
17041369
7207288
18419683
3856874
18476685
26977069
9283982
4389317
27582607
22395008
30256096
9683464
2629641
8325501
18519103
29242745
22244460
6254725
20716376
16132584
22199272
24319297
20432410
9913904
12395817
29707198
22935798
30301947
548318
27879928
2649386
6431733
7024531
13766416
1254365
15415449
1874757
6789109
8615994
23575977
2300294
18261275
8655211
18595401
14606676
7816237
17889008
4186740
27259515
6919237
25983441
30124374
25795624
4141839
524135
21547769
12813671
12589823
12837901
22268060
28827169
18906113
10705467
18568375
23745251
25863199
17183674
3940565
10745329
2064922
13231906
21375747
27529268
7838143
17509735
19456842
27874827
19189541
12002801
11841203
7230079
29548001
11984535
14739664
6660837
25554880
11871467
26772285
9767807
4489398
18011854
23911349
22700944
23686256
6346665
23741217
8456498
3487724
11858509
8654939
2923025
5114486
30245277
1991083
20147961
25380318
2208516
18535712
5393686
10379169
23406024
30307355
30330965
10509985
19362884
7207930
17296576
389132
5501486
28498299
11577903
13739813
29452931
5211450
21856800
28548033
6855077
1392208
16843772
11890148
28909793
16945421
3253061
14092829
26810539
8316900
14182263
6584562
24488782
14662280
5825642
23302236
18173726
11082016
28208658
12820932
4106738
1984267
6345469
12450350
19966294
2934786
21591297
4957026
14128568
20479746
18117273
12991711
20450222
18043767
2715652
8719810
1206340
25048922
30088796
28233878
23952269
14083076
1373166
9413609
30363796
16562235
6711966
24110641
24135087
27413505
13463594
20170538
10437498
25748222
6007450
21026856
24151543
7504397
15763050
4075645
22887489
6701166
23492479
11452669
9836714
6915920
5956202
21169012
3803205
25113831
27578374
11252774
7910864
19986099
10883191
22265094
20162920
8974479
6912721
19845938
27148791
2918293
18222343
22138812
3336609
26599922
15039414
3973213
4252435
3870262
14767814
475737
28398379
1122016
17353118
18859792
10982518
6115568
18562658
6152025
17774905
12793216
4422613
5898166
22286449
1201698
947058
19496303
24334857
18834976
26014728
25627537
13133329
16760862
16585529
8124716
25431522
1184163
6121172
7604861
18293512
17702093
29922567
4529504
16139190
13787285
28141440
22751374
15008313
12204006
17678870
13429296
17634706
19903350
21233678
4456699
1262364
25632196
23163850
29284901
20574295
17668590
10536849
21939332
25354186
20885676
4916398
15575772
6240709
10653751
21352223
14688889
1901375
7785912
168010
8058327
22585822
26522445
8410197
18383106
1837861
27015197
26534600
18114518
20860569
7769372
4075861
7598712
21962958
1073327
23346592
8326609
11852944
18225677
29429059
15316483
11793370
2995859
3252715
16323320
24961492
9270073
23037006
21050320
28068924
26217929
8851234
298641
16066421
28861464
10667818
6201887
22810797
28082524
7741704
29911370
12031512
19393881
30361730
1152507
14861256
22361293
19210151
11034006
14644261
27166107
26466165
19770161
13619057
25234493
21519441
3641548
27753299
26472201
18304010
11393628
7594265
2697306
20645165
18197227
15559213
872434
4548209
21965672
29443119
13298523
22897298
25736889
9942910
12119377
2208257
7665434
16315292
18512861
12521124
20093165
26992481
18093750
21734728
27093676
10728531
29020734
28006156
23354900
9196837
7627009
21655878
19454762
21034367
26607488
15122836
17222303
1694601
19609065
26136390
15265185
24371590
26924265
14142980
28828222
3563714
28178688
8616980
7661463
13125748
13896092
29197365
23158432
25283406
2434884
12397173
13543158
24093990
25378666
21409475
11749403
5202421
21093326
10701267
27915995
5702065
10135193
22740445
9792493
10757283
17757191
27160513
2601205
15339846
21726763
22801787
9151026
7804271
5643113
25588011
12613312
6403696
4822363
18489307
22522921
19369974
27705036
9168061
14201830
18985673
17946397
2035143
8532969
24290150
552339
14805176
13302842
2677731
5887131
13789851
2972276
28514243
8392435
12458952
8767833
11405860
19896849
23099177
23569821
20053400
14728557
7824039
29906179
5595847
6730398
6339170
16480071
14184681
11107684
18995024
17451656
22535974
13176387
16347491
12775411
21772666
15399894
15403771
5146547
9347056
1339685
21614977
20077073
12662355
27389499
22200117
13534189
28878537
2767468
3998476
9204331
26008674
7532169
25894220
29703251
6802720
22780729
21078051
2561786
22162922
17643727
1337750
23428693
22298271
16816049
23878584
22009866
17465643
18585112
18685165
1535622
8810196
23004496
18856324
13015527
7654037
347373
11430543
7243291
13901573
30238511
6163273
18151741
25358563
10689580
26987235
19762881
4317537
27403365
20596245
11468381
23409699
21021174
24025860
21112566
4171912
20162491
5761345
9569318
1022267
1102626
24190536
27370064
24979198
18128511
2621833
22512863
25095786
27579516
11778841
29616836
17622610
4889218
262766
6588714
23634028
12350006
29656164
14592344
18125053
14721648
26604814
25328978
27282595
6671460
10208774
18269813
27742426
7704967
14537700
23543086
22702696
8373017
8260020
18681481
8851548
6594287
236843
7530069
24043218
2767257
29410996
21981306
21806572
25254934
3493505
29837373
4446046
30183841
16521537
26663399
29045643
10005248
9636487
20186013
25042828
8047247
3596264
24337493
17217885
2763593
12915755
18112094
15099757
23717932
21455260
10575340
10703984
19517414
9668757
26004718
10285630
27247048
4266076
26935634
26987461
19273800
25090830
23608069
514588
26922721
17924526
10905726
14418245
19822735
29630319
1098400
19664553
10323459
27011496
7668411
30015559
659302
17686610
23645435
3954154
4332127
20029093
7290670
24512062
26570097
17834548
25206031
1324123
12844687
27337404
4396533
15845684
18520986
21843247
22669775
2677416
26636320
25619738
28197700
13604994
10476192
8092295
23999638
18914488
24593697
9192453
29664923
4935411
3590897
9120823
13374510
19952406
12045260
15640871
17550464
26746244
25114379
27908833
23306587
5109495
28147638
15631395
2902173
27227935
594907
2615854
838950
7803094
17633438
22575997
24042841
2038343
7593688
12744522
10371156
11606009
26659729
9891261
28484740
20721591
2635997
2729784
24717392
15673213
20393342
227654
2761645
3979254
20437641
8324675
28223656
7968650
1304196
14868526
17795193
8781211
17204716
17527545
5746493
18332477
11716126
1221546
18759345
22532727
3456157
10126791
2885381
10717464
24007738
1856906
4607493
20699777
30421043
13306733
7394393
3964739
8993383
8902013
13785278
13840152
9386863
15666506
14787439
6887729
6531674
13774632
21845988
12774379
25306143
16842372
2611119
29408539
17961997
8966431
8029501
7438425
14307691
25420064
22475642
24354580
9977967
9031382
12975201
12406177
16839431
19204983
4223710
2581503
3484483
30120278
1631362
26384703
3886716
13667245
7357673
22293865
14067097
21925694
19565988
492342
30271960
21121625
25701536
25918035
25968834
29496697
26123913
3234099
12057140
3899396
12181382
27051854
16499842
8625078
14572989
21496626
1685735
27964371
16599288
21928735
30174360
22463793
21098416
3442517
4187692
25553015
10730616
10234361
8666436
23282460
25530020
14476421
6345467
6491239
21336226
27865913
1188517
14864020
17663660
27686166
15354251
15525891
15006495
19676567
23551758
25160804
20514643
13249780
18299640
29337989
20725890
26184292
3016401
25872931
14654331
13227280
8546731
3669268
14980953
28896138
4521657
17088998
3416224
8685861
11004043
5450143
20284544
15839527
27246020
3499574
13144121
4463515
2382988
22590262
20138412
10223581
25244355
30085844
802839
855549
25938518
20105431
21643928
7867363
24630623
4048191
5876302
4669599
7667612
29285863
2373751
8446758
30029787
29199536
22426889
1016437
21760386
1916079
28049092
2890038
25707475
1357481
3458589
23767851
10292126
6669214
2702176
6588417
27894793
24600516
5758172
1822701
18584785
824168
25622714
21906517
7042198
9052687
20097829
11816497
18609804
12130012
3487715
4906348
6905348
25481858
5546605
28380895
19197534
17158781
26244926
16578497
25479778
20631841
17406029
1734515
1972736
24249740
19950539
20990071
10391782
10560610
17865219
19669173
27341249
2947035
3530485
6214092
2671151
24451901
14611285
20033683
9051237
5089544
18269414
12482332
27207509
15621966
5312101
10281673
22648743
23715702
23941553
17562855
19045244
29764966
21622804
15906506
28982597
1565074
24375599
25244468
17889263
8115973
23965408
13942786
13644765
27845753
3177662
13268044
3495488
15262232
22668212
15385164
24634450
3375014
19140373
18083800
3720564
22131423
29741778
3394803
21865291
6462940
12352384
21917143
22784143
17265913
12189764
16680037
29817027
2960479
17429895
401006
11959212
29651417
12443945
5257652
25738419
25041254
21412592
20859330
17989254
18807474
14175866
8257176
420556
12728247
1402325
621885
7432630
18834448
8191954
29400911
19995998
26391512
23347067
6667425
1679214
13774713
7332427
2276857
2036097
9196242
8329579
3156718
5687904
19944911
5799858
27305064
6533029
26991623
24736891
16337961
12009911
22021267
26115722
17594744
26606585
22522958
2841371
4504612
13050375
30243220
20708532
3017324
7951606
26124514
10957854
6967200
10591366
18866867
23932324
9884782
1894255
1795534
18905586
4004881
26628169
25728304
6085846
9699782
10278463
29571800
3304507
5441083
2739318
17100428
7223983
27282518
27121206
29994773
10727527
8183845
25824792
29539585
29202904
25232767
6629202
12488016
2163980
15260553
8343957
1144412
22243538
17846321
16821104
24321826
3313155
18842363
1585171
21152447
1899015
2954994
1914988
129715
2109951
3819393
19366784
1726733
27488303
18924909
6776402
2239445
16134402
14321802
25279110
14128561
3066643
14484048
20148597
11946289
16743330
3450887
11567107
18286180
28043767
30059151
2330286
1655886
26902792
19288846
14522201
3896431
1497728
20285417
26284009
9839808
29443353
28583808
17818353
29500808
5463614
20992594
20420596
30173937
13249689
19448134
19338293
13790768
12707394
253448
20452514
16615558
2230629
13872846
27047224
3119858
26679619
24917997
23998533
7543084
20205584
26482041
16820388
14234825
7559801
27969006
4407525
22865739
1843537
5708855
18352340
22935844
13473236
27453901
22284563
4794977
29452780
461224
4703758
29396949
1884292
2047888
29761049
718365
8470785
7928925
25657544
22635774
23770414
18254054
450186
8066255
14797342
6232025
3065892
28649317
1871063
28667479
7417374
26536317
15788493
18181381
28834329
13321425
11640993
3571425
25554720
9728386
4054239
7055125
12610539
15810635
21874496
28132122
22378456
266959
15827719
7073352
18434792
25297022
3580440
29219751
7100404
17577891
18946200
9292093
2143436
11377576
12514986
1079204
42201
8981603
7480200
18189306
4219473
3847716
19150097
3658966
3772008
15504055
20584494
14149660
19358155
5197063
23530137
1702979
17713044
28041668
8458236
6382375
28873588
29185482
10372074
6566628
6711466
30398084
1486945
9871371
22820032
4540989
28616551
23086397
13701200
23972429
21595696
6414004
7079152
19047493
17364147
15318525
25705041
15416517
24408207
28389426
4376983
2597103
2797452
14709576
21207955
6972893
2214928
657773
29732389
6145745
14976695
17164840
6130089
21194686
1790709
23964817
528402
6969925
18064276
6983662
13475688
1697196
3000236
26965934
7184234
16171001
24844801
7038814
8596870
29312362
23883919
11955153
27508050
5443225
3226404
29732140
18653958
3731064
17413002
11188924
16714979
25382573
19053425
1953122
23879469
14881500
19832712
12438540
5976940
8699208
24312883
11414267
7951964
9881441
18504092
27191704
6012249
27607105
28259393
6276852
8085019
12710676
6308870
14411718
8724105
19883467
23058471
22681101
11849401
23397982
19241087
2558746
15804039
16633562
3084947
3367698
24290456
29405498
14703371
5197695
27784444
21171964
5182905
2000400
22044565
1621140
27141630
7236987
17635494
3402782
29736471
27076504
26141656
29222555
5752896
11473447
407140
7492139
19423648
22102688
12876620
10548416
9781878
5871541
15556895
18270507
12907406
15368105
27725381
14374604
751618
6660397
29809194
12656159
21563065
22696178
14038269
7964746
29219299
26564303
6878338
29751702
28512471
2428004
12855854
3185128
8305352
26480642
26839147
27131011
4262701
1449470
4067456
21505438
22502800
14276320
27095389
12710007
27157041
12777536
15468206
16713884
27688124
29680704
5872678
9410379
815464
1963608
29777487
29942297
22817978
4919004
14871850
9848910
23580926
25170575
9581126
20575950
24701539
19553218
16268820
30391279
6752193
18978657
7639924
28597400
16582240
18904127
6338327
20696846
1997514
18110317
17372722
12154145
10224003
19411626
13280498
7303698
27006943
1992052
18354034
8243925
6659663
4367053
13323361
15439124
10241671
22772555
27110918
27738424
13348285
18867634
8988825
29924981
26064978
19175948
11373740
29513522
2959012
30281377
7098028
5497550
9728135
29765470
23512580
17524260
19115528
9301485
29810166
16898238
4695494
20926428
19866388
21729067
868220
19194184
25461254
451186
791921
20394883
9052305
10848597
14099628
1804706
23916336
24641516
1382095
27223440
3016845
17328458
17650734
11450881
6899748
19573128
21057898
19130726
10112766
19514915
287693
16400588
26371365
19985773
27470265
23225937
26859116
11586360
3653800
17228032
12966618
23723451
11538549
24290960
12802066
2345580
15580247
1788520
20753361
563822
14711490
10080405
29654378
11885714
3589114
10573091
5767542
26290234
9508498
24527989
18416537
20312054
5380848
3403787
20557681
18641503
18893796
22669096
29227014
6827969
16292630
14380960
25899149
26366724
11101614
2005404
17803911
15775399
12072415
11528334
9325214
13552137
763597
27641345
17615513
5127596
2863222
29575281
19804961
11424505
2252611
8704601
5627058
9925243
25941602
23453598
20454686
16788676
1072115
2535390
7209878
7572318
9592232
24588247
28862027
4822153
30220322
28914186
1683863
29865376
2406713
30275555
2886859
343305
5091701
2770751
18098477
14706206
9661759
1771754
27950101
27021260
7283928
21784582
7174178
19063188
11434828
28615173
1109452
3989949
4244866
2976100
13717539
6990377
7689673
5490253
9558523
19516076
25271514
1683099
2077824
16484230
15746516
19939449
20561370
17404865
7252290
2648046
30129658
28148519
11743522
22834964
28479561
16911611
12376276
9904909
8944793
28750528
8199105
9481279
27085328
8673147
16676018
1109446
6320674
22563782
10086869
27993848
12467740
22576461
27669241
24467464
7312767
10169120
21276927
5397166
24747187
16690276
8498291
12610416
6979388
16812623
9889561
20127210
5367818
1394666
8534961
26160208
23359753
2358857
24286388
10694267
1367570
28246842
13112471
18473542
24536792
990681
18438623
3997627
27561066
15625581
14590626
5051637
11556280
906196
13968354
19646630
13974467
14402286
8665105
20823504
4322513
19225446
25065083
26532825
14161119
27558960
28200184
26436083
13754319
13028071
20759145
3441025
29997891
7146506
6902500
6427487
5394075
11692918
1300678
23109947
5041603
15727889
14817642
26811631
29557250
18135336
20910220
30028322
18872870
21383863
13728900
22795323
26951898
4559162
5405788
8906504
3552540
3739603
1492651
26487482
23686147
22067567
14844165
17405981
10595141
3961303
25366660
22112859
7029431
26291643
28729537
29253694
25587195
20087484
1778146
17132391
21378311
29247650
8574879
1903762
9261100
19366909
11210304
20324164
20143367
21715614
9891598
11313537
1335397
25614428
21209610
27132546
15018342
19349674
292027
19126577
7955785
12362097
12930725
12249463
4431606
15325736
23371002
11920022
5232645
14825259
24380176
30110614
8281070
7185873
6704817
10830299
10242655
20577801
13257725
21716701
11956067
6491300
3478050
26816147
18000806
7505861
24906883
18687061
9336801
15484484
1902689
19151069
10861142
22645364
24011794
20740774
21575075
17493827
28673161
580237
22500014
7659802
7762888
14126753
26588471
26609404
14692607
434993
25495597
20035587
664235
20031476
4574972
15369195
14607016
27854662
16626518
5312659
19102852
12054563
23902097
10082335
4543334
23979220
13052250
11114473
397809
28876196
10985394
19332830
26738287
23889066
7289544
26557759
20632005
25893323
22872666
5241005
18955401
23910962
11871488
10248119
6731129
17317111
8108656
16743102
5647344
21772702
23521508
26431239
20316380
21951873
1060259
27074267
8214153
11570258
21931162
16362402
12970221
5470709
16915634
17620457
12113403
9944343
19204467
1409113
6934619
19595539
27372018
22890991
5028343
25054521
12987614
28656681
1687499
29004651
1612561
11155697
10485335
25321003
20807330
15956824
19471606
10435785
19491067
21401776
19219721
7085315
21843734
26584286
5422897
20844715
25321755
10404740
11612741
27111047
18011013
25631944
18338716
25989583
24649198
5980449
8355093
11894070
3840637
26671248
26632849
23247034
14472148
25919809
13804317
8120128
25617078
10680134
5950327
6366549
2563188
4247972
30128858
6970821
19377728
27551255
12437230
7163909
10445646
15031142
16034259
17392791
29558548
10940142
14145233
27254497
16992652
978928
5467136
22959178
27928266
27919377
16210845
503337
22701035
21630243
3938245
19089455
25639205
19913229
24421401
15222034
22177067
21071547
18053593
27940926
2987425
19824993
6518380
17221232
7203533
22072140
2370293
3645072
27406095
20106335
5243572
21214223
10056787
28423665
29830398
26956190
19770380
18359534
20644981
28205814
14751600
14078485
795173
19862863
24664180
20414081
6893293
11204503
3444986
1419722
21340271
7084825
28845910
24117956
24733942
7273219
3264415
3164468
5347929
22431504
21317884
824783
8518303
13041030
20963557
18459876
17666351
27607544
15453965
2936854
11005251
19755007
16507782
28739327
17697470
17330698
9225526
8598199
30259839
26900511
22010764
21814510
14628118
20328934
27795635
10541052
15181052
24777024
21445345
15430811
18041054
25678813
26289449
17201427
6813334
17899159
26294671
8259035
2055755
10274847
1482212
19066954
13100732
7629018
10565065
15648692
19277590
5487595
22091502
24857680
1482091
29024225
3108617
1199527
23662313
22470373
13984829
26919304
4448855
16403700
10384148
17471097
11400871
1306940
20412498
24129058
22319544
10377790
7494572
302041
21498700
26004302
3213415
8336530
24961119
11499092
2125874
9456473
14119798
26709278
3513176
21096038
21896877
6802248
14155960
3944163
14558242
18159511
2155682
850237
21151467
7664169
11796847
21450275
29358776
17504494
30109396
16597362
4417325
6212546
23076925
16801687
24873440
10407321
2913438
28312383
16676796
28038602
6462440
26245031
20025213
2237150
20486482
21598623
22370388
27800832
3115408
5074596
41257
27950345
17860125
8216884
148741
18269572
3349744
17965834
3469092
21335074
12299217
6642740
7184205
29133708
9244758
24728618
28669065
18135787
28662059
1744144
22163052
14243767
30237176
29831906
28365667
23822584
11321341
23212913
6954686
26682853
27488789
1975601
1564197
5336517
17419967
20653766
23483650
9603344
15372517
1670891
2705918
29075599
6237778
16219131
9671106
7811175
12814656
20787530
4418489
368738
22427640
29965371
24992981
15720112
26403805
13696966
30032163
9464550
19187309
5517340
19940523
2901602
2045989
9619196
13487176
20679792
23307275
7269803
457131
16086251
27332468
27285168
25534498
873765
26318098
29246324
3658655
11012287
26891086
28522128
9608411
11974826
20151963
12641305
16514111
28760776
4137989
9836882
21069059
8730085
28294776
30096970
23051151
14284518
1488366
5279960
15704494
14062382
21568582
1472020
28658199
20864991
14442944
27424854
11532611
27775494
13986763
26910957
2436823
9316968
14715571
14599416
1984949
20610612
4784216
8145064
7384886
1411895
20320105
27556441
2162727
18251509
4135951
23952649
6469970
3541006
3496606
15449586
12022816
15294848
6459678
12659920
19487474
2677664
6025363
22215309
16720625
12868855
4162327
6591446
30276985
23879543
19829375
14617798
26266650
21702555
3236530
26221486
16164116
11616899
17550279
10013432
17953381
7494241
6196878
12885445
9262867
24213664
15875332
21647110
19270704
7648586
9118192
2713135
5012695
11975354
26874685
8774606
24234159
9428197
16231145
19786799
10490339
15701313
10245120
5170941
899541
29825472
29853080
16135072
15870343
13056571
8024352
21912040
18343135
24176608
19638548
18278768
10744028
16322121
17617372
15242182
10054898
7799810
5091057
28266505
11525098
24764806
23617633
10420636
816689
1802703
3829663
27990963
1073912
9766786
13644249
16127404
5906380
27966607
11805800
15237475
17704282
5345450
14038313
19422181
20728855
6653066
1596208
26938055
15152565
9955513
21894076
14574700
24590809
5664148
2310372
9901376
13469678
988121
16837996
21553575
7720626
5513650
21314607
4013229
22893644
12260855
15911336
22931001
21943868
16557919
23021546
27352968
26231099
19613271
15103797
24898023
7021660
27428988
19702979
20131466
20494504
7263548
19562162
4191436
26482852
4365130
17550942
7527845
18485375
29475355
29461418
13881835
20351625
22068404
8943376
27647802
245922
12915210
26031955
7293419
19356493
17980636
24621136
3922344
28682657
22624373
18076036
23084158
1189446
1694122
29813948
25013570
28209560
27686705
21227492
4173691
221943
9468282
8980304
29229219
3304061
25875410
24067446
20962552
4453940
21157480
7099756
13095044
27259988
14428863
18594379
24412450
24728755
10079490
14453941
21721041
10207791
2821263
8295262
1202190
12393099
4962564
18373950
23234350
4403684
2790673
10088347
25585954
12926758
5169254
9806857
12009762
22967338
17728216
19331573
5845047
3368219
20262741
13387656
1792165
9687490
17919255
14383959
29896046
20903339
6310957
14462879
7507120
7851149
19398156
1277018
14480238
24258376
3573840
26412821
15793681
10898975
14072422
13377387
28651509
2057623
18642586
20389517
18811858
11143122
20214270
17042835
26080014
23027525
18864836
30130791
2197658
4165204
23499666
15205583
28914729
15977226
21384386
1035448
3210508
11846530
12658023
9398158
19300541
1017158
2550540
24975284
25941241
20065848
12617376
12407409
14590428
5084071
29988490
4349341
15596126
16990346
17240717
1886594
23714807
19269435
17519274
3192031
28409680
4586197
27575065
217674
25689436
13914510
22128789
23602810
26215508
3473240
19086001
20024177
10672874
22473009
7489001
25474973
12314586
7015775
19749635
13941591
25738423
18099712
16429730
10330148
27273242
10735545
21515117
29091791
29871443
12442531
16365877
22542162
11472600
8192235
4175657
821957
15674143
25004315
27382520
23004662
20073210
18897171
6919705
29045961
17965890
21183741
11679800
19244725
11628406
9820156
14821597
27745655
17036113
4287153
7417117
10286206
22161798
7964112
9928910
16129226
7484773
16256030
18884216
9350893
15830817
8527821
23512163
11796905
22845245
2406060
28936633
1934482
20828838
28576540
2881292
24422145
18956430
8744226
4407827
17745338
29292309
16113846
21687564
7587708
20498947
21883444
24998204
7963926
918740
17972874
8390173
25363867
9779201
25394116
4540309
19996523
4981458
24910490
24287420
16269901
21561830
18001485
798212
6172718
11532585
25178290
4773705
13305126
25616034
8412039
30007246
28294736
16150946
10149862
8646099
1593155
21326734
27122563
16560771
28349256
18273179
13508148
5345693
15013525
26146353
9717910
22341880
11360882
14639315
8747733
8617162
10509096
7838030
8440408
16212030
21668578
21139584
2455431
7813522
9116097
3321419
24769391
3978701
1071164
5689090
24763837
5551189
27948910
5633713
600029
15368039
5052299
25443928
7338147
8685240
27967893
783389
29562828
11835101
21066567
5438906
24119525
30392725
30333002
16150609
21710845
1353091
190683
1769571
9022825
1444559
12090774
20419680
13279148
13931752
17436245
12103569
16061627
17817189
15325793
182389
22276900
6018923
23980914
16657031
17338273
12310626
560257
22142680
4048275
1909205
16732192
8313518
8549348
24468886
2366154
4994907
25558139
24720480
5994894
5361494
1373599
20153180
19925473
20721676
27154186
6475010
24342285
28064027
5899710
29914878
24503899
22600485
18398817
27494876
975461
26122150
29488576
13349702
10342538
16441477
30421613
18414842
23130650
4425956
18099388
30040451
23317149
19273611
7048665
11173210
25675499
2531615
25956859
14201436
6661547
18163814
5296838
1589965
23877527
8226570
9413959
20282474
28075929
17765714
2687839
10545533
20660049
9234265
16742479
20379987
12012549
8273983
2258146
9633782
15946111
12162866
23109566
23177943
28592912
28656523
9723938
21564336
17802094
28719208
29928926
14997793
16374988
11131467
13615466
16168104
21223641
2244834
4675330
26108030
2203767
14815622
9416164
3854995
4517925
23102116
709563
10336203
23769672
777970
13353732
25909548
20316809
17175472
5775269
21717151
23212246
11802665
15535571
26692473
27034560
5503072
14212159
11354400
5711378
7608546
29564778
30062405
5828947
2968952
23805240
24103251
19438702
2191165
18071648
9181168
27406980
8884422
26790727
29642031
21002636
15628414
22449473
25959620
24659385
6710246
13842694
11148126
5182029
14040776
4239029
10418658
19049319
29899486
6325977
15712725
800695
16757341
3461500
1180148
11443311
30240027
23368041
3218117
11531397
7861830
25936283
5688319
18170759
18091453
1494693
5858166
6589240
9238370
13678085
2047435
6159046
12562658
19979943
29412739
21419740
23651728
29865481
21557454
9544479
13255007
4009701
17050060
8872607
12833584
26361037
29454551
4770971
2772874
15220023
20148452
29416275
4063867
22704027
25666179
1542303
2386484
10130666
29248373
2568946
28686784
15098608
5547564
12480053
18138488
29734822
27299614
16015257
16182836
3233721
17240547
15044171
17016053
6440179
24592884
16441516
2893813
27343504
10805933
6291543
12137131
17294614
12716915
17110579
9092098
289342
13977512
18801821
8395008
28421592
17786932
10137632
24430883
17699365
2851010
25351124
16910822
13290503
11983065
3000668
14610999
26851935
5659566
3471086
28480566
15106614
17041686
18357548
20763994
29172415
5704833
4435535
18997201
10534618
13620495
3682362
17498608
5486893
26620147
27289014
4343336
12981466
14318674
10628350
7533459
3839028
10292253
28129893
23399463
13533803
8549095
13405979
5763595
20921153
12200350
16366168
7124414
15354535
28558822
2650627
25883269
263327
29909509
20234930
23719665
13361967
13009362
13193724
17737299
25252930
29317364
3151305
27878996
26154421
4863052
17110121
27274733
12791800
8687918
21039980
22308270
12673600
18786491
11659002
19707589
29024052
17540944
25776320
17231519
16164113
9545392
25566553
14086398
27567086
15342610
4574877
22843179
22137768
24589021
8420441
2226204
26594294
9235030
28885493
3154108
5198638
14255187
19491208
24094603
30224694
21491229
29811213
8463944
27626646
13196696
24391285
22678182
8004636
989632
24856997
28090733
8964520
6302792
25048676
4479329
9807481
2375041
4239483
26011045
16843221
5569001
15218894
23478795
12832881
24755231
7360627
18120769
9435905
2587332
26695936
15999171
3079580
4069580
20506316
25662188
23669913
24601541
8101
15493507
24155941
26186892
4145166
24099375
28577105
4947089
14689404
3908585
26775317
12733534
14271809
22564352
7260155
18539861
4021866
14558756
24286765
551312
30200769
18810011
513439
17319407
8142177
29972
10723934
848849
1293306
11654283
17297457
19862805
29934450
11152414
13935395
915791
1562664
25080245
25675124
3298383
4187076
24738047
297613
22965663
5173960
22590690
30320324
14323822
29376238
2082326
1047498
3178493
922205
8111692
15206224
25538100
18171444
28076580
22710195
15055069
7135421
12167287
20736155
18383071
19532226
18489822
2112153
16383581
5262153
15806264
3439920
23839160
24992018
21448840
2234462
20372748
19719806
28473138
4866670
4519234
18468792
20735172
14810363
4574110
11040515
29730100
30283888
14434685
23153118
24070342
24944034
24043971
4575848
9157520
18191569
13598110
24017885
26156571
10557884
25791517
12853483
5511312
7691478
10567237
4186016
26545846
22697786
5947842
15726032
25661978
29960091
587797
21756101
18714128
8689706
24014195
4259519
11316636
6061309
5199838
12636019
17792283
10008634
12250548
14231129
6645627
21767012
22855058
22286335
29939553
6876702
1540960
13888294
4942478
10028076
23706919
13524086
26458364
5590187
20583287
14112887
29293287
27085950
25179722
24184155
2290634
23072917
2783298
29967208
1254928
13546773
14627344
22286046
27353315
9874289
3543434
5729189
16133709
4969536
22360146
4975837
7903833
4109670
19803004
4336002
1728090
20382483
24019187
1244570
14696521
3252358
4557992
12683705
11039418
27559762
8418837
20161351
9115220
24537696
12036490
1626480
28151696
8308672
11130508
26737302
3685910
24945179
5349498
17041312
14191802
26909853
4294341
29642337
15169948
9711358
1316232
27097248
1934630
2168
3583621
11188852
8446421
21729365
26016846
4549188
10902886
18872188
15130336
3432611
3591364
8722425
11577143
26101373
14620068
2474996
20425950
6692763
5284936
28354060
19080811
10862497
11721159
9864285
765449
12486620
6926833
6529021
30101733
26413320
11207420
3472031
21487658
9054235
14053944
26447533
12046255
9273042
16975053
9701609
4564867
26441969
5900673
5426543
16683761
1871500
15675832
25334409
16126075
17162570
25820862
6304512
13142398
25736674
185384
23824543
13401904
3647663
532412
23938370
27456795
14781884
7262726
18543166
2420477
9403665
30215307
5342732
16786338
7334570
15770997
7964997
16377425
25803595
4069261
6338117
15771874
13196878
27540393
18024062
3692190
4225990
663508
30087329
20107920
14929865
12231334
11706663
176849
6010235
29178433
30066594
21964570
4346506
87644
16639418
11746844
2989690
26012733
7704813
20140187
12748881
22460001
942531
23412491
10800850
8502502
12373483
21902275
27840598
6875430
1494465
6020613
19111066
10603304
18362824
6030135
30161191
17866474
21632964
20415105
1625764
9360791
29912959
21556577
24119375
62565
24132664
19997664
3016808
12316725
25397123
3896718
23982731
26748363
23320608
2219744
8901260
26597140
8050921
28155027
10777735
17851565
2940036
11238501
3991975
13946063
4074696
4974547
26249240
23815143
3014654
28959859
11732791
29205890
20916656
15607045
10294260
13730237
26008147
16754716
22587932
15209486
22780341
4321033
28952182
28825036
15497814
12662221
28414525
242931
17755905
27825511
23915957
27708018
24797225
12278419
10937951
25790294
2538960
25098983
27390604
2913557
19413747
23564146
6508138
8328178
115184
4364570
24504543
1905626
4078016
1542280
23093414
25313852
16073727
2634105
10816256
1203770
21537378
12600894
6062748
28138365
25141913
30269012
20337322
27763563
15164560
4375045
14634607
1120006
9579359
24216607
8729081
28917697
20426817
22526558
18159574
28957388
8495094
14936879
2007493
3676522
13444223
29579122
23381817
11935039
20731788
16977707
21057129
14885265
4603383
13249253
20536930
20312337
28395115
8722672
22631334
5903878
3761974
5037937
12488588
17362699
11303189
10816576
25322881
29886194
11519649
22477504
13696343
10359479
16422916
4283035
10372874
12703809
29231820
217041
23318347
6102108
8071500
764364
21879105
5060843
13157499
24104748
8319830
20930453
8232132
27121792
19986651
9696056
12876903
10432016
25050880
19183709
29463008
10512406
1887233
22452674
29960220
14052472
25697668
27184171
11847781
8163153
12005212
21441653
3355538
14004852
3330935
16716193
22101687
26669023
9095118
15429858
13594053
16019965
16007572
13458470
6227778
1812613
9670400
22063470
5858317
13777548
1185182
19957080
25029596
12681625
15745170
22720150
7393036
14179370
17795048
26733509
19226689
13170332
7731328
9002341
25979107
26572421
26245164
14562637
23876469
8069076
23739119
3116315
28926071
14598465
4712037
5585465
28946605
26228370
26135782
9404038
8466429
6849674
2497572
24362613
23377249
2320687
11396849
27438024
24172096
12161535
6789108
24144514
1804392
3836107
23099609
18339320
21866196
7396349
18215969
8477675
20619735
19678743
23757634
16327055
24479841
10155598
1479878
2191711
29257474
21302396
18300187
25470709
27289703
18682899
23937448
11801168
16983161
22111489
15112712
58986
18369245
15680536
2013060
441094
20310660
20637302
17494476
16045590
3125660
19234878
7160326
22851971
3113210
24465274
3398587
18909805
5305253
260905
7240260
18141527
23471961
5153693
17903963
9546716
883887
20059477
16607290
7163550
29036220
23784539
13024244
24651664
5788742
25645271
18396545
1909238
17369313
2263350
7265507
854048
9027274
8169535
19939622
24555057
5056594
25852485
18809537
8953656
10358518
15346564
29476790
11318480
5564189
24844139
22633704
3817982
7994192
5921472
14165375
14698744
23627407
17642268
18447434
4992834
20854200
7377861
6990616
24050964
29931520
17791957
19021072
26417662
18666802
26927275
22319659
25501957
17170465
27506487
21162294
24276346
9588596
14380868
6280000
9068650
19159018
24076286
14143821
12416324
24820510
3411488
17764013
494741
25885435
24926922
19941519
17833643
26398325
9789943
578501
2241211
15204067
24839633
5406501
6188018
23440881
19001659
19393016
29083162
12292283
26681206
5143042
8361702
7260458
16841508
18673334
19913464
5153588
9508756
19726494
14117211
27130045
7728869
25440135
18028399
27614341
25537029
14845018
5850542
13640796
5520160
15655550
5489116
12678477
10031516
13972665
23606174
29777396
4231804
7513536
23368018
18717554
17930739
4856518
14588903
23734576
29343924
3411335
28296258
418782
17546871
19991700
22148589
30137784
80817
5687614
663039
9359601
25710526
15783449
10534473
9013136
8781849
6915490
10825329
8144055
26583038
26330443
8967308
4898650
15372522
15965668
18850915
10448975
12153584
2815207
243010
481630
10957426
26593595
5219979
16928287
16566266
26379761
20613099
19585421
20405487
3326515
9301403
22117084
1686454
1673897
20809194
24426166
26518790
25351315
6172733
28191515
4547643
15416857
17377936
4645580
8037145
3612239
7467926
21688159
2987417
15787182
28876944
19344592
21853967
471342
22957982
1891008
17427945
9666109
7788856
13273029
914733
6897008
29450926
19392483
5556316
17534634
13017935
16317490
12568429
22013520
11502583
4110270
3715169
22884634
23039064
18913136
1284986
27013269
19771260
5165844
28195682
30019500
24092688
7564667
21902631
11317104
7221110
13506362
22854023
19219355
9717329
3255878
24360163
27896741
2489812
1079169
7151008
421466
4729093
1954213
21574258
18364905
674474
8504529
18227397
23822383
5239575
27341366
25719260
2510698
2571040
1043112
3906641
19750592
24172944
20374549
6628697
10170325
17355519
1630803
16098180
13509653
26800168
15593819
25515557
25314060
28210319
19872724
19234333
5359079
324029
17804362
4054036
16412576
7234102
10574461
20294471
14161928
18976911
19049271
13530870
4106169
12322485
29767360
3695300
3790207
16677978
9333287
6232116
9614691
25784255
24180334
14604036
3135402
28673517
30360537
9810478
21414512
28894030
14262452
8972192
17246365
27142751
14391360
29565489
29152218
7301295
28472460
24895156
8850196
10775873
24583635
22863375
23656329
28245187
11241550
27328283
18040075
20111504
8205996
20827854
730241
3418949
27943373
13541467
5634056
5786567
11208487
15403981
9754012
11091178
25463842
19017714
26472461
16283932
2878333
14804712
25548182
11260123
27652656
5218258
6435167
5538795
5012211
2463079
20609558
10770915
9704925
19186102
22445339
19855712
3622582
888492
18357235
7727814
18794060
888747
11132865
1591767
604538
16701488
4368593
25828918
9052701
23333233
14498632
14989227
29202236
14396721
15284540
1397626
12808446
26908407
18307536
4863237
15170971
22314771
27217421
8286263
5101719
15427177
29207707
9910660
22122779
13403062
8858217
16941290
8443141
24157422
25314944
25199060
6198875
18213719
21719332
577214
10561807
13163394
6905630
22508349
29639505
22649100
11699798
3978319
9433301
27403607
7240287
27241128
12295672
9889896
255842
1341807
138367
22572539
7645217
15571625
11196139
2064215
11343569
1727470
23895617
5669406
19963204
25183483
16685409
9979850
5340801
29749275
6098135
24147918
9447302
23217544
14820139
30028273
15163996
3872264
25397895
20190773
29362705
19270922
26263137
17810817
26725402
8284074
10993150
27634181
7593808
6324810
16569463
27749725
3982942
22034688
8012738
4944081
13693442
17166180
1922525
14890669
26943098
9574283
18742294
8415488
24369071
21841754
18736535
28595627
13638593
11522851
27341127
5642991
7095842
16994493
12615750
10666909
7531355
10539842
5494756
25021172
6098642
18134164
22392883
11292322
26922291
27082900
28923336
30007745
9768315
15018054
21777709
18191186
11309604
21525232
6300152
12422544
20815503
28238823
23449480
27168772
12835725
19782170
549413
16506493
13903429
14555871
12936182
30409368
15594895
19862558
13933889
22772525
22406930
7045618
8634875
19836976
22126258
26007192
4655976
8250257
6461979
20825715
14785254
17540432
21391276
8471251
400988
20588825
18432126
18830870
14008261
3418053
4533883
13555979
8570960
16209883
27111426
17011706
13031871
1901816
8943324
10635775
15155788
24032840
13891032
10853223
9852474
17917686
18844690
18146532
20203847
28508615
23619249
26361566
24276310
23788567
736538
27675100
18596107
4133925
9172789
1037434
13915336
11507691
2669817
1644334
21302149
8599176
11005234
8780915
24684569
28771890
1248408
21975031
15446534
5052309
17669336
15410479
28368881
27694238
24360284
15857510
19331578
8021274
12496006
11954245
10485811
11630520
3135200
30171132
487717
8359486
4224908
9251545
1429879
8528502
15461374
26656737
13704586
12088493
27387854
21451535
7473865
21536279
9169371
11898336
27115263
18909206
21902794
3735561
10641365
2996032
16076398
28328825
15703252
17253465
19565543
19057396
19369681
28502214
7879104
8263015
15071544
11454640
25669490
7894785
1898956
702361
11345680
9117048
11155801
6001382
16214524
5203534
21983991
26419254
29524207
6184580
16067704
25223740
20265364
20661647
19144709
12020524
30129546
14474480
12416451
1208990
16919936
18393892
7217810
7967157
21478489
29911533
21010730
12627242
29045159
7647016
3021682
30336225
17175199
20754290
24146527
28189675
1707601
26183256
5159491
13120398
25081445
12444757
10365015
14514478
6721458
19875168
11357136
15874022
5331764
28227601
29428660
12999228
25478763
443734
28035431
22570051
5949809
3530832
20209615
20210077
7282841
23395028
13889381
13691984
16495952
7798792
6727774
19689330
20253751
20853700
1394600
6697511
26952346
3401528
18554384
3287954
26885618
28091889
14840345
26024957
15786198
24575625
24329407
20000388
5932950
7682904
19432189
10012591
12869657
8231758
1285024
22297096
25726933
30348305
13776553
18296876
16600632
29090131
30182300
29884443
3485791
19160453
8892646
468616
11876284
23352597
203363
2571530
17184032
29332254
23137352
3571698
19455808
29470805
11751970
1458962
7305048
13651397
10593162
11898155
1765891
15544455
27707174
23777614
24164524
3213510
19924950
14339240
17217784
16313158
27267702
8324085
1523147
6274974
7810501
10066099
4265539
7525878
10501005
24234594
25073838
10727728
14476254
17898965
28912284
5373349
25105018
8972542
7869385
6530227
7389397
484455
17223101
11942994
13129081
14357771
13437926
8269849
24600833
25915137
27602376
16887728
3703921
24095465
13939980
1940324
20127919
11960458
29827967
8909376
15568284
22630669
419976
13871286
4171145
25053519
16977672
20937477
24355531
20175559
5202459
29694873
27230621
12768653
9250217
20640511
16291392
22330718
14144440
2219184
24809804
5560348
20941052
16422545
1135004
17642002
32940
2759516
7885624
24350531
14611038
14460743
5018630
19102254
3385590
3191245
15691318
10999983
13544099
18574122
7664264
30193682
20047389
19557750
10872462
6886291
30019844
25301235
26945189
11598373
736149
16241386
20228405
2965142
8838991
14086572
9352125
22340143
29664202
28249296
8691377
18468270
29840712
12187313
3698071
6162272
21453377
18937710
20885084
18678939
2453403
24567825
13605218
1724367
29593369
15987368
13365986
8029340
1391994
8061132
7932274
7536023
25400298
19055671
26260264
1390544
9259144
20885252
2674853
27760511
8310940
27944739
7368958
27265614
4532764
6577935
20351431
17669855
22775354
23916300
5306960
7231421
27098539
431470
3871901
19801926
22648469
2939151
13898205
1723983
26843473
6867383
19708471
20557270
7829859
17561338
15079849
1702969
22748206
22937265
15630525
20958071
2817439
14712751
22467052
23357887
8963398
21909022
6061053
16623258
5864310
939721
11932255
19321474
7902213
27564923
4230416
2491049
1891731
4558241
27411072
20761260
121178
10639717
17316250
3227166
27792342
12708841
16729045
8322894
16128293
10417940
11560246
7096559
14163900
23747015
5074747
18405399
24536562
20468138
24303515
5970808
20096362
27339179
24100442
26826623
17818746
797059
6555377
14106208
11838901
22764916
15957551
19637547
3427960
29220632
29331404
30125209
28311782
12563472
516604
17561509
18986688
30297140
15501523
16419965
10496365
15263822
4506098
25386994
12401354
19733755
24204135
3282058
19580349
13968176
11845669
5508795
22019749
8722273
12298073
26372501
19128360
16361939
26222570
22359489
6897723
14532388
30032227
10594064
27736208
22871783
13207450
9155214
6165649
8778196
27951463
12569744
4834355
9758727
7606402
26993335
20798692
25518116
16660576
22264647
19948524
12686418
16350825
15729860
14077724
2828939
6645449
25626721
19428241
23032280
13941805
8350172
19618635
26333534
17279486
7327860
7902920
14590614
9764584
7545757
23189521
18466872
12160111
10332616
24863538
15811322
10086853
25530990
7348686
28129746
25094872
14267444
13328480
15721481
27339436
15468884
21114141
3760171
17966650
10765310
20437653
17941425
18739089
12416771
28623603
11051591
12003979
28124526
8044274
14723335
17055178
1842938
14700871
18668917
30018571
12095744
27805181
25225853
10034069
23994685
5414440
20488671
4930155
12623462
21126994
22855922
18010617
19383489
21197159
264411
21233295
8550684
30182301
30194219
22977395
7524055
28503919
1462358
13263755
9240087
5083023
27321686
22327154
26610388
1410486
29025739
25520967
25218515
11946513
18198084
9736559
16867753
9522680
28627813
23927333
12861692
14686971
15356652
17280599
13385055
6823108
23027908
8545009
4319619
6994815
1997324
1894863
8901058
1229525
6034244
18064824
26644466
25355478
3518893
25859135
17633098
2740181
1191007
27973235
23717086
29131695
15034451
4500850
13255097
8432384
3658712
7254482
19879530
9519660
27284309
18344002
23427765
12585674
11424503
14049491
21836974
6249195
19296711
24056201
9969726
11091572
551352
29737353
26215069
9279843
10079299
9935827
3124249
9178107
29657468
24255900
5134704
28416310
29992457
26526298
28045711
12589241
16677144
24768433
12497461
19798199
4898819
16483852
4433345
8191582
16975848
24015335
30068582
27941378
7622296
5177203
28656959
20742189
6850133
25338749
18226041
10785280
6726855
20772184
21296316
5686909
28465880
10161461
4938744
23877470
7398348
24559144
17113525
25191374
114488
5036125
3399211
3037256
22037061
25272819
8999482
26662911
14660600
7013405
26076234
13539341
11133944
7156651
16765269
2480887
5853085
14734471
20102498
21807252
11450965
6568913
11173661
15895452
17460451
25950457
29326245
10529650
23874518
2147560
15753242
1149236
24463415
17264170
13676984
8377768
10214195
3349261
3341012
2459450
17924034
18154256
14596145
7581667
10950841
10964529
7675208
26264833
7452962
2397053
29803036
524202
27142586
21324837
2179619
27691232
3844220
2389402
11682400
9304797
28310051
887128
15051525
29589137
16282006
13435394
15317026
2806179
22433679
20054939
21195409
7706902
19188463
28658059
10818031
27028605
25555772
23286892
29591173
11371271
17509541
9435472
20387941
24969608
10076743
26751774
8860739
29110864
3379620
3588298
18549243
16652324
14278673
16810286
12474244
1448569
18102882
3794995
10581742
1932548
1425906
12967932
28298335
28819231
8417286
27131299
24806976
26835075
14592675
30130052
5584581
3687800
17633950
13875454
8943643
7208352
9121721
5415560
18310413
17479454
9620696
11904095
12385140
16409940
11393063
20278041
17822930
14788532
7652955
13576324
24392991
22052910
5899003
4536725
21250687
1091942
18165005
24040419
27469739
25589387
13600123
28441322
26866982
8534259
14874812
23800181
10956386
23073024
10858632
9947931
14333100
19199628
24872710
18545668
208059
2789776
4361787
9030527
20656288
5582666
5189643
27502026
20517767
10907123
24679461
12255592
28923275
3447168
7787273
27602560
1371277
22039043
2725640
6469670
3680566
6692267
10051670
7976885
18497672
500322
24250109
28155314
1269537
15549534
30044158
2970918
15069996
12153173
28310662
29368750
5987731
5064127
27156664
17145838
18148310
1583782
27370830
29443288
14024953
4196030
13104994
30157753
23726454
27084924
2922216
5873307
17425429
19724887
15395719
1783181
24113202
12578195
4142593
5780928
11413326
1253709
1670429
27462677
2967186
29167904
7573805
11109369
17341786
5802211
9122816
19945902
12794438
27465544
11563425
22916090
5257797
8359192
976899
28584190
28268270
25838091
28299348
29466549
21024841
14586524
5868936
9793449
5060013
7294473
11537230
327249
12830232
5712038
20628284
5475370
5167558
6626673
2626325
7587608
15417511
14659412
3913021
12905470
28189543
17675812
2170725
1719835
15147250
1582974
5974655
850155
1095291
8160226
18989675
21680020
3442893
13333295
9252909
25581503
12195190
140814
26798742
28149906
27523431
14945187
18975822
2178580
18362879
12736065
14526889
17911930
25413006
22176256
8271382
27553153
18200025
21029624
11436317
21754229
12858928
9940751
29881618
29326476
1397833
11669621
19869268
12727139
19659929
5910829
18811180
11130366
6204800
10128967
23894089
29320917
24778327
2599854
16704359
1224331
30405713
15614316
28987738
26142739
16541027
20039642
23975443
18616305
25027786
25649952
4627061
16715667
29721472
27265979
13771352
20014068
13226775
30161876
3901218
12188408
21146159
3506981
20653902
11042901
5298227
29593129
4881354
5365910
10372242
5176699
28681646
26094222
22903163
27149535
18383543
24379935
24320131
17751084
2761668
1094973
8490942
29469280
23403292
38823
8437623
23021081
22553692
27093015
14972505
25289725
3631179
24189682
15949773
28602411
18821554
22314848
30183765
24331103
16573660
17054550
15087997
25742661
3393363
11095213
10205493
18147636
10582913
1533507
15984400
8429660
25843350
13951436
16659373
12837381
7417846
11159268
25135036
14051346
29767475
14503587
22625597
12984751
7463688
5613919
17368025
23394962
26796112
20452628
5378196
7846689
26226980
8443039
4595078
5247188
26925095
28561469
4919600
136011
3266169
13784278
20017166
11279867
24671787
2416606
4520364
18674731
17747518
14730538
5438299
25541938
20490672
2180657
17165608
15363451
14721673
16242869
15830352
18065704
20672796
22065840
17233573
14150638
20514937
12219058
2516202
25894460
5602813
13256600
26613298
1689292
3083799
11182173
19276019
24943463
25069774
11855208
4695571
22096047
18481371
28473824
9099435
17066983
24296859
17431293
10712460
23001807
27027454
25981460
20895325
7653423
663358
27840165
27726477
14739398
10484631
14573516
2245911
9358073
5437622
14436709
5227414
21941956
1708908
1111641
26639457
17209974
17342479
22137365
8708076
4513496
25386924
17271148
1859604
6452432
15423341
15485534
22414066
28424371
13871506
23269478
13446839
1882304
15464553
23880421
2719653
9324161
22279731
12047904
574314
22511270
19972336
19875752
24145944
1697896
29134788
28892591
25887455
12888983
6510239
7304499
24281146
34806
6504708
12615945
20788698
19307739
29788571
25508236
12515357
11749568
18410663
22904134
12565163
19716919
7337826
11810406
2849273
9885582
21568908
13147009
19225814
22083618
15911509
6024539
9845447
27000464
19778522
3547405
6679226
7901800
4657643
6589577
21326543
12015945
1458420
3232804
13395972
26335036
3319990
9580618
17620492
9159182
4797452
7585003
1178062
3578456
24702559
22236002
23145450
27962939
21503212
16078012
1008297
25798325
21605549
9254467
4960901
10438826
17693827
9060023
903497
7674364
5860509
16168087
8958246
13999330
2197272
17708482
16989925
13525507
16660505
25733951
12668892
16310834
1023068
9684983
10259393
19099407
25377111
21335314
24021705
17084644
101743
6274998
987065
8560991
29040751
8677879
20649153
5026265
18126220
8222199
11939733
9113232
9197881
25356433
6307560
21731064
1007518
8597582
14938408
3922083
11049832
29451493
9444299
12753502
22504252
14561951
25494856
2588002
24577390
8472025
12302975
18745354
12652217
16881133
16064060
19736683
10329991
1478480
16517653
6543253
20997792
6853005
17549792
3303513
22094738
2662684
13025921
26831721
16078935
21278745
21767680
24767978
20190099
18116573
3036770
23883612
3044292
2086774
5400580
22363904
20501704
24874765
25007814
2532140
27699633
27768317
19899689
18084512
3788694
26320067
21119211
16914167
17909521
8439178
6066748
19657655
30362563
20569279
5454530
5559461
13682391
21910383
27388641
18524905
6850224
4514882
23869244
1011976
11229667
11945651
20687170
6684805
934875
29317256
3928727
30379944
7663219
15512276
23707130
22549151
26653909
25647582
27638602
28204709
15536208
11302113
7308398
26789577
12781399
17230549
30035986
10858422
20462671
29596068
25344417
10971483
10647902
8347791
6813899
25062681
6731644
14183031
25363268
14729619
12279879
12295223
6025448
16129426
7740134
674678
6122346
22235026
12097918
23907138
26145965
25140755
2555514
12585429
24781738
18489289
26355270
18643539
25918075
7428600
19736511
21396655
19534238
16882042
28866464
10537724
3944943
3522676
3481185
13828499
1729927
26314330
2891538
11376072
23321767
5217377
536397
22832802
28522585
7141520
27584480
22618232
28592129
23083256
6564793
22404305
16228276
21992244
4175793
17868786
13681796
28415609
24635605
22084596
11016417
29871404
26751689
12358001
19819470
28912034
24093992
2604265
8696343
3898733
21776326
14448423
23845990
2566996
13814593
27167206
13533658
23827831
14087856
27751001
20088844
19176990
23899225
24125666
21836860
11864263
15341629
27659704
13932064
27991372
21682186
17160614
24872342
10943809
28702432
11152551
22319109
29484672
22437272
16578862
23780699
15634060
24639982
5623327
27922578
29837699
16820017
2915234
4925547
22399862
6632595
430116
10905066
10566290
28456755
22272440
4909040
24037012
30068854
20250920
5800297
25126061
27436996
17296819
21263919
8129662
15339002
19718002
13085498
6439893
11184842
18575644
23954668
30222211
9304685
23765759
2554730
19481156
29437481
28480768
17293244
19394097
17728421
27282892
4510525
27237487
7670514
9691778
26662369
3376625
21371217
11755159
29560818
8965422
9036340
2704292
9150434
17307618
280445
17058015
28387518
2520409
4190013
7489520
17927153
21485428
4966776
15015225
15725733
282872
11166818
15431847
14253718
12042419
12969088
15504603
24043196
20184309
7110197
13756974
11752235
18592866
13643202
13416002
8839530
5531922
9955556
952416
1155660
26218961
29301149
5932323
23813937
27045054
19476238
28374049
15596109
10874150
3011641
18226192
27966205
29487619
30132418
8470761
24420187
20322508
2070825
25854777
15730690
2092813
12018392
29088836
5274481
7577720
9192127
8274960
19101513
27950213
10835342
12679324
25338085
16934885
10854095
5655969
23176531
29643979
7779878
29188532
8512449
15861900
6638111
20492323
29715278
692184
23032886
14157470
4747385
12358663
16595949
19053087
15523086
18966448
20792361
26138449
2542123
21454645
5439123
19423054
12769147
29618056
4326714
23253178
17465344
13178527
28293766
21591334
23311174
12308543
17551099
11337519
12404458
6836951
19770909
4794709
18585562
16144728
9369104
25831617
14424150
14016385
5689048
22366935
19654399
28907137
7379939
22979032
6934724
11922942
3192431
2853672
3481244
24498906
8183133
19487431
11066307
16829163
7705465
28933163
20481282
29996682
12702882
23090127
7610514
6243016
28236785
25049976
5789978
7055431
8875298
9914043
4539013
3237888
19832762
5245476
5702368
8743020
27721454
29636348
22877712
25761133
18302168
11169101
12477205
3120188
27721931
23946921
20901600
14149132
15927498
13841130
12116637
6825213
14308002
11146250
15650121
8545429
3083726
9286044
12864032
11594992
22377572
14481798
8973417
20252396
28170030
13693567
608687
23591974
24787647
28918595
25578862
3659264
11718489
4902215
14674159
10663109
8551934
17068310
22352545
16352838
5512190
27236024
25465954
11054692
29959113
9778495
27206150
16817251
3378891
13075168
6717955
14908186
3351418
4768486
20702276
8141743
20607
28931718
20319242
11706210
11137738
5101716
4588688
9501298
6563307
14039317
3045211
9542992
8631134
7557005
11439401
27324613
14990579
3679969
25846156
28001593
2564315
14311886
10603762
24403516
14807879
23316191
768441
27761421
9873578
15575298
5904931
19209305
10611650
2834712
18709143
19239013
15676984
2497279
13177328
21019360
11508304
19990956
19480494
15319733
22647888
6834459
14366494
21954666
28365892
9077693
19020398
7425779
15564040
18616968
10579102
27059074
23630213
7682668
6416500
27514923
19637759
18510622
21386168
3487104
12578580
21915435
15012413
26760698
27498519
30229237
7821820
9107459
13405096
10167185
2089241
22298609
30222633
10861435
4129813
27637742
3920192
578745
16825495
26708852
14938163
11908311
12340777
14402294
25016446
25030391
11357737
5807710
26351360
16569928
22439558
23254669
23429363
17731553
12746152
9784989
1530868
13554887
21814276
22626620
10907144
24903819
17143717
7592236
9879870
19200829
27711755
29207466
4315185
23442044
1248376
16576062
24560863
28280720
27017959
14988505
20402224
4891354
8121669
12541824
22392805
21886054
13474022
25702479
7498803
27367822
5349162
6293580
10866833
1029736
18910104
8758265
26889475
27644259
4522121
19320251
26456075
18500197
20822692
20837254
17785526
23832978
6262601
13418190
24673512
12649722
10486300
24327245
13765573
13001881
22779918
21226705
645495
20192755
29305287
27218437
13432404
15005916
3475421
2266533
13016522
11757126
19940090
26535677
22525923
20340404
8781173
2318722
7839714
24138708
21519201
9093259
5117350
21998955
4683713
1742234
1894346
5565700
18834133
26884417
16504482
30251889
15212551
5995676
7688370
21942574
7121779
18437964
1241499
20107717
22708316
21126129
8341260
17385727
26012089
8573303
24960141
1695064
13994831
15609251
13828064
2574786
29904990
15518783
10367182
23214622
6488866
11962149
24348625
28753897
2913859
17652090
10379826
13958128
2154262
9248713
12840210
4699788
5168029
23556875
15543480
19316518
17013209
11442239
25470797
6822634
21968474
11512027
13229912
3939432
14950683
1282382
22802246
6855686
28041020
6806547
15572845
18243752
28906611
14630526
4968118
825824
19396523
17453390
3662300
9375540
6681881
7097160
6146435
15732687
28424902
13762475
15147804
6465374
17139472
24178482
9335823
22232438
11740839
16056361
28807246
18803066
9749812
22146798
9142755
24285340
2309171
29261230
19930004
28987431
22393908
21430822
5489119
17656616
28809876
19461436
28095047
11880807
4673745
10177203
13303344
28107639
27522829
23605064
25696779
14841444
21270023
7733937
10576839
16115968
2102186
28361963
21436185
2085830
23902726
10362728
11121979
27142603
9507163
15175602
13359725
5936572
24814076
23281571
266131
19750176
29074548
22695596
9174239
28892527
29176541
58378
17522597
26320741
22602687
12930967
23439490
9831780
4758926
29189396
25435956
25025943
27663019
1026549
24151120
15812645
19768162
9104207
19624496
25288122
12525704
19563249
7887619
21850010
13612562
20047874
14298246
26762032
16883885
27617153
22547817
28421921
6599191
8251103
19272960
19700452
2629916
1320820
11356399
11501803
19206387
18737085
23470034
24745358
17530930
17747001
11894100
25592213
17362151
29328860
6322459
26661460
15745888
25830871
8481609
11236175
14520852
5239576
16443753
14967109
5086959
21999508
20289565
12192296
15717788
9287544
8478262
5612081
2660842
1486453
29337783
13578200
26474743
16441256
7564092
18145642
28890922
22487344
6190689
13192195
29105010
155477
4931131
6305371
11728680
10745061
13606862
14433311
5981493
3269071
6160292
9906298
23560663
3467740
2994181
25540664
10558711
11159852
20927721
13648835
19698089
4957225
1488709
22555514
28578180
4084027
26441973
11169499
6166886
629983
22058119
11524602
28415231
5034678
5766216
3481426
20424186
24843388
5490198
17535436
3615926
548107
26300179
5188778
18874729
435548
21763251
10820696
17891147
22158226
8121419
26194240
4954520
3394875
19592833
12319870
29598115
833323
7177348
9267955
20040737
3272505
4533047
25742194
7075597
8644963
5521937
6212695
22270057
12788623
20349001
517213
21372759
26152530
13478258
29188197
19541761
673868
482888
2811064
28774231
12955445
11209891
9340241
16439605
2113001
27100391
5737021
10721837
5005207
22866217
18314883
25122030
1772621
22393486
3831203
25886184
11034110
17143989
2169847
7139915
24179569
14067297
26344538
4579358
23782798
29188842
4536177
20587396
16921307
18559809
3540862
4237238
5724186
20371394
10146405
23805582
5316687
30310994
5435958
14849049
19166879
1633039
7392266
14587543
26377491
13705931
8711776
5589371
22547849
4419969
7008642
30282249
26245333
10255724
1069488
3405394
797831
3706030
28751640
18711809
1678565
14779371
3611901
1012046
19397199
3839809
23261696
10234399
27624595
11338045
24955134
20175791
25826909
23369811
12732198
15787275
17153587
16622674
2263096
21206141
4548251
6019583
18631365
25496763
28396079
6539747
5138877
28431833
20167144
26989145
8002693
25609533
29576467
24108148
16135038
21980476
29193532
24127773
9226709
15029101
9339072
10020649
28277976
15362164
14779863
14056172
5150942
8819411
28824907
4975633
752169
9137924
6629979
14269373
23724858
30301526
9854438
13898742
30303975
10379943
6427103
23465387
25137509
16583196
8970122
11628961
29384785
7414288
2485778
9976409
9730818
13876716
12610012
12554808
13323863
4596903
12606202
16526637
27320479
28209272
1469917
16941968
3013672
19442249
25236570
12053791
18786239
24502402
5972134
7870090
15706161
25395916
9512891
22452263
13900614
4096010
4994472
16165413
16714109
3147588
28904840
14796207
28644023
7152887
9867368
26697549
3056391
3925842
18552234
27614001
30270348
402202
14041834
7191858
14119247
5211360
7170404
14272702
22344864
11716862
22809065
20855458
3684027
14482101
20995176
23941863
23878873
20761519
24461585
29157721
20586802
26553033
2403304
1430139
9378140
6891653
11175599
10454618
14223419
22267742
8932458
24783517
21383696
17158893
10719496
29556476
12509055
18868785
16395021
18831122
20706009
29514105
6537468
26759668
22885670
29679991
21916620
819650
466625
20359291
13036428
15199979
14133355
3954849
94942
8899382
8731641
14953523
22925029
6452878
16997496
27265432
13427371
3172605
10946810
4010164
2977579
29184584
17445687
25551574
29997960
19337440
28083691
8814634
29375719
386300
27792338
22250909
8860034
9340625
14105833
15014506
27154712
25737859
1179829
28360628
29992775
22413410
21571583
23083557
25476809
26911013
26479728
14361
15217082
6744124
7092312
30344825
21041046
4228632
1152498
6613022
842669
6842073
2064376
383268
14678704
2973832
13688408
20159714
24655379
11845393
19571625
8277329
29588976
24335564
11728255
9303963
11582033
1445488
6110970
8277371
27380157
23297794
20230585
15211738
4015562
2863024
18292509
10957106
27137139
1290553
11551288
747563
16798415
27951554
23917275
14647425
1338096
3991403
5218071
4957304
27157988
19400796
29720387
16090055
26241723
22007496
23632055
24094270
13699508
14805008
8944557
22872706
8764076
4988689
20296065
7058691
20293469
13420619
8644165
14012587
13641919
30171591
20781606
7384340
13988019
11362535
11983449
15274266
20893831
4644437
8820088
16524286
19382511
28118890
24042792
28784136
9620281
11602494
27046909
28592815
18950661
2515869
28605690
4460876
25579803
23780438
21224268
21209463
17309714
24635776
17050784
26968918
6916631
22259356
28996379
15829966
19617998
9324670
13073824
20937980
528106
14036454
11920834
10635359
21238562
7694497
1138161
2506106
7306959
5525469
24673108
4096732
6940364
29365800
17923106
11448709
9541212
13454902
9133241
2701973
21346753
10251846
20004092
18343687
5817165
23139992
30206879
18071482
18831106
11379633
25513754
7080492
21645526
8936298
21738547
25312808
1962903
4701991
18352032
24609503
11613632
12730452
10523959
20580543
6397048
17270116
8284002
4371553
29308221
7160355
5366954
8078390
749913
27378207
6594206
25583359
21652906
22539178
3763490
9308659
6579668
29000701
233531
8966084
26626799
13201876
29244310
3974181
18988711
9414822
26013700
25050213
9545864
10791002
3461459
27519242
20927185
20891612
27744879
24767512
3920173
4581849
541267
10793409
28642233
2617317
5636325
7538837
12448899
8832456
8349603
24017577
12327940
9863075
6083511
13716107
29209489
19994793
23170945
13382840
8267449
10432686
3308316
22535524
18863353
5049350
21321630
13386502
19545630
638068
7110429
24437760
6092919
1549761
9480677
21018405
5014154
8572140
25509449
20865481
652709
29289532
23098665
17884136
15248016
29021805
29925434
29008001
26253895
18759063
650447
14783355
993292
5516938
19367809
22046649
17916541
23253365
14613833
17706623
23874105
30185300
13412893
19143740
13350962
12986603
22107874
26062359
15453820
5344521
1118326
14159421
24847989
15141160
4737999
18538230
29489735
7098671
10805591
3324160
5410518
1382635
13095267
20055224
3156365
25262654
20391754
17310170
29847854
47548
12636167
3783251
2953954
26600370
9606327
27534540
19580430
6537409
16620805
6697641
17856872
16072033
3604256
8855928
2558792
10089426
110263
17131523
24392569
21231445
7317308
8133955
17304293
23300073
19997773
12020081
25743813
6947614
4155255
24175117
9261293
23621786
27874322
19390538
6636036
9557746
17278521
1656588
8302992
17823150
22067648
2182616
28710940
18398820
23786292
15511456
199034
3758332
27564286
22304060
9640884
15102926
12607262
5825725
24165263
10611875
13864256
3718507
26277729
18632716
25138271
9591279
13102876
10036353
4967777
18346671
3477601
8681
23109309
12344267
21216632
20317759
8696955
26134349
11922819
28460887
17276183
19324146
5166536
30265477
10066304
25874990
16080415
8025884
28888863
12437720
21713956
18822576
5022851
12026881
5127959
25881989
14037806
4950008
30208808
29338290
28389089
8858258
20839029
18895305
27647891
18414810
1925093
12391688
8540027
1422934
15642565
15992378
2290639
10325970
16879368
22613104
12994753
18411473
24410414
12499203
9523843
7742981
28057322
12555817
28082927
2817035
21132225
7822876
13007482
19501610
19004606
16902062
24368276
25920144
12291559
6351035
24845952
9147623
7798860
18933205
9566298
21850756
7214844
24980699
13958751
16141569
29192139
13317556
19280620
11818234
20223643
26252863
8298314
10302416
10055902
493430
17817732
19083323
11436758
14491457
27982146
20730385
256534
18414002
28196555
5272314
16446869
28012364
21316324
3850152
26762638
7523182
1794513
11098657
24063060
17585506
29477618
4388295
21777736
5522078
4461385
29370746
15791966
22625906
25386531
24849702
22613551
16014803
16890177
24666178
9948459
22605170
12762361
24326392
15149922
11615955
21909407
26331160
2370326
16993468
26462796
8740026
3464113
9155084
7928305
2300611
5666002
3502950
13120172
19550883
14256087
29582842
15752228
30202870
1831090
4550180
28818250
5604400
5907520
139325
226101
15601833
16949450
3315725
4996685
20445104
20738904
29597798
17720
15638523
5537908
28180385
11236229
10481339
15830198
14138553
8736882
444473
104028
5996109
26039872
23230366
10000650
24193374
2722241
2306713
22879808
16898839
19456056
20257247
21087932
15447016
10454141
23090201
15046000
5432972
8522410
16830841
15963240
16420388
27854037
4910605
21052582
21732974
13598371
2151736
21956702
22628702
1519484
6708929
9558142
12827621
20939836
5774442
22104442
5707206
21461064
29950319
10851988
19009426
30311663
17699913
5517847
8140155
12693565
6917303
22710732
27477755
9559993
23214810
24109862
29191738
12218957
6963151
24275227
20969415
24990784
10158643
6718159
30130444
5465790
18761457
18888802
12679358
329543
10575603
5769813
2644558
30096309
22395388
24100703
17029138
17226401
9411370
15920856
12662728
18164233
27003946
25315619
24959821
24917069
18440133
13449379
5098222
13757788
18194198
7504730
23567582
10101069
26746288
10759907
27178775
23995230
3443289
23872641
6974614
5949250
22492550
25179043
6746292
23836743
30415505
3164531
28885410
7064235
12183061
22694031
27894661
18831467
22454870
15600655
2472311
12120287
3685397
532688
16487006
818305
19206060
10956213
7793895
10462545
5377973
30268767
14730636
2128596
25386252
14156259
12770570
9610383
19785076
29311253
26490147
20365858
25661990
3506764
2140019
10864799
4247186
2346636
13076408
17051951
28050823
19551799
3865349
17834178
7105631
13178083
6573411
28280641
11002219
18440696
4219303
18364318
20358085
21332587
3000534
10146551
13625510
24194214
3153239
6463520
6934892
24788192
20372912
30063221
17323597
7738623
23138832
3615824
29158777
2146778
181332
23302510
6890730
2467505
25791275
12726990
20368123
16623704
14375960
7927980
19923321
29273838
23340164
24850118
13848521
23662113
21831931
8870037
315672
15201748
20161415
15191404
9953686
29615044
24659615
24522082
15314482
7520800
26682399
14806000
23294003
15055657
17858128
1016786
23963654
29065292
19168999
12927515
25958012
13687811
3923846
23925618
16685196
23201880
5591610
15320100
12153972
8060631
23717155
23278777
25019408
29305548
13765390
5963744
24087567
18811462
29750813
23190089
8640930
25550270
20383224
8064454
8400581
2895558
17188525
11434962
14299565
26589003
3404996
17032365
14747968
10119402
20285218
10519005
5367976
15421004
14351730
30308395
10635285
11063652
12332247
12690371
19954096
27929452
17106981
16243469
10531504
4231732
18531932
17317134
24779024
22945564
15736601
2236414
16508200
25162512
7866777
29212693
3272640
30110486
19381344
6685685
5015873
8093707
9219088
22224425
1218075
26559105
26834891
20188086
3433676
10721271
9094994
22203238
15862509
14101123
24326854
17287746
18424298
23690045
21094381
28385678
3143802
6227694
24972313
22168563
8044268
14315340
26999607
5270380
27353980
17426871
20813459
6274991
5699528
20154014
7047368
17784140
19325965
11528683
25054841
25382141
9680198
8549718
21861248
12017067
12940011
13879979
6316273
19769859
27813917
11967632
21705411
3571391
11715339
20755284
18102479
11048466
20339896
18919850
13494123
171952
2516243
3901360
10343138
10403079
22224474
20602454
2678405
29468181
3742408
4824044
14125239
4525860
29533599
18104000
26637724
15192808
9869054
13730249
497627
30031637
22070971
13682215
17090507
5608159
11629201
19617568
22383996
25854521
25545626
6939008
28741510
25661192
6657849
11771270
20138724
4383684
26209456
2033339
5570947
19920263
4774268
16292511
8229830
9737628
492169
21658527
12463811
28527139
4073681
28717724
14474964
12059085
19720071
9153809
15469411
6496683
18377092
2980364
27668376
6849608
3689678
29957028
28463972
17827847
2567613
5745022
28221016
13695256
20599066
17300940
28926787
25886558
24757460
14908628
12639261
6131884
22053931
6312739
29515329
8191620
15307854
24926801
30142209
4818848
3563135
20378294
20694359
1953250
29149710
7581780
19927205
6609238
6380715
28302067
2559481
1577064
15755409
3865115
23558248
2629069
5428150
29261365
4680290
5486437
2731115
16642579
2007448
17821003
422885
12450423
16713569
18939261
7123781
10970862
4313137
10240942
17250302
19235169
22205385
22281183
12169404
29700794
12863449
29498738
8470548
13327704
11632127
3715866
22045752
17100053
3430830
3913120
15816684
19416892
18710491
7462284
21072246
23325631
23104687
24274348
20306783
27499828
25891553
12696859
14991717
3972597
1280867
28648061
26630675
29695685
24581948
3968584
21195345
10563148
24611765
22250182
18916687
4700799
23754329
15668921
16636522
21144287
9935366
27997916
3602736
8813607
27158198
28399190
13109913
26400696
10291346
4034789
20734336
22792026
27649862
10437738
29833203
27023784
26951238
29552860
2777555
27930558
10818734
23991403
21683799
14139288
13409103
18288590
3423659
30352513
23101639
22658603
15007562
24834481
11424716
23821563
6814973
22102137
8049945
16490996
25258573
11182344
22063443
11102336
21611869
14728384
18471279
18518404
18080907
21471398
15165331
1636160
1048883
11466735
25807818
28852158
26577404
29260063
23267612
28770672
21938709
12068621
9151915
13915778
9501003
8186346
8583211
11403551
18996378
5400594
28823190
12424475
26986615
1969463
18891628
443589
13941897
20074469
1102907
16065910
12919677
7744349
6048341
14116331
17297847
20081026
6475085
8207368
30058815
4819226
15295391
544468
27904416
17777166
28019026
13387358
22606024
24310138
18126959
22663336
14239172
20508839
5033484
18251464
30234505
20070285
374463
7311269
8272347
25571754
14844756
8440247
10026383
29487595
12461765
24506711
9085645
26274569
4721368
14963468
16668364
23430327
11981780
20296947
846769
23334874
26384903
9322908
11551698
106201
11288009
25808902
164681
17067753
27278651
6116239
26507984
8855868
20402456
991984
5838187
12586136
6803875
9248849
11637258
11320233
20965977
18699879
26077354
23570670
10246957
25455673
9412979
11862658
1185969
10869336
18117388
20897404
2214683
13526175
5471822
26619642
18301540
1029259
4932285
614007
30172963
14969996
28942470
12148161
11343974
18194162
12805385
28577149
18268616
15776572
10909312
29865690
1451523
16348403
9565008
3015521
27449423
24124073
18828658
19772857
29545517
28794437
5874289
10052301
17057667
27910324
13144068
3463930
25991867
28454972
10375945
25632127
17893309
1797266
21885495
25524239
948934
5553289
22315089
15985693
14176325
10094163
16459097
2081892
17486489
19110055
10071897
14157777
14238462
1623016
29109405
27731414
10283208
17726700
7901365
26192553
17757413
5059627
10913274
21042297
18624929
4238262
22521468
1123129
29981695
10457755
29450192
23333810
25756525
7046905
4934220
13880302
22957058
24036824
2730649
9565619
6243829
9551000
21726895
9609223
17621485
6335820
26869152
11102418
20103736
16591500
24312720
20991523
2448009
28781307
4987333
20853440
11605204
23984996
25531450
26652408
21459719
6079778
1111520
12366557
26039642
27684687
21136860
2893574
13332856
24210379
2218458
21941719
27171346
12395970
29501559
14543977
21309705
12065691
2180771
1221760
2349804
20058980
13925658
3159041
23858890
14125673
22915270
10787299
23205132
5623073
15935799
2122972
27604725
4373656
3817053
6712446
17327294
21825741
10348621
3538386
28384633
13272565
14523760
15071410
19998305
18765520
495372
588800
11452006
28673007
11517945
29697391
9165724
29651602
27563016
8466379
17779819
14950217
7974853
9391811
3858740
8031510
9071449
3156220
14672013
9526802
27715939
16160269
8715492
4040526
18329339
16310273
13595007
22911338
3751086
12431099
28777443
8530115
11554935
29789301
5238400
19558025
1059029
746257
23229956
19639014
12559182
28363698
18809261
23259627
1782941
364875
13858741
343981
25709749
26257217
26792016
12636827
25743708
6546231
1157829
28493677
28972666
7107734
10019653
15854808
18058933
10511884
3465485
22941685
30227221
12089326
5689754
22381624
28049952
3776482
21961635
15700841
13594837
8936123
23912161
27052876
29147396
20492152
26142123
4301680
28501014
9257951
1927011
22257556
22984095
24000947
19109025
28846886
586991
198456
16159803
2090771
14006378
18064948
19096802
20306890
19842952
15989207
1433471
21559959
5162535
7878793
18055484
22175914
22618081
8665243
29854047
14817595
8852163
18116537
20616249
24585575
12251784
28835702
19607467
27968062
14622034
26391355
22303940
11187403
15291761
23940605
1733533
13293918
12387197
4511076
2644003
29405589
1332144
21172003
22214878
2670971
1118246
23705182
22063687
11251374
7662116
28795499
27617388
6920161
2736620
18133947
270698
9776140
3742501
14703251
9698113
13755462
1972111
23434467
19843027
5609905
2639486
810650
25526722
25735096
16833877
1596592
15145207
25853983
15470878
8215450
585462
7508149
13652174
23417730
30278875
7906654
4560963
25130363
11719234
21125119
22119740
22664060
15288878
10167324
11134690
9314254
19998229
14310534
27998923
17951410
28439458
14082122
4865903
20990034
16578300
6350086
5871556
12165874
25482264
17588940
25317199
16738001
8067881
4865359
444484
575520
5387493
8942748
23080757
13542059
14005819
23060206
6365887
22708669
11801081
16596411
8730935
20067314
14098079
22753487
16565166
13331027
25162905
20339193
19278083
13622014
22735976
27316909
10251685
9040431
25889133
23601282
19352807
10362625
4224623
19033051
3036979
25061789
19674614
17714874
27391835
24791784
18730725
23497013
9467051
7422162
19728511
12424198
1582670
11766791
10789422
22166041
5454361
24969287
26956762
23646149
18512111
8161178
25742575
16269362
13879082
23861654
30342740
15959041
340866
10174303
12111114
8744062
11972914
10482529
9937306
7646494
30190611
17446791
25424527
2592431
13142798
5634803
21660165
14648054
27519474
24801819
21332902
23356224
23947806
4114741
22600152
14227727
15052395
21993859
816448
25628810
22666414
24644523
20413168
15690409
14772413
21296404
11486368
22533771
23446606
29748176
5363349
30251436
16241264
17125065
6160903
8408531
24287640
5143934
6319966
26020097
12500281
23054985
14982998
22613591
25997188
13958003
15325132
22988998
23200343
422502
18208977
5608197
13713987
22328113
20339581
8764133
12516504
16051467
27638754
25458683
11043868
16166447
30341019
6312269
16136874
1413179
15831183
8161122
29727611
26126108
16572972
4054326
26829199
12695743
5332932
26631258
26368745
27395186
9461104
25788215
22045089
13053408
24800789
16576739
15954914
28894053
30422076
26398386
29102006
23848432
2255826
22966852
20879310
30229090
9352530
19147022
7865794
13252973
23397700
29971508
27078243
29655198
7653384
10030054
15166932
8450138
8434856
26660504
16315248
15792065
27363874
15788455
24713337
3538436
17785907
14263330
24860568
21663408
13732225
18130074
16716571
1641048
4806672
18592507
14832037
29326406
7128884
17579772
1255465
10272394
4175254
18677140
24299265
12899855
16358657
9777286
2721654
24520795
15048404
2098824
629138
25956943
16092909
18665811
9929372
19850442
18969656
12636137
15948371
21883902
26232066
4575927
17880725
16488532
24445267
16267469
9898663
16813345
16774532
20031477
18137914
23269105
19401402
13618401
12334884
26364826
24357212
18469419
5634463
5379032
10152045
15987452
2781537
13591547
7597911
17856270
23923371
24672835
20746615
8117711
23818920
14790406
2816481
16361333
11250214
25519183
25820306
6811677
12782473
13144770
472785
4637227
17674625
17202191
25423840
14008711
15172068
6618045
22653817
797759
18857848
11624911
10401752
23870209
1242462
374721
8821788
18614968
6593260
7952669
24640772
20418994
2801300
21385314
21304311
19340237
26551054
28966706
11255583
12215523
26505770
25674291
11325498
23154727
21305791
16658393
18359959
4411148
14017447
14535184
11465968
1743804
29131483
11844524
14781205
953678
9722628
27090257
1786661
17820996
15613602
20384619
3249607
2658258
3856761
25964524
20572764
12153612
20082411
21151331
20208500
29919784
27051729
14604428
15704753
21001357
17319503
29599774
2448140
20028585
28515281
21610322
11315835
23417660
24187161
2604254
11880900
21193146
16062694
17526351
29518781
28548360
942130
13166741
8421375
24925495
21109275
21397559
28784422
8351350
1231563
11205155
10811273
23069698
1387884
13411661
19570285
24415401
19091586
11261668
6124574
1992518
27294771
29776026
14263965
21496394
12734057
24209078
14757164
26679483
16935995
16356837
7293832
25440076
11892112
28905777
2627050
9767416
6693228
26379633
1146492
8865761
12143940
18292462
27736029
27768945
30300148
15043601
24165335
22252815
11111484
10763605
11785637
17522846
16684556
18707055
584037
5517478
9995265
23263919
24097311
346367
11734881
19032593
23681157
28218713
23982109
20717155
18748894
26248263
5878081
3792024
25379264
6972825
7870117
18007756
11702391
26403008
28110542
26327977
20312275
7870187
601656
23310821
22414753
20141549
20585862
9350499
24645526
1197639
29875441
26668555
10459288
19613071
8661738
21562277
30411929
12657947
7513324
8664365
2651662
16986922
6125888
629960
16620413
10947943
12213758
19672572
24334039
17562857
20266802
417999
30273244
17059443
24557148
26136358
14590400
10991110
28440856
20614407
1411540
10775942
24951192
17261
18489955
21747997
22833244
25720586
9158602
20689092
16317949
15967933
14959335
7167263
11491690
17556191
20208277
9452287
19509323
28129071
13375897
2627273
25043955
7823443
15098726
22652696
4134170
21764761
14337036
23234127
26587384
390733
582109
6027154
3860011
4932713
9026497
11343990
17181532
8690963
25789931
17620257
490387
22515657
8927434
10635813
14761176
20239500
21695658
19842175
1545079
9701599
3335501
25013996
27259807
3767383
21492600
3816701
4116119
17587068
7988283
12076355
25026192
9570207
1464974
14160848
29257591
28020855
17863448
1224713
5049646
25403307
24097317
19270345
469310
24071157
2559096
2336020
3393845
28010121
5650606
21676291
7235279
30016606
4353270
20302122
9776238
21974105
10522385
4201875
25417375
869902
5440499
5172850
2030836
30050404
27432587
22191728
18743295
22937226
8167079
26115065
19122217
28896433
24609482
20992408
1540644
5683637
10703917
22435997
14550756
25179436
6096554
8313287
1665417
27995702
30383349
17689168
599370
10165649
13551240
1465966
21371115
24910599
20376183
30139877
17156586
13270586
27319084
14380303
29321410
5174948
9687602
18109140
23030613
12288551
25698345
24858286
6119430
24778677
17011232
30199643
1144141
6456981
9173484
2071827
4451965
5581156
28558673
12297429
19080907
7661078
11981594
30079246
943997
28738857
15298593
6009223
5154736
4680331
14069579
26425078
29591097
5095222
10140112
29182681
8208198
1139575
23090232
15900473
15419406
9211115
23444986
26216894
27973524
1095525
22736235
27642754
1008053
19404712
10485391
25355788
9131919
13667237
2843221
14138456
28803858
20208107
25349599
5116902
25208042
9625413
18595611
1843024
2251454
16828584
1511940
6643778
17690560
24118689
1854889
2463199
12198439
4973567
28096049
19338732
23169563
27401676
21031837
15641659
4605931
24132384
8786638
14650609
10078355
5432003
27154107
13049169
15383056
23608521
25956902
7867389
7150039
6041144
9199637
23748966
8369214
17925177
14555193
28833960
22140164
19234903
11758508
6097646
19672428
24694995
7138503
15065022
25653197
9561678
26523045
2956431
26784272
2924280
20523416
11457290
27265665
28971067
11406279
14429700
19920392
7890689
25332911
12944794
23308929
5012803
28645563
4593976
14275997
18747754
14062138
15629868
21496196
5842252
16556454
2026595
8523129
7888135
2699311
6049686
14213434
7935029
26002533
11961090
14072428
25906052
13673758
16462975
10661910
9665383
10310974
22682065
8082434
18903286
16461629
28324941
7507914
14632577
1428107
6144523
6539495
11791832
11643419
10085800
4519757
8201227
27697966
6678051
872079
23803153
1474628
19663164
26230191
2933599
25202696
16800582
12225203
2861472
25668160
26595337
16208773
9372280
14676749
6674132
13282421
13316055
5432601
7177622
1178884
7472658
15497544
6549277
9517065
2286531
30061596
25385749
6980699
6882973
29236503
12751847
14959793
14438581
4235278
2846197
25784105
13863791
20350182
10378430
11343887
7345935
13154864
22014711
9696328
27626835
12111830
22959411
30078951
4540393
14078803
17579916
854387
7589051
10549383
7331490
19284471
695637
16572846
3465167
1577172
21119528
29993482
11249571
6117227
11748921
19422311
27995063
27241382
28212323
9012729
9634663
6006745
52881
13298754
9034233
20843499
19759287
16704763
30339286
6570595
25646156
25501965
13413245
21919765
2788654
26655993
22260247
3367021
10642053
11753523
9265013
28526671
17243305
21331662
13156035
24507633
23160528
21418570
16797079
3373056
30164168
7958123
6649485
18960714
2432896
18409440
2000164
24757256
1312821
23667681
14078658
8136812
10109067
18543058
12438467
19504683
18849615
7162450
7808072
1281339
9942743
18429399
4994715
20675043
27949411
15635813
11803317
6814519
19648820
26773149
20895024
7261737
4192411
14295706
2214774
21140099
6395913
10569231
10574037
9634047
6936780
16420662
21594734
26258879
6843759
22915320
28258118
19625157
20375657
19965210
3295727
12004247
2734020
24332815
24895744
24105315
26992501
12089841
13580473
9879298
26638411
19856065
28368533
9911344
14082107
2747867
21238534
28307352
7099116
22596883
6259866
16090624
25077302
18049174
30231870
27629198
21368454
4084338
11572812
26977926
29107312
10200973
27398729
29354161
2597312
22210247
27299164
27720323
8603833
28273687
22927862
18567056
7666860
821154
1921398
27647777
23006201
1010869
22568054
28458779
22255268
18511515
14202180
11549462
7738687
22788818
17639003
24085699
9682743
12661247
4899648
28877899
6030182
1318234
26995451
19369386
5686324
28897942
12768275
10565235
5302855
28132432
29100485
19449758
9741906
30354020
22567151
8805862
23881590
7246823
20494101
29245706
16242560
23015218
6715789
3625084
13306547
11696316
20887687
9953536
15587387
29975864
7871971
28172717
19336610
14807634
2041025
19739918
25190552
16262425
20075756
19426719
11088120
23211395
8629294
18522925
11799554
18762573
28183288
11706486
7902606
24360106
24567184
15445827
6104251
25545700
10104913
28045053
7030044
5836242
21971437
1920661
28979020
5268959
26327885
11666166
27697318
18316914
6462036
5551043
20616615
16674118
21300731
28082092
22127928
1219164
30028384
12209092
20017993
13887131
18624519
9173590
13051466
29144091
23722308
18725946
19050348
26393168
17993405
5590879
24253155
21038233
162162
18608694
27561149
13972200
9269108
26793219
4693292
21067530
16998148
22704645
23359803
12861301
28119783
22773676
21163480
21849609
5190773
10888627
21268395
18960283
18954138
25045456
28856196
14787160
7328334
14285804
1963975
29829171
3117408
20787525
13196383
22385972
25545903
5998590
3639862
16959964
2037153
8449890
8347809
7338416
12239329
8843835
3648500
13335913
16104215
24962749
23328520
11741852
20324212
16963522
9137768
14725727
12249725
22087168
13576755
28186182
24449173
21293213
28945656
9724711
859932
20676230
4565495
3776426
4553500
26367174
4124117
12050615
24138757
20381846
28793829
6664681
10855032
859623
11178859
6451174
14336990
155229
22324143
23784975
5552422
14408997
18588089
28448496
8564691
5966705
17993075
6913720
29605753
23062
22643035
18200190
29165860
2093320
2743490
16899524
24272747
16857634
12025349
