97682
114039
114044
445064
604546
735932
845863
949061
1000464
1200936
1304687
1307568
1307586
1392883
1396613
1397073
1399030
1399099
1425499
1548626
1554456
1748422
1826744
1942014
1983984
2182644
2201395
2262115
2262117
2774709
2873904
2873911
3041537
3074897
3118414
3123942
3174890
3234580
3283124
3301049
3338715
3946818
3955935
4052925
4058246
4141056
4141967
4306279
4402732
4564916
4565293
4566230
4578235
4596362
4596832
4606252
4606744
4631592
4633225
4633591
4637809
4638263
4639621
4641730
4643152
4651565
4651572
4651578
4664853
4677513
4677552
4677601
4680976
4682848
4695917
4700119
4700152
4701474
4701823
4702425
4703242
4703259
4703296
4703304
4703342
4703358
4703697
4703765
4703769
4703771
4703900
4706049
4967771
4988730
5068177
5116944
5551875
5582194
5637254
5851644
6111936
6191726
6191739
6245545
6366443
6425716
6454050
6486319
6569046
6611028
6683114
6806665
6810781
6900163
6929779
7142146
7142828
7143364
7143409
7143526
7143811
7143907
7143935
7144168
7144487
7144770
7145000
7145100
7145274
7145320
7145446
7145488
7145493
7145523
7145629
7145631
7176891
7176914
7177286
7177403
7178997
7179002
7179038
7179085
7179087
7179394
7179463
7181115
7181509
7181515
7181529
7181540
7198265
7198271
7243875
7244238
7244264
7244267
7244274
7244275
7244294
7244506
7244845
7244846
7244854
7244864
7244874
7373046
7422098
7566295
7566307
7729329
7799693
7849586
7866468
7866500
7939674
7949569
8093178
8325820
8325823
8526393
8616123
8690487
8802164
8995859
9101482
9214603
9243421
9249527
9251112
9251829
9252182
9252254
9255644
9286782
9286830
9287164
9287178
9287207
9287220
9288183
9288348
9288421
9288537
9288538
9288585
9288592
9288735
9306717
9310333
9378601
9380709
9380743
9390334
9390442
9438771
9446377
9488926
9522946
9523624
9524465
9594827
9697278
9733705
9734251
9734253
9808992
9990422
10091889
10143630
10143683
10143685
10143690
10143711
10143713
10145316
10213391
10238655
10317428
10354518
10504681
10555922
10797586
10987582
11284671
11524681
11562408
11618384
12028975
12028978
12136877
12156299
12326259
12393388
12427617
12573865
12639676
12734208
12780799
12783543
12826243
12842798
12901370
13052631
13236878
13248430
13248970
13249423
13249521
13249719
13249782
13249785
13249879
13249952
13250056
13250176
13250421
13250448
13250452
13250521
13250614
13251153
13251515
13251838
13251865
13252015
13252049
13252371
13252397
13253904
13254260
13254263
13264002
13264350
13264362
13264977
13270591
13270982
13273206
13273584
13273585
13273586
13286894
13287922
13289602
13289732
13289765
13289941
13292715
13292728
13292729
13293159
13293271
13293293
13294994
13295123
13298864
13299761
13319603
13322548
13322565
13322945
13329426
13335220
13351278
13352712
13352752
13356426
13362206
13362830
13363108
13363239
13363279
13363651
13363945
13364228
13366341
13366894
13371564
13373918
13375262
13383153
13385125
13385553
13385846
13385879
13386493
13425482
13425510
13425642
13425709
13425887
13425906
13426035
13428444
13428448
13430245
13458829
13459058
13459405
13459453
13459459
13481014
13481034
13603975
13649947
13654273
13659024
13662441
13662458
13662774
13663105
13663108
13663497
13663699
13663704
13663713
13663872
13663982
13664014
13664674
13664716
13664892
13664913
13665394
13665771
13666156
13666160
13666315
13666818
13666884
13666909
13666979
13667119
13667214
13667418
13667544
13668057
13668104
13668245
13668343
13668368
13669184
13669222
13669237
13669247
13669531
13669535
13670395
13670714
13670963
13671046
13671053
13671255
13671485
13671721
13671778
13672053
13672085
13672167
13672168
13673895
13674811
13674930
13676586
13677290
13677496
13678312
13679720
13679721
13679922
13679937
13680001
13683230
13684278
13684297
13684344
13684364
13684366
13684520
13684524
13684629
13684664
13685185
13686451
13686748
13686987
13687135
13687834
13688348
13688723
13689194
13689214
13689901
13690181
13720923
13720959
13721034
13721315
13722002
13722008
13722009
13725845
13725868
13826525
13887501
14001459
14047079
14106850
14167273
14200796
14240712
14349882
14391817
14391851
14391880
14392221
14413695
14413717
14413722
14414084
14414097
14414118
14414351
14415450
14415530
14415755
14416347
14416442
14416556
14416669
14416783
14416793
14417469
14418120
14418651
14419116
14419150
14419325
14419551
14419797
14420132
14421053
14421670
14421712
14421934
14422038
14422829
14423096
14423131
14423165
14423212
14423487
14423533
14423565
14423718
14424147
14424255
14424281
14424426
14424908
14424925
14424938
14425156
14425167
14425229
14425506
14425547
14425599
14425714
14425715
14425782
14426157
14426161
14426162
14426196
14426262
14426279
14514566
14615568
14730916
14773444
15015749
15029845
15034875
15069048
15070159
15171910
15171927
15251402
15388039
15469864
15606425
15864455
16002098
16095128
16095148
16172686
16183601
16196507
16321302
16659402
16852362
16959780
17238916
17239419
17239449
17239683
17239695
17239702
17239703
17247435
17247469
17247500
17247506
17247837
17247852
17247867
17247910
17256519
17256521
17337821
17372401
17813316
17833199
18028639
18358567
18380280
18414835
18641859
18641892
18641899
18641900
18641945
18641960
18642226
18642268
18642338
18642339
18642344
18642351
18642354
18646604
18646679
18716113
18787211
18787410
18787441
18787478
18787767
18787799
18787824
18787837
18990067
19319155
19551668
19606769
19683309
19765856
19766021
19772037
19772085
19772542
19777853
19777878
19778143
19778201
19778208
19778222
19778243
19778955
19778961
19784011
19788722
19792418
19845027
19845033
19845036
19845039
19845043
19882608
19889123
19889140
19889149
19889152
19889160
19889167
19889170
19889179
19980174
19983295
19992044
19992081
20111263
20120396
20298277
20379529
20537278
20746807
21113474
21114781
21115060
21115130
21115225
21115288
21115617
21115696
21115803
21129891
21132039
21132065
21132442
21134003
21134364
21134370
21134412
21136587
21136648
21136914
21137204
21137230
21137283
21137292
21137676
21137698
21137813
21137890
21138051
21138244
21138907
21138945
21138953
21139161
21139261
21139337
21139560
21139569
21145417
21145813
21145821
21152691
21153091
21153143
21198940
21198942
21209232
21385633
21385980
21490336
21608185
21637303
21637311
21637316
21637855
21666095
21666097
21670485
21703374
21787922
21834388
21838771
21868071
22084143
22543969
22779953
22812478
22929443
22929875
23409030
23412432
23428439
23730244
23915637
24020605
24050433
24386226
24770353
24952921
25021440
25062799
25087280
25116409
25186145
25242447
25304639
25386776
25390483
25390488
25402289
25509564
26082887
26089148
26234222
26351162
26385426
26497654
