11000
774939
1353591
1353604
1419864
1429014
1437045
1768173
1768732
1768934
1773452
1773461
1774273
1774276
2063500
2063604
2348770
2644588
2644605
2644629
2644634
2644636
2650054
2650057
2681996
2733297
2798042
2802015
2809454
2809687
2811517
2817060
2822067
2833833
2897881
3023953
3037578
3058967
3058972
3058978
3059109
3059111
3059194
3075532
3079228
3079230
3087959
3087976
3087979
3088003
3153461
3173295
3183907
3184200
3187426
3241108
3325585
3473361
3474889
3521644
3531201
3536422
3537391
3541495
3541501
3554681
3555789
3587343
3597744
3614980
3614982
3677929
3683122
3683147
3707016
3849935
3850223
3850582
3869392
3923409
3925208
3929551
3933547
3933553
3939970
3953934
3953959
3959724
3965384
3965389
3968739
4077497
4077520
4083427
4083513
4088368
4091119
4091687
4091704
4091705
4094447
4094620
4246351
4246352
4291418
4292208
4332832
4332840
4334466
4349588
4361879
4392798
4406040
4418638
4418653
4456282
4468831
4525789
4548199
4568840
4572508
4581200
4581877
4613449
4613816
4621367
4621376
4626181
4639073
4725855
4767618
4767667
4775478
4776019
4776034
4776067
4777939
4779560
4779815
4779820
4793002
4793031
4807152
4807951
4821609
4856750
4856753
4877030
4878292
4945388
4946679
4946727
4950020
4961334
4961475
4961726
4966882
4973030
4973103
5036197
5051793
5056644
5146575
5151982
5161958
5161959
5161963
5164557
5172271
5260243
5285653
5290724
5291142
5301627
5305428
5305441
5321242
5347956
5348180
5359236
5365348
5371953
5377718
5384912
5389912
5404658
5405620
5410514
5410516
5420907
5421126
5421444
5431704
5447569
5447604
5447608
5447622
5458644
5501766
5533834
5534372
5534381
5534425
5534428
5539749
5541147
5541192
5541199
5551443
5559601
5559691
5583076
5587564
5594671
5595893
5613574
5615347
5615350
5631778
5639991
5648709
5667359
5683987
5684082
5684271
5684277
5685714
5797081
5816338
5823604
5835439
5870548
5877535
5881551
5884126
5907044
5985655
6009611
6019073
6020872
6022413
6052130
6060222
6060225
6082840
6082845
6082860
6104166
6109874
6112124
6128103
6203667
6214094
6242579
6250493
6318427
6321395
6324084
6340088
6340089
6351189
6352347
6352351
6357753
6406711
6409226
6410685
6413738
6414768
6414770
6415277
6415335
6419824
6419930
6419951
6426911
6428535
6446228
6452990
6453008
6604223
6604235
6604290
6618327
6645540
6699044
6699056
6763309
6766573
6767906
6783037
6785229
6827677
6838817
6876137
6879606
6895931
6923608
6966744
6966745
6966746
7259934
7291503
7291638
7291653
7292557
7317541
7339037
7346066
7360066
7360107
7385191
7385685
7393153
7401525
7401532
7403135
7438334
7438338
7475869
7481623
7484025
7493330
7493332
7493947
7498402
7501691
7501692
7502318
7503297
7510125
7541466
7755429
7757250
7765274
7765286
7802058
7802112
7802118
7830221
7897279
7930014
7930031
7931965
7986756
7991295
7991309
7991474
8013423
8018536
8059692
8065975
8065980
8069480
8069487
8077740
8080499
8096638
8099866
8100064
8100092
8100684
8113268
8165890
8169655
8197369
8211963
8236433
8377878
8387284
8396406
8396430
8463308
8463309
8467008
8487350
8530769
8531646
8531693
8531700
8583560
8617049
8627725
8627791
8630232
8630244
8653777
8653781
8656192
8661745
8661946
8672104
8713885
8755266
8821353
8822761
8822851
8822933
8824964
8824981
8825008
8825012
8844175
8844182
8852109
8852120
8853014
8853020
8863159
8945917
8945921
8945925
8945928
8945934
8964389
8964428
8964488
8964518
9004765
9004767
9004771
9070780
9100446
9100458
9100460
9100490
9162861
9286749
9363029
9395268
9517106
9628080
9650256
9650258
9650322
9650323
9650326
9655635
9656571
9656573
9669957
9670002
9670004
9670009
9670015
9670019
9674238
9678598
9678601
9680179
9680182
9680844
9681326
9681496
9681505
9681741
9685432
9707497
9756470
9756504
9756800
9766944
9769735
9769739
9769750
9769839
9769878
9808868
9808874
9918349
9945320
9979632
9979704
10016642
10016648
10016649
10109312
10152939
10152947
10159578
10161274
10161728
10188441
10188444
10211695
10243725
10260442
10275508
10296884
10297016
10297017
10373901
10416928
10416931
10433744
10491093
10520018
10594240
10594391
10594415
10798272
10800056
10800057
10800058
10943618
11013801
11013942
11077786
11077822
11083654
11086017
11087333
11087334
11103333
11115756
11118386
11118388
11118475
11118486
11118490
11203112
11203113
11214664
11216089
11216090
11230664
11253958
11253964
11254395
11254637
11263308
11548969
11580056
11580066
11587147
11587149
11587151
11594727
11595025
11595036
11605105
11605129
11633659
11653889
11755793
11757343
11783387
11912076
12015074
12030148
12043635
12084018
12086015
12131629
12219255
12279008
12279017
12429064
12457790
12476476
12631876
12631902
12661851
12681978
12707353
12766401
12893134
12894263
12897545
12897556
12897557
12897563
12898121
12900085
12912821
12913870
12924432
12925735
12941552
12941554
12952614
12985731
13033816
13038932
13064424
13074438
13169513
13170042
13170043
13228091
13239690
13245876
13257614
13257680
13285812
13285817
13292040
13292042
13292056
13342572
13345018
13357719
13358182
13358229
13373283
13379029
13379154
13404010
13533863
13536490
13538074
13538077
13538329
13538363
13538972
13541592
13589655
13625440
13637899
13648277
13691723
13699093
13750386
13750761
13757824
13822477
13838714
13870803
13934972
13935455
13966145
13966155
13966170
13966185
13983999
13986966
13999496
14047447
14052215
14067119
14085346
14089206
14102761
14110908
14110909
14123623
14123627
14123645
14123653
14123683
14123690
14123692
14123693
14125517
14140704
14140705
14178433
14178673
14178683
14189103
14195663
14195867
14195969
14218975
14230506
14259176
14317826
14319049
14320860
14357438
14372940
14372942
14374255
14374786
14381656
14383140
14490755
14490761
14490766
14516559
14518195
14519197
14519204
14588051
14610984
14769574
14809219
14852079
14852080
14852081
14852119
14852564
14875015
14875021
14880721
14887221
14898260
14905192
14905668
14908881
14922243
14932177
15134148
15145162
15202289
15202330
15334403
15504737
15504777
15582533
15660879
15671969
15671980
15671981
15686102
15687374
15697856
15698971
15708035
15723746
15766693
15772323
15791889
15791912
15791915
15796226
15813031
15814689
15814978
15816578
16025240
17245635
17246767
17256211
17313764
17313780
17356769
17357485
17357844
17357845
17357863
17358633
17358642
17363822
17367100
17368517
