1452374
1454776
1455331
1456227
1456284
1456975
1457062
1457544
1457551
1458351
1458998
1459712
1459944
1459944
1459979
1460014
1460177
1460225
1460289
1460829
1461098
1461111
1461128
1461159
1461166
1461246
1461260
1461411
1461574
1461632
1461899
1461964
1462016
1462032
1462343
1462956
1463050
1463128
1463180
1463326
1463392
1463446
1463464
1463526
1463702
1463743
1463773
1463832
1463932
1463974
1464019
1464070
1464557
1464598
1464721
1464730
1464747
1464793
1464811
1464832
1465081
1465166
1465199
1465214
1465237
1465374
1465497
1465906
1465923
1465939
1466023
1466125
1466172
1466260
1466309
1466319
1466350
1466389
1466432
1466547
1466556
1466700
1466702
1466740
1466770
1466928
1466956
1466971
1467069
1467113
1467155
1467161
1467173
1467200
1467444
1467451
1467520
1467543
1467624
1467655
1467685
1467750
1467856
1467884
1468001
1468010
1468045
1468047
1468052
1468061
1468110
1468209
1468231
1468271
1468356
1468372
1468432
1468669
1468724
1468725
1468779
1468789
1468938
1468989
1468996
1469000
1469043
1469133
1469141
1469191
1469203
1469269
1469306
1469311
1469367
1469426
1469439
1469513
1469530
1469572
1469597
1469610
1469636
1469672
1469689
1469693
1469703
1469756
1469787
1469806
1469830
1469857
1469875
1469892
1469920
1469978
1469979
1470043
1470066
1470114
1470119
1470124
1470130
1470170
1470269
1470278
1470323
1470333
1470384
1470400
1470482
1470536
1470543
1470565
1470583
1470616
1470651
1470654
1470706
1470760
1470765
1470766
1470775
1470814
1470847
1470860
1470905
1470922
1471039
1471075
1471081
1471082
1471110
1471122
1471126
1471182
1471188
1471221
1471236
1471247
1471255
1471261
1471384
1471437
1471442
1471456
1471478
1471498
1471515
1471613
1471649
1471674
1471714
1471782
1471791
1471793
1471805
1471831
1471866
1471908
1471998
1472028
1472045
1472109
1472172
1472256
1472260
1472307
1472324
1472340
1472361
1472403
1472458
1472465
1472478
1472492
1472499
1472541
1472576
1472580
1472600
1472641
1472648
1472656
1472680
1472695
1472698
1472719
1472766
1472769
1472772
1472808
1472830
1472893
1472908
1472948
1472986
1473017
1473029
1473034
1473060
1473102
1473120
1473121
1473127
1473134
1473152
1473177
1473200
1473217
1473233
1473254
1473256
1473265
1473307
1473327
1473340
1473349
1473433
1473435
1473444
1473448
1473463
1473473
1473478
1473494
1473504
1473526
1473549
1473557
1473638
1473642
1473651
1473667
1473702
1473703
1473706
1473715
1473719
1473736
1473751
1473767
1473794
1473808
1473865
1473871
1473884
1473890
1473910
1473939
1474004
1474011
1474076
1474108
1474140
1474142
1474200
1474218
1474259
1474264
1474314
1474351
1474357
1474383
1474385
1474392
1474405
1474432
1474440
1474475
1474506
1474545
1474592
1474605
1474608
1474621
1474623
1474647
1474657
1474667
1474672
1474710
1474770
1474771
1474805
1474826
1474829
1474859
1474876
1474923
1474935
1474948
1475009
1475020
1475027
1475029
1475047
1475068
1475092
1475119
1475143
1475151
1475197
1475216
1475248
1475251
1475256
1475257
1475283
1475297
1475338
1475343
1475347
1475357
1475390
1475402
1475435
1475443
1475455
1475458
1475502
1475519
1475542
1475568
1475584
1475619
1475647
1475652
1475658
1475680
1475683
1475688
1475704
1475715
1475722
1475728
1475770
1475784
1475785
1475787
1475791
1475827
1475856
1475895
1475907
1475913
1475927
1475932
1475937
1476038
1476042
1476052
1476055
1476060
1476067
1476133
1476134
1476138
1476140
1476145
1476154
1476173
1476179
1476183
1476186
1476205
1476215
1476231
1476235
1476238
1476299
1476335
1476363
1476364
1476372
1476379
1476395
1476412
1476428
1476431
1476436
1476474
1476489
1476491
1476492
1476496
1476519
1476558
1476566
1476571
1476574
1476585
1476596
1476598
1476616
1476622
1476623
1476656
1476665
1476680
1476694
1476718
1476768
1476814
1476821
1476847
1476863
1476919
1476924
1476930
1476948
1476959
1476997
1477008
1477009
1477017
1477020
1477027
1477061
1477073
1477094
1477139
1477144
1477170
1477173
1477176
1477186
1477188
1477197
1477249
1477262
1477267
1477288
1477294
1477324
1477328
1477333
1477341
1477344
1477361
1477361
1477379
1477391
1477396
1477418
1477443
1477448
1477449
1477451
1477458
1477482
1477500
1477501
1477506
1477517
1477524
1477551
1477559
1477562
1477573
1477574
1477613
1477637
1477639
1477641
1477645
1477647
1477658
1477672
1477686
1477696
1477699
1477721
1477742
1477752
1477763
1477779
1477797
1477846
1477857
1477869
1477871
1477892
1477910
1477912
1477917
1477935
1477950
1477966
1478000
1478008
1478032
1478037
1478045
1478082
1478134
1478146
1478163
1478176
1478192
1478193
1478204
1478206
1478233
1478248
1478249
1478263
1478264
1478271
1478281
1478289
1478325
1478346
1478348
1478352
1478365
1478372
1478375
1478408
1478429
1478456
1478470
1478480
1478536
1478553
1478558
1478559
1478568
1478572
1478576
1478604
1478609
1478610
1478616
1478618
1478641
1478655
1478664
1478678
1478681
1478684
1478697
1478707
1478709
1478718
1478722
1478728
1478742
1478751
1478757
1478761
1478768
1478769
1478795
1478803
1478806
1478826
1478840
1478868
1478890
1478940
1478947
1478953
1478961
1478983
1478993
1479003
1479007
1479017
1479018
1479022
1479026
1479049
1479052
1479055
1479058
1479059
1479062
1479064
1479084
1479085
1479098
1479109
1479112
1479120
1479121
1479134
1479141
1479145
1479154
1479190
1479192
1479205
1479215
1479234
1479235
1479251
1479263
1479270
1479277
1479293
1479302
1479318
1479320
1479340
1479343
1479346
1479349
1479354
1479361
1479375
1479398
1479420
1479427
1479439
1479440
1479458
1479488
1479490
1479492
1479493
1479497
1479503
1479504
1479505
1479515
1479525
1479538
1479540
1479543
1479545
1479552
1479574
1479582
1479593
1479599
1479612
1479616
1479623
1479639
1479646
1479655
1479662
1479681
1479697
1479703
1479707
1479711
1479717
1479718
1479719
1479721
1479731
1479745
1479796
1479802
1479805
1479808
1479810
1479811
1479813
1479814
1479820
1479821
1479823
1479831
1479844
1479869
1479883
1479886
1479906
1479924
1479934
1479945
1479947
1479954
1479985
1479986
1479990
1479999
1480007
1480008
1480016
1480017
1480021
1480022
1480023
1480024
1480031
1480033
1480034
1480038
1480052
1480059
1480080
1480081
1480092
1480105
1480112
1480116
1480117
1480121
1480136
1480154
1480162
1480165
1480169
1480176
1480183
1480184
1480187
1480193
1480208
1480219
1480224
1480232
1480238
1480248
1480267
1480271
1480296
1480318
1480348
1480353
1480354
1480356
1480366
1480369
1480382
1480421
1480432
1480441
1480443
1480448
1480451
1480452
1480463
1480473
1480480
1480483
1480484
1480492
1480495
1480501
1480504
1480519
1480520
1480531
1480538
1480552
1480553
1480555
1480556
1480558
1480577
1480583
1480588
1480605
1480609
1480620
1480622
1480626
1480650
1480651
1480654
1480655
1480659
1480663
1480685
1480699
1480706
1480729
1480733
1480737
1480738
1480743
1480746
1480750
1480762
1480763
1480767
1480773
1480775
1480779
1480806
1480811
1480823
1480825
1480832
1480836
1480837
1480841
1480849
1480851
1480855
1480883
1480897
1480900
1480944
1480960
1480961
1480969
1480974
1480977
1480990
1481010
1481013
1481023
1481037
1481046
1481049
1481054
1481076
1481082
1481091
1481101
1481114
1481122
1481124
1481134
1481136
1481144
1481153
1481174
1481181
1481184
1481185
1481195
1481230
1481234
1481237
1481247
1481255
1481275
1481280
1481281
1481289
1481293
1481338
1481339
1481373
1481380
1481413
1481417
1481434
1481444
1481447
1481451
1481453
1481461
1481516
1481520
1481546
1481555
1481581
1481605
1481606
1481619
1481626
1481635
1481650
1481663
1481673
1481678
1481680
1481697
1481698
1481701
1481730
1481737
1481740
1481759
1481778
1481779
1481786
1481821
1481828
1481832
1481840
1481847
1481866
1481908
1481913
1481933
1481936
1481940
1481944
1481947
1481960
1481962
1481983
1481985
1482022
1482030
1482035
1482038
1482072
1482092
1482111
1482114
1482143
1482146
1482147
1482148
1482150
1482154
1482170
1482190
1482192
1482197
1482215
1482216
1482217
1482230
1482253
1482257
1482259
1482261
1482268
1482274
1482286
1482304
1482315
1482317
1482321
1482347
1482370
1482388
1482390
1482396
1482408
1482426
1482429
1482432
1482437
1482438
1482440
1482442
1482447
1482471
1482475
1482482
1482498
1482499
1482502
1482504
1482510
1482523
1482531
1482538
1482548
1482556
1482559
1482570
1482573
1482576
1482578
1482584
1482596
1482597
1482607
1482616
1482619
1482624
1482628
1482640
1482643
1482655
1482661
1482668
1482673
1482682
1482683
1482691
1482696
1482700
1482705
1482716
1482718
1482734
1482736
1482761
1482763
1482783
1482796
1482800
1482808
1482809
1482811
1482811
1482813
1482818
1482819
1482823
1482828
1482830
1482837
1482842
1482843
1482850
1482861
1482871
1482875
1482884
1482902
1482908
1482910
1482911
1482912
1482919
1482924
1482925
1482940
1482942
1482947
1482956
1482964
1483001
1483009
1483013
1483023
1483027
1483038
1483042
1483049
1483052
1483056
1483064
1483075
1483077
1483082
1483104
1483107
1483110
1483111
1483120
1483122
1483127
1483138
1483145
1483174
1483175
1483185
1483186
1483187
1483191
1483204
1483211
1483214
1483229
1483233
1483242
1483247
1483253
1483255
1483263
1483267
1483269
1483275
1483276
1483277
1483278
1483286
1483287
1483300
1483307
1483308
1483324
1483331
1483338
1483350
1483353
1483355
1483360
1483373
1483395
1483407
1483419
1483422
1483446
1483461
1483472
1483478
1483503
1483524
1483526
1483528
1483531
1483533
1483535
1483547
1483561
1483578
1483590
1483598
1483599
1483602
1483605
1483607
1483630
1483639
1483651
1483656
1483661
1483664
1483672
1483676
1483678
1483682
1483689
1483691
1483706
1483713
1483714
1483717
1483720
1483727
1483728
1483739
1483742
1483745
1483754
1483765
1483767
1483773
1483777
1483778
1483783
1483792
1483793
1483794
1483808
1483812
1483814
1483817
1483818
1483823
1483833
1483836
1483841
1483845
1483852
1483860
1483865
1483866
1483881
1483883
1483889
1483895
1483914
1483918
1483920
1483922
1483931
1483941
1483948
1483951
1483968
1483972
1483991
1483999
1484017
1484023
1484025
1484033
1484037
1484050
1484067
1484069
1484070
1484096
1484097
1484098
1484103
1484104
1484110
1484125
1484132
1484137
1484140
1484147
1484149
1484155
1484161
1484173
1484181
1484191
1484199
1484206
1484210
1484213
1484223
1484230
1484236
1484264
1484266
1484281
1484295
1484297
1484298
1484300
1484305
1484307
1484315
1484322
1484326
1484340
1484341
1484343
1484359
1484372
1484374
1484379
1484384
1484392
1484397
1484402
1484406
1484407
1484420
1484423
1484432
1484441
1484441
1484442
1484467
1484473
1484476
1484479
1484505
1484511
1484512
1484518
1484521
1484525
1484534
1484539
1484540
1484553
1484557
1484558
1484560
1484574
1484575
1484579
1484582
1484587
1484590
1484616
1484627
1484642
1484663
1484664
1484685
1484688
1484716
1484735
1484740
1484747
1484764
1484765
1484779
1484799
1484800
1484805
1484818
1484820
1484831
1484841
1484844
1484855
1484880
1484886
1484895
1484901
1484905
1484907
1484911
1484921
1484924
1484931
1484943
1484959
1484964
1484977
1484985
1484987
1484994
1484995
1485006
1485021
1485023
1485028
1485044
1485050
1485053
1485065
1485074
1485077
1485079
1485093
1485096
1485101
1485111
1485121
1485126
1485132
1485135
1485137
1485144
1485149
1485151
1485152
1485160
1485161
1485181
1485187
1485188
1485200
1485201
1485207
1485217
1485222
1485224
1485230
1485234
1485241
1485244
1485247
1485255
1485259
1485267
1485271
1485281
1485284
1485286
1485312
1485315
1485318
1485320
1485323
1485326
1485332
1485338
1485347
1485352
1485353
1485359
1485362
1485363
1485376
1485385
1485398
1485403
1485422
1485423
1485425
1485426
1485443
1485461
1485469
1485472
1485480
1485483
1485484
1485485
1485503
1485506
1485534
1485536
1485538
1485541
1485543
1485547
1485550
1485554
1485565
1485574
1485576
1485592
1485598
1485600
1485625
1485626
1485629
1485634
1485643
1485644
1485647
1485658
1485660
1485661
1485663
1485667
1485670
1485672
1485673
1485691
1485692
1485695
1485697
1485700
1485702
1485713
1485716
1485719
1485720
1485724
1485725
1485726
1485730
1485734
1485740
1485744
1485746
1485751
1485753
1485754
1485767
1485768
1485778
1485779
1485783
1485792
1485806
1485811
1485816
1485817
1485818
1485828
1485830
1485841
1485842
1485869
1485878
1485880
1485884
1485887
1485893
1485896
1485899
1485904
1485906
1485907
1485917
1485930
1485937
1485939
1485941
1485944
1485952
1485962
1485966
1485977
1485990
1485993
1486010
1486013
1486018
1486024
1486035
1486039
1486042
1486053
1486056
1486069
1486070
1486079
1486081
1486088
1486090
1486092
1486095
1486097
1486101
1486102
1486104
1486111
1486126
1486128
1486147
1486151
1486157
1486159
1486165
1486179
1486187
1486188
1486189
1486192
1486200
1486211
1486211
1486213
1486218
1486219
1486222
1486224
1486225
1486240
1486242
1486247
1486250
1486255
1486256
1486265
1486272
1486277
1486285
1486287
1486289
1486293
1486299
1486307
1486318
1486319
1486320
1486324
1486326
1486329
1486330
1486335
1486337
1486340
1486348
1486349
1486351
1486360
1486368
1486386
1486410
1486411
1486422
1486432
1486437
1486450
1486456
1486463
1486466
1486472
1486495
1486496
1486508
1486524
1486527
1486528
1486529
1486530
1486536
1486545
1486550
1486552
1486558
1486564
1486566
1486567
1486569
1486572
1486575
1486578
1486591
1486595
1486620
1486636
1486637
1486654
1486655
1486680
1486683
1486688
1486689
1486690
1486695
1486699
1486705
1486707
1486714
1486719
1486728
1486732
1486734
1486739
1486746
1486748
1486753
1486758
1486768
1486777
1486778
1486784
1486785
1486787
1486794
1486795
1486798
1486801
1486816
1486818
1486822
1486834
1486842
1486846
1486847
1486873
1486881
1486884
1486898
1486902
1486905
1486907
1486919
1486923
1486925
1486943
1486944
1486948
1486950
1486966
1486971
1486979
1486983
1486993
1486995
1487003
1487018
1487024
1487025
1487026
1487031
1487032
1487039
1487042
1487044
1487055
1487058
1487061
1487069
1487070
1487075
1487094
1487098
1487101
1487108
1487109
1487116
1487120
1487127
1487130
1487133
1487133
1487140
1487143
1487146
1487147
1487148
1487149
1487151
1487163
1487167
1487169
1487177
1487180
1487182
1487191
1487199
1487204
1487210
1487212
1487214
1487223
1487227
1487231
1487235
1487239
1487245
1487256
1487266
1487276
1487294
1487301
1487312
1487314
1487315
1487326
1487330
1487342
1487346
1487357
1487362
1487363
1487365
1487380
1487381
1487390
1487391
1487392
1487399
1487409
1487414
1487419
1487423
1487437
1487447
1487465
1487477
1487482
1487483
1487489
1487507
1487527
1487532
1487537
1487538
1487556
1487557
1487558
1487578
1487582
1487594
1487603
1487617
1487631
1487633
1487660
1487663
1487674
1487683
1487690
1487691
1487692
1487694
1487696
1487707
1487713
1487715
1487718
1487725
1487727
1487730
1487731
1487740
1487744
1487757
1487760
1487772
1487792
1487801
1487808
1487811
1487823
1487825
1487829
1487834
1487844
1487857
1487863
1487865
1487869
1487877
1487880
1487885
1487896
1487897
1487899
1487902
1487903
1487912
1487916
1487922
1487923
1487925
1487926
1487941
1487949
1487959
1487960
1487967
1487974
1487979
1487981
1487982
1488019
1488022
1488040
1488046
1488050
1488054
1488056
1488061
1488070
1488086
1488087
1488089
1488091
1488094
1488098
1488108
1488113
1488116
1488120
1488128
1488139
1488142
1488144
1488145
1488149
1488153
1488160
1488169
1488173
1488183
1488184
1488200
1488208
1488218
1488221
1488222
1488224
1488234
1488236
1488251
1488265
1488271
1488276
1488284
1488303
1488324
1488325
1488331
1488334
1488335
1488344
1488359
1488361
1488366
1488367
1488370
1488371
1488381
1488388
1488398
1488401
1488406
1488418
1488421
1488424
1488429
1488432
1488433
1488434
1488438
1488439
1488445
1488468
1488469
1488482
1488498
1488506
1488507
1488511
1488523
1488528
1488545
1488548
1488550
1488560
1488561
1488569
1488587
1488591
1488593
1488599
1488613
1488615
1488617
1488628
1488640
1488644
1488645
1488648
1488650
1488653
1488659
1488673
1488674
1488686
1488688
1488692
1488699
1488704
1488710
1488712
1488713
1488717
1488719
1488720
1488729
1488752
1488762
1488769
1488771
1488773
1488776
1488795
1488803
1488812
1488821
1488832
1488837
1488847
1488851
1488852
1488853
1488861
1488867
1488873
1488879
1488880
1488881
1488888
1488891
1488894
1488905
1488911
1488919
1488921
1488930
1488936
1488950
1488954
1488959
1488965
1488972
1488975
1488981
1488986
1488992
1488999
1489000
1489001
1489005
1489011
1489019
1489029
1489039
1489044
1489047
1489057
1489065
1489066
1489067
1489079
1489089
1489092
1489103
1489105
1489108
1489112
1489119
1489134
1489136
1489141
1489147
1489154
1489165
1489167
1489170
1489184
1489185
1489196
1489200
1489204
1489207
1489209
1489210
1489217
1489220
1489232
1489234
1489241
1489244
1489265
1489266
1489271
1489277
1489288
1489292
1489297
1489298
1489307
1489309
1489311
1489318
1489325
1489326
1489341
1489345
1489355
1489357
1489360
1489362
1489364
1489368
1489381
1489382
1489383
1489403
1489412
1489415
1489417
1489421
1489423
1489425
1489431
1489435
1489437
1489439
1489446
1489453
1489457
1489461
1489469
1489477
1489483
1489484
1489489
1489495
1489504
1489520
1489522
1489527
1489543
1489566
1489582
1489585
1489586
1489588
1489591
1489596
1489599
1489601
1489605
1489615
1489618
1489622
1489626
1489628
1489629
1489631
1489636
1489640
1489642
1489643
1489648
1489654
1489657
1489665
1489667
1489672
1489679
1489685
1489686
1489691
1489698
1489703
1489708
1489711
1489712
1489714
1489721
1489723
1489725
1489730
1489731
1489732
1489734
1489747
1489759
1489760
1489761
1489762
1489766
1489768
1489779
1489786
1489787
1489789
1489805
1489809
1489810
1489813
1489828
1489830
1489841
1489847
1489852
1489870
1489878
1489883
1489885
1489887
1489891
1489893
1489898
1489906
1489921
1489923
1489925
1489928
1489937
1489947
1489949
1489980
1489983
1489985
1489992
1490003
1490005
1490013
1490034
1490037
1490038
1490045
1490057
1490060
1490067
1490070
1490084
1490099
1490102
1490112
1490117
1490120
1490124
1490125
1490128
1490130
1490131
1490133
1490135
1490136
1490137
1490146
1490151
1490157
1490162
1490164
1490172
1490189
1490198
1490202
1490212
1490232
1490233
1490235
1490239
1490248
1490251
1490252
1490256
1490266
1490267
1490272
1490275
1490281
1490284
1490298
1490300
1490301
1490308
1490310
1490318
1490321
1490326
1490334
1490337
1490341
1490343
1490347
1490361
1490369
1490377
1490387
1490391
1490394
1490406
1490407
1490414
1490434
1490441
1490442
1490444
1490449
1490450
1490458
1490469
1490473
1490484
1490485
1490491
1490503
1490504
1490513
1490516
1490518
1490519
1490530
1490531
1490547
1490552
1490557
1490560
1490562
1490567
1490581
1490587
1490591
1490594
1490595
1490597
1490605
1490608
1490616
1490618
1490621
1490629
1490631
1490632
1490639
1490644
1490653
1490655
1490665
1490668
1490670
1490674
1490675
1490679
1490683
1490687
1490690
1490694
1490699
1490700
1490701
1490702
1490703
1490704
1490705
1490713
1490720
1490724
1490739
1490740
1490741
1490743
1490747
1490754
1490756
1490757
1490767
1490784
1490792
1490793
1490798
1490799
1490801
1490818
1490820
1490836
1490842
1490843
1490854
1490859
1490865
1490866
1490867
1490870
1490874
1490887
1490898
1490902
1490918
1490919
1490921
1490926
1490932
1490941
1490944
1490948
1490949
1490955
1490957
1490960
1490961
1490973
1490985
1490991
1490992
1490993
1490997
1491001
1491005
1491008
1491011
1491021
1491022
1491034
1491046
1491053
1491058
1491059
1491060
1491065
1491077
1491079
1491083
1491089
1491093
1491097
1491098
1491104
1491106
1491108
1491110
1491114
1491117
1491133
1491134
1491137
1491138
1491153
1491154
1491157
1491161
1491162
1491170
1491172
1491174
1491175
1491178
1491181
1491183
1491193
1491202
1491207
1491215
1491221
1491230
1491233
1491236
1491240
1491243
1491246
1491248
1491268
1491271
1491293
1491294
1491301
1491303
1491313
1491327
1491338
1491344
1491377
1491378
1491387
1491389
1491407
1491409
1491430
1491443
1491445
1491447
1491449
1491455
1491470
1491473
1491478
1491482
1491502
1491510
1491511
1491514
1491525
1491526
1491535
1491539
1491541
1491542
1491543
1491548
1491571
1491572
1491576
1491578
1491605
1491610
1491614
1491626
1491636
1491640
1491644
1491645
1491650
1491653
1491657
1491668
1491677
1491680
1491683
1491685
1491690
1491692
1491697
1491712
1491716
1491724
1491733
1491745
1491756
1491762
1491763
1491770
1491775
1491777
1491783
1491784
1491792
1491797
1491808
1491810
1491814
1491825
1491827
1491833
1491834
1491839
1491852
1491858
1491867
1491869
1491871
1491878
1491879
1491881
1491888
1491892
1491894
1491896
1491899
1491906
1491911
1491912
1491913
1491920
1491925
1491937
1491942
1491943
1491952
1491953
1491961
1491963
1491964
1491965
1491966
1491973
1491978
1491980
1491982
1491988
1491991
1491993
1491994
1491995
1491998
1492006
1492014
1492018
1492019
1492027
1492032
1492036
1492037
1492041
1492052
1492054
1492059
1492061
1492063
1492064
1492065
1492067
1492085
1492091
1492099
1492109
1492117
1492120
1492121
1492139
1492142
1492145
1492156
1492157
1492162
1492165
1492169
1492176
1492185
1492191
1492195
1492209
1492210
1492227
1492237
1492239
1492243
1492253
1492267
1492269
1492273
1492277
1492282
1492283
1492284
1492287
1492289
1492292
1492297
1492300
1492307
1492310
1492311
1492319
1492336
1492362
1492366
1492371
1492375
1492376
1492379
1492380
1492393
1492403
1492412
1492416
1492418
1492422
1492431
1492432
1492434
1492440
1492441
1492447
1492449
1492453
1492458
1492461
1492462
1492463
1492465
1492474
1492476
1492491
1492494
1492495
1492497
1492500
1492502
1492512
1492521
1492530
1492541
1492547
1492548
1492560
1492568
1492572
1492573
1492581
1492582
1492583
1492588
1492604
1492612
1492616
1492627
1492635
1492637
1492646
1492659
1492666
1492670
1492674
1492680
1492681
1492684
1492686
1492692
1492713
1492718
1492722
1492726
1492728
1492733
1492734
1492736
1492739
1492741
1492749
1492759
1492762
1492766
1492779
1492780
1492783
1492795
1492797
1492801
1492821
1492839
1492842
1492845
1492850
1492852
1492854
1492855
1492860
1492869
1492870
1492882
1492886
1492887
1492892
1492893
1492906
1492916
1492938
1492939
1492940
1492942
1492943
1492946
1492951
1492958
1492964
1492969
1492978
1492983
1492993
1493008
1493009
1493043
1493047
1493049
1493053
1493058
1493061
1493070
1493074
1493094
1493115
1493116
1493121
1493124
1493127
1493128
1493138
1493141
1493144
1493152
1493157
1493161
1493165
1493166
1493180
1493186
1493187
1493189
1493194
1493197
1493201
1493202
1493203
1493209
1493214
1493217
1493219
1493226
1493238
1493241
1493242
1493243
1493246
1493249
1493251
1493256
1493268
1493270
1493276
1493277
1493282
1493283
1493284
1493289
1493293
1493304
1493326
1493341
1493346
1493347
1493352
1493359
1493362
1493386
1493387
1493392
1493395
1493400
1493404
1493406
1493420
1493426
1493429
1493435
1493446
1493453
1493464
1493469
1493475
1493476
1493487
1493488
1493494
1493495
1493498
1493500
1493502
1493506
1493507
1493519
1493522
1493524
1493530
1493532
1493533
1493534
1493540
1493549
1493551
1493564
1493566
1493570
1493575
1493586
1493601
1493604
1493609
1493614
1493624
1493626
1493627
1493636
1493637
1493648
1493651
1493663
1493671
1493681
1493702
1493707
1493711
1493713
1493718
1493721
1493724
1493726
1493727
1493737
1493743
1493748
1493751
1493756
1493765
1493766
1493771
1493777
1493785
1493789
1493809
1493810
1493813
1493814
1493824
1493829
1493834
1493854
1493858
1493859
1493866
1493867
1493868
1493873
1493880
1493890
1493894
1493896
1493900
1493902
1493912
1493918
1493928
1493933
1493936
1493942
1493950
1493952
1493957
1493963
1493966
1493973
1493982
1494001
1494016
1494019
1494023
1494027
1494033
1494038
1494044
1494045
1494052
1494053
1494054
1494057
1494059
1494072
1494090
1494103
1494104
1494108
1494116
1494117
1494128
1494133
1494140
1494149
1494160
1494165
1494167
1494169
1494184
1494189
1494192
1494195
1494196
1494205
1494211
1494216
1494230
1494232
1494235
1494236
1494241
1494245
1494248
1494250
1494253
1494260
1494269
1494272
1494277
1494278
1494280
1494299
1494304
1494306
1494307
1494313
1494324
1494325
1494337
1494339
1494341
1494344
1494347
1494352
1494360
1494370
1494388
1494389
1494393
1494406
1494411
1494423
1494430
1494435
1494440
1494444
1494448
1494449
1494452
1494463
1494467
1494468
1494473
1494476
1494483
1494486
1494490
1494494
1494495
1494497
1494504
1494507
1494509
1494510
1494511
1494517
1494526
1494530
1494531
1494534
1494535
1494538
1494541
1494545
1494556
1494557
1494559
1494578
1494581
1494583
1494586
1494587
1494591
1494594
1494602
1494612
1494616
1494618
1494620
1494623
1494624
1494626
1494635
1494637
1494640
1494647
1494648
1494651
1494653
1494654
1494655
1494657
1494661
1494662
1494663
1494667
1494668
1494670
1494678
1494681
1494687
1494691
1494692
1494698
1494699
1494701
1494702
1494709
1494710
1494711
1494717
1494721
1494725
1494727
1494730
1494731
1494735
1494741
1494747
1494749
1494768
1494785
1494797
1494802
1494805
1494807
1494821
1494822
1494833
1494836
1494848
1494851
1494852
1494862
1494871
1494894
1494896
1494901
1494906
1494911
1494916
1494919
1494937
1494940
1494941
1494945
1494958
1494968
1494976
1494977
1494990
1494999
1495002
1495009
1495017
1495020
1495029
1495039
1495041
1495051
1495058
1495063
1495074
1495079
1495092
1495098
1495099
1495103
1495109
1495112
1495115
1495119
1495127
1495134
1495135
1495137
1495142
1495148
1495167
1495168
1495174
1495180
1495182
1495191
1495193
1495207
1495219
1495221
1495230
1495240
1495243
1495247
1495249
1495272
1495273
1495280
1495288
1495290
1495294
1495297
1495300
1495304
1495317
1495327
1495329
1495330
1495333
1495338
1495343
1495347
1495354
1495355
1495357
1495360
1495372
1495374
1495378
1495391
1495392
1495394
1495398
1495413
1495419
1495422
1495424
1495427
1495433
1495441
1495445
1495451
1495454
1495462
1495463
1495465
1495466
1495469
1495470
1495474
1495483
1495493
1495500
1495501
1495522
1495523
1495546
1495553
1495555
1495560
1495566
1495568
1495570
1495577
1495582
1495585
1495588
1495600
1495602
1495603
1495604
1495606
1495612
1495614
1495615
1495636
1495642
1495646
1495649
1495658
1495662
1495670
1495676
1495695
1495696
1495707
1495710
1495711
1495732
1495735
1495742
1495755
1495757
1495765
1495766
1495787
1495788
1495791
1495801
1495807
1495816
1495820
1495822
1495824
1495829
1495854
1495861
1495864
1495876
1495881
1495883
1495892
1495898
1495908
1495914
1495926
1495927
1495938
1495940
1495941
1495943
1495945
1495952
1495957
1495958
1495961
1495967
1495973
1495981
1495982
1495983
1495985
1495986
1495988
1495992
1495999
1496001
1496005
1496008
1496011
1496017
1496022
1496035
1496036
1496038
1496039
1496043
1496054
1496056
1496064
1496069
1496072
1496073
1496086
1496091
1496095
1496097
1496105
1496106
1496109
1496122
1496125
1496133
1496143
1496163
1496168
1496170
1496175
1496180
1496181
1496184
1496192
1496194
1496196
1496200
1496201
1496206
1496209
1496220
1496225
1496231
1496241
1496242
1496244
1496249
1496263
1496265
1496267
1496268
1496276
1496277
1496279
1496281
1496285
1496290
1496292
1496298
1496301
1496309
1496312
1496319
1496320
1496323
1496327
1496328
1496335
1496338
1496340
1496342
1496350
1496354
1496355
1496356
1496378
1496379
1496413
1496417
1496421
1496423
1496427
1496428
1496433
1496444
1496463
1496464
1496471
1496473
1496475
1496478
1496479
1496485
1496496
1496504
1496508
1496521
1496524
1496532
1496534
1496550
1496558
1496561
1496563
1496580
1496581
1496588
1496593
1496596
1496599
1496600
1496601
1496602
1496604
1496606
1496610
1496614
1496625
1496639
1496651
1496652
1496664
1496669
1496673
1496687
1496697
1496699
1496701
1496711
1496722
1496731
1496735
1496740
1496741
1496743
1496750
1496751
1496758
1496771
1496778
1496782
1496784
1496790
1496794
1496795
1496797
1496803
1496807
1496813
1496827
1496828
1496829
1496830
1496837
1496866
1496870
1496877
1496894
1496895
1496900
1496908
1496913
1496915
1496916
1496926
1496937
1496939
1496944
1496949
1496950
1496958
1496960
1496968
1496972
1496987
1496988
1496998
1497010
1497015
1497016
1497017
1497018
1497022
1497024
1497031
1497032
1497033
1497047
1497048
1497054
1497066
1497071
1497074
1497080
1497087
1497096
1497101
1497107
1497141
1497142
1497155
1497168
1497169
1497175
1497178
1497183
1497186
1497188
1497189
1497192
1497196
1497199
1497201
1497210
1497212
1497215
1497216
1497227
1497233
1497242
1497247
1497251
1497253
1497263
1497279
1497282
1497287
1497301
1497320
1497336
1497339
1497344
1497360
1497363
1497367
1497369
1497377
1497378
1497381
1497385
1497387
1497390
1497393
1497410
1497427
1497433
1497462
1497465
1497468
1497470
1497471
1497477
1497486
1497491
1497502
1497503
1497511
1497514
1497517
1497555
1497565
1497566
1497575
1497580
1497584
1497585
1497590
1497598
1497601
1497612
1497624
1497626
1497634
1497641
1497650
1497652
1497653
1497655
1497657
1497679
1497680
1497684
1497694
1497695
1497696
1497697
1497699
1497704
1497712
1497724
1497728
1497750
1497762
1497769
1497776
1497785
1497802
1497820
1497823
1497829
1497831
1497837
1497859
1497863
1497865
1497881
1497885
1497899
1497901
1497902
1497912
1497917
1497925
1497926
1497944
1497946
1497947
1497958
1497959
1497969
1497970
1497971
1497973
1497975
1497985
1497997
1498010
1498016
1498025
1498030
1498043
1498054
1498059
1498060
1498073
1498079
1498080
1498082
1498085
1498089
1498090
1498091
1498095
1498097
1498098
1498108
1498127
1498129
1498131
1498140
1498149
1498161
1498165
1498169
1498174
1498179
1498199
1498204
1498221
1498226
1498231
1498245
1498250
1498256
1498266
1498267
1498280
1498282
1498290
1498299
1498302
1498311
1498314
1498320
1498325
1498326
1498328
1498331
1498333
1498378
1498383
1498386
1498392
1498395
1498398
1498400
1498404
1498408
1498409
1498423
1498428
1498437
1498446
1498449
1498450
1498461
1498472
1498479
1498480
1498481
1498484
1498489
1498493
1498499
1498502
1498529
1498548
1498551
1498553
1498559
1498565
1498573
1498581
1498582
1498583
1498585
1498599
1498600
1498603
1498610
1498621
1498622
1498629
1498631
1498633
1498642
1498645
1498647
1498653
1498655
1498656
1498664
1498668
1498673
1498686
1498694
1498696
1498697
1498699
1498704
1498707
1498714
1498720
1498730
1498734
1498742
1498746
1498747
1498750
1498757
1498762
1498764
1498768
1498773
1498781
1498786
1498789
1498794
1498798
1498802
1498805
1498807
1498810
1498813
1498822
1498825
1498830
1498836
1498838
1498840
1498848
1498855
1498862
1498894
1498901
1498910
1498926
1498945
1498952
1498960
1498966
1498967
1498969
1498972
1498973
1498974
1498984
1498987
1498992
1499000
1499008
1499012
1499028
1499030
1499031
1499045
1499047
1499048
1499052
1499062
1499072
1499073
1499091
1499107
1499112
1499114
1499122
1499140
1499143
1499145
1499146
1499148
1499152
1499157
1499158
1499161
1499173
1499174
1499175
1499177
1499193
1499199
1499219
1499221
1499223
1499226
1499227
1499229
1499239
1499241
1499242
1499256
1499259
1499264
1499271
1499276
1499278
1499291
1499302
1499303
1499311
1499316
1499324
1499327
1499329
1499332
1499333
1499334
1499338
1499344
1499348
1499358
1499359
1499361
1499369
1499373
1499376
1499377
1499382
1499385
1499387
1499389
1499391
1499395
1499400
1499404
1499405
1499409
1499411
1499422
1499424
1499427
1499429
1499436
1499438
1499443
1499454
1499467
1499470
1499475
1499484
1499485
1499486
1499487
1499499
1499506
1499511
1499512
1499514
1499515
1499522
1499524
1499528
1499534
1499541
1499542
1499544
1499546
1499547
1499554
1499555
1499556
1499564
1499566
1499569
1499572
1499586
1499596
1499602
1499608
1499617
1499621
1499624
1499629
1499631
1499635
1499646
1499657
1499666
1499675
1499679
1499680
1499687
1499691
1499693
1499695
1499696
1499705
1499716
1499718
1499719
1499723
1499725
1499727
1499738
1499742
1499746
1499747
1499753
1499760
1499761
1499768
1499775
1499776
1499784
1499793
1499794
1499795
1499797
1499801
1499804
1499807
1499808
1499815
1499817
1499845
1499847
1499865
1499867
1499872
1499873
1499875
1499880
1499882
1499892
1499897
1499904
1499906
1499911
1499912
1499926
1499931
1499939
1499941
1499946
1499947
1499951
1499955
1499972
1499979
1499982
1499989
1500003
1500025
1500033
1500035
1500037
1500039
1500043
1500048
1500051
1500058
1500060
1500061
1500069
1500073
1500088
1500089
1500090
1500091
1500100
1500102
1500112
1500133
1500161
1500162
1500165
1500169
1500170
1500185
1500196
1500198
1500204
1500215
1500219
1500234
1500256
1500257
1500261
1500262
1500264
1500280
1500285
1500286
1500288
1500297
1500314
1500332
1500333
1500335
1500345
1500359
1500361
1500363
1500393
1500400
1500411
1500413
1500422
1500447
1500451
1500475
1500487
1500501
1500507
1500511
1500521
1500523
1500525
1500527
1500528
1500537
1500538
1500559
1500566
1500568
1500576
1500583
1500585
1500586
1500620
1500625
1500629
1500630
1500636
1500639
1500647
1500654
1500655
1500665
1500667
1500670
1500696
1500699
1500704
1500729
1500755
1500764
1500779
1500781
1500784
1500792
1500797
1500805
1500810
1500812
1500816
1500818
1500833
1500841
1500845
1500847
1500864
1500889
1500895
1500897
1500903
1500904
1500917
1500922
1500928
1500931
1500934
1500938
1500939
1500952
1500959
1500964
1500969
1500976
1500979
1500983
1500989
1500997
1501000
1501006
1501038
1501072
1501099
1501107
1501110
1501111
1501114
1501121
1501129
1501134
1501138
1501140
1501145
1501147
1501150
1501151
1501160
1501161
1501174
1501182
1501197
1501205
1501208
1501212
1501214
1501217
1501222
1501229
1501235
1501243
1501249
1501261
1501280
1501290
1501294
1501295
1501302
1501304
1501319
1501326
1501335
1501336
1501347
1501355
1501358
1501367
1501382
1501400
1501410
1501412
1501414
1501415
1501428
1501432
1501436
1501437
1501438
1501442
1501455
1501458
1501481
1501483
1501485
1501488
1501490
1501491
1501495
1501500
1501505
1501511
1501514
1501516
1501520
1501528
1501543
1501550
1501553
1501554
1501563
1501566
1501569
1501571
1501575
1501576
1501585
1501586
1501601
1501619
1501642
1501644
1501645
1501654
1501660
1501673
1501686
1501693
1501696
1501730
1501733
1501738
1501742
1501746
1501749
1501755
1501759
1501763
1501765
1501767
1501798
1501801
1501811
1501813
1501817
1501828
1501833
1501837
1501859
1501865
1501870
1501881
1501885
1501888
1501897
1501911
1501923
1501927
1501929
1501931
1501934
1501964
1501968
1501970
1501971
1501972
1501974
1501979
1501983
1501994
1502010
1502011
1502012
1502021
1502024
1502025
1502032
1502040
1502042
1502053
1502056
1502086
1502091
1502095
1502097
1502112
1502115
1502118
1502121
1502122
1502132
1502138
1502149
1502150
1502162
1502166
1502187
1502194
1502200
1502207
1502208
1502219
1502237
1502241
1502243
1502258
1502259
1502265
1502281
1502291
1502310
1502315
1502316
1502318
1502325
1502326
1502327
1502328
1502332
1502333
1502338
1502345
1502356
1502363
1502367
1502372
1502375
1502382
1502393
1502402
1502406
1502408
1502421
1502422
1502423
1502425
1502434
1502437
1502462
1502467
1502470
1502497
1502505
1502511
1502520
1502522
1502538
1502541
1502555
1502558
1502569
1502571
1502583
1502587
1502589
1502596
1502613
1502616
1502620
1502636
1502648
1502649
1502672
1502701
1502712
1502716
1502723
1502726
1502734
1502738
1502740
1502750
1502759
1502763
1502769
1502773
1502774
1502776
1502782
1502786
1502798
1502800
1502809
1502826
1502829
1502847
1502871
1502888
1502896
1502897
1502902
1502904
1502916
1502933
1502945
1502946
1502947
1502948
1502949
1502951
1502956
1502958
1502963
1502969
1502981
1502988
1503004
1503017
1503026
1503028
1503039
1503044
1503050
1503053
1503065
1503072
1503076
1503079
1503091
1503102
1503103
1503104
1503113
1503116
1503119
1503127
1503150
1503159
1503167
1503171
1503173
1503183
1503191
1503209
1503213
1503218
1503230
1503231
1503238
1503249
1503252
1503258
1503261
1503266
1503269
1503281
1503301
1503301
1503316
1503323
1503327
1503339
1503343
1503348
1503350
1503353
1503354
1503359
1503372
1503387
1503392
1503394
1503412
1503426
1503427
1503448
1503456
1503458
1503474
1503489
1503513
1503514
1503526
1503533
1503545
1503559
1503570
1503572
1503576
1503588
1503591
1503593
1503600
1503604
1503605
1503609
1503616
1503620
1503629
1503630
1503639
1503641
1503650
1503668
1503671
1503674
1503675
1503701
1503707
1503723
1503724
1503725
1503734
1503753
1503757
1503783
1503798
1503809
1503824
1503857
1503861
1503867
1503880
1503882
1503885
1503889
1503909
1503919
1503925
1503926
1503942
1503944
1503949
1503958
1503965
1503967
1503970
1503976
1503980
1504002
1504015
1504021
1504029
1504035
1504049
1504053
1504062
1504090
1504098
1504100
1504101
1504103
1504114
1504122
1504129
1504130
1504138
1504144
1504155
1504158
1504169
1504182
1504188
1504195
1504197
1504199
1504232
1504235
1504236
1504254
1504258
1504263
1504288
1504297
1504298
1504305
1504308
1504310
1504315
1504322
1504323
1504325
1504342
1504355
1504360
1504363
1504365
1504367
1504392
1504393
1504394
1504397
1504401
1504412
1504414
1504416
1504419
1504425
1504451
1504453
1504463
1504474
1504482
1504506
1504507
1504509
1504514
1504518
1504519
1504522
1504534
1504541
1504545
1504552
1504553
1504572
1504581
1504583
1504590
1504592
1504595
1504598
1504608
1504615
1504628
1504633
1504636
1504637
1504644
1504648
1504656
1504657
1504658
1504662
1504671
1504676
1504689
1504691
1504699
1504711
1504713
1504720
1504723
1504724
1504729
1504737
1504742
1504746
1504760
1504763
1504770
1504774
1504783
1504790
1504794
1504808
1504813
1504823
1504832
1504835
1504839
1504840
1504842
1504846
1504853
1504858
1504864
1504866
1504873
1504884
1504888
1504906
1504914
1504920
1504921
1504933
1504941
1504952
1504957
1504960
1504964
1504979
1504980
1504982
1505010
1505032
1505035
1505036
1505041
1505043
1505058
1505089
1505102
1505126
1505145
1505162
1505175
1505179
1505187
1505214
1505221
1505245
1505250
1505257
1505261
1505301
1505314
1505326
1505329
1505331
1505336
1505353
1505356
1505361
1505390
1505408
1505412
1505418
1505426
1505446
1505453
1505483
1505494
1505505
1505508
1505526
1505533
1505551
1505561
1505576
1505578
1505580
1505593
1505606
1505608
1505641
1505642
1505647
1505650
1505661
1505662
1505689
1505696
1505702
1505713
1505714
1505719
1505722
1505724
1505730
1505734
1505767
1505776
1505789
1505798
1505801
1505804
1505805
1505806
1505839
1505850
1505859
1505860
1505891
1505895
1505903
1505909
1505915
1505926
1505927
1505928
1505929
1505939
1505953
1505980
1505991
1506001
1506030
1506031
1506033
1506035
1506040
1506042
1506044
1506045
1506054
1506068
1506071
1506080
1506096
1506104
1506109
1506121
1506123
1506126
1506141
1506153
1506155
1506181
1506183
1506190
1506191
1506192
1506197
1506210
1506213
1506215
1506224
1506230
1506238
1506239
1506240
1506251
1506254
1506263
1506282
1506291
1506292
1506303
1506311
1506313
1506318
1506320
1506325
1506358
1506359
1506362
1506363
1506371
1506377
1506390
1506398
1506403
1506430
1506434
1506448
1506457
1506466
1506468
1506470
1506513
1506520
1506523
1506543
1506564
1506595
1506605
1506606
1506615
1506617
1506618
1506620
1506632
1506637
1506638
1506639
1506642
1506643
1506672
1506673
1506694
1506711
1506717
1506759
1506793
1506805
1506838
1506850
1506855
1506884
1506893
1506905
1506918
1506933
1506959
1506963
1506964
1506965
1506967
1506970
1506974
1506982
1506990
1506995
1507014
1507028
1507039
1507045
1507054
1507063
1507066
1507082
1507094
1507118
1507123
1507135
1507142
1507168
1507170
1507171
1507176
1507184
1507187
1507190
1507216
1507220
1507230
1507238
1507243
1507256
1507262
1507272
1507273
1507274
1507295
1507301
1507346
1507355
1507363
1507370
1507378
1507387
1507392
1507393
1507404
1507407
1507420
1507431
1507431
1507459
1507464
1507474
1507479
1507483
1507502
1507511
1507512
1507533
1507538
1507573
1507582
1507584
1507594
1507602
1507612
1507626
1507633
1507637
1507639
1507643
1507647
1507648
1507653
1507661
1507663
1507669
1507670
1507688
1507696
1507713
1507715
1507723
1507725
1507731
1507743
1507751
1507766
1507778
1507780
1507788
1507793
1507808
1507812
1507815
1507837
1507853
1507861
1507863
1507864
1507873
1507880
1507884
1507888
1507894
1507904
1507907
1507913
1507924
1507932
1507941
1507949
1507954
1507958
1507963
1507974
1507976
1507986
1508020
1508021
1508031
1508035
1508061
1508066
1508081
1508092
1508138
1508147
1508153
1508156
1508168
1508172
1508178
1508189
1508196
1508218
1508243
1508261
1508270
1508271
1508278
1508280
1508284
1508297
1508302
1508330
1508347
1508354
1508361
1508366
1508370
1508375
1508385
1508396
1508401
1508403
1508412
1508415
1508419
1508421
1508423
1508429
1508437
1508446
1508449
1508469
1508471
1508475
1508489
1508502
1508509
1508510
1508518
1508524
1508534
1508554
1508567
1508570
1508589
1508592
1508594
1508616
1508629
1508657
1508661
1508665
1508667
1508678
1508685
1508691
1508693
1508694
1508701
1508730
1508731
1508747
1508759
1508764
1508791
1508797
1508798
1508815
1508816
1508818
1508819
1508834
1508847
1508856
1508874
1508877
1508897
1508901
1508902
1508915
1508921
1508924
1508952
1508953
1508960
1508974
1508988
1508993
1509002
1509007
1509009
1509016
1509025
1509046
1509050
1509057
1509084
1509085
1509091
1509091
1509108
1509118
1509140
1509142
1509169
1509188
1509193
1509209
1509220
1509230
1509243
1509248
1509256
1509257
1509266
1509271
1509301
1509315
1509329
1509336
1509365
1509370
1509376
1509388
1509397
1509422
1509430
1509465
1509472
1509485
1509488
1509494
1509501
1509529
1509531
1509557
1509557
1509563
1509569
1509582
1509592
1509602
1509605
1509627
1509636
1509637
1509645
1509649
1509672
1509686
1509688
1509729
1509761
1509781
1509785
1509787
1509805
1509809
1509827
1509845
1509858
1509864
1509868
1509874
1509875
1509876
1509882
1509888
1509894
1509898
1509903
1509921
1509940
1509949
1509955
1509956
1509968
1509969
1509982
1509997
1510001
1510006
1510027
1510041
1510044
1510050
1510053
1510055
1510064
1510079
1510086
1510089
1510128
1510133
1510146
1510177
1510190
1510193
1510212
1510224
1510226
1510233
1510249
1510251
1510280
1510290
1510301
1510313
1510318
1510334
1510351
1510353
1510365
1510370
1510374
1510387
1510388
1510401
1510419
1510422
1510453
1510462
1510463
1510476
1510482
1510483
1510492
1510498
1510523
1510538
1510546
1510581
1510593
1510594
1510616
1510622
1510625
1510641
1510655
1510682
1510705
1510737
1510748
1510751
1510760
1510768
1510775
1510777
1510784
1510806
1510818
1510838
1510851
1510865
1510889
1510905
1510907
1510910
1510924
1510928
1510939
1510955
1510975
1511009
1511020
1511049
1511082
1511090
1511114
1511137
1511146
1511163
1511172
1511180
1511231
1511254
1511258
1511275
1511286
1511316
1511382
1511397
1511464
1511499
1511519
1511528
1511534
1511545
1511585
1511595
1511620
1511648
1511663
1511671
1511675
1511708
1511733
1511787
1511790
1511806
1511827
1511831
1511834
1511845
1511847
1511886
1511950
1511962
1511971
1512013
1512020
1512022
1512050
1512083
1512155
1512157
1512165
1512169
1512170
1512188
1512246
1512296
1512318
1512329
1512375
1512391
1512403
1512434
1512468
1512486
1512491
1512495
1512512
1512537
1512555
1512585
1512596
1512606
1512635
1512652
1512655
1512656
1512697
1512700
1512732
1512744
1512745
1512763
1512768
1512781
1512789
1512795
1512824
1512826
1512837
1512857
1512921
1512938
1512981
1512999
1513007
1513019
1513022
1513057
1513061
1513082
1513104
1513161
1513172
1513181
1513183
1513190
1513245
1513245
1513252
1513284
1513316
1513318
1513337
1513342
1513352
1513358
1513384
1513390
1513444
1513482
1513489
1513539
1513570
1513578
1513589
1513590
1513644
1513645
1513676
1513725
1513747
1513752
1513753
1513769
1513781
1513793
1513795
1513816
1513828
1513838
1513879
1513898
1513919
1513920
1513924
1513925
1513958
1513976
1513984
1514016
1514027
1514030
1514044
1514118
1514136
1514141
1514198
1514203
1514206
1514207
1514259
1514263
1514302
1514341
1514375
1514378
1514394
1514408
1514411
1514479
1514480
1514523
1514536
1514537
1514556
1514591
1514596
1514603
1514648
1514663
1514731
1514737
1514740
1514763
1514898
1514948
1514959
1514960
1514981
1515009
1515031
1515034
1515036
1515042
1515135
1515220
1515228
1515285
1515321
1515340
1515356
1515364
1515368
1515376
1515382
1515443
1515460
1515468
1515492
1515523
1515584
1515610
1515659
1515663
1515674
1515699
1515702
1515717
1515757
1515761
1515790
1515802
1515815
1515822
1515841
1515868
1515885
1515894
1515905
1515935
1515996
1516036
1516048
1516052
1516106
1516175
1516181
1516192
1516202
1516210
1516247
1516314
1516363
1516436
1516507
1516546
1516560
1516579
1516593
1516618
1516645
1516689
1516723
1516735
1516760
1516784
1516965
1516970
1516972
1517159
1517198
1517243
1517279
1517305
1517377
1517395
1517402
1517501
1517508
1517524
1517561
1517584
1517600
1517619
1517653
1517683
1517739
1517755
1517790
1517816
1517845
1517851
1517863
1517953
1517988
1518006
1518053
1518062
1518105
1518249
1518254
1518256
1518424
1518451
1518454
1518463
1518499
1518511
1518521
1518534
1518544
1518651
1518689
1518769
1518840
1518901
1518918
1518925
1518938
1519032
1519055
1519066
1519092
1519180
1519272
1519286
1519436
1519565
1519589
1519592
1519613
1519850
1519854
1519919
1519981
1520012
1520050
1520101
1520123
1520170
1520246
1520275
1520353
1520464
1520466
1520469
1520495
1520675
1520787
1520890
1520893
1520980
1521045
1521059
1521230
1521249
1521531
1521661
1521707
1521969
1522258
1522279
1522289
1522324
1522424
1522444
1522470
1522548
1522560
1522692
1522748
1522796
1522870
1523243
1523303
1523314
1523354
1523422
1523428
1524109
1524325
1524353
1524431
1524774
1525225
1525382
1525453
1525472
1525483
1525639
1525654
1525777
1526156
1526157
1526174
1526214
1526393
1526536
1526635
1526928
1527062
1527149
1527436
1527489
1527973
1528658
1528739
1529245
1529423
1529914
1530116
1531580
1532434
1534250
