4851423
4853007
4855553
4856394
4857269
4857885
4858923
4859973
4860312
4860562
4861240
4861573
4861633
4861635
4862141
4863020
4863838
4863857
4863910
4864194
4864213
4864472
4864653
4864710
4864719
4864898
4865112
4865828
4866509
4866586
4866719
4867956
4868033
4868063
4868145
4868201
4868229
4868622
4868771
4869016
4869098
4869452
4869527
4869543
4869651
4869674
4869778
4869885
4870065
4870097
4870228
4870260
4870262
4870371
4870470
4870611
4870914
4871145
4871304
4871343
4871350
4871480
4871489
4872096
4872123
4872149
4872212
4872318
4872369
4872440
4872504
4872520
4872746
4872790
4872796
4872924
4873023
4873094
4873126
4873271
4873398
4873417
4873425
4873529
4873577
4873714
4873719
4873728
4873740
4873840
4873841
4874129
4874224
4874228
4874281
4874425
4874436
4874438
4874524
4874539
4874596
4874972
4875010
4875080
4875219
4875334
4875365
4875415
4875600
4875608
4875681
4875827
4875878
4876020
4876024
4876026
4876108
4876110
4876119
4876166
4876183
4876195
4876420
4876555
4876619
4876672
4876680
4876693
4876716
4876777
4876830
4876903
4876968
4877054
4877069
4877119
4877162
4877187
4877190
4877237
4877255
4877262
4877288
4877304
4877377
4877509
4877515
4877556
4877627
4877629
4877680
4877764
4877775
4877778
4877837
4877845
4877847
4877879
4877979
4878042
4878054
4878054
4878076
4878097
4878123
4878142
4878178
4878196
4878201
4878258
4878290
4878292
4878334
4878368
4878402
4878419
4878521
4878542
4878575
4878623
4878694
4878714
4878762
4878769
4878796
4878876
4878889
4878993
4879004
4879294
4879398
4879420
4879431
4879440
4879484
4879508
4879547
4879549
4879676
4879688
4879693
4879713
4879778
4879907
4879932
4880065
4880097
4880173
4880204
4880352
4880416
4880493
4880493
4880535
4880592
4880604
4880608
4880622
4880783
4880820
4880864
4880884
4880995
4881022
4881043
4881130
4881245
4881255
4881305
4881327
4881353
4881358
4881384
4881417
4881427
4881431
4881465
4881476
4881483
4881490
4881509
4881552
4881610
4881620
4881622
4881661
4881676
4881728
4881732
4881733
4881799
4881809
4881817
4881818
4881844
4881918
4881922
4881929
4881945
4881951
4882014
4882019
4882048
4882052
4882067
4882100
4882121
4882123
4882150
4882162
4882208
4882209
4882221
4882230
4882249
4882255
4882262
4882287
4882295
4882300
4882314
4882316
4882329
4882340
4882343
4882356
4882382
4882386
4882417
4882478
4882560
4882603
4882607
4882626
4882686
4882718
4882734
4882761
4882764
4882791
4882805
4882808
4882877
4882891
4882912
4882929
4882939
4882943
4883005
4883016
4883062
4883068
4883078
4883094
4883116
4883151
4883180
4883186
4883238
4883263
4883275
4883300
4883306
4883396
4883399
4883443
4883465
4883499
4883521
4883532
4883549
4883566
4883567
4883580
4883600
4883692
4883703
4883742
4883801
4883821
4883853
4883854
4883867
4883880
4883943
4883949
4883963
4883966
4883985
4884052
4884088
4884101
4884107
4884117
4884121
4884124
4884229
4884261
4884295
4884316
4884350
4884399
4884423
4884433
4884436
4884437
4884475
4884478
4884523
4884531
4884558
4884587
4884607
4884668
4884673
4884675
4884685
4884692
4884740
4884743
4884767
4884815
4884820
4884833
4884842
4884896
4884931
4884934
4884975
4884994
4884998
4885006
4885020
4885035
4885059
4885090
4885166
4885213
4885246
4885262
4885271
4885307
4885310
4885344
4885347
4885408
4885501
4885521
4885598
4885629
4885642
4885648
4885700
4885769
4885777
4885794
4885845
4885853
4885865
4885888
4885898
4885900
4885961
4885969
4885975
4886010
4886027
4886065
4886071
4886094
4886177
4886213
4886258
4886260
4886305
4886317
4886330
4886372
4886378
4886394
4886407
4886489
4886522
4886525
4886538
4886538
4886547
4886578
4886687
4886696
4886734
4886741
4886754
4886804
4886846
4886853
4886866
4886886
4886897
4886914
4886916
4886932
4886933
4887004
4887029
4887082
4887235
4887301
4887341
4887404
4887434
4887476
4887505
4887508
4887511
4887556
4887571
4887575
4887630
4887649
4887685
4887771
4887778
4887788
4887828
4887834
4887852
4887856
4887857
4887922
4887983
4887990
4888017
4888033
4888064
4888071
4888086
4888229
4888309
4888367
4888515
4888531
4888561
4888568
4888583
4888608
4888737
4888751
4888764
4888771
4888778
4888822
4888828
4888836
4888840
4888855
4888898
4888909
4888916
4888917
4888927
4888946
4888949
4888953
4888965
4888967
4888979
4888981
4888991
4888998
4889006
4889012
4889036
4889037
4889049
4889055
4889087
4889089
4889093
4889103
4889103
4889134
4889153
4889156
4889158
4889176
4889187
4889191
4889195
4889222
4889230
4889240
4889241
4889266
4889269
4889276
4889299
4889302
4889310
4889321
4889325
4889391
4889406
4889417
4889422
4889439
4889467
4889479
4889516
4889517
4889536
4889565
4889571
4889581
4889594
4889604
4889628
4889637
4889642
4889660
4889668
4889691
4889704
4889751
4889769
4889771
4889790
4889811
4889813
4889823
4889846
4889852
4889866
4889876
4889878
4889885
4889894
4889899
4889904
4889928
4889941
4889944
4889960
4889974
4889975
4890009
4890017
4890024
4890064
4890081
4890108
4890111
4890112
4890123
4890137
4890146
4890163
4890166
4890166
4890175
4890191
4890208
4890211
4890212
4890236
4890244
4890273
4890285
4890294
4890308
4890328
4890335
4890355
4890359
4890395
4890397
4890400
4890402
4890403
4890404
4890412
4890414
4890421
4890425
4890431
4890448
4890460
4890491
4890492
4890507
4890524
4890526
4890541
4890572
4890574
4890584
4890621
4890625
4890628
4890633
4890649
4890667
4890677
4890682
4890702
4890723
4890731
4890736
4890762
4890778
4890782
4890802
4890815
4890828
4890866
4890887
4890888
4890900
4890915
4890920
4890930
4890936
4890939
4890950
4890952
4890972
4890980
4890982
4890983
4890994
4890997
4891020
4891028
4891032
4891033
4891047
4891083
4891091
4891109
4891113
4891123
4891132
4891150
4891170
4891172
4891182
4891195
4891200
4891201
4891227
4891252
4891253
4891293
4891294
4891308
4891320
4891322
4891328
4891341
4891368
4891398
4891401
4891423
4891451
4891469
4891476
4891478
4891551
4891567
4891580
4891584
4891611
4891615
4891621
4891628
4891654
4891685
4891690
4891706
4891715
4891722
4891726
4891728
4891732
4891735
4891753
4891766
4891768
4891781
4891846
4891848
4891861
4891862
4891881
4891889
4891901
4891905
4891916
4891919
4891929
4891936
4891940
4891953
4891957
4891978
4891982
4891984
4892020
4892036
4892041
4892064
4892099
4892120
4892128
4892143
4892144
4892148
4892149
4892159
4892168
4892182
4892198
4892199
4892219
4892229
4892254
4892260
4892356
4892411
4892413
4892427
4892429
4892459
4892466
4892509
4892520
4892530
4892548
4892555
4892557
4892562
4892568
4892571
4892584
4892591
4892626
4892635
4892646
4892649
4892662
4892668
4892674
4892698
4892705
4892725
4892733
4892735
4892753
4892759
4892765
4892774
4892790
4892807
4892814
4892847
4892852
4892866
4892873
4892881
4892886
4892892
4892925
4892956
4892957
4892962
4892977
4892979
4892984
4893010
4893017
4893020
4893028
4893050
4893078
4893090
4893120
4893133
4893135
4893151
4893181
4893185
4893189
4893216
4893238
4893245
4893281
4893287
4893288
4893293
4893304
4893306
4893310
4893311
4893318
4893325
4893357
4893364
4893377
4893396
4893407
4893442
4893446
4893448
4893464
4893466
4893470
4893479
4893480
4893485
4893518
4893593
4893595
4893608
4893655
4893680
4893704
4893716
4893772
4893775
4893781
4893823
4893833
4893860
4893861
4893864
4893874
4893907
4893926
4893937
4893982
4894013
4894014
4894021
4894022
4894031
4894033
4894058
4894083
4894090
4894119
4894145
4894151
4894180
4894201
4894227
4894246
4894272
4894297
4894313
4894365
4894373
4894398
4894412
4894422
4894430
4894439
4894446
4894458
4894463
4894510
4894548
4894550
4894566
4894597
4894611
4894643
4894659
4894668
4894684
4894704
4894709
4894710
4894728
4894730
4894748
4894785
4894790
4894800
4894841
4894845
4894849
4894850
4894851
4894861
4894891
4894901
4894902
4894911
4894926
4894928
4894934
4894939
4894940
4894941
4894951
4894968
4894970
4894983
4894991
4894995
4894999
4895057
4895084
4895085
4895088
4895094
4895107
4895137
4895149
4895150
4895154
4895165
4895191
4895210
4895219
4895249
4895272
4895296
4895297
4895316
4895326
4895391
4895410
4895430
4895465
4895493
4895498
4895499
4895508
4895511
4895518
4895535
4895538
4895550
4895562
4895577
4895585
4895588
4895603
4895608
4895642
4895644
4895652
4895697
4895739
4895783
4895788
4895807
4895824
4895864
4895877
4895907
4895924
4895934
4895962
4896004
4896006
4896013
4896018
4896052
4896060
4896064
4896067
4896098
4896102
4896105
4896120
4896133
4896138
4896182
4896204
4896207
4896241
4896243
4896245
4896260
4896273
4896285
4896287
4896297
4896300
4896311
4896318
4896331
4896333
4896374
4896379
4896391
4896395
4896400
4896410
4896420
4896426
4896436
4896439
4896440
4896463
4896464
4896466
4896472
4896473
4896479
4896492
4896501
4896504
4896505
4896509
4896526
4896539
4896541
4896546
4896552
4896558
4896559
4896573
4896575
4896584
4896595
4896626
4896631
4896633
4896655
4896660
4896674
4896689
4896700
4896705
4896706
4896709
4896721
4896722
4896728
4896729
4896750
4896755
4896756
4896760
4896774
4896777
4896807
4896809
4896814
4896816
4896817
4896831
4896834
4896839
4896851
4896877
4896883
4896886
4896892
4896905
4896908
4896915
4896942
4896943
4896949
4896954
4896967
4896982
4896983
4896984
4896986
4897010
4897021
4897025
4897027
4897042
4897047
4897052
4897065
4897069
4897080
4897094
4897095
4897105
4897107
4897114
4897118
4897120
4897124
4897134
4897150
4897162
4897165
4897172
4897179
4897185
4897186
4897188
4897205
4897209
4897223
4897230
4897235
4897238
4897241
4897255
4897263
4897279
4897282
4897284
4897294
4897300
4897301
4897302
4897305
4897310
4897318
4897323
4897329
4897339
4897363
4897385
4897406
4897408
4897411
4897414
4897424
4897425
4897426
4897432
4897435
4897445
4897456
4897463
4897467
4897483
4897487
4897496
4897497
4897498
4897505
4897506
4897515
4897523
4897527
4897531
4897534
4897535
4897553
4897561
4897570
4897599
4897601
4897606
4897607
4897619
4897620
4897627
4897632
4897634
4897635
4897640
4897642
4897652
4897658
4897670
4897672
4897680
4897683
4897689
4897695
4897699
4897710
4897711
4897718
4897719
4897724
4897732
4897747
4897750
4897754
4897757
4897766
4897771
4897792
4897797
4897802
4897803
4897820
4897825
4897834
4897840
4897857
4897862
4897866
4897868
4897872
4897882
4897887
4897897
4897903
4897906
4897921
4897923
4897930
4897936
4897939
4897942
4897944
4897959
4897963
4897969
4897974
4897976
4897982
4897996
4898005
4898014
4898015
4898018
4898022
4898024
4898025
4898077
4898092
4898123
4898128
4898131
4898169
4898190
4898202
4898218
4898219
4898221
4898229
4898233
4898265
4898305
4898306
4898310
4898311
4898324
4898347
4898361
4898362
4898364
4898364
4898369
4898376
4898385
4898387
4898413
4898416
4898433
4898436
4898439
4898444
4898447
4898453
4898459
4898460
4898474
4898498
4898516
4898519
4898545
4898579
4898608
4898627
4898628
4898629
4898635
4898654
4898657
4898702
4898710
4898717
4898718
4898733
4898745
4898756
4898790
4898801
4898803
4898815
4898816
4898828
4898832
4898848
4898857
4898861
4898871
4898888
4898889
4898897
4898899
4898911
4898929
4898931
4898954
4898955
4898959
4898964
4898966
4899002
4899010
4899023
4899029
4899038
4899052
4899054
4899063
4899064
4899067
4899068
4899082
4899083
4899095
4899098
4899100
4899102
4899103
4899108
4899109
4899112
4899115
4899123
4899127
4899133
4899141
4899148
4899157
4899162
4899176
4899185
4899205
4899215
4899226
4899228
4899241
4899249
4899250
4899256
4899269
4899290
4899294
4899301
4899320
4899321
4899329
4899345
4899348
4899350
4899355
4899363
4899364
4899368
4899381
4899383
4899388
4899430
4899436
4899438
4899442
4899443
4899447
4899467
4899477
4899484
4899489
4899491
4899503
4899509
4899511
4899513
4899515
4899518
4899520
4899531
4899554
4899556
4899562
4899567
4899571
4899574
4899577
4899578
4899585
4899587
4899601
4899602
4899606
4899610
4899620
4899635
4899638
4899641
4899642
4899663
4899665
4899674
4899685
4899691
4899695
4899696
4899701
4899707
4899714
4899720
4899728
4899730
4899745
4899745
4899761
4899772
4899784
4899788
4899797
4899810
4899827
4899859
4899863
4899866
4899876
4899877
4899880
4899897
4899904
4899920
4899923
4899951
4899955
4899961
4899982
4899997
4900012
4900020
4900023
4900027
4900032
4900046
4900070
4900071
4900086
4900101
4900103
4900109
4900110
4900113
4900135
4900141
4900142
4900159
4900160
4900161
4900166
4900169
4900183
4900187
4900232
4900241
4900245
4900255
4900266
4900272
4900274
4900299
4900332
4900351
4900364
4900368
4900371
4900372
4900396
4900402
4900446
4900450
4900451
4900452
4900469
4900477
4900510
4900511
4900525
4900564
4900575
4900581
4900583
4900583
4900589
4900617
4900624
4900637
4900638
4900644
4900649
4900654
4900657
4900677
4900679
4900707
4900709
4900711
4900731
4900734
4900774
4900810
4900815
4900835
4900850
4900853
4900855
4900876
4900906
4900914
4900929
4900931
4900941
4900950
4900951
4900973
4900974
4900977
4900980
4900987
4901005
4901019
4901020
4901028
4901042
4901054
4901058
4901061
4901074
4901082
4901089
4901116
4901126
4901133
4901138
4901148
4901149
4901151
4901159
4901170
4901179
4901204
4901205
4901206
4901214
4901234
4901239
4901248
4901253
4901255
4901272
4901273
4901283
4901291
4901295
4901301
4901305
4901307
4901312
4901341
4901356
4901362
4901364
4901370
4901391
4901396
4901401
4901408
4901451
4901459
4901473
4901478
4901479
4901483
4901488
4901490
4901502
4901504
4901528
4901558
4901561
4901584
4901587
4901598
4901628
4901638
4901642
4901652
4901656
4901658
4901706
4901716
4901719
4901732
4901739
4901744
4901757
4901758
4901766
4901769
4901785
4901789
4901790
4901794
4901805
4901806
4901811
4901817
4901819
4901826
4901848
4901855
4901867
4901872
4901879
4901896
4901899
4901901
4901904
4901909
4901920
4901934
4901958
4901959
4901961
4901973
4901984
4902001
4902023
4902029
4902032
4902054
4902060
4902069
4902100
4902102
4902103
4902107
4902111
4902116
4902119
4902121
4902124
4902146
4902172
4902173
4902175
4902182
4902186
4902194
4902203
4902214
4902226
4902246
4902254
4902274
4902279
4902281
4902291
4902319
4902328
4902334
4902336
4902342
4902345
4902353
4902379
4902385
4902389
4902396
4902400
4902414
4902421
4902428
4902434
4902444
4902445
4902452
4902453
4902454
4902460
4902493
4902503
4902519
4902525
4902543
4902547
4902553
4902556
4902566
4902584
4902588
4902596
4902625
4902654
4902676
4902678
4902698
4902716
4902720
4902732
4902735
4902750
4902768
4902775
4902777
4902800
4902808
4902817
4902828
4902829
4902836
4902859
4902876
4902897
4902899
4902902
4902909
4902925
4902938
4902945
4902974
4902988
4902989
4903001
4903022
4903025
4903038
4903046
4903048
4903053
4903072
4903090
4903093
4903136
4903137
4903143
4903145
4903159
4903169
4903170
4903181
4903222
4903228
4903236
4903258
4903269
4903271
4903276
4903289
4903297
4903307
4903321
4903352
4903358
4903376
4903383
4903403
4903409
4903417
4903419
4903421
4903426
4903435
4903444
4903458
4903460
4903490
4903517
4903522
4903525
4903541
4903542
4903544
4903550
4903558
4903582
4903636
4903639
4903656
4903683
4903692
4903707
4903724
4903734
4903741
4903742
4903749
4903762
4903802
4903805
4903811
4903864
4903867
4903882
4903899
4903904
4903906
4903921
4903933
4903938
4903953
4903980
4903988
4903995
4903998
4904015
4904020
4904023
4904026
4904052
4904058
4904065
4904068
4904075
4904098
4904102
4904104
4904117
4904124
4904131
4904144
4904145
4904148
4904167
4904183
4904186
4904189
4904197
4904198
4904211
4904231
4904251
4904270
4904283
4904285
4904286
4904287
4904291
4904336
4904346
4904351
4904353
4904362
4904379
4904384
4904390
4904393
4904422
4904432
4904433
4904462
4904478
4904480
4904491
4904501
4904540
4904542
4904548
4904552
4904568
4904571
4904572
4904580
4904582
4904597
4904598
4904611
4904621
4904627
4904643
4904644
4904682
4904693
4904699
4904705
4904722
4904725
4904732
4904735
4904770
4904777
4904784
4904790
4904798
4904808
4904809
4904817
4904844
4904857
4904863
4904864
4904880
4904918
4904924
4904925
4904931
4904939
4904957
4904959
4904961
4904975
4904985
4904992
4905015
4905027
4905028
4905073
4905076
4905088
4905090
4905093
4905106
4905110
4905117
4905118
4905119
4905139
4905168
4905174
4905182
4905190
4905201
4905204
4905257
4905265
4905273
4905301
4905305
4905311
4905318
4905319
4905324
4905326
4905331
4905332
4905339
4905342
4905345
4905347
4905348
4905352
4905356
4905360
4905366
4905367
4905374
4905382
4905383
4905385
4905386
4905388
4905393
4905399
4905400
4905412
4905420
4905431
4905439
4905440
4905447
4905448
4905455
4905457
4905466
4905472
4905481
4905490
4905495
4905505
4905506
4905516
4905527
4905528
4905533
4905534
4905536
4905539
4905540
4905568
4905574
4905575
4905588
4905589
4905593
4905596
4905598
4905599
4905600
4905603
4905609
4905614
4905618
4905620
4905627
4905630
4905638
4905641
4905647
4905651
4905652
4905655
4905662
4905674
4905679
4905682
4905685
4905686
4905687
4905704
4905709
4905710
4905716
4905719
4905726
4905731
4905734
4905738
4905752
4905755
4905758
4905760
4905764
4905769
4905782
4905791
4905798
4905803
4905804
4905819
4905829
4905832
4905836
4905840
4905845
4905854
4905855
4905864
4905886
4905892
4905897
4905901
4905905
4905912
4905921
4905922
4905934
4905935
4905950
4905972
4905974
4905983
4905985
4905993
4906003
4906008
4906012
4906014
4906030
4906031
4906033
4906048
4906058
4906071
4906072
4906073
4906089
4906091
4906094
4906095
4906097
4906098
4906101
4906115
4906116
4906131
4906133
4906141
4906144
4906149
4906153
4906169
4906173
4906176
4906179
4906182
4906183
4906188
4906189
4906190
4906196
4906205
4906206
4906208
4906218
4906219
4906222
4906224
4906228
4906234
4906235
4906239
4906255
4906269
4906274
4906282
4906313
4906317
4906318
4906323
4906324
4906327
4906330
4906333
4906339
4906352
4906353
4906357
4906363
4906368
4906371
4906376
4906377
4906383
4906389
4906390
4906393
4906415
4906427
4906428
4906438
4906441
4906449
4906452
4906460
4906463
4906469
4906471
4906472
4906474
4906475
4906478
4906486
4906495
4906504
4906514
4906519
4906520
4906521
4906522
4906542
4906546
4906561
4906575
4906579
4906581
4906587
4906591
4906594
4906616
4906622
4906624
4906625
4906631
4906635
4906643
4906645
4906652
4906670
4906682
4906690
4906724
4906727
4906730
4906734
4906736
4906741
4906761
4906762
4906766
4906781
4906795
4906803
4906814
4906815
4906820
4906821
4906829
4906830
4906839
4906846
4906847
4906848
4906860
4906876
4906878
4906880
4906884
4906902
4906921
4906923
4906929
4906931
4906932
4906934
4906937
4906951
4906952
4906955
4906964
4906967
4906972
4906974
4906978
4906979
4906987
4907001
4907017
4907019
4907026
4907034
4907052
4907058
4907059
4907062
4907069
4907076
4907089
4907090
4907098
4907101
4907103
4907106
4907116
4907131
4907136
4907139
4907141
4907143
4907169
4907172
4907204
4907210
4907218
4907220
4907221
4907226
4907227
4907232
4907237
4907242
4907252
4907261
4907262
4907263
4907275
4907281
4907285
4907288
4907296
4907302
4907305
4907314
4907316
4907317
4907318
4907324
4907325
4907330
4907332
4907337
4907346
4907349
4907354
4907355
4907357
4907360
4907373
4907395
4907407
4907416
4907422
4907426
4907431
4907437
4907438
4907440
4907445
4907450
4907467
4907471
4907472
4907475
4907478
4907482
4907489
4907490
4907491
4907504
4907513
4907525
4907531
4907549
4907554
4907560
4907562
4907566
4907574
4907577
4907578
4907581
4907590
4907594
4907595
4907598
4907601
4907604
4907605
4907610
4907615
4907619
4907626
4907631
4907632
4907640
4907641
4907645
4907694
4907696
4907697
4907703
4907707
4907717
4907725
4907726
4907730
4907746
4907748
4907751
4907760
4907762
4907764
4907766
4907767
4907769
4907779
4907789
4907792
4907796
4907801
4907809
4907819
4907844
4907845
4907854
4907856
4907862
4907866
4907869
4907878
4907879
4907883
4907892
4907895
4907903
4907910
4907912
4907922
4907923
4907924
4907947
4907950
4907952
4907953
4907954
4907955
4907967
4907972
4907974
4907975
4907979
4907984
4907985
4907991
4907994
4908010
4908024
4908040
4908053
4908054
4908059
4908070
4908078
4908083
4908090
4908091
4908093
4908106
4908108
4908114
4908115
4908117
4908119
4908120
4908139
4908154
4908158
4908162
4908163
4908167
4908171
4908172
4908178
4908180
4908209
4908231
4908235
4908241
4908243
4908248
4908253
4908254
4908262
4908281
4908302
4908309
4908311
4908312
4908325
4908326
4908328
4908330
4908334
4908337
4908349
4908351
4908354
4908367
4908368
4908373
4908385
4908399
4908401
4908408
4908410
4908417
4908423
4908426
4908430
4908433
4908439
4908456
4908457
4908460
4908464
4908468
4908484
4908491
4908503
4908521
4908522
4908532
4908542
4908553
4908556
4908561
4908590
4908591
4908593
4908599
4908610
4908613
4908632
4908636
4908639
4908643
4908649
4908652
4908656
4908663
4908668
4908678
4908694
4908702
4908708
4908710
4908719
4908724
4908725
4908727
4908731
4908738
4908754
4908756
4908765
4908792
4908801
4908805
4908810
4908835
4908843
4908852
4908856
4908857
4908861
4908862
4908863
4908866
4908898
4908899
4908903
4908913
4908922
4908925
4908931
4908934
4908935
4908940
4908943
4908946
4908955
4908960
4908964
4908972
4908977
4908979
4908997
4908999
4909000
4909003
4909005
4909007
4909014
4909019
4909020
4909027
4909060
4909062
4909068
4909084
4909090
4909100
4909111
4909118
4909131
4909132
4909137
4909140
4909151
4909156
4909157
4909162
4909165
4909172
4909174
4909175
4909184
4909185
4909195
4909197
4909200
4909214
4909221
4909227
4909240
4909241
4909258
4909266
4909270
4909274
4909275
4909291
4909300
4909307
4909309
4909311
4909321
4909325
4909339
4909342
4909345
4909346
4909355
4909358
4909364
4909367
4909375
4909376
4909390
4909391
4909394
4909398
4909402
4909403
4909405
4909410
4909417
4909427
4909430
4909442
4909448
4909461
4909462
4909469
4909484
4909487
4909491
4909492
4909494
4909510
4909511
4909513
4909523
4909527
4909538
4909540
4909541
4909542
4909551
4909554
4909556
4909562
4909572
4909573
4909591
4909595
4909600
4909612
4909633
4909635
4909644
4909648
4909654
4909659
4909662
4909670
4909683
4909684
4909686
4909697
4909704
4909705
4909711
4909714
4909723
4909746
4909750
4909755
4909769
4909771
4909775
4909778
4909788
4909792
4909793
4909801
4909803
4909804
4909807
4909810
4909811
4909815
4909839
4909842
4909844
4909851
4909886
4909899
4909910
4909918
4909923
4909924
4909925
4909927
4909929
4909939
4909943
4909952
4909960
4909973
4909974
4909982
4909985
4909991
4910007
4910017
4910021
4910027
4910030
4910047
4910048
4910054
4910068
4910092
4910112
4910115
4910117
4910129
4910135
4910139
4910155
4910159
4910165
4910166
4910180
4910186
4910187
4910194
4910197
4910199
4910205
4910206
4910214
4910216
4910221
4910229
4910230
4910241
4910248
4910249
4910255
4910265
4910266
4910271
4910281
4910289
4910290
4910292
4910305
4910316
4910327
4910334
4910350
4910359
4910361
4910372
4910379
4910381
4910389
4910394
4910401
4910404
4910415
4910416
4910417
4910420
4910425
4910426
4910436
4910442
4910449
4910472
4910479
4910480
4910481
4910482
4910493
4910500
4910505
4910510
4910514
4910515
4910519
4910520
4910525
4910536
4910541
4910542
4910561
4910564
4910568
4910576
4910578
4910587
4910596
4910607
4910609
4910622
4910627
4910628
4910633
4910637
4910639
4910644
4910657
4910666
4910668
4910671
4910679
4910714
4910716
4910720
4910727
4910736
4910743
4910746
4910748
4910751
4910756
4910758
4910771
4910779
4910783
4910794
4910799
4910804
4910806
4910808
4910817
4910830
4910834
4910835
4910845
4910857
4910859
4910866
4910874
4910878
4910881
4910909
4910912
4910913
4910925
4910928
4910938
4910955
4910958
4910981
4910990
4911001
4911011
4911012
4911014
4911019
4911021
4911029
4911033
4911041
4911056
4911062
4911068
4911069
4911076
4911078
4911081
4911083
4911084
4911101
4911104
4911118
4911119
4911125
4911135
4911141
4911155
4911158
4911159
4911162
4911167
4911170
4911177
4911180
4911185
4911187
4911196
4911202
4911213
4911218
4911230
4911234
4911240
4911241
4911251
4911261
4911278
4911279
4911307
4911308
4911311
4911315
4911321
4911322
4911336
4911339
4911341
4911349
4911360
4911361
4911370
4911371
4911379
4911388
4911392
4911400
4911404
4911414
4911419
4911422
4911426
4911432
4911433
4911434
4911440
4911441
4911445
4911472
4911476
4911507
4911513
4911519
4911524
4911530
4911546
4911547
4911548
4911557
4911562
4911563
4911568
4911573
4911574
4911591
4911593
4911597
4911615
4911624
4911641
4911648
4911659
4911669
4911672
4911675
4911694
4911704
4911709
4911722
4911728
4911743
4911746
4911748
4911749
4911755
4911758
4911763
4911770
4911773
4911777
4911798
4911799
4911802
4911809
4911811
4911814
4911818
4911834
4911844
4911847
4911849
4911851
4911874
4911885
4911888
4911890
4911892
4911893
4911903
4911905
4911908
4911909
4911915
4911921
4911923
4911924
4911938
4911940
4911941
4911945
4911946
4911950
4911965
4911970
4911983
4912012
4912022
4912024
4912041
4912042
4912044
4912057
4912067
4912082
4912089
4912093
4912100
4912117
4912119
4912122
4912130
4912131
4912133
4912145
4912155
4912159
4912167
4912182
4912190
4912194
4912195
4912197
4912200
4912207
4912219
4912226
4912230
4912240
4912275
4912281
4912284
4912286
4912287
4912288
4912292
4912305
4912306
4912315
4912326
4912328
4912340
4912355
4912357
4912358
4912359
4912366
4912371
4912373
4912382
4912392
4912400
4912415
4912430
4912435
4912453
4912457
4912481
4912493
4912496
4912496
4912500
4912505
4912506
4912518
4912524
4912527
4912530
4912534
4912538
4912547
4912554
4912558
4912567
4912577
4912579
4912583
4912585
4912588
4912617
4912623
4912624
4912633
4912641
4912648
4912657
4912662
4912663
4912668
4912669
4912677
4912689
4912690
4912696
4912703
4912711
4912712
4912731
4912736
4912749
4912754
4912760
4912773
4912782
4912794
4912802
4912820
4912821
4912825
4912828
4912829
4912838
4912840
4912841
4912855
4912860
4912863
4912864
4912872
4912877
4912882
4912884
4912890
4912894
4912896
4912900
4912901
4912902
4912903
4912909
4912911
4912918
4912929
4912942
4912949
4912953
4912967
4912976
4912984
4912990
4912995
4913000
4913005
4913007
4913009
4913018
4913027
4913044
4913045
4913047
4913059
4913061
4913067
4913071
4913084
4913101
4913104
4913127
4913130
4913143
4913151
4913163
4913188
4913202
4913210
4913213
4913220
4913224
4913233
4913235
4913250
4913272
4913281
4913286
4913289
4913292
4913294
4913297
4913299
4913306
4913315
4913316
4913319
4913325
4913334
4913344
4913354
4913361
4913367
4913410
4913430
4913431
4913432
4913442
4913451
4913460
4913467
4913469
4913472
4913480
4913493
4913497
4913509
4913512
4913522
4913525
4913526
4913527
4913531
4913532
4913540
4913543
4913546
4913552
4913557
4913565
4913572
4913585
4913587
4913627
4913633
4913641
4913642
4913656
4913667
4913669
4913672
4913674
4913681
4913698
4913702
4913711
4913719
4913721
4913722
4913729
4913744
4913746
4913750
4913753
4913757
4913771
4913777
4913788
4913794
4913795
4913798
4913807
4913812
4913819
4913821
4913832
4913833
4913836
4913838
4913844
4913851
4913855
4913858
4913861
4913876
4913878
4913882
4913889
4913890
4913892
4913898
4913904
4913907
4913911
4913921
4913943
4913944
4913953
4913956
4913965
4913972
4913976
4913980
4913989
4914007
4914009
4914010
4914013
4914016
4914020
4914023
4914024
4914025
4914050
4914055
4914059
4914061
4914062
4914064
4914071
4914076
4914077
4914082
4914085
4914095
4914097
4914098
4914102
4914103
4914105
4914120
4914143
4914153
4914155
4914158
4914181
4914183
4914184
4914189
4914192
4914194
4914197
4914208
4914215
4914230
4914235
4914239
4914241
4914246
4914252
4914259
4914266
4914269
4914270
4914271
4914273
4914276
4914280
4914291
4914295
4914299
4914303
4914306
4914316
4914327
4914328
4914345
4914348
4914351
4914354
4914358
4914367
4914379
4914387
4914391
4914394
4914400
4914404
4914414
4914421
4914433
4914434
4914452
4914453
4914462
4914474
4914476
4914477
4914482
4914491
4914505
4914517
4914519
4914522
4914524
4914531
4914536
4914540
4914546
4914552
4914565
4914599
4914604
4914606
4914614
4914620
4914623
4914624
4914629
4914633
4914641
4914643
4914647
4914651
4914655
4914657
4914660
4914663
4914667
4914671
4914677
4914682
4914697
4914710
4914711
4914716
4914723
4914729
4914739
4914743
4914746
4914748
4914757
4914758
4914766
4914767
4914769
4914789
4914795
4914797
4914817
4914822
4914826
4914831
4914839
4914842
4914846
4914851
4914856
4914869
4914870
4914880
4914884
4914887
4914891
4914893
4914897
4914900
4914903
4914905
4914909
4914947
4914957
4914962
4914967
4914972
4914977
4914997
4915002
4915005
4915009
4915018
4915025
4915027
4915030
4915041
4915045
4915048
4915049
4915055
4915058
4915065
4915069
4915081
4915086
4915088
4915093
4915096
4915109
4915112
4915115
4915116
4915119
4915122
4915125
4915126
4915128
4915132
4915137
4915143
4915145
4915146
4915148
4915152
4915156
4915166
4915169
4915176
4915180
4915181
4915186
4915192
4915195
4915197
4915205
4915206
4915209
4915210
4915223
4915224
4915227
4915238
4915244
4915254
4915260
4915279
4915281
4915283
4915288
4915304
4915311
4915315
4915325
4915328
4915330
4915336
4915341
4915343
4915354
4915356
4915360
4915363
4915377
4915381
4915388
4915389
4915393
4915408
4915417
4915447
4915453
4915469
4915470
4915471
4915473
4915489
4915490
4915507
4915509
4915518
4915529
4915540
4915541
4915543
4915551
4915567
4915580
4915581
4915583
4915602
4915604
4915625
4915631
4915633
4915637
4915640
4915645
4915648
4915662
4915663
4915666
4915685
4915692
4915699
4915700
4915702
4915711
4915717
4915719
4915720
4915724
4915737
4915745
4915752
4915765
4915769
4915770
4915777
4915780
4915782
4915789
4915794
4915797
4915798
4915800
4915810
4915814
4915818
4915823
4915825
4915828
4915830
4915835
4915836
4915840
4915843
4915861
4915863
4915872
4915876
4915878
4915886
4915892
4915901
4915906
4915915
4915926
4915935
4915939
4915945
4915948
4915949
4915966
4915970
4915972
4915974
4915976
4915987
4915989
4915997
4916000
4916012
4916022
4916022
4916028
4916046
4916053
4916055
4916056
4916058
4916063
4916071
4916072
4916076
4916083
4916088
4916092
4916093
4916100
4916106
4916107
4916112
4916114
4916121
4916140
4916143
4916147
4916154
4916157
4916158
4916185
4916187
4916193
4916200
4916201
4916223
4916229
4916252
4916267
4916270
4916271
4916277
4916292
4916294
4916295
4916297
4916301
4916306
4916309
4916314
4916315
4916323
4916333
4916335
4916337
4916341
4916342
4916344
4916347
4916361
4916379
4916381
4916382
4916384
4916387
4916390
4916391
4916396
4916405
4916407
4916411
4916415
4916420
4916422
4916426
4916449
4916454
4916458
4916462
4916471
4916474
4916476
4916484
4916491
4916505
4916513
4916514
4916519
4916527
4916535
4916539
4916546
4916548
4916555
4916558
4916566
4916577
4916578
4916582
4916596
4916603
4916605
4916621
4916623
4916632
4916640
4916642
4916647
4916650
4916654
4916660
4916674
4916677
4916687
4916689
4916701
4916706
4916712
4916714
4916716
4916717
4916721
4916724
4916727
4916730
4916731
4916743
4916751
4916754
4916765
4916768
4916777
4916780
4916786
4916800
4916812
4916821
4916824
4916838
4916873
4916890
4916896
4916898
4916902
4916906
4916914
4916924
4916927
4916928
4916935
4916937
4916944
4916955
4916958
4916959
4916965
4916969
4916970
4916971
4916974
4916982
4916983
4916988
4916989
4916993
4916997
4917000
4917002
4917004
4917020
4917030
4917032
4917038
4917039
4917042
4917099
4917103
4917117
4917119
4917134
4917140
4917145
4917148
4917153
4917154
4917155
4917159
4917160
4917161
4917173
4917182
4917186
4917187
4917190
4917194
4917196
4917213
4917216
4917219
4917220
4917222
4917232
4917235
4917243
4917244
4917250
4917255
4917256
4917257
4917263
4917265
4917280
4917299
4917308
4917311
4917312
4917320
4917329
4917333
4917343
4917346
4917354
4917355
4917357
4917366
4917374
4917385
4917386
4917387
4917403
4917409
4917413
4917419
4917421
4917434
4917436
4917437
4917445
4917451
4917452
4917461
4917467
4917468
4917469
4917472
4917475
4917476
4917478
4917480
4917483
4917496
4917501
4917505
4917507
4917508
4917515
4917519
4917526
4917528
4917532
4917533
4917537
4917549
4917551
4917556
4917565
4917573
4917577
4917579
4917582
4917583
4917596
4917598
4917605
4917606
4917610
4917611
4917615
4917616
4917618
4917624
4917632
4917649
4917653
4917654
4917666
4917672
4917676
4917686
4917687
4917689
4917697
4917698
4917702
4917704
4917708
4917711
4917716
4917726
4917741
4917752
4917758
4917767
4917776
4917783
4917791
4917794
4917796
4917798
4917800
4917802
4917807
4917813
4917814
4917815
4917827
4917829
4917841
4917842
4917845
4917860
4917861
4917868
4917877
4917898
4917899
4917904
4917905
4917907
4917908
4917910
4917920
4917921
4917935
4917940
4917943
4917950
4917951
4917954
4917968
4917973
4917975
4917983
4917988
4917993
4917996
4918006
4918009
4918011
4918019
4918021
4918024
4918026
4918033
4918038
4918051
4918053
4918057
4918065
4918066
4918071
4918078
4918081
4918092
4918098
4918107
4918109
4918116
4918127
4918132
4918144
4918147
4918166
4918167
4918169
4918179
4918186
4918190
4918193
4918214
4918217
4918228
4918248
4918272
4918273
4918281
4918289
4918290
4918291
4918295
4918296
4918298
4918299
4918301
4918310
4918315
4918328
4918330
4918332
4918347
4918350
4918361
4918362
4918365
4918373
4918376
4918381
4918388
4918393
4918401
4918405
4918406
4918407
4918411
4918419
4918422
4918424
4918426
4918427
4918433
4918452
4918460
4918461
4918462
4918470
4918475
4918480
4918482
4918482
4918492
4918497
4918503
4918507
4918516
4918519
4918521
4918523
4918526
4918537
4918549
4918550
4918554
4918561
4918579
4918582
4918591
4918595
4918609
4918611
4918613
4918620
4918623
4918627
4918628
4918632
4918652
4918654
4918657
4918659
4918662
4918679
4918684
4918688
4918693
4918694
4918697
4918698
4918716
4918719
4918735
4918746
4918757
4918762
4918779
4918788
4918789
4918801
4918808
4918811
4918821
4918829
4918832
4918837
4918848
4918851
4918864
4918866
4918878
4918879
4918880
4918886
4918889
4918895
4918897
4918898
4918901
4918902
4918904
4918908
4918911
4918915
4918931
4918934
4918937
4918944
4918946
4918950
4918965
4918977
4918980
4918993
4919000
4919002
4919004
4919008
4919015
4919021
4919022
4919026
4919027
4919028
4919030
4919038
4919044
4919051
4919054
4919056
4919064
4919072
4919082
4919087
4919090
4919093
4919099
4919101
4919110
4919112
4919115
4919124
4919126
4919129
4919162
4919169
4919173
4919176
4919186
4919188
4919189
4919196
4919198
4919201
4919225
4919235
4919237
4919239
4919248
4919255
4919256
4919264
4919265
4919282
4919293
4919294
4919297
4919299
4919304
4919305
4919307
4919315
4919320
4919324
4919325
4919327
4919330
4919335
4919338
4919343
4919353
4919358
4919362
4919363
4919365
4919366
4919368
4919372
4919386
4919388
4919389
4919395
4919410
4919421
4919430
4919434
4919443
4919447
4919453
4919460
4919468
4919469
4919471
4919473
4919476
4919482
4919483
4919485
4919497
4919499
4919500
4919503
4919524
4919540
4919541
4919547
4919552
4919556
4919564
4919567
4919568
4919571
4919579
4919582
4919583
4919585
4919604
4919605
4919610
4919613
4919621
4919625
4919628
4919647
4919649
4919653
4919661
4919671
4919691
4919692
4919698
4919704
4919713
4919715
4919716
4919720
4919723
4919724
4919725
4919728
4919750
4919752
4919773
4919774
4919775
4919784
4919785
4919787
4919791
4919802
4919807
4919816
4919818
4919822
4919823
4919840
4919846
4919853
4919855
4919859
4919863
4919868
4919873
4919875
4919876
4919879
4919883
4919885
4919886
4919902
4919916
4919917
4919921
4919929
4919930
4919931
4919935
4919940
4919947
4919956
4919962
4919970
4919971
4919977
4919987
4919993
4919997
4919999
4920002
4920008
4920011
4920013
4920014
4920015
4920025
4920026
4920035
4920036
4920038
4920055
4920056
4920074
4920075
4920080
4920081
4920082
4920088
4920095
4920097
4920098
4920105
4920112
4920118
4920120
4920135
4920139
4920146
4920159
4920164
4920167
4920169
4920176
4920179
4920185
4920194
4920197
4920205
4920211
4920218
4920222
4920229
4920232
4920234
4920241
4920242
4920245
4920250
4920261
4920262
4920273
4920278
4920279
4920284
4920287
4920297
4920314
4920321
4920329
4920330
4920331
4920339
4920343
4920345
4920346
4920348
4920355
4920360
4920365
4920368
4920370
4920377
4920382
4920383
4920391
4920402
4920404
4920410
4920412
4920440
4920443
4920449
4920455
4920457
4920474
4920476
4920480
4920490
4920498
4920504
4920509
4920511
4920512
4920529
4920535
4920546
4920550
4920553
4920565
4920566
4920568
4920574
4920576
4920592
4920607
4920611
4920617
4920622
4920632
4920641
4920659
4920661
4920664
4920666
4920668
4920672
4920673
4920678
4920679
4920682
4920683
4920686
4920692
4920694
4920701
4920703
4920707
4920708
4920711
4920712
4920717
4920718
4920719
4920723
4920724
4920726
4920730
4920739
4920741
4920748
4920760
4920765
4920766
4920782
4920788
4920791
4920804
4920807
4920810
4920811
4920815
4920816
4920820
4920829
4920830
4920835
4920841
4920848
4920849
4920851
4920863
4920865
4920867
4920879
4920882
4920889
4920894
4920895
4920900
4920908
4920910
4920920
4920929
4920931
4920934
4920943
4920944
4920950
4920953
4920960
4920961
4920971
4920972
4920972
4920984
4920987
4920993
4920995
4921006
4921009
4921020
4921023
4921036
4921040
4921052
4921060
4921066
4921080
4921081
4921090
4921092
4921095
4921097
4921104
4921109
4921113
4921123
4921126
4921130
4921143
4921149
4921156
4921164
4921165
4921170
4921171
4921175
4921176
4921188
4921193
4921194
4921199
4921212
4921216
4921220
4921227
4921232
4921240
4921241
4921242
4921246
4921247
4921251
4921256
4921257
4921259
4921267
4921278
4921283
4921287
4921290
4921294
4921302
4921305
4921312
4921316
4921321
4921323
4921325
4921328
4921331
4921336
4921339
4921350
4921353
4921358
4921367
4921377
4921383
4921385
4921390
4921394
4921395
4921396
4921400
4921409
4921418
4921423
4921426
4921427
4921429
4921436
4921441
4921442
4921443
4921453
4921472
4921483
4921492
4921496
4921506
4921525
4921537
4921541
4921557
4921559
4921564
4921570
4921572
4921579
4921586
4921588
4921614
4921617
4921620
4921621
4921631
4921633
4921636
4921639
4921647
4921653
4921666
4921669
4921677
4921679
4921687
4921689
4921693
4921699
4921701
4921725
4921730
4921749
4921751
4921764
4921772
4921783
4921788
4921790
4921793
4921796
4921797
4921800
4921807
4921815
4921817
4921821
4921826
4921833
4921837
4921839
4921842
4921847
4921849
4921858
4921867
4921874
4921875
4921877
4921880
4921895
4921901
4921908
4921913
4921922
4921923
4921934
4921936
4921940
4921947
4921949
4921956
4921975
4921983
4921985
4921989
4921993
4922005
4922006
4922008
4922012
4922015
4922025
4922030
4922038
4922040
4922044
4922046
4922051
4922052
4922061
4922069
4922073
4922084
4922087
4922110
4922124
4922132
4922133
4922139
4922142
4922145
4922152
4922160
4922171
4922175
4922177
4922191
4922197
4922211
4922213
4922219
4922220
4922222
4922224
4922233
4922235
4922236
4922241
4922244
4922245
4922246
4922251
4922265
4922266
4922286
4922299
4922325
4922337
4922340
4922345
4922354
4922373
4922377
4922378
4922381
4922383
4922390
4922395
4922399
4922404
4922418
4922419
4922423
4922425
4922454
4922461
4922462
4922467
4922470
4922474
4922486
4922494
4922506
4922509
4922516
4922518
4922526
4922530
4922534
4922538
4922548
4922551
4922555
4922560
4922568
4922575
4922577
4922581
4922582
4922587
4922589
4922598
4922601
4922605
4922607
4922611
4922616
4922629
4922638
4922647
4922654
4922656
4922662
4922663
4922685
4922690
4922692
4922698
4922705
4922711
4922723
4922728
4922734
4922737
4922738
4922750
4922754
4922757
4922764
4922765
4922769
4922775
4922781
4922782
4922785
4922787
4922788
4922790
4922795
4922801
4922804
4922811
4922826
4922827
4922828
4922830
4922833
4922839
4922847
4922849
4922852
4922853
4922856
4922857
4922860
4922869
4922873
4922880
4922891
4922903
4922908
4922910
4922912
4922914
4922928
4922932
4922942
4922944
4922946
4922953
4922954
4922956
4922959
4922964
4922981
4922986
4922990
4922996
4922997
4923006
4923009
4923015
4923035
4923036
4923037
4923045
4923049
4923050
4923065
4923066
4923067
4923068
4923073
4923074
4923078
4923079
4923087
4923098
4923099
4923107
4923111
4923116
4923119
4923124
4923128
4923132
4923139
4923168
4923179
4923183
4923189
4923193
4923201
4923203
4923206
4923215
4923216
4923217
4923221
4923225
4923236
4923241
4923244
4923248
4923250
4923258
4923261
4923267
4923273
4923293
4923296
4923317
4923320
4923324
4923327
4923344
4923348
4923373
4923379
4923397
4923398
4923418
4923421
4923423
4923437
4923441
4923443
4923449
4923453
4923455
4923459
4923465
4923467
4923468
4923469
4923473
4923478
4923480
4923481
4923482
4923483
4923484
4923487
4923490
4923498
4923500
4923501
4923502
4923518
4923529
4923533
4923540
4923556
4923558
4923560
4923567
4923570
4923574
4923576
4923588
4923595
4923596
4923603
4923619
4923626
4923632
4923637
4923639
4923672
4923676
4923681
4923683
4923684
4923702
4923713
4923725
4923743
4923746
4923752
4923764
4923765
4923766
4923781
4923787
4923789
4923820
4923822
4923824
4923828
4923838
4923844
4923847
4923853
4923868
4923895
4923901
4923907
4923933
4923937
4923939
4923964
4923974
4923984
4924003
4924008
4924034
4924036
4924040
4924046
4924059
4924060
4924061
4924065
4924066
4924068
4924070
4924072
4924091
4924093
4924098
4924122
4924144
4924152
4924157
4924165
4924178
4924179
4924184
4924187
4924203
4924205
4924213
4924214
4924218
4924228
4924231
4924232
4924237
4924244
4924257
4924264
4924267
4924273
4924281
4924284
4924291
4924302
4924306
4924317
4924348
4924371
4924386
4924387
4924388
4924392
4924400
4924417
4924420
4924440
4924443
4924457
4924464
4924472
4924488
4924489
4924493
4924496
4924504
4924508
4924510
4924537
4924549
4924557
4924561
4924563
4924578
4924586
4924587
4924589
4924614
4924618
4924631
4924640
4924651
4924655
4924659
4924660
4924661
4924662
4924667
4924676
4924678
4924681
4924686
4924694
4924701
4924720
4924739
4924742
4924747
4924751
4924754
4924756
4924759
4924761
4924788
4924812
4924817
4924845
4924867
4924877
4924885
4924904
4924905
4924906
4924927
4924935
4924939
4924940
4924945
4924967
4924968
4924974
4924975
4924977
4924980
4924992
4924995
4924999
4925007
4925009
4925010
4925016
4925021
4925026
4925033
4925038
4925043
4925052
4925082
4925088
4925095
4925097
4925099
4925100
4925108
4925123
4925132
4925136
4925140
4925143
4925146
4925155
4925163
4925194
4925197
4925204
4925219
4925222
4925231
4925246
4925254
4925261
4925272
4925274
4925286
4925287
4925295
4925298
4925315
4925335
4925346
4925350
4925388
4925404
4925411
4925420
4925422
4925436
4925439
4925452
4925456
4925457
4925461
4925463
4925469
4925484
4925485
4925499
4925500
4925540
4925548
4925550
4925572
4925579
4925585
4925607
4925611
4925618
4925624
4925629
4925641
4925647
4925649
4925657
4925661
4925666
4925667
4925674
4925677
4925678
4925690
4925699
4925719
4925722
4925729
4925734
4925756
4925775
4925785
4925787
4925798
4925799
4925801
4925802
4925813
4925818
4925842
4925843
4925850
4925887
4925890
4925893
4925898
4925899
4925901
4925915
4925919
4925922
4925925
4925928
4925931
4925935
4925947
4925952
4925955
4925956
4925974
4925975
4925976
4925995
4925999
4926030
4926038
4926043
4926046
4926053
4926054
4926055
4926056
4926061
4926071
4926079
4926083
4926106
4926110
4926112
4926114
4926117
4926120
4926128
4926133
4926142
4926148
4926161
4926166
4926171
4926174
4926177
4926191
4926192
4926199
4926201
4926202
4926203
4926209
4926215
4926239
4926243
4926247
4926251
4926255
4926272
4926297
4926302
4926311
4926323
4926325
4926339
4926347
4926359
4926361
4926376
4926394
4926395
4926404
4926414
4926417
4926437
4926446
4926450
4926456
4926460
4926469
4926476
4926478
4926479
4926480
4926482
4926483
4926485
4926487
4926498
4926502
4926504
4926509
4926518
4926521
4926524
4926525
4926529
4926535
4926548
4926555
4926578
4926582
4926585
4926588
4926590
4926591
4926593
4926597
4926601
4926603
4926605
4926607
4926614
4926625
4926630
4926632
4926635
4926636
4926641
4926642
4926643
4926647
4926664
4926680
4926682
4926691
4926693
4926710
4926715
4926716
4926718
4926727
4926738
4926749
4926753
4926756
4926759
4926766
4926773
4926777
4926778
4926785
4926794
4926796
4926798
4926801
4926802
4926807
4926808
4926813
4926820
4926821
4926827
4926828
4926830
4926834
4926840
4926841
4926844
4926851
4926861
4926876
4926877
4926881
4926887
4926890
4926891
4926892
4926921
4926926
4926928
4926932
4926954
4926965
4926967
4926969
4926977
4926983
4926984
4926986
4926994
4926997
4927003
4927011
4927012
4927040
4927056
4927061
4927062
4927063
4927064
4927066
4927076
4927078
4927080
4927082
4927086
4927087
4927094
4927096
4927097
4927101
4927105
4927107
4927110
4927112
4927116
4927135
4927137
4927143
4927155
4927164
4927170
4927178
4927180
4927188
4927215
4927216
4927221
4927232
4927235
4927247
4927255
4927263
4927287
4927288
4927292
4927313
4927324
4927328
4927330
4927351
4927358
4927368
4927376
4927377
4927380
4927382
4927389
4927390
4927395
4927396
4927407
4927408
4927419
4927422
4927423
4927437
4927438
4927446
4927452
4927462
4927468
4927474
4927479
4927480
4927487
4927494
4927502
4927504
4927511
4927517
4927546
4927568
4927572
4927573
4927578
4927583
4927590
4927591
4927594
4927606
4927608
4927618
4927621
4927625
4927628
4927632
4927645
4927651
4927654
4927661
4927679
4927683
4927687
4927688
4927700
4927702
4927712
4927717
4927722
4927723
4927728
4927729
4927733
4927743
4927746
4927749
4927755
4927756
4927761
4927762
4927765
4927766
4927775
4927782
4927793
4927806
4927817
4927820
4927842
4927848
4927852
4927863
4927876
4927895
4927904
4927918
4927936
4927937
4927946
4927947
4927949
4927968
4927969
4927984
4927986
4927987
4927988
4927989
4927990
4927996
4928002
4928004
4928023
4928050
4928053
4928054
4928073
4928076
4928097
4928105
4928110
4928114
4928122
4928131
4928132
4928134
4928138
4928150
4928167
4928168
4928174
4928177
4928214
4928215
4928222
4928227
4928235
4928240
4928243
4928265
4928281
4928284
4928297
4928307
4928334
4928335
4928370
4928379
4928394
4928402
4928403
4928415
4928421
4928422
4928426
4928442
4928443
4928452
4928459
4928467
4928468
4928472
4928473
4928482
4928488
4928498
4928505
4928519
4928522
4928532
4928533
4928540
4928559
4928561
4928564
4928566
4928584
4928595
4928596
4928609
4928614
4928615
4928616
4928621
4928627
4928632
4928636
4928637
4928641
4928646
4928666
4928673
4928674
4928679
4928680
4928685
4928688
4928689
4928691
4928694
4928695
4928696
4928701
4928703
4928719
4928728
4928740
4928744
4928749
4928757
4928764
4928768
4928780
4928786
4928793
4928799
4928800
4928803
4928809
4928810
4928819
4928833
4928836
4928837
4928846
4928853
4928862
4928875
4928879
4928881
4928892
4928907
4928908
4928922
4928924
4928927
4928934
4928944
4928949
4928951
4928956
4928969
4928971
4928972
4928979
4928981
4928988
4928993
4928994
4929003
4929011
4929020
4929028
4929046
4929058
4929060
4929063
4929064
4929065
4929067
4929076
4929080
4929084
4929106
4929115
4929120
4929136
4929142
4929145
4929162
4929164
4929167
4929170
4929180
4929183
4929185
4929193
4929197
4929208
4929213
4929221
4929227
4929234
4929237
4929241
4929243
4929261
4929271
4929283
4929289
4929290
4929294
4929304
4929306
4929326
4929330
4929335
4929337
4929339
4929344
4929350
4929355
4929361
4929364
4929366
4929367
4929376
4929381
4929386
4929393
4929398
4929400
4929401
4929403
4929406
4929410
4929420
4929434
4929437
4929438
4929449
4929454
4929457
4929466
4929471
4929481
4929482
4929497
4929517
4929520
4929528
4929533
4929535
4929539
4929541
4929543
4929558
4929563
4929566
4929567
4929570
4929574
4929575
4929577
4929582
4929582
4929585
4929588
4929589
4929594
4929597
4929602
4929606
4929614
4929621
4929628
4929632
4929637
4929640
4929646
4929648
4929657
4929676
4929687
4929689
4929690
4929693
4929706
4929713
4929714
4929716
4929737
4929742
4929743
4929749
4929757
4929762
4929768
4929769
4929780
4929785
4929790
4929791
4929794
4929795
4929796
4929815
4929822
4929824
4929825
4929843
4929857
4929861
4929881
4929883
4929899
4929903
4929917
4929918
4929922
4929925
4929931
4929934
4929937
4929949
4929957
4929962
4929988
4929994
4929995
4929997
4930010
4930015
4930018
4930025
4930028
4930029
4930036
4930042
4930054
4930055
4930072
4930078
4930079
4930085
4930102
4930104
4930106
4930112
4930113
4930126
4930129
4930130
4930131
4930144
4930146
4930152
4930161
4930166
4930172
4930174
4930187
4930188
4930190
4930195
4930197
4930198
4930199
4930208
4930213
4930215
4930221
4930222
4930223
4930227
4930230
4930243
4930246
4930250
4930275
4930281
4930282
4930287
4930288
4930296
4930319
4930320
4930337
4930342
4930348
4930348
4930353
4930360
4930362
4930367
4930397
4930400
4930410
4930411
4930429
4930430
4930436
4930448
4930451
4930456
4930458
4930460
4930464
4930465
4930466
4930478
4930490
4930492
4930494
4930502
4930509
4930518
4930548
4930551
4930565
4930569
4930572
4930586
4930588
4930591
4930596
4930609
4930627
4930631
4930639
4930650
4930668
4930670
4930681
4930682
4930687
4930690
4930691
4930701
4930707
4930708
4930712
4930713
4930718
4930719
4930723
4930725
4930748
4930750
4930751
4930755
4930766
4930768
4930770
4930780
4930787
4930790
4930791
4930793
4930794
4930812
4930832
4930834
4930844
4930853
4930862
4930866
4930869
4930878
4930885
4930888
4930892
4930895
4930903
4930907
4930917
4930918
4930938
4930942
4930955
4930964
4930965
4930968
4930982
4931003
4931011
4931013
4931025
4931032
4931035
4931040
4931044
4931051
4931057
4931079
4931081
4931082
4931086
4931090
4931093
4931095
4931097
4931099
4931110
4931114
4931118
4931133
4931148
4931155
4931172
4931177
4931180
4931190
4931191
4931199
4931202
4931254
4931260
4931262
4931264
4931266
4931275
4931279
4931280
4931282
4931287
4931299
4931303
4931309
4931316
4931318
4931325
4931338
4931347
4931355
4931356
4931368
4931380
4931383
4931395
4931399
4931408
4931414
4931416
4931419
4931427
4931432
4931434
4931436
4931446
4931452
4931463
4931465
4931471
4931485
4931489
4931498
4931499
4931502
4931507
4931530
4931533
4931550
4931557
4931566
4931568
4931572
4931580
4931581
4931585
4931589
4931592
4931593
4931602
4931607
4931611
4931621
4931622
4931624
4931633
4931637
4931647
4931649
4931662
4931663
4931674
4931676
4931677
4931678
4931679
4931682
4931687
4931702
4931703
4931709
4931717
4931759
4931760
4931761
4931766
4931789
4931802
4931804
4931807
4931817
4931827
4931835
4931839
4931847
4931868
4931898
4931904
4931906
4931910
4931916
4931921
4931923
4931931
4931950
4931959
4931971
4931976
4931980
4931989
4931992
4931997
4931998
4932001
4932004
4932007
4932009
4932013
4932024
4932051
4932058
4932067
4932068
4932076
4932078
4932092
4932096
4932108
4932116
4932121
4932128
4932130
4932137
4932139
4932141
4932154
4932155
4932158
4932166
4932175
4932195
4932200
4932209
4932213
4932217
4932229
4932240
4932252
4932255
4932257
4932285
4932295
4932298
4932310
4932313
4932315
4932317
4932318
4932320
4932326
4932335
4932336
4932344
4932372
4932374
4932384
4932387
4932389
4932390
4932400
4932404
4932406
4932410
4932413
4932424
4932425
4932429
4932444
4932445
4932459
4932473
4932474
4932476
4932504
4932510
4932521
4932522
4932524
4932526
4932529
4932538
4932541
4932547
4932548
4932551
4932554
4932561
4932567
4932572
4932574
4932576
4932582
4932585
4932586
4932591
4932616
4932620
4932621
4932627
4932629
4932634
4932644
4932650
4932653
4932655
4932658
4932666
4932667
4932678
4932687
4932696
4932717
4932721
4932726
4932728
4932732
4932739
4932744
4932747
4932749
4932757
4932761
4932763
4932765
4932766
4932767
4932771
4932776
4932784
4932790
4932798
4932799
4932805
4932822
4932830
4932836
4932841
4932850
4932851
4932865
4932870
4932874
4932878
4932884
4932893
4932913
4932914
4932915
4932921
4932931
4932932
4932936
4932953
4932966
4932970
4932975
4932979
4932991
4932995
4933001
4933004
4933006
4933007
4933013
4933015
4933020
4933025
4933029
4933040
4933041
4933046
4933053
4933061
4933068
4933069
4933071
4933072
4933073
4933088
4933100
4933111
4933113
4933117
4933130
4933136
4933154
4933171
4933185
4933186
4933188
4933189
4933191
4933196
4933197
4933202
4933204
4933212
4933238
4933262
4933283
4933288
4933293
4933299
4933303
4933315
4933372
4933388
4933399
4933404
4933463
4933489
4933494
4933521
4933530
4933533
4933547
4933556
4933557
4933558
4933571
4933574
4933593
4933606
4933609
4933612
4933615
4933627
4933641
4933658
4933659
4933661
4933671
4933674
4933675
4933678
4933684
4933687
4933699
4933712
4933716
4933746
4933772
4933799
4933800
4933816
4933826
4933836
4933866
4933880
4933904
4933907
4933910
4933912
4933920
4933921
4933926
4933948
4933952
4933965
4933965
4933984
4933993
4934028
4934031
4934046
4934047
4934063
4934090
4934095
4934102
4934108
4934109
4934133
4934139
4934142
4934150
4934166
4934174
4934190
4934203
4934206
4934209
4934212
4934216
4934241
4934249
4934256
4934276
4934282
4934283
4934296
4934297
4934302
4934313
4934315
4934316
4934319
4934337
4934352
4934353
4934373
4934381
4934398
4934404
4934421
4934436
4934461
4934473
4934488
4934522
4934535
4934547
4934556
4934563
4934565
4934578
4934586
4934590
4934598
4934614
4934631
4934633
4934656
4934668
4934704
4934712
4934715
4934727
4934728
4934734
4934749
4934760
4934763
4934764
4934768
4934773
4934793
4934802
4934815
4934816
4934831
4934832
4934836
4934838
4934854
4934866
4934881
4934883
4934886
4934890
4934892
4934898
4934910
4934917
4934918
4934934
4934938
4934953
4934960
4934999
4935002
4935008
4935029
4935034
4935035
4935038
4935047
4935060
4935062
4935067
4935073
4935074
4935075
4935078
4935095
4935124
4935148
4935152
4935153
4935159
4935166
4935198
4935203
4935204
4935213
4935245
4935257
4935260
4935301
4935303
4935317
4935319
4935326
4935347
4935353
4935355
4935365
4935369
4935374
4935391
4935409
4935413
4935417
4935426
4935429
4935438
4935440
4935443
4935451
4935452
4935457
4935481
4935503
4935505
4935511
4935514
4935516
4935532
4935543
4935546
4935556
4935563
4935564
4935566
4935580
4935585
4935607
4935615
4935634
4935637
4935646
4935651
4935660
4935677
4935687
4935692
4935718
4935737
4935739
4935747
4935748
4935752
4935756
4935764
4935802
4935803
4935818
4935867
4935900
4935915
4935925
4935926
4935929
4935934
4935946
4935962
4935968
4935969
4935990
4935993
4936024
4936032
4936038
4936043
4936048
4936050
4936051
4936052
4936062
4936064
4936065
4936066
4936085
4936093
4936094
4936097
4936123
4936135
4936158
4936174
4936177
4936204
4936211
4936213
4936233
4936234
4936235
4936246
4936257
4936305
4936339
4936360
4936364
4936374
4936376
4936386
4936389
4936399
4936411
4936419
4936431
4936448
4936450
4936457
4936460
4936463
4936470
4936500
4936503
4936512
4936518
4936539
4936545
4936548
4936549
4936561
4936563
4936579
4936581
4936598
4936601
4936604
4936617
4936628
4936639
4936663
4936668
4936669
4936684
4936685
4936690
4936693
4936698
4936701
4936707
4936712
4936719
4936721
4936730
4936735
4936758
4936763
4936765
4936771
4936775
4936789
4936814
4936842
4936850
4936860
4936865
4936871
4936874
4936880
4936886
4936898
4936933
4936950
4936959
4936990
4936997
4937002
4937004
4937012
4937016
4937026
4937030
4937032
4937041
4937042
4937044
4937050
4937057
4937074
4937114
4937142
4937170
4937173
4937186
4937190
4937192
4937199
4937225
4937228
4937229
4937231
4937233
4937246
4937252
4937285
4937287
4937290
4937296
4937313
4937318
4937342
4937343
4937351
4937370
4937373
4937374
4937384
4937401
4937414
4937417
4937429
4937430
4937448
4937449
4937451
4937469
4937469
4937473
4937476
4937494
4937499
4937506
4937515
4937519
4937520
4937527
4937530
4937538
4937539
4937546
4937553
4937568
4937575
4937578
4937587
4937597
4937612
4937614
4937618
4937620
4937656
4937660
4937666
4937673
4937683
4937686
4937689
4937718
4937720
4937754
4937769
4937778
4937800
4937813
4937814
4937828
4937891
4937892
4937894
4937898
4937899
4937901
4937906
4937914
4937925
4937943
4937944
4937947
4937951
4937956
4937986
4938041
4938143
4938149
4938153
4938154
4938164
4938174
4938192
4938195
4938206
4938209
4938247
4938256
4938257
4938258
4938286
4938290
4938310
4938314
4938329
4938337
4938346
4938348
4938354
4938356
4938358
4938371
4938376
4938412
4938418
4938421
4938426
4938429
4938445
4938451
4938454
4938455
4938461
4938477
4938481
4938498
4938506
4938511
4938516
4938533
4938535
4938541
4938549
4938555
4938556
4938557
4938561
4938594
4938602
4938618
4938650
4938652
4938662
4938666
4938670
4938677
4938679
4938698
4938704
4938713
4938719
4938727
4938760
4938771
4938775
4938777
4938806
4938823
4938825
4938843
4938847
4938851
4938857
4938858
4938865
4938868
4938891
4938892
4938893
4938903
4938909
4938912
4938917
4938920
4938931
4938943
4938953
4938954
4938960
4938964
4938973
4938976
4938983
4938989
4939004
4939005
4939008
4939009
4939018
4939061
4939076
4939095
4939101
4939102
4939108
4939109
4939131
4939142
4939145
4939151
4939164
4939166
4939167
4939171
4939174
4939178
4939188
4939193
4939195
4939214
4939231
4939242
4939248
4939258
4939261
4939282
4939294
4939297
4939300
4939308
4939314
4939331
4939332
4939333
4939343
4939347
4939357
4939389
4939401
4939404
4939411
4939413
4939435
4939443
4939449
4939478
4939490
4939498
4939499
4939503
4939508
4939520
4939525
4939530
4939535
4939553
4939561
4939568
4939576
4939607
4939633
4939639
4939656
4939660
4939662
4939671
4939701
4939711
4939718
4939721
4939724
4939726
4939730
4939747
4939752
4939758
4939761
4939762
4939763
4939765
4939767
4939774
4939798
4939801
4939803
4939810
4939819
4939829
4939833
4939834
4939838
4939840
4939848
4939849
4939857
4939869
4939879
4939886
4939907
4939918
4939920
4939924
4939925
4939929
4939934
4939951
4939959
4939964
4939992
4940010
4940020
4940023
4940028
4940031
4940049
4940055
4940067
4940074
4940075
4940078
4940082
4940085
4940094
4940107
4940110
4940117
4940137
4940140
4940154
4940156
4940164
4940165
4940172
4940191
4940202
4940203
4940218
4940235
4940236
4940243
4940254
4940262
4940266
4940281
4940285
4940290
4940304
4940306
4940310
4940316
4940336
4940337
4940338
4940341
4940366
4940404
4940410
4940468
4940489
4940549
4940620
4940656
4940674
4940689
4940691
4940707
4940715
4940756
4940772
4940782
4940820
4940831
4940838
4940864
4940926
4940935
4940946
4940951
4940970
4940973
4940974
4940988
4940995
4941023
4941051
4941149
4941171
4941203
4941220
4941250
4941253
4941302
4941311
4941314
4941327
4941342
4941348
4941351
4941359
4941378
4941413
4941443
4941484
4941517
4941518
4941597
4941604
4941637
4941652
4941683
4941688
4941698
4941714
4941720
4941725
4941768
4941799
4941827
4941859
4941876
4941901
4941914
4941917
4941935
4941956
4941960
4941965
4941973
4942029
4942043
4942055
4942060
4942063
4942066
4942111
4942112
4942130
4942161
4942210
4942229
4942232
4942282
4942297
4942306
4942327
4942339
4942345
4942361
4942374
4942380
4942384
4942395
4942422
4942450
4942455
4942470
4942477
4942519
4942572
4942604
4942625
4942641
4942646
4942670
4942676
4942691
4942694
4942709
4942728
4942743
4942758
4942808
4942809
4942813
4942901
4942902
4942918
4942936
4942947
4942958
4942975
4942979
4942980
4942981
4943001
4943007
4943045
4943064
4943108
4943142
4943149
4943153
4943161
4943163
4943201
4943203
4943218
4943262
4943276
4943281
4943294
4943295
4943296
4943308
4943314
4943322
4943327
4943345
4943354
4943389
4943395
4943420
4943438
4943460
4943471
4943504
4943525
4943550
4943551
4943557
4943584
4943595
4943601
4943610
4943634
4943637
4943660
4943678
4943716
4943743
4943754
4943761
4943812
4943834
4943840
4943841
4943852
4943864
4943867
4943898
4943907
4943909
4943934
4943938
4943944
4943963
4943976
4943989
4943996
4944002
4944016
4944018
4944019
4944024
4944031
4944034
4944051
4944068
4944072
4944074
4944109
4944135
4944149
4944150
4944165
4944203
4944255
4944272
4944278
4944282
4944289
4944307
4944359
4944367
4944396
4944399
4944412
4944421
4944430
4944438
4944450
4944457
4944489
4944525
4944532
4944557
4944558
4944559
4944560
4944594
4944601
4944614
4944621
4944631
4944632
4944655
4944696
4944702
4944739
4944743
4944753
4944761
4944783
4944797
4944799
4944811
4944820
4944831
4944853
4944858
4944877
4944888
4944893
4944938
4944939
4944981
4945003
4945006
4945009
4945016
4945024
4945047
4945055
4945081
4945110
4945119
4945124
4945133
4945168
4945179
4945228
4945232
4945244
4945246
4945272
4945273
4945274
4945279
4945291
4945305
4945334
4945335
4945340
4945349
4945374
4945377
4945407
4945415
4945418
4945453
4945464
4945530
4945551
4945559
4945586
4945613
4945654
4945658
4945693
4945705
4945710
4945728
4945753
4945767
4945792
4945818
4945820
4945836
4945839
4945865
4945894
4945926
4945941
4945961
4945966
4945978
4945984
4945992
4946005
4946006
4946029
4946035
4946042
4946051
4946053
4946099
4946110
4946127
4946128
4946146
4946165
4946176
4946198
4946259
4946307
4946317
4946318
4946356
4946362
4946374
4946375
4946380
4946389
4946395
4946441
4946461
4946468
4946499
4946502
4946508
4946537
4946567
4946595
4946608
4946617
4946668
4946686
4946738
4946742
4946752
4946753
4946775
4946796
4946801
4946809
4946811
4946842
4946870
4946891
4946907
4946918
4946937
4946945
4946950
4946976
4947013
4947024
4947054
4947087
4947104
4947131
4947168
4947171
4947175
4947180
4947198
4947230
4947254
4947263
4947287
4947295
4947301
4947316
4947327
4947340
4947359
4947402
4947408
4947410
4947411
4947429
4947460
4947472
4947477
4947478
4947481
4947482
4947495
4947500
4947514
4947525
4947534
4947547
4947571
4947573
4947582
4947583
4947617
4947619
4947639
4947648
4947668
4947674
4947675
4947721
4947728
4947729
4947736
4947753
4947772
4947777
4947777
4947786
4947790
4947804
4947809
4947821
4947848
4947871
4947880
4947901
4947903
4947908
4947931
4947936
4947937
4947946
4947961
4947966
4947994
4947997
4948020
4948024
4948030
4948036
4948051
4948057
4948084
4948085
4948101
4948117
4948136
4948164
4948190
4948199
4948216
4948227
4948245
4948266
4948280
4948293
4948299
4948302
4948312
4948320
4948358
4948389
4948390
4948409
4948460
4948463
4948480
4948483
4948492
4948498
4948506
4948507
4948540
4948541
4948544
4948549
4948557
4948564
4948587
4948594
4948601
4948605
4948624
4948643
4948646
4948649
4948659
4948672
4948676
4948678
4948684
4948692
4948693
4948707
4948737
4948742
4948761
4948764
4948769
4948779
4948835
4948896
4948899
4948935
4949086
4949135
4949166
4949168
4949205
4949236
4949278
4949289
4949311
4949352
4949357
4949426
4949469
4949493
4949504
4949546
4949577
4949586
4949600
4949603
4949633
4949658
4949737
4949780
4949792
4949797
4949831
4949866
4949877
4949909
4949911
4949915
4949943
4949987
4949990
4950006
4950030
4950076
4950106
4950110
4950129
4950130
4950135
4950200
4950273
4950325
4950329
4950364
4950383
4950467
4950477
4950692
4950712
4950759
4950762
4950825
4950845
4950890
4950992
4951001
4951025
4951100
4951113
4951142
4951230
4951339
4951340
4951351
4951378
4951388
4951407
4951419
4951427
4951430
4951514
4951633
4951695
4951719
4951734
4951736
4951746
4951779
4951784
4951785
4951847
4951858
4951901
4951942
4951951
4952039
4952083
4952106
4952117
4952209
4952302
4952326
4952339
4952423
4952456
4952481
4952489
4952498
4952533
4952562
4952568
4952587
4952598
4952681
4952719
4952747
4952816
4952830
4952845
4952875
4952886
4952889
4952894
4952933
4952950
4952954
4953017
4953029
4953035
4953039
4953132
4953162
4953190
4953206
4953226
4953253
4953267
4953279
4953348
4953402
4953425
4953430
4953477
4953491
4953504
4953522
4953538
4953544
4953552
4953599
4953644
4953662
4953708
4953790
4953798
4953826
4953832
4953839
4953843
4953867
4953895
4953904
4953929
4953939
4953942
4953956
4954001
4954009
4954105
4954113
4954123
4954156
4954209
4954222
4954255
4954280
4954286
4954345
4954371
4954400
4954437
4954439
4954469
4954472
4954478
4954523
4954561
4954564
4954620
4954665
4954725
4954739
4954740
4954770
4954806
4954816
4954832
4954852
4954865
4954895
4954930
4954939
4954951
4955004
4955106
4955138
4955183
4955244
4955253
4955257
4955258
4955285
4955290
4955307
4955350
4955351
4955365
4955369
4955443
4955487
4955587
4955618
4955662
4956006
4956028
4956045
4956094
4956191
4956206
4956715
4956869
4956890
4956921
4956990
4957009
4957023
4957084
4957096
4957168
4957331
4957474
4957499
4957545
4957634
4957877
4958141
4958174
4958179
4958234
4958347
4958361
4958389
4958644
4958782
4958878
4958902
4958912
4958949
4959013
4959015
4959121
4959133
4959146
4959195
4959232
4959290
4959309
4959384
4959390
4959409
4959562
4959629
4959638
4959720
4959848
4959849
4959995
4960085
4960087
4960117
4960167
4960198
4960247
4960252
4960317
4960344
4960363
4960383
4960480
4960481
4960520
4960552
4960557
4960600
4960614
4960644
4960659
4960725
4960730
4960827
4960863
4960926
4961010
4961029
4961114
4961168
4961246
4961299
4961324
4961340
4961393
4961440
4961636
4961647
4961749
4961782
4961808
4961888
4961897
4961927
4962152
4962196
4962293
4962469
4962580
4962589
4962638
4962768
4962797
4962836
4962905
4962906
4962941
4963023
4963076
4963210
4963215
4963277
4963278
4963464
4963517
4963584
4963867
4963976
4964005
4964079
4964109
4964207
4964297
4964335
4964461
4964542
4964719
4964793
4964871
4964916
4965023
4965099
4965105
4965421
4965455
4965613
4965614
4965782
4965786
4966081
4966110
4966144
4966331
4966401
4966558
4966759
4967177
4967208
4967239
4967437
4967458
4967703
4967792
4967987
4968157
4968242
4968520
4969338
4969455
4969645
4969660
4970006
4970784
4970988
4971276
4972247
4972860
4972888
4973207
4973210
4973309
4973377
4973674
4974575
4974844
4975375
4975493
4975576
4975728
4975822
4976274
4976334
4977283
4977396
4977575
4977582
4978076
4978249
4979871
4980338
4981040
4981315
4984212
4984568
4992264
