15611114
14300265
15084618
15781040
15850179
16858515
15790165
16022129
14399490
14659114
17530550
14474854
14430229
14125828
14360248
15964930
16499047
13693635
14963796
15285085
15595747
17446751
16129919
15960078
14168361
14279926
15042841
15163335
13307840
13896979
14146446
13412357
14024310
13288924
15389065
15156117
15188544
15680222
14481597
13258975
13704294
13756543
16707048
14859322
16477858
16355827
14615116
15088542
14459477
16182422
13577033
15136655
15748775
17057121
15808237
15399029
14870990
14232566
14698763
15369168
16952683
15128950
15503949
14785180
16351796
15562679
14850404
14769145
15180284
15556618
14949193
13969818
16881348
13681672
16294694
16647765
15695838
15820896
15991068
15803492
16315505
15449191
15721302
15038816
14005726
14004352
15645685
16260068
14548243
14499019
16354820
16332970
15800030
16223132
15874083
16600860
15587439
15359372
15101842
15870415
15799196
16346044
16441022
14629862
15185238
14105083
14188522
15451378
13641755
16330681
14921754
14750469
14808628
15838444
16784000
14614629
14739420
15389699
14968027
14038331
15280984
14876555
14198822
15973970
16110487
15455011
15846745
16033226
14918594
16712709
16364103
13950742
16797196
16001785
16271308
16002959
15413372
15167317
14001100
13869761
13529644
16271539
14723798
14686438
14476123
14552838
16937740
15328227
14265440
15622501
15311082
15054340
15919437
16357816
16118270
15107048
14169153
15584144
16392345
15267341
15905103
16511304
12706600
14252313
14489246
17558857
15948571
15601830
15478373
14598369
14893298
12758766
15169789
15236053
16566369
15636160
14509571
16428729
15693414
15348230
15137156
14454979
16433377
14916537
16587647
14209122
14468368
14152727
13883676
13787570
14936822
14410745
15174212
15571923
16568977
15608611
13356133
13996269
15986630
13695305
15334652
14715929
14081197
15299492
14889591
16149458
16590185
15528673
13625653
13693010
14891242
14619490
14541037
14304062
15549951
15041719
15459214
15419654
17936378
13588346
15668228
14651429
16489203
16110833
15894604
15964730
16025142
16788576
16777632
14406353
16534726
15599534
15125815
16608734
14565881
15532868
15610584
16990490
15772615
15261905
15513674
16530247
14352748
16443892
16979778
17110723
14164600
13562931
14498218
15859033
13124176
14974845
14618609
15384413
16416757
14650416
15479131
15996145
14105751
14301411
14168632
15562714
12796739
14726136
15714243
16526441
12101671
12581990
14595292
15630727
14125822
14867680
15304926
13816974
13935218
14520108
14657627
14157517
15324615
15936838
15151725
16577492
16329466
15127298
15897339
14588392
14569798
17370588
16787725
15802302
14260764
14889892
14178713
15867782
14580184
16790264
17321206
15334951
13535536
14893658
15127111
15909030
15438208
15533506
14995569
14822358
15681870
15490529
15095197
15740241
14035275
14895739
16142683
16013093
13620420
13401805
15047360
17336075
14763172
17126787
15026867
14122590
14048732
14789210
15236854
15539556
16072885
16986402
14033658
13015034
16280639
16232658
15942904
16713228
16974098
14227821
13563933
14891725
15804631
12531304
14760542
13327042
13741507
15100189
14683592
15359421
15821008
16423001
15910459
14954095
15449120
14540829
16466962
16343452
15649514
14345873
16060733
16492714
15299858
16022468
15178781
13629342
15058654
14880796
14135059
15169970
15410773
14501019
14084833
14434996
13599500
15648258
14160602
15068278
14840569
14792623
15440158
15782459
15328345
15481157
15657126
15883641
15396710
14973894
15687133
16129434
15165316
16068534
14316918
14435131
15368805
15451800
15282636
14769829
14927866
14201411
14029899
15776586
16088199
15428996
15404965
15276473
15503530
14272684
14986966
17309899
16270120
17115311
16009568
14496384
15918571
16835963
14935099
14836807
14838151
16189887
14864004
15140793
15048288
15244241
14083562
15284339
16833436
15830424
15539048
14599415
13935707
16768062
15030205
15187122
16503335
14041645
16133538
15044302
13728058
15903762
15869059
15651682
16652683
15573381
14610349
16067111
15835043
14102240
14112187
15544348
15914008
15892524
14430648
15139662
15946235
15209292
15082822
14995661
14527918
14674326
14666894
15979999
14252937
16074754
15588929
16599614
14348079
14675828
15640651
16814837
14944205
16731487
17021580
15534398
16545376
16728035
15110173
16265454
15637515
13105904
15621300
15628502
15329228
14614590
16137037
14174646
15360904
15122160
15253258
13687912
15227843
14016175
13618823
15409794
15429015
15853221
15420727
13465327
15006452
14747256
13871972
16123059
14547644
17142005
15922119
18282597
14033435
13425919
14455016
15698062
15049496
14093287
15329994
17069139
15348720
16803557
16396072
15037230
13491842
15564488
14240728
15189798
15627126
15320729
15194500
14109462
13903880
15334409
15220027
15952300
15855809
15602103
14486959
17186494
16099972
14241228
16045932
14741108
14073924
14234695
16693942
17131886
16916553
16303181
14840108
14466874
15949682
16362368
15190003
14843078
16204349
14898942
16282242
17543849
15718235
13698997
15968775
14340982
16316889
14944147
13779957
16776930
15252472
14037114
14216769
15944236
13954060
15130527
17296925
14352356
14012256
15041564
14714280
15983079
14537313
15364894
14404198
15532584
15640094
14524267
15473444
14409607
15804464
13357289
13534790
13538141
14348586
14417175
16335081
13268208
16493554
14933904
15238134
15109769
14646989
15614212
14608806
15464179
15535632
14858577
13650686
16499510
16395997
14624424
14971784
16646941
15664478
14009333
15718231
15027441
14566011
13960704
14953932
15425381
13345189
15498682
14270105
13737546
15867419
15773066
15633088
16042045
14506191
15827474
15749632
13653142
13477181
15260463
14300677
16762991
16450631
15415893
15840621
15961081
16299350
16588486
16092220
14794900
15817416
15706349
13593109
15809295
16287390
15167863
14549881
15806946
15244700
14819553
14157984
16941643
16076049
14941737
15432500
16341729
15861167
15839605
14971470
14673021
15266031
15315442
15197232
12806213
14275432
13300875
14434775
16143540
15104253
16240355
15107218
15985445
14768281
14552628
14251632
14637578
15605854
15880942
14296991
16179502
14637387
14977739
15843675
14096307
15377301
14424689
15609503
14778339
15878580
12936604
15617387
16438807
13373281
15730533
14843179
13314340
15308921
15296642
14708121
14643648
16016729
15017850
14009132
14778253
15809467
14553022
16967363
15097074
14610010
15935402
13470784
16582107
14744224
14437194
16990501
15139686
15488849
14145088
15820757
15091181
13762330
13579146
15805901
14867000
14880146
14842896
14737197
16251156
15054074
13972545
18074958
14435050
15341371
13712334
14911523
15454034
14644359
17286318
16220636
15762867
15506050
17225842
15827998
14631647
14719506
15574029
15316078
16333840
15542719
15266293
15742497
15933786
15428097
14928344
16270026
15712028
14801628
16246578
15818802
16229549
15907243
17100554
14059475
13889297
15189131
15651758
14789205
16182398
16092246
14453534
14880570
13851016
15148151
15971864
16691051
13367417
15788571
15130462
14492986
16569357
15749226
15129876
14656248
16014510
15149856
14480769
15848366
16428095
15074153
16793770
15626758
14188871
16630100
15994484
16143696
15688464
16657096
14116720
16076938
15071067
15219336
15994635
15257316
14580000
15773868
17480739
14024976
14939231
15248023
15898570
14030575
15183608
14410434
14605952
15919737
14284466
14707968
16243949
15993657
14608604
15374291
13665799
14761558
15239128
15717875
16462317
15244269
16880172
16786199
14915039
14530508
13971554
15533184
14364723
14624621
13527748
15584525
14829942
16701943
16083215
14238427
13839442
15974397
14984771
14558535
14766117
15293063
14832279
12470769
16238873
14863900
15439334
17607159
14610684
13709954
15040904
14966516
15384179
14705017
14991352
15026530
15639954
15535751
17527774
15320843
15482368
14363362
17466874
14979213
15492610
13942572
16226925
15615062
14388958
14120831
14753798
16702520
14924496
13758803
14995799
14265475
15833615
15394210
15420077
15915005
15598700
16315301
14860908
16652495
15634288
15632590
16245003
17511472
15891192
14542393
15443222
15526447
14471424
13029387
16259046
12791644
16615175
16487172
15702089
14846586
15370696
13685001
14663291
14743548
16395491
15030447
13232363
15976905
15164740
14046633
16408124
16167602
16049686
16021156
16811925
16036971
15563105
14351954
15157121
16292429
15318572
17691470
16894907
16465100
14131145
15048631
16039537
15358154
16297425
14074398
16120239
14064003
14166574
15308260
13313849
14424279
14767185
17259508
14978730
16168647
14576261
15303913
14285652
16092706
17105430
14555187
16226290
14028583
15481498
14169356
15664432
16141079
15348482
15514500
14641543
16520782
16726260
15603061
15869179
13128185
16351836
16651280
15428971
14764807
14394366
15429222
15835190
16813884
15030530
14783720
15254506
14292941
15802114
14760383
17105196
14948597
15955056
17372737
14326434
12558545
15245702
15537216
15117081
14934329
17191451
16113629
16318479
16901001
14323097
15611544
15674354
14847268
16858654
13792477
15492812
15410129
13414408
15385362
14431854
14914117
12453283
13995173
16640174
14977464
16154166
14611112
15133322
15418193
16292091
17099621
14940862
16204288
13857984
14996566
15018661
15996295
15923247
16589407
14055565
14423503
15654646
17756979
15226680
15803858
13913659
15840376
15365278
15483338
15820380
14260077
16395206
16157613
15410926
13190966
17345806
15025797
15020557
17332987
16448943
13920849
15909559
14990954
13722962
15361869
16501344
14230477
15098079
14513737
13659190
16205922
14900955
15267538
15257985
17442654
14596935
14182153
13583561
15782366
15956099
14087446
15639169
14036550
15910669
14192856
14534688
13805814
14997553
15365077
16359530
15347805
14849402
16343685
14934735
13494070
16479067
14644386
14565958
15676277
13716356
13778740
16102920
16478929
14826461
14649946
15048837
14201207
15010314
15343870
14554712
16012979
16108967
15990566
16330241
13895870
15537380
15170187
14033864
15541317
15069376
16107412
13902610
15975942
14882886
14994905
12219548
14294046
15570164
16191969
15241242
15294579
14618311
16591267
14974764
15251587
13906311
15138908
14165470
15991919
15430195
14902131
16759483
14832231
15110712
15047369
15317848
15242732
15580823
15176992
14943587
13222592
14885175
17039033
15818059
15036390
16480421
13824032
16023971
14842516
16154393
14368056
14963094
15835609
15282284
14418874
15276936
13643552
14610654
14008323
14727248
15053938
17222551
14692754
14358095
14751740
15708395
15793395
13750081
14377415
15789736
16249183
16641585
14769215
15728594
13928426
15633404
15500978
14302321
15724025
14469493
16862550
14741182
15931126
14265012
14568266
15952025
15947536
14910649
17400136
14349415
15073653
17159349
15200651
16078755
14776832
14933300
13782348
14573899
15397973
16213534
14626905
15605516
15616616
15217182
15778927
13396982
15355561
14930716
15529163
15172486
14407406
15269790
15431080
14698227
16262416
14652194
15784318
15661882
15561614
15884194
16690359
15030059
15689089
15679439
15317483
15755767
17265292
14074270
17395304
15392474
16385071
13400264
16051245
16725015
14953188
17890152
15183150
13783309
15370255
14960389
14437268
15568094
16274167
15488765
14487489
17370475
17004282
16348924
14797797
14269800
13705374
15822584
12828634
15344133
16314216
16336309
14747343
14646449
15291116
15645745
14535180
15313518
15279373
15490991
15644711
15762019
15720545
16137303
16080298
14386053
16999419
14563758
15041382
16619370
14316808
13808468
16565363
13414066
14412009
16114177
15054229
14201815
16122651
15038234
15815423
15021338
12090450
14317609
13962419
15392022
15503934
15205381
16184767
14278544
13584373
13228963
14440322
14508571
14535347
16307046
14887192
15443079
14797163
16308129
16460497
15248344
16637953
16665783
16675235
14958725
14807907
14527452
16390350
16444318
15145556
17067231
12782565
15236244
14761097
15160529
16122012
15993420
15560486
15489338
15742171
15165868
15586214
15143442
16752286
15066352
15424765
14750856
17437381
17432279
15700775
14909455
14958601
14999707
16940414
14862247
12759246
15152009
14794305
14803636
15565533
13759383
14152961
17083610
15605817
13949086
15451110
15532723
15832323
15511789
15135589
13028848
14864795
13205005
15634805
14095216
14653027
15886663
15587359
15972569
16824743
16388793
15567958
15771210
14366269
14471059
15520604
15944065
15694808
15181316
15979102
13660135
15011040
15228494
15007958
16162667
15875177
17422572
13696848
15128951
17653715
14430364
15939690
15195676
13639603
14490795
15189258
14377019
15529423
14227032
16123191
15277363
13757437
14180445
15018170
15095152
16439940
14191861
15139653
14913212
15113797
14861712
14358416
15474139
13642009
16874965
15632578
15421151
15636524
14523763
16531526
16499892
15141017
14456499
14059926
14880562
15502134
14371752
14855291
16230214
15847010
14741547
13823176
16302390
15911063
15448056
15158764
15095098
16084629
17328218
14960536
15321118
14900347
16258345
15494192
15608241
13961350
15735428
14135386
14548818
14774652
15554094
14789642
15407505
14741588
16425265
15832696
14038537
15453146
13853154
16347637
15755130
14834061
14574444
13948174
15549248
13785437
14673670
13680418
16204135
15116208
16459571
14268860
15372443
15836948
16371529
15218792
15453400
14791865
14377534
15637020
14146221
16744779
15307492
15006938
15150791
16491000
14475801
15360441
15118715
15337661
15381883
15410421
16240585
16620782
16905138
14783266
15573240
15199508
16201604
16070884
14923787
15487697
14963883
14147268
15536944
15263584
15126451
16507216
13073918
16885130
15726270
15073352
14224522
13795536
16151741
14160121
14077409
15543425
17048804
14879340
16753588
14699020
15933519
15669604
15796549
15323239
14624149
14838675
13806124
13596145
16000790
15166880
15979052
15436813
13619969
15214973
15728708
17101106
16052408
15484545
17019879
16148589
15192529
16361578
14773034
14275952
15606610
14823329
15416283
16554001
15881461
16077692
13278000
15070927
15609210
15203549
15522280
14784411
15907553
14339980
15202173
14348656
14450636
16526621
16569790
14506290
16114430
13866509
15590154
14461067
14829501
15162558
17296811
15944827
13126347
15457045
15404943
16355427
16187208
13224319
16068529
13892571
16543750
15668552
14954003
15507681
16775268
16448135
15499297
15088867
16088973
16840711
14381695
14786493
15656498
15040907
16111350
14951013
17477333
14127291
16996534
14031401
13123840
16286350
14712855
16082756
15734493
15751501
15950638
14814791
14528642
14427158
15623044
15313085
15706414
14637661
15286944
15061698
13101954
14768374
12340718
17193687
15869040
14460681
16297296
15371482
15738281
15936941
13655158
14415986
14996820
16663191
16775754
15214038
14712623
15425088
14765209
14918725
15590272
15852467
15802943
15641356
15851416
13906793
16409781
14510403
15804888
14261805
15877986
13223412
15562497
17096278
15629333
15810852
14576599
15727496
16840159
14480591
15019618
15146322
15289837
13777665
16554645
15461929
13698768
15639687
16319476
14875502
14261644
14888060
14404736
15635621
13898974
14062377
15797195
13576890
16191540
16591701
14951084
14853214
15299992
14473718
15238072
15797746
17195008
16059988
15688957
16038069
14762938
15876438
14806850
15939536
15821821
15096696
13861524
16723927
16400021
17030677
16840080
13772064
15736633
15971028
14710152
15575999
14416522
13844817
15478666
16162401
15868770
15222221
15461141
15768012
14645279
14029834
14027518
14595384
14412246
14839602
15548755
14914015
14189337
15377761
15413011
14855212
15471996
15371358
16721303
14317199
15425230
16632243
15062793
13848907
14365218
14731215
15234593
14307764
13859181
17202135
14547906
15440950
15471861
14168791
16187350
16536132
14894176
15878927
13226686
16033487
15601301
14882799
15453732
15729012
13091890
13798949
12913297
15267488
14562007
15973772
15058466
15663280
14991814
14126893
13784235
14919113
14757244
14901492
15183677
15240547
15394637
13494128
16251093
16145211
15659128
14278045
14202180
15601986
16316689
16119563
15554786
15002348
15450192
14193170
15297339
14675299
15551838
14991525
14917435
15751411
16809012
14400719
14730989
15228160
13062201
13969289
16709549
14653393
16011708
15739664
14312089
15605187
14233057
14885976
15767778
14961041
15837338
15588443
16455435
15912867
14904406
14432200
14900342
17076856
13836391
14224682
14932016
15286311
14352956
14964256
15107352
17143479
15697120
14562169
14516752
14154006
14534818
16916690
14129151
16602882
15117136
17452482
14852478
15513573
15344209
15366198
14468427
15167982
17554136
17134912
14870083
16427588
15186715
14525908
14692118
16382694
14525475
13751555
16014807
14887707
14024128
14953976
13796146
16125812
13733122
16008328
15002071
17034951
15262326
16818868
13800977
16480138
15424714
15395100
15714414
15648414
14321944
15692738
15986435
14715771
15434125
16974644
16403081
15646128
14082839
15042713
15459513
15294001
14693278
16762264
13184699
14629897
13879814
15586596
17223309
14739870
17646695
13387014
14884747
15675752
15337694
16886391
16682161
15523497
13459291
17314444
14631451
15598752
14924215
17449178
15106647
15737361
16277168
15301274
17043859
16141414
15449290
15020925
15615437
16089131
15254582
15447520
16488968
13854699
16466825
14871567
13596846
14394080
16417101
14789055
13392116
15906162
14343903
15354570
14958223
13405947
15352789
14339904
15190139
15108541
16490397
13539846
15689403
15085283
15883922
16498858
16168588
16965334
14774227
15376159
14909046
14572839
15316360
13903235
14015431
15117163
14238623
16251271
15684007
13766572
17057970
17267930
14681397
14100960
15283207
16043523
14604002
14413690
14324239
15624391
14138734
14631169
14501111
14951790
13767096
15708195
16061316
16484192
15647618
15729790
13967928
14936712
12909133
16046534
15537253
16157612
15900056
15803114
13356333
14833281
17462448
15669367
15144853
14800718
14187834
15965196
16544368
15658731
16518344
16718832
14722469
15166720
15203202
16314780
15306955
13601897
16380976
15412937
15552038
13243261
15025762
14044564
13655883
15723870
16422880
15348011
16515135
15034161
16275162
15642722
14707895
15404677
16640110
13856769
16004196
15282167
15137777
15308926
15473981
16487315
17539160
14865702
17914813
14782554
13658130
14745506
15696606
13845184
14628285
14803569
17637600
13956748
13776188
15543560
16347180
15347401
15668029
15263676
15533084
14975430
15441342
16572718
16172608
15423163
16627960
13976641
13380803
16800866
12856731
17747918
15720884
15791641
14451384
14940692
15069653
16141045
15583591
15388094
14752235
15658509
15278763
14646414
13554536
13686368
15882665
15144346
14078038
14848760
14891701
15369269
15858906
15653429
16474842
15269006
13999948
15463989
14635930
16123188
16193012
15286394
17600689
14657223
16076155
15285509
14125955
14451358
17205901
16662834
15092208
17012504
16427684
15850543
15988384
15450563
16400715
16085685
13529589
16658203
16298705
14506874
14501411
16704494
15717381
14805166
14547717
15105983
15638665
14550434
15957866
16128685
15559781
14269673
15409095
13224161
16960493
15069533
15316614
15391915
13958534
14345740
15470688
14662841
15777067
14999860
14278315
17443457
17528416
15786445
17402271
15793224
16370948
16071679
15630906
14395516
13262198
15935769
14957505
13769949
14729181
14370635
15543401
15182294
15349833
15168224
15088730
15760474
15679621
15441152
15006408
14877864
14950676
14052677
15645575
15702084
15210955
14139731
15604810
15035577
16259327
15559736
15098556
14140238
15009048
15227452
15230596
14451870
15491045
17873274
14447035
16469379
15872619
16054077
14952527
15329878
16567347
14944124
15323892
14429380
15105640
15178502
13768726
15417248
16076660
16010174
16257900
15919750
12689198
15103973
14702823
13962959
16623031
15348499
17129455
15598330
12674032
16748203
16485250
16052746
16469111
16635959
15318346
16037385
14111046
15373769
15230355
13677558
16327335
16175591
14188920
15809191
14722851
13776109
16239123
13084588
15989399
15704744
17263594
14839946
16197626
13729686
15393588
15387001
15088590
16199146
16964659
14746311
15042028
16622203
15758068
15271073
15687720
15754993
15408069
14409702
15944346
14423894
15194618
14852043
13673952
15643703
15948833
15056424
14383094
15465658
16118319
14001008
14631753
15661483
15134846
16598286
15331865
16055776
16090599
15166678
16443678
15711369
15583490
14171782
14716547
13579202
14148542
15446001
15029497
13334495
14357801
15037233
14199409
14833734
14729898
14505462
15299503
17241244
15530661
14122762
15388699
14454773
14846669
14163759
14802571
13932673
16286226
14677512
14908431
15093553
15170342
14657864
13503141
16644269
15822756
17630982
13984822
14447963
13832974
14392687
15871214
16731551
16804243
15699742
15988078
15060927
15143918
17274939
15349566
16954905
15372430
14571887
17339043
15239307
15616457
13335583
14294913
16478948
16538251
13234568
15030718
13789260
16005820
14786782
15879202
14825809
13817258
17115189
16115322
14651128
14373824
15881074
14868562
16622589
14890444
15997175
15473747
14845722
14979651
15483432
15151353
16609452
14866650
14872742
17480743
13972055
15426048
14132234
15158717
15318237
14194177
15122569
15543794
15212088
17180780
14206024
13171802
12711944
15626235
16013657
15721662
12953003
16356117
15039318
15227328
15983933
14722170
14815651
14302205
16511342
17630327
16262518
14249942
16186850
13717401
15419532
14760646
16351701
14975259
16085492
13807518
14168160
15448703
13951152
15515042
15170225
14824611
16099029
15237169
15273461
16576031
15445324
15277978
15976316
14463929
15999131
14823621
16497414
16064459
14506289
17462593
16616878
14929093
14115650
15827029
15672242
16569709
15866721
17041946
13379174
15734655
15064290
14804278
15783649
12975197
14598132
14212454
15003655
14384270
14682885
17653586
16101686
14830727
15547610
16092341
15804729
15761211
16133437
15607521
14359106
15399620
13971223
15188100
15642740
15048012
14860892
16346349
16719446
17293396
15726776
13433320
13489408
16642185
15387413
14554523
15343105
13927805
14975079
14982758
14457196
14751109
15357901
13914501
15182393
14649855
13881197
16321916
15418080
15500834
15330030
15898788
13818070
15362577
14679259
15297697
15483881
14597650
16837640
16822550
17391714
15382231
17424864
15369735
15148498
15660517
17926339
16753424
14099327
16761852
16369098
15609833
12658046
15254276
15394470
14842081
14910966
15090539
15768880
15717912
15917247
15685265
16142514
15430660
16921271
16468850
17043902
15456091
16861256
15086820
15514167
14396343
15327395
14630382
16671173
15430325
15229796
14457910
14813102
14899538
15644885
16312251
14065465
15064846
14805359
15738166
18164657
15143051
13707332
15843478
15768843
16522451
15035882
15952904
14812583
14140634
16033009
14042460
15827242
14494857
15813043
14670445
17682255
15825068
16748746
14541561
15740017
12971588
15730720
14554744
15918215
14114798
14977961
14509212
16151218
15206364
13860990
16068785
16238263
14697288
15340302
16670541
14465790
14963944
16134818
15495971
15034011
17946314
13894115
13704567
15574658
16114112
13500708
14219635
15434367
15754810
14836374
15872491
15823535
13851339
16390683
14847943
15471412
15120363
15379368
14533786
16540016
14687275
15192687
16551300
14997931
14782781
17481650
16112941
14937472
14810241
16024581
14266647
16398880
15716367
14578927
14543147
14533869
15102658
17029301
14410587
15921928
15438733
15243000
15061522
15647669
15083608
16458204
13457691
15794018
17031735
13833058
14947281
14941371
15320139
13979459
14749719
17203722
15694262
14728455
16295446
14391788
16866061
12893644
15083701
16277488
16585977
16953945
15568607
15459999
15137908
14379335
16273038
14323744
15072842
15325460
15235611
15135717
14780226
15603955
13887263
16158995
15989301
15824689
14239942
14271572
15092146
15094050
14395779
14072719
14684194
14158210
14511391
16168853
18103542
16996052
15739701
13621565
15672759
15278478
14129676
15294404
14865423
15663340
15362488
15643265
15589862
16571077
17040316
15825297
15661468
14868116
15553530
15834172
16533103
14526038
16889049
14276762
14810194
16243981
13459280
15363232
13759470
15553608
14181429
14341174
15681633
16199411
14047484
15419171
15263493
14296632
16202267
15785541
16063397
14083795
16415138
15520177
15181978
14285119
15104136
13842608
15514249
15086819
17635538
14133198
14222072
15715699
14956085
15735039
12522199
16709274
16820511
12932159
15065918
15418372
15530339
16129847
15120058
15164365
16546701
15121897
14554767
14525432
16060439
15750152
13429809
16299389
15273004
14363140
14872757
15297377
13918833
15882364
16242873
15061393
15238501
15899662
15182625
15828577
15592757
16041283
13945937
13888782
14444683
15681430
15320814
15568641
16423654
15851725
15077445
16072999
15259429
16285352
16808077
18870231
16286968
13467783
16280173
15649090
16421687
14406150
16148784
14965994
16955233
16046153
15323647
16214778
13835127
14483097
15265612
14508930
15815795
15998364
12706406
13296549
13428759
15514395
15906832
15951127
16511898
15448574
15714615
15570678
14195034
13996425
15924227
16993288
14605131
13464678
15781186
15616613
17064108
17308249
14680532
15562943
15677406
15261185
14664430
14692975
15412050
15123227
15703988
15870398
15799740
13594247
14653848
14657105
15320181
16501869
15690433
15982516
13634550
14689332
16156964
14962222
17050738
15732530
14437239
15438573
16184250
13054914
15623063
14287375
14244384
14263781
15050327
15326176
15169172
15154466
15413578
14374016
15309013
16573190
17629403
16207929
15877374
14996791
16174401
15637770
15022883
14798433
15602347
13615656
12916694
15270761
15659766
16566723
13987392
16548390
15245895
16317925
17733043
15371372
15124596
14052575
16037988
12999426
15192369
15347824
14952208
14749353
14739262
16098785
14781576
16510151
14923830
15439723
14680711
14802375
15407833
15554537
16185133
17090762
13945118
18021868
16026476
15010657
13867067
15171983
15052484
16710023
15290772
13624949
14562019
14465886
14811273
15664457
13224371
15009537
15572985
13564970
15392408
14509114
14047664
14115089
15072296
15487986
15257466
14226475
15112447
14640450
14538259
15291705
13909534
15335365
13214445
14891373
17092354
17058774
14012522
15182645
15650071
15920039
13045361
14864475
16550925
15678772
16762124
16268387
15062713
13745503
14652895
13378085
15823032
15836359
15793411
14418786
15933369
12505763
14598154
15228869
14689673
14203955
14176685
14392318
16941705
15212070
13987052
13893090
16214120
16125717
15765034
16665496
11838094
14640664
13609138
15008621
15117723
15601032
14905915
14993052
15301472
14011560
15127358
15507566
16027834
16483948
16486455
14767772
15464855
15923467
13982870
13235653
15824959
12818646
14966445
14591838
14430756
14426866
13338792
15310804
14536207
15762045
17137452
14270702
17707089
15619613
15873477
14275119
14105518
16245186
16434745
15119138
15186194
15571800
13860491
15026868
17126600
15338530
15546657
15836242
16509516
14607259
14936023
14996126
16368155
15861398
14045719
15535998
13191980
16645569
14106412
14328210
14219252
16368877
15306158
16175215
13869843
15177510
13399839
15540032
15621111
14766386
15793415
14913991
15002100
13610401
17059624
14586074
15772949
14902563
15884404
15261242
16606347
16288162
15415910
16077770
15428119
16552398
17206159
16425254
17040608
15166722
14828056
15389352
14881998
14884826
16633741
15416043
15541713
13879561
15482004
16241379
14863030
15630678
15075014
14489449
13601598
15915115
17139633
15322137
17317596
15471695
15296436
15553033
15707101
14305220
14586903
15544571
15074232
14968464
16718527
15074899
14918973
14105567
16093050
15342758
15324391
15715966
15587380
15399386
15827498
15184429
15285355
15131339
15693234
14044962
14671116
14862597
13747731
15454640
13793251
15660579
16040699
14525919
14744205
15313393
17323588
16856015
14366607
15303438
14917075
14772068
15978946
14320097
15789409
15238376
16030926
15906641
15671022
16228479
14538552
15874881
14453254
15188163
13702170
14835568
14531365
14407421
14694114
15657844
16057063
14102649
15874193
16035010
16249855
17016699
15325376
15077385
13061895
16632247
14947002
13383565
15145096
15312286
15314237
15696009
15771840
14408973
14362041
13516216
14338018
16086627
15089838
16661680
15172171
14535964
14963787
15073317
14631436
15340137
14178482
17254074
15476667
15260490
15452573
16140665
15939721
15484472
16458267
14929965
14658835
16047013
15870294
13931273
14639989
14095485
14952324
14967092
15132351
16239335
15625833
15656750
15360529
15454954
14594905
15767804
14917378
14218007
17185109
16237495
14846056
16557084
16199724
17334507
14693159
15275222
15717384
14349305
14584229
15305880
15883457
13686482
17146870
15645033
15940584
15136396
15616829
16746878
15081464
13640092
14840149
15016192
16952728
14463321
17208342
16613772
15046028
15638716
16276076
14539855
14984927
14506214
14481875
14470426
14877844
15241445
14359347
14407058
15446247
15953639
14746638
15216298
15081098
17004509
16555838
15293338
15452946
14485988
15490790
15304371
15179866
13616390
16872669
15007938
15171411
15768388
15271841
14886868
16088295
14833993
15097876
14778347
17734945
14298166
15884833
15249072
15178909
14791705
16131985
14016819
15518670
17290143
15436017
14569005
16031264
15945951
15682326
15372763
13191264
15262967
14252782
15236325
14937901
14052641
18333810
13858604
15428079
14673484
14256086
14980629
15618121
16359042
14510951
15907111
16323083
14742627
15335756
14113556
15079756
15855719
14288656
15810920
16895329
15474784
14147961
16909564
13716365
13971251
14230687
16689965
13947678
15039615
15877788
17462115
14753628
13695670
16630432
15631977
15377561
15031409
15000674
14459100
15458855
15098693
17946935
14242211
15548182
14377438
14492893
16131137
15663517
15940869
14181050
16430242
14809635
15884102
14538560
15017129
15514512
13980293
16046515
15652484
15539303
14701794
15087104
12600114
16265458
15117919
16964465
14349640
14372027
15151312
17493211
16859606
14774218
14982151
13363536
17081846
15543088
15096952
12751728
14263277
16561516
14282633
14130751
16271878
15889709
14447372
14228671
14047841
15436924
13284600
14702753
14755765
15633315
16101027
15610909
13861814
16042304
15771616
16870433
16117882
16615766
14396116
15133884
13936360
16303379
16293271
14549874
16588965
16508791
15681026
15001519
15665786
14333904
15464453
16839644
16427057
13523975
15191423
16608832
15657571
13462410
14052637
16666644
15379146
13647224
14431067
15842787
16076703
15484665
15504475
14596904
16006046
17323269
14335092
16575870
16437610
12818362
15738664
14889590
12388212
15523901
14131109
13285522
14442619
15705864
16028927
14401329
16885826
16281402
13832569
16645134
15503981
15385407
16709380
16343159
15576714
15188106
15364248
14623094
15681123
14455595
15468733
16027711
13433486
14900408
15919029
17131379
13971725
14109807
15727807
13128448
14830100
14827558
16311473
14517522
14695543
15428452
14887621
13625055
15996057
15602796
14740528
13731857
15099955
14720552
16066380
13999531
15861882
15390497
14776651
16099121
16343842
13290825
14341267
14830566
14126287
13338491
14885608
17884628
15675874
14727895
14509250
16343832
13843642
15723858
14171883
17251739
16352851
13286661
15644241
14323103
14918351
16630912
15267381
13650436
13726147
14381618
14149837
14396327
15724527
15173925
16921035
15027440
14504158
14484033
15519195
15573238
13871012
14944413
15747888
16674088
14500594
16019002
16596199
14034234
18378592
14014241
16757611
14404327
15933142
14946351
14973755
15425027
15122563
13587391
16800125
15344946
15228847
14166079
13268003
14580906
16982837
15146945
14124777
15667599
16412859
16297773
14636833
15229545
13890818
14775584
16161309
15111685
15760512
14890440
16222220
15425472
16809392
13830523
14115405
15666113
16263560
15010831
14796635
15059586
14497334
16467217
14788192
15379009
15284739
16308655
15763510
13268595
14939518
15085388
14194534
15458515
16770482
14218869
17103465
16243867
14147899
13834522
14872029
13826840
13718260
15560287
16712644
15496899
16486812
15652772
15394055
16599734
14109549
15102651
15751247
13981363
14169315
13374658
14937970
15581562
16110864
13401543
15593442
14964917
16492054
14057829
13892469
14974071
15859585
14420577
13897910
14133324
14962384
15506733
17908398
15264016
15929348
13556864
15251451
14536791
14641133
14861012
15474507
16464864
15498795
16012034
14601822
15561403
14880325
15337265
16339739
15361240
14955599
14372520
14091815
14751896
13663865
15666681
14315437
15375266
16125244
14771172
16219185
13803152
15961153
16297826
13448832
14615271
14294738
14889727
14615243
14252507
15444008
14277889
15573860
14246873
14864163
16214377
13999126
14328600
16380696
15860469
12079052
15632564
13846563
15106138
13645772
16951396
15618226
16092282
15065205
14014187
14067483
13681200
15458787
15063384
15386295
15294027
14173727
15767835
16950097
14358155
16715030
15555484
15356050
16337520
15692006
14681815
14674260
15028745
14800821
16602372
15551897
17047145
15458199
16778644
15860188
14035945
14296731
14047932
15052535
14309709
15581604
16850914
15982125
14079978
15051190
14710476
16225584
15382376
13541808
15518236
16411436
15563241
15451690
14601597
15810294
17409528
15862008
17083060
14408719
16932349
14953942
14871491
15476976
16008961
14587722
12655634
14683701
13895827
14775050
15133840
15661499
15388438
14504451
14533797
15112864
16189789
15086600
13841168
13797563
15508437
15866514
16150045
15876100
15860600
15316420
17217556
15614971
16475053
15579081
15759412
16104783
15201810
14676523
15478013
13433140
16479726
13973915
15083656
16116048
15511532
15389550
15392155
14376064
14185281
14565081
15432065
15648576
14971829
14289961
16614277
16377741
16219513
14057444
14820997
14235712
14873745
14081467
15517419
14742912
15877099
15196293
15981878
15020529
15361887
13451107
15845347
15681890
16019188
14790237
14538090
16592456
15262793
15057554
15713679
14667807
15573831
15643090
14384303
13811573
15504829
15798764
16171420
14627404
14331139
15649286
15208601
15547311
16100654
14568565
15692264
14873952
15377422
14621101
13922776
15651927
14764226
15403888
14670837
15418058
14585144
14221601
17253123
16082021
15173439
16328326
15234612
16461984
15538396
15212722
14309528
14009125
16091726
16846107
14015209
16317138
15713382
15265154
14852597
16598749
14753937
14008232
15522158
15084312
16369765
15802769
15720542
14460341
14839997
15495930
14807663
15959430
16189624
16921251
14785634
16013718
15396549
15114978
14343240
16566018
13402827
14677004
13583793
14326502
13984199
13827625
16330273
14449339
16457878
14179641
16092137
16070392
15129508
15377921
15272645
13163217
13291621
14848147
13502049
15822249
15680924
15580806
14387642
14804343
16222579
15401758
14936372
15424274
16798832
15210410
15928286
13811941
15358457
15097834
15715721
15446216
15413587
12532582
14949199
17141775
14454241
15234809
17596479
13468761
14517039
15651466
16710562
16116700
16077175
14506133
18340951
15988081
14884927
13993399
16620833
15774078
18783168
14911341
14989889
14223032
14830856
17763189
15473291
16418511
14709653
13609041
13683591
16455372
16690209
14545467
16309797
15574377
15310446
15154051
17056745
14270056
15382019
16027945
14553030
13326434
15395835
15049581
14407101
16705476
15375985
13445967
14223208
14808400
16355866
15309957
13687000
15215117
15306728
16735849
15861681
15488477
14490121
15007812
14593926
15767806
14790907
14882178
14807608
15410526
15386220
14622918
15279829
17668372
15315256
17284511
15593494
15191241
15085809
14629142
16025878
14242841
15216477
14157148
15841196
14499873
14966894
15495817
16844778
15756391
16378438
15477734
14625337
15022608
14044851
14336562
15570223
15298173
13820125
16541288
13154417
15994997
15690661
15464061
15612006
15407894
15963288
15949589
15523210
17290742
14047938
13422336
16722955
14351728
14362416
14176275
15163939
15691750
15077377
14419653
16146981
14546430
16358180
15360141
16295631
14796096
14552360
13777119
16582851
15995232
16479501
15402471
14958786
14045154
16215951
15137381
14858828
15356254
16331744
15719551
15886327
16128037
13806664
16406269
16730473
15343217
13896968
15672092
17338346
16448811
15110057
15347442
16393398
13410679
16079284
15955316
15828472
16458457
16191700
15405266
16110666
14042506
16285479
16491551
16148229
14057411
13426000
14594378
14259882
15812761
16352929
15119678
14886170
17540794
13328119
15963347
17281133
15054736
14013941
14763053
15134974
15391325
15198769
13730618
15093532
16540002
15437611
15663006
15733134
16978366
15836205
13909903
17151587
16237249
16069692
16172507
16177045
15818480
14360209
14816500
14686714
16016824
14503203
14399039
16518797
14706371
15561104
15330286
15986105
16509158
15934048
17011812
14516716
15851898
14692264
16123403
15520096
13818197
15547630
15714047
14089712
13874033
15358641
16228660
14432345
14938655
16215686
15352620
14765738
16371709
14513454
13507096
15235574
17350332
16800143
15232797
13706802
13833877
16917236
16349731
14482518
14643269
16099358
14500520
13957455
16207725
15171484
14423561
16087313
14530816
14263582
15768494
15756188
14189246
14365584
14744760
15809397
14385928
14983076
15899850
15840962
15219886
15947922
14044782
14360052
15071566
14922811
15179689
15005772
14183815
14154454
14588226
13572390
14811078
14327990
16873153
14431322
15809493
16914765
15426847
14622745
16504719
14124944
17862488
15814739
15742566
15390399
15233712
14262091
12701430
14342613
14907686
16015506
15867873
15992934
16138756
14248544
14220420
16532281
15139092
16046084
15266429
14981471
15161993
12858651
14809582
16262882
12797811
15603269
14946614
14252365
15284979
14856922
15264009
16382879
14416482
15399642
13732137
14380202
17293298
16544418
12886063
14249018
15223233
13967460
15585528
15655991
14945163
13099342
14961870
13300191
15264151
17143284
15765209
14363675
13465544
14517085
15860817
16951331
14646511
16615448
15409181
15003259
15647375
14942282
14222827
16385365
14679715
13831751
14819975
14559438
15999760
15434908
16021083
16874953
15603091
15648711
16563926
15668273
16310227
15311447
13103400
14432451
15334992
16458884
14512458
11675818
15227644
16160338
13607888
14713373
16484045
16635518
14100387
14670384
16361819
15682702
15638548
15166515
15465886
14900394
15415503
15370869
15496822
15349138
15011839
14361887
15270049
16465160
14659738
13140358
15865119
14543122
14014312
16032872
14975542
14419444
14167100
15500116
13089300
14965652
15871601
15179211
15331629
17303842
17634753
16581935
13742128
15631095
16986873
14195286
13801715
14535867
14267341
14335441
14953671
15518423
15508243
14588680
14467959
15258931
15759170
15692015
14870217
14848789
14588003
16707903
14648457
14753775
16102234
15717519
14459679
16559934
16456407
15342668
15751514
14769266
16015286
16050969
15993034
15567723
15290650
15746190
16061000
15703064
14486087
12807547
15293853
15035056
15565550
14534792
15202207
15401656
16168090
17092543
16771822
16364706
15779755
16148657
17548137
15886739
14672624
14211302
15689328
16469091
14364885
14110568
15872617
15307768
14399960
16360225
14914075
14834222
15221427
16633882
16233928
15733359
15981063
16103345
14807999
15928685
14879234
14852699
16576228
16643037
14535051
15822116
16744599
16111745
16378313
14319353
14146403
16787140
15330476
14895296
15303308
15853953
15947486
15043856
13653138
14691794
16152951
14214248
15125264
15074049
15696232
15465292
16096810
15807078
15376498
15706476
15746886
13982019
13955916
15831805
13832290
15746760
14502810
15814222
13878820
14159873
14403673
15990586
15610896
16756919
16440914
16638818
15490528
14135476
15190517
17105975
15755317
14630048
16234094
15715009
14706534
14210223
17347708
13788182
15144080
16083511
14105610
15493632
13827867
14313429
13819727
15459109
13512255
15430403
15370802
16381677
14708169
12641658
15213239
15616730
13538429
15822870
15390822
14220701
16694903
15736512
15131509
14272263
16162013
16016029
16516486
14791160
15832145
15542216
15363946
15394657
12775379
16193882
13934310
14158682
15222645
15227861
15168068
15254464
14640867
14372471
16292078
15544916
15829049
16328222
14769606
16307748
14026767
15595394
14661527
16185472
15262389
15060331
13737323
14120401
14144823
16002224
17060155
14938505
15789650
17168177
13984224
14560379
15578246
18124751
15037378
14315735
16861984
17002220
14988619
14383730
15062509
16655510
15497163
15088403
16115311
15602592
15096951
13998439
14740545
16736489
16605659
16744727
15247344
15271654
15180651
16535128
15704078
16234789
15069992
17040524
15566138
16394884
15837069
15009931
13987307
14429025
13254895
15613042
16632950
15801861
17684910
15621388
14725152
15484998
14738616
15925771
14632857
12957061
16780191
15397985
17422964
15431495
15966072
14786064
13646386
15415215
14998663
15640107
15718453
14607510
14379484
16063680
15669834
14837364
14945301
16976236
17177618
15516852
14800282
17278204
14510077
14007786
15932836
15120556
15278450
16039831
14178340
15755635
15280663
13652146
14233319
17248057
16377565
16001334
15649995
16689662
14989357
15668904
14250944
15552683
13780892
14420875
16077110
15690674
13846920
15382732
16349029
18015027
14791419
13612736
13829705
14718438
13956813
16323074
14562149
17263225
16223355
16547283
13289696
15467276
16174614
16003235
15455259
15916816
16274119
16345909
13857062
15294881
14081413
13232256
16104035
16718016
15037651
16182591
14987750
16267746
15801967
13529975
17042668
16154647
13933729
16934403
14842474
15812340
15334328
15376590
14836518
13926000
14399554
15514886
16011220
15425603
14691643
16047362
14535792
14963455
14537817
14982255
13941648
16103534
16388465
13643239
14444008
16191180
14194152
15515415
15182438
13757601
15108185
16277480
15958884
14521053
15298704
14653137
14677046
14907621
14792024
17008948
13662364
14451007
13880879
15949187
16516808
15107065
14384097
17491363
13095594
14457233
15155700
16837252
13753960
15671128
15539926
16229954
15259108
16162607
15831495
14871319
15855725
13951834
15331858
14534004
15133286
17547481
15714713
15003121
16559314
14783350
13745092
16443990
15656255
15649320
14832776
15103639
18294144
14855962
14558756
14721635
15401881
15626909
15232503
15210722
14604780
15082629
13775933
15889489
14847466
15643396
15862938
14382943
15014377
12712254
14312036
15460968
13935577
14169821
13978136
14739972
13773852
15878965
15506773
17467238
14744014
16539436
14434778
14574473
15825808
13724098
16981550
13956865
15544427
16552710
16083660
14613237
15072043
13489866
15572435
16397049
13253177
15697737
14351401
16602376
16317130
15113767
15777314
13453485
15906702
15152843
16204023
13912539
15036581
15588269
12342811
14846748
14267988
14523058
14689900
15604907
14020993
13733077
16231080
15743015
15507874
13816449
14864874
15365215
15553566
14879895
15110316
15269972
14761345
16001796
16955138
14949706
14933398
13677042
16802905
15872408
14640062
15718753
15165362
14650119
14815623
14355855
15611284
15702920
16248588
13612380
14209266
14726250
14956083
15029166
15202661
14091548
16140622
15512587
16970780
13877866
14514195
15196683
15117060
17161509
15584094
14843922
15781544
15641863
14385885
18327699
16099319
17291324
13497125
14811978
14672587
14203346
14556697
14381154
14716291
14078693
17630254
16541476
16260706
14307034
16196221
15450442
15551995
16248103
14904219
17065749
16608826
15991522
16783172
14806969
13674636
14661653
15718682
16170272
16335328
16605153
15737227
13231646
14904623
13923248
14392605
15353298
14644196
14030407
16325994
13495574
17566291
15816680
14446567
14773826
16879883
15993750
14940601
16318740
13772448
16743265
15441826
15858915
16932234
16411396
14811015
15193389
15427368
15546942
13454739
15105653
14595675
15794279
14670697
16498918
17321002
15072297
16256439
15157427
13991659
14899979
16448581
14462726
14085572
16285143
16151415
14953792
16007559
14576475
15796924
16178405
14198680
16345490
15434850
16416483
14466157
14634812
15177411
18619021
15230125
15383026
14751208
15735660
13432519
15387865
14940353
14331230
14971715
16118387
15829985
15510128
17171874
14858309
13568486
13638163
15872576
15205300
16277376
15130086
15294011
16978610
14170131
14270179
13877365
15362162
15072139
15321178
16096028
16891194
16348264
17158025
15382956
14996338
15252303
13892510
15013845
15350549
13055296
15177399
14036697
15772324
13888526
15565217
14323395
15791483
15061812
13118032
14586072
15196890
15073138
14518983
16868861
15078531
15079816
16021513
16296285
15007064
16521449
15373286
15568957
15118404
14251364
15506445
14595057
14879403
16217929
14393467
15409840
14958450
16134652
14175086
14346280
14987156
15695638
13418283
14943206
16265376
14799754
17146551
15506023
14697474
16101099
16915883
14652554
13535048
15515397
17156846
16272929
15500752
17310179
16923116
15313416
14336061
15869723
14509222
14576911
15526038
14685726
15691056
16411402
14635836
16574065
15493658
14930360
16953483
16734209
14165981
14130764
13862621
14421964
15379028
16561256
14189891
16243706
13804277
16065240
15788243
14489461
15639250
13531723
15666047
16207870
14139679
16682142
14689101
15224348
13777331
13248121
15252817
15141062
13282773
15243754
14289345
15808480
14284815
16293141
15951932
13463469
15829095
14209158
13506345
17685635
13845211
15152320
15820853
16193988
17056238
15748871
16400061
15110713
15350255
15687259
14168994
15233837
14906068
15593096
16098567
15872382
14828329
15180256
15533383
15633977
15762957
14075628
14031291
15102756
15128587
14811549
16802338
16290216
15355158
14351951
15290887
13836873
16961982
14520508
15373263
15848389
14983625
14473092
13752727
14240972
16545169
13275287
16706807
16165636
15496541
14825495
16582207
14768954
15988900
14655292
14115823
16341441
14802159
16280384
17134286
14938025
15704212
16594264
13205736
14713390
14966652
16250803
15425105
15476090
14078835
15288451
15411082
13711252
15206444
14249204
14863468
13235239
15697007
16465990
14158769
14319923
14017257
15355744
14388440
15641606
14032659
15690091
15053680
16143670
15127819
14726050
14374042
14102281
14228051
14025473
16106653
15307579
15444536
15436039
15258223
16533837
16110304
14030009
15461926
14672211
15078953
14541473
15445630
16439465
14692423
13708759
15840850
16093558
15847215
13800042
15310493
14915665
13710978
14869570
14428215
13209894
14673686
15917893
15037344
15744043
14977820
14654734
16395018
15921354
14313717
14022858
16099204
14498574
14998582
15816270
13765099
15028633
13114559
14751517
13170498
15565667
15819319
13987920
15627588
14837058
15222143
14996023
15998794
15364769
16204443
15930499
13447369
15583587
13938399
14537972
13899318
15394236
16011510
15492541
14656514
16839614
16420412
15757165
16653528
15902866
15446069
14246152
14332094
14987964
14783573
13990699
13860141
15727238
14766786
13889044
16459500
13843456
14465383
14997325
14863105
15048401
14536409
16388742
17331618
16164119
16979164
16558588
15491340
15984343
15999746
15561393
14170592
14903207
14591000
15311301
15192838
14683273
11757462
15413373
17222123
15161260
12989170
15584885
15058738
14105533
16202652
15507259
15067046
14172755
16772903
15620966
15411139
14657657
14753039
15141966
15549933
15896597
12967168
15285511
15578533
14189016
15273971
12633040
14157824
15465554
15907973
14689469
15972847
17038409
15041722
15118755
15570615
16093567
16688179
15919291
13807901
15775984
14656831
15907681
15329488
17050791
12271566
16455051
15972564
15495464
16502204
13792120
15494864
16173870
15839712
13765214
14078002
14830737
14527397
15558023
15301756
14140063
15259261
15061055
15387933
15238565
15852294
16394414
15261099
15136011
14885241
13307209
15459901
15047458
14614395
13341035
13750522
15600180
14689798
14539229
15147312
14237433
14019217
15889561
15282406
16052058
15394301
14374872
16537405
17108464
14883496
14728272
14618920
15557772
15657013
14829629
15698209
15425375
16181286
14876933
16546381
15322806
15689965
13517955
14576839
14464726
15194507
14230128
14545633
14889274
13932077
15141508
15003296
16225493
15249909
15436288
15933524
14758093
14020937
16711532
14401800
15703321
15872957
15674113
16235196
14394371
12746671
14509617
14917559
16024379
16278495
15082026
14661791
15305958
15626084
15720218
14999429
15486809
14634116
16525963
15730397
16499803
12168982
14318999
13524589
13720581
14717869
14526832
14520214
17371160
16555906
15431868
14469650
14527765
15071915
16135628
14694731
14772818
15230341
14646407
13833802
16376690
17096395
15117763
14568390
13668240
14716880
16379334
14972284
15125236
14812176
15909730
16048158
15737607
14388407
13917469
15812011
15240006
15381099
14682670
14755523
14740299
15694863
16353032
14187047
15234740
14381828
16428352
14272997
14246926
15140564
16051686
17005498
16098326
15381950
15177724
14832826
16313465
16765699
15608330
15607427
14250092
15831816
17221927
16803942
14639293
13746635
15105890
15472683
15622496
16933963
15164785
14980281
15138752
16797873
15747240
15500864
14265851
15020221
14813740
16264185
16310022
13148912
15139410
15663643
15716892
14225805
15401053
15620817
15335589
14751089
15712572
15739091
17015267
15568154
14949774
14301664
14968922
15199610
14713536
15295096
15678796
15050853
14554095
15169123
14617724
15333833
15505609
13404430
15579514
14792399
15154264
16253172
16224485
14797720
15932176
15380296
14185800
16069562
14190539
14268750
15820156
15427525
15358032
15076835
13845951
15539019
13477985
13975225
13463459
15356548
15615324
15264691
13864794
14382605
16131266
16022379
15214325
13387938
15498550
16300137
14832407
14695763
17224855
15561723
16131098
16498035
15180574
15474802
17549758
15835928
16029307
14771534
13898388
13771562
13698687
13879155
14810620
14740534
15427888
14376119
14359109
14362788
14861843
14242083
15929222
15042960
14731737
15396599
13831108
14701637
14843899
16347567
13603345
14709773
15353457
14611481
15691334
13789874
16919824
15782308
16325593
15152585
16574370
16097680
14363772
15615982
17463531
14896797
15915788
15391672
17391488
16104657
16551238
16542482
14878620
13144519
16148025
15943149
14642809
15020614
14148776
16124336
15054846
13547851
15069548
14209880
13557449
15141158
14998722
16620396
16822687
15218409
15847854
14261068
14698389
14700712
13495999
15970379
17194379
14360305
15475594
14914621
16742119
14878007
14618692
14612058
15146379
15051651
14809700
16648403
14263415
13852534
14962677
14705466
15227486
13631715
14738965
15432835
15461009
16746390
15724173
14360044
15818756
14808801
14086255
14829006
14025488
14664252
15978088
16748310
15424734
13926063
15404342
15054117
14441657
15513125
15699409
15012662
13837467
13621973
15241603
14193190
15959759
13845358
17039052
14531271
14410093
15218173
14200479
17011017
14668619
17756300
14958462
17098899
16592638
15110881
17320528
13001310
15718143
16725325
16255474
17818266
15251794
14802010
14065424
14313634
14893295
13405655
16703029
15294206
16956968
13951536
13984861
14937578
15894525
12827460
16061302
15655118
16511424
15116758
15298016
14268543
16912239
15428162
16494778
15004473
15388459
14583999
15509382
15396323
13848405
15581756
15599696
16482872
15481247
13915637
13857999
14680169
15360211
14917775
15749389
14901883
13436442
14844977
14438285
16297994
13761101
15585287
16108537
15702943
14861926
15172501
15633936
15675670
15397630
15988831
13931439
13681964
15727732
14095449
15325628
15969555
14639569
14344981
15785646
14825090
16754963
14592008
16032653
14567480
14544244
16735400
15115618
15656930
13227736
15283828
17750419
15391286
13981530
16135819
15179119
14924117
14240857
16059647
14607218
15382288
14806210
15446794
15943439
16875040
16481943
16334043
16429139
14460788
13770751
15624592
15372972
14785952
13336662
14222333
16938313
14321831
14908279
14889868
16100524
15837176
16031244
14517831
14859912
14905367
16048327
14695542
16291076
18532459
13758666
16277953
16191253
16613537
14405278
14461519
16934476
14614783
16093043
14684966
16025336
14410544
14014316
16336554
16033766
15522321
14436473
14660455
14557957
15955007
14374311
16211597
16229169
14089557
14808179
14963987
14719771
14977284
14753137
15847887
13637122
15164660
15425574
14691591
15949580
17188252
14018684
15347818
17477030
12958776
14309905
14650381
14588264
15817867
15434280
13934395
14227457
13862032
14015517
15385315
13717451
16088560
15140672
14767429
15369067
15288421
16774829
16187213
15764328
15295311
13268908
15068155
16361450
13712994
17681498
14139590
14556662
16346612
13623852
14116716
15304278
14389721
15389935
15799541
15168350
14115485
17150848
14922851
16703894
16977658
15313040
16612213
15024122
15803406
14782979
16277512
13989276
15396197
17537608
13655367
15014928
14591827
15961605
15795206
12929067
15159028
15205399
16427344
16047138
15911224
15473478
15435605
14822855
16767523
15981011
15783980
12328144
16340171
16616531
15225954
14423372
14969324
14770521
16218476
16282449
13009898
15050211
16220954
14856096
16833531
14294382
13388594
16116599
14571888
16803958
14800411
15139197
15468544
14807905
14566391
13242336
14676884
14351544
15401585
15884926
15176256
14234833
14773690
15690080
16514499
14728234
15351841
15340752
13835442
15047553
14111595
16320012
16081706
14339659
16287383
16114528
13616135
14944727
14975256
15685405
15321524
14436969
15896860
15107000
13757355
15140685
15402160
16426062
14208092
15580018
14874424
14413430
15017262
14892805
15338879
14468552
15798317
15574765
17367851
15832395
16398767
13442928
14141739
14933239
16185359
14686425
15719544
15373340
14424817
14441496
16414656
15070412
14772993
15110660
16529048
17744838
15621417
14591752
15051682
13920691
16523328
14463443
14570090
14657856
15363494
15601777
13729590
13729913
16614055
14384894
15543177
16521725
14151711
16786054
13801723
15371535
16146293
14906350
13839837
14710231
14382974
15594506
15688779
15577850
14766546
15684863
16100273
13200246
17461958
17260731
15646168
15779332
16710601
16565672
16719396
17134462
15622477
15112668
14946945
16595405
14657869
16482177
16463555
15113447
14006590
16890492
14722373
16217915
15933974
14777421
17401968
15821971
15419332
13736243
13872059
14917990
14071782
13814972
15933436
16136040
14802109
17430230
13518819
15402428
13747562
16308114
14574137
16619500
14427977
16569607
13693054
15058988
15635821
14471214
13421271
14441876
14599601
15930325
13012989
14950518
15463026
14795333
16489719
16249817
16027260
14697887
15194524
15109117
15092484
12502977
14989181
15513209
16467239
14866934
16813122
14905720
16830308
16298425
16401385
16361290
15079921
13915298
13006094
15305328
15101977
12431930
15050675
15642538
13804465
15274953
15519996
15082492
15173118
15853927
15935753
15456604
15063298
15375867
14213123
15921900
15311176
14577062
13964484
14182920
16221746
12445694
15420218
16352090
16489838
16200519
15655363
14385322
14251382
16511309
17171212
14855679
14469984
15309383
13895960
16654759
14911281
16458711
15408582
14417578
16656502
15881878
14549254
14476202
15137369
14849884
15709507
15989175
16498412
14336626
15460691
15273868
12785497
16121788
13837159
13554295
14223371
16419963
15694957
14076795
14106156
17426036
15397842
12921858
15859630
16243262
14794399
15472512
15423976
14150492
15796352
15306398
14022661
15864883
15420108
14658796
15589066
15605360
16663089
16797228
17679716
15790047
14372130
15519102
14735782
13105561
13735980
14510420
14489783
17180596
14421805
14803740
15691707
15139469
16680758
14629046
15274790
15922663
14037624
16815834
16280483
17384333
15385098
16110485
15615991
15397847
16621537
15355512
16896936
17989153
14404827
15771316
15555027
15979911
14950067
16659586
13483671
17277873
15518539
15909350
16569322
13194930
16243285
15338338
15925914
17171858
14849889
14825904
16381524
15146970
17069141
14619184
14814103
15375336
16277247
13896813
15156264
15060405
15140642
16967898
15567980
15074677
14011367
15472292
14234880
15532526
15180926
14292897
15546979
16419989
14955209
15196998
14448136
16933694
13391828
15117915
16019831
14551104
13802698
14778070
13538893
15410724
13582091
16930151
16431347
14520011
15554736
14857392
16011927
15658776
15601018
16245204
13336292
16119784
15030657
14919479
15401602
17553190
14675141
16117698
17232267
14961278
15086629
14725333
16113511
14932089
15675785
15847285
14826900
15425527
15237766
17712195
13383557
14453172
14980198
14748175
16517192
14173765
16249533
15148817
14721430
14254432
14015337
15782604
15657396
14369089
17067263
18210421
15668222
14907152
15441614
13498953
14273632
13809905
18130537
18074225
14480431
14958358
15879195
14070750
14538953
14298980
15176735
16184310
14601668
15057615
14373709
16441539
14895736
15071567
15132339
15320355
15502607
13789198
14747321
16251550
14339177
13472074
15463798
16182064
16241009
16131573
14500202
15529728
16622416
15849855
16169534
13669642
15143349
14859563
15255015
16574809
15368536
14997249
16538060
13875411
14957647
14862270
13606587
14437400
15402679
15196299
16590620
16611583
16284902
15220077
14937566
16853521
15819657
16053773
15217841
16607425
16312244
17318808
15615604
17316729
14920861
14501826
16489873
17129453
15128532
14209064
15274143
15879675
14914092
14275561
14277951
14326494
13135664
14840536
13379339
15270236
15940069
14134658
15287046
16760860
14144876
14775380
16110663
15511604
15628224
13846043
14359901
16324500
14022453
15204025
13235014
16309462
15900526
15255907
15550501
16601818
16252203
16590558
16245435
15151005
15775905
15084020
15458373
14271936
13791007
15003393
14740369
14296611
15821547
15401956
14058085
14207268
15484683
15259932
15005800
14138494
15754433
15395150
16051703
15616484
15522796
13582527
14803192
15050162
13911908
16533236
14367042
13969620
13641684
15131231
16480330
15071215
14342438
12778927
13750542
15125407
16052425
15234009
15265805
15989488
16792450
14061762
15874071
16639888
14116929
16110254
15846783
12983220
13960805
14256317
15517574
14816158
14034839
13511618
15620537
15450901
15096387
13657423
14805066
16176756
14851083
15690945
16196801
15719919
16425381
14904939
16588327
14882209
14141837
14251852
15684934
15764104
15562278
14692434
16754644
16837917
16316535
16652337
15457154
16177529
14385842
15441237
15626708
13163511
15701731
16047388
14785433
15595108
15215023
14736138
16274018
14797121
16289853
14756813
16457973
15828297
16697541
15329577
14503573
14864790
16387845
14202554
18046632
14474105
14314169
13698242
14275090
15059778
15876878
14680901
16194142
14704962
14167757
15148600
14379628
14099386
15396350
16414482
16468489
14844978
15039838
16775534
14990649
15082292
15318335
14717009
14451407
14441812
14950315
14710293
15953031
15563627
15980129
14294622
16186845
14777127
15232170
15203706
14359508
13346755
15995299
15347418
14634809
15459077
15754721
14594332
16096902
13051808
15781871
14224656
12954770
17481832
14641394
15726940
14205432
13747338
14269098
14148836
14675140
15370336
15562576
14211495
15062881
15344858
15836644
16095726
13724445
14737322
15656822
14813630
15801324
16814269
13976472
15398362
15226715
13857913
15623573
13796613
13355927
16876060
15666816
15422059
16348463
15822967
16159431
15229758
15565955
17155539
14638737
16203354
13938962
15789408
15285501
16556451
15239555
14894031
15434843
15127553
16522393
17125495
15438524
14422791
13624826
14941871
13257770
16447698
15880466
15632308
16880411
14955270
14743192
14489195
12303032
16694167
17123516
15640010
14191254
15589423
16089119
15360122
14230085
15716100
14105561
15325539
14799740
16409161
14452268
15273209
15751013
15600473
16174626
14585384
15323971
16252954
15995345
15375505
13964245
14465997
15673996
15647077
14866622
16153524
14919752
14268639
14032625
14225505
13536038
16014403
16463298
16477912
14036435
16589126
15346572
16212458
15399443
15062934
14593257
15346883
16560527
14404279
14331028
14849022
13781802
17608332
18099834
14714736
14707349
16415376
14594867
14773374
15097301
14351688
15539850
15438895
15855051
14194326
17351519
15575008
14215734
14316588
16112438
15394636
14658901
15820233
14244247
13889702
14550468
14908181
13789478
15694221
17682654
15226091
17802336
13411964
16431032
15488532
15025806
14157986
15532837
16274597
15533021
15618458
14293398
16006760
14204346
15226553
16055375
14746573
16131212
15021929
16265935
16120454
15780121
15169149
13882793
13403603
16005686
13250642
13790500
16286479
12949722
15214596
15388439
15349776
14201622
15116974
15141775
14159683
17208956
15680720
14570735
16811411
15113162
14657587
13691801
14551055
14637412
13568968
16658708
16786589
16273783
14780265
14635376
15721482
14479431
14991711
14393821
15994123
15339749
15973152
15128522
15048629
16732806
15374249
14071161
13491398
15056211
16149758
14992968
15251463
16164982
15270984
17901738
15823496
14523049
16787137
16709586
14434390
15341649
14542377
14707696
13543663
13484078
15728181
14103420
14016952
14060522
16759977
15440868
14443803
14055521
15970708
14410337
14702724
14674105
15109612
17252860
15931681
14204505
12894411
16905520
15154692
16179547
13718237
13228319
14356137
15671499
16613440
14560452
13588849
14709173
15414987
15369389
13611771
15367210
12994795
14010717
17308018
14679783
14518206
14565544
13447023
13270683
14922669
14078332
15278443
14778787
15539259
14912294
14870232
13901856
16980486
17796737
15202387
14834903
15133991
13653575
13958452
15301813
14166461
15980222
16228432
16575508
15322957
12786755
12228929
15405672
16455646
15627448
15182288
17830197
17136480
15688478
15305707
14041813
15368374
15540773
14702223
13969800
15781703
13319735
15215865
15331613
13993739
14978252
14918424
15292379
16565929
14391911
15583071
15444029
14697376
14789302
15199972
15116614
13924834
14571166
15103927
17946764
14219853
15957390
14729376
15664803
15236870
16065600
14285217
17050617
15047110
15363523
14681852
16091282
15012443
14649236
14432055
15532848
14790723
18096235
14738718
14110246
13959467
15209887
13963488
16835926
12117782
16011399
15289590
14099061
13402257
14633271
14771418
16571461
14648614
14901969
14440883
15757778
16452396
13954170
15058107
15363483
16463455
16133435
15257143
16405782
16211301
15659514
15627051
14479877
16596566
13209323
15017665
15595792
13044684
16005548
16644696
14420314
14882448
15696593
15622040
14263953
15423090
15345875
15539617
16307715
14797219
14427747
13965611
14534682
16473295
13955998
16018417
14409550
14533597
15783190
16029933
17085349
15770090
15280425
14698277
15149297
14464657
15588695
14491925
16567518
14634389
14084046
15044690
13763684
13944764
13477268
15011028
15481874
14254080
15225492
16402577
13855799
12759789
14769418
16192203
14763383
13175273
14105707
15273881
15473636
15330601
15160904
13994755
14682407
15907180
14736059
15627131
16344690
14859555
16651581
14956210
12788521
14601904
13684316
15022214
14241704
15744889
15374783
16654517
15845774
14362848
15646982
15369095
17100025
15378281
15337065
14677014
13058301
15036089
15654006
16185143
14151003
14978858
14415247
14932399
15823060
16178710
15119797
13656948
15515531
14989210
13750795
15086179
14730252
14216812
15608025
16136311
15762862
16407553
14599741
14573180
14896107
13764726
15829312
16763275
16293145
16055114
15025856
16075088
14129257
15167464
14766491
16837106
14628644
15765766
16812856
16867361
13879123
14767644
15096171
14827038
15407223
15746580
14734183
15674980
15739700
14522283
17525722
15715104
15681036
14539814
13908032
16146035
14737113
15692503
16006732
15000327
15191096
16065596
15440188
15408290
15551799
15336220
16259771
13879708
15853828
14051298
15823227
14349527
12985239
16651695
15166033
13109123
17447621
16486531
15317971
16127014
14403745
15592936
13731806
15301907
13757446
16871367
15680673
15426362
16116554
14445362
15311313
14844313
14661310
14288401
14689290
15504246
15935238
14971027
15566905
14354099
15495455
14809415
14996032
15934406
14214539
15292808
16580796
16430765
14561950
13741903
16654364
12783269
14624588
14090375
15251910
14589581
15142900
16194574
15734621
15833986
14843287
15481419
13582359
15782415
14317950
13574657
14298789
16671618
14342476
15376234
16882510
15251914
15025305
14867876
13910582
14494684
14580317
14155050
14785407
16396450
15102382
13987549
15270557
14217924
16199384
14854120
13578517
14220658
16214391
13849380
15268140
15053309
16643675
14264629
15054552
14965550
13397500
15244159
14754851
15262467
15178428
14593571
14755663
13832606
16150349
15511667
13422688
15771256
16614221
15539565
15822004
14883748
16028813
14907719
15202870
15287234
15187437
15736567
15507283
15087444
13596618
14090362
14421296
14329221
11574778
13406547
15511741
15126709
14714344
12741961
13833083
15482177
17190258
16031385
14895229
16481159
15397611
15637115
15283255
15189928
15921396
15431391
15871096
16174696
14260315
15061696
13793934
16660303
16298754
16308449
14097594
14543738
16424030
13803327
15212218
15196986
14979696
15860632
14688469
15380642
15186881
15473196
14634304
17141041
14344444
14905338
15742648
16673883
15145076
16033870
14740712
16406043
16361764
15221668
15940624
15847473
14511748
14042700
15447828
15151981
14906398
16320549
14933897
15924800
15763344
15530377
16099135
15627117
14438298
16010071
14745370
14453492
14349516
16310271
14659712
14922444
16508399
14411609
15419713
15958087
13734410
14420496
16144554
15073421
13720773
15852927
15523281
15771059
15677719
15339899
14687563
15197981
15999368
14258865
15423888
14065436
15688407
14519924
14913242
14926779
15936464
15388738
14658281
12851081
14401203
13082019
14065107
17040749
14818237
16338802
14396256
14197067
15304868
15385383
15858830
15424172
14489904
14683892
16170677
15307113
16402610
15738390
16275481
14249635
14293939
14983284
15146719
16986524
16065126
16529398
14697087
15447582
15712017
16691001
16170196
15386830
16212792
16416166
12536071
14637754
14030927
15135711
15633820
15215759
15156196
16440954
15552604
16636034
15501349
15685054
14486246
13822828
13659991
14842390
14462443
14887208
14958214
13847845
15269256
13755363
15758237
14143418
15983853
15225911
14761176
16269455
15882547
16797486
14987486
16857566
15874477
15757294
16455028
14436935
14188666
13623076
17464194
16348573
14919621
14223263
13690556
15368485
15004475
13929015
15806744
14554078
16545051
14985876
16437065
16540051
14688626
16385437
14654301
16108632
16026804
15067699
13931889
13675061
13629756
15872514
15453629
15580026
14452045
17046124
15548477
15539441
15704509
17217042
16247838
14698983
16739086
14362299
15469947
12452687
15675680
14669532
16030835
14121983
14961375
14331452
15430507
16462553
16336534
15127977
15854912
14669744
16139780
16243856
14256554
14579246
15544988
14033473
17623312
15131158
15447218
14851539
15889256
15230439
15551676
15254899
14353284
15425107
15896505
13642627
16545143
15548970
14980905
15101145
15092387
13215792
13517442
15548555
14272671
15086441
14704747
14694228
14415106
14308644
15655291
15682438
15133777
15335296
14872247
13985404
15804758
15538790
15516007
15019299
14685984
16463838
15368079
14378719
12546313
13491511
14934951
14556491
14821620
15133312
13495719
16161754
14584681
14818215
15718367
15123387
15225117
15147201
16721235
15642980
14327209
16959638
13247170
16897389
12617752
13662054
17347397
13426250
16242497
14892360
14909485
15678624
15134126
14758046
15373796
13847577
15852383
14918131
16285784
16323693
14349912
15266661
12020714
14424590
15618587
14416172
14281333
16964760
16411023
14422936
15976148
16447277
14331037
15627430
14955899
13463973
16238973
15855312
13624729
14773491
15063409
16338511
15040318
16096658
15329817
16788395
15811518
17214504
14342653
13618395
14898177
15407914
14673236
13190135
12696136
16302707
15921188
13554527
14701247
14567463
14497907
15953710
15234806
16180055
14734325
14806022
12860669
14964414
15317422
14367280
14423583
15715105
15753996
15289997
14175561
14935548
15271703
16457523
14943119
15497871
16601099
15107612
15278053
12340490
14393108
15022387
16270295
15262933
14992622
15679458
14998492
14490393
14634517
15242606
14811041
16217463
13885816
14872766
15572495
15068018
15857875
16066362
15249838
15266394
15842921
14653313
15174889
14657348
15025799
15367978
14309516
15250661
16787118
12758910
15128806
16070644
14857881
15912462
13520324
14508983
15361060
13213104
16011855
17127525
16467696
13159154
14058934
15791791
16350591
17103970
14238658
17024228
14844476
13686757
15707323
16294822
14067616
16013750
16570112
15727317
15454847
15829986
16603234
16378318
16266783
13881055
14717230
14522896
16471025
14485447
15426475
14692763
14445917
15431664
16714396
14219879
13936981
14830359
15512893
15438606
14164083
16630524
15753549
14684587
15486746
16343341
16098400
14090091
16172007
13840768
15220681
15326357
13236549
14383834
16496709
14697071
15676054
16996994
13889587
15361120
15397381
16570884
13677352
15126067
15706621
13170606
16147349
14910150
15461842
14442201
16387796
13110382
15342782
16110923
15792451
14900040
14568248
15638438
13853105
15214854
15031703
14944766
15179995
14602712
13878935
15402431
15459591
15250359
16453142
13445646
16746432
15097094
14775582
15874519
14888058
15655068
13809363
16819431
13476563
15121185
13966658
15585790
16987615
14496393
15068994
15720709
14664657
15977418
15796467
14115812
14892941
16003204
13815101
15843538
15170413
15651735
16853967
15352001
16631175
15134956
16201333
14349272
14656943
15174679
15943872
16031133
15127339
12990777
16183268
16620478
15596746
16169143
15646877
14746935
14907999
14388599
14838918
15590854
15543316
14347830
15332765
15800100
16561589
14481944
14339072
14861770
15273629
14803344
14202791
15473569
14553411
15841854
14096060
14567725
15798121
14605244
15837063
15916884
13898467
15106701
13939892
13167510
15847061
17373746
16170118
12622237
16001433
15898295
14557022
12569261
15121336
14864461
14971726
14289252
14830325
15883252
14190759
14453989
15173921
14850225
14796250
14834044
17444059
15845892
14141049
15857227
16505505
13874706
14731516
13378817
14398627
16355042
15066492
15966660
14558179
13861927
12535385
15229592
15745984
15068703
17406788
13399211
15278114
13885008
14628456
15632025
16113992
14507897
15574722
17048534
15132727
16557322
15356601
15971829
15615499
14292403
14117383
14613755
13798732
16955851
16136537
16253631
15750766
15593514
15521272
15884791
15495720
16105766
14794969
14449762
15918031
14509279
15576722
17121338
13393012
14048084
15017934
14750040
17129462
15476059
15070407
14796660
14615758
13934111
14954683
14176524
14854751
16755364
15980476
15549614
14862102
15543242
15305766
16873734
16250807
14979133
14695511
14839956
14812307
15359897
13432036
14783044
14071140
15236596
14528022
14342614
14358560
14106109
15524691
14900083
14959138
16584338
13598688
14951234
16837653
15362872
15686102
15814427
16733707
14871281
15836068
14536893
16899657
14345896
15950678
14226136
14018117
15109047
15674056
15841563
13309557
14531981
16428568
16734160
16510021
16928609
14821083
14754822
16137769
14936799
15354372
15772842
13489209
14886922
14500989
16052167
16766147
15731812
14881489
15207945
14582856
14543636
15512130
14350057
15766697
15176618
13162765
16274654
15614255
14324467
15532800
15959294
13431767
13160529
14158735
14095720
14074487
14375031
15631328
16341197
16776206
15115136
13931484
15692657
15680285
14412758
15509855
15067158
12635274
14056265
13231207
15678413
14543352
16543768
17353254
15670413
15166937
14315707
15125397
13304265
16457206
13667158
15181605
15024357
15749695
14530555
15300906
15041335
15176948
15303169
15493945
15021758
15331344
16190744
16343284
14659669
16275264
13906009
13971904
15115541
12123514
15840276
15303579
13984987
15589123
16071236
15498789
14692170
16351039
14494487
15864026
15801137
14048240
14535149
15763750
17265965
15185913
15773454
14914136
15915918
16614454
15476639
14075163
15552545
15197972
14760850
15642692
14279097
15034657
14173567
16275787
14776288
15877098
14470929
14059455
14237223
14825837
15406054
15436329
16036378
13866296
14559709
13754047
13932683
15331666
15920134
15128383
15067023
13249875
16443920
14741416
15688566
16670624
14910216
13543561
16419069
15190588
15947631
15837316
15677546
16348819
15303432
16632480
15383323
15590777
15623821
15079975
14142339
12796659
16673825
14409937
15452832
16218967
15546272
14380231
14764294
14368701
13357663
16056063
14789894
16216783
13376762
15489650
13791664
14767506
14542073
15891540
15708368
15842085
15880024
14328786
13776467
15569435
14458215
15238551
15349837
12927838
15031881
15204387
16243158
15446351
15570097
15518067
18111584
15393575
14928745
14966954
15653713
14862173
15319127
14697719
15461925
14121255
17467060
14425209
15505673
13420615
15641053
14412799
14621715
16623195
12579448
15418072
15423245
14590803
16891068
15513945
13493792
15280915
15917349
15174501
14384758
15591145
16568062
15097335
15361193
15862372
13125846
15060680
15885257
16041382
16226612
15152276
13769905
16042508
16049766
16499488
16569404
14256718
16417757
15988210
17903741
15883542
16304975
13865068
12519698
15297075
18451270
12741916
14267572
13661358
16730348
15460874
14493951
14783339
17284987
14979840
14514676
14828917
15306678
14835031
16435156
15517145
15421122
15287436
15710391
15176847
13682317
15930185
15279867
16070937
15191719
13977777
15537222
14289154
13591214
17026997
14725875
14162360
14766707
15888291
15876066
14731369
14218060
14502171
14834950
13649259
15500859
15160353
15015415
16140743
15077259
17140196
15712064
15459925
16019319
15162234
15230488
14090013
16641929
16335552
16779234
17793305
14464537
16592509
15085501
15570904
13623314
15820839
14542418
13905881
15745959
17180894
15113074
14498186
15929939
16577075
14556908
14349384
12956082
15220269
15494943
16834856
14958251
14335259
15114219
14742998
14757840
15672658
16132930
15092494
13665232
14817303
17556588
14242044
14129510
15078137
14139377
15674451
14478663
13922170
14859754
14509443
16237994
14793619
16637111
14666648
14986418
15248900
15329696
16176190
17284170
14250186
15083286
15464675
16052606
15398848
15124608
15086914
14067797
15390696
15097683
14793159
14820163
16025652
16667666
16067957
14065390
17118649
14762261
13606980
15501716
15710961
14672557
16093390
15710694
14622770
14520016
14679373
15882709
14698789
16352740
14319499
14742065
15491199
16124945
16511466
14497853
14028288
15869313
15994286
15943583
17248732
16795682
16296942
15202134
12886073
15022320
15468037
15242774
15092325
15249800
15119092
14643756
14539154
14326733
13865022
15724864
15856040
13923580
16117729
15788197
16695086
14689522
16920227
14596478
15382915
14666736
15092549
16412736
14102853
15153685
16496349
14826263
15702786
12735724
13755521
15311135
13650341
14778447
15563914
13818340
14481012
14155074
15736052
14714146
17110283
15280057
14600716
15143833
14810005
13569291
16317748
14354680
15226143
14136587
15032918
14459023
16479931
14924881
13074317
14493093
15693855
14101191
13443047
17425419
14549129
15904355
13560304
14642768
14606654
14401660
15150424
15940725
14630360
16402725
16152890
15302271
14214041
17294085
13600757
15423970
16549779
15146442
15554160
14777615
14021584
15340191
15442413
15337938
15901605
15799776
15070209
14909994
15075516
15326156
15198485
15747893
16728512
16950967
15934409
15951596
15629858
16215315
16290259
13824868
14482924
16293568
14602365
14376451
15439488
15179726
15795038
14656767
14306050
15648165
14219428
14235749
14646111
14319430
15022273
14608047
14557501
16785185
15025263
14124032
13338387
14397529
15670781
15079624
14952699
15337926
15624337
16324273
14121422
15140399
15146253
15008540
16393457
13461441
15567705
14778642
14163590
16974235
15879948
14894293
16735851
15717175
17141050
16563990
16862326
15400826
17581745
15476725
14704252
14718271
15292471
15540207
13530730
16296794
13836749
16077003
15286456
12689844
14756084
15485450
16173385
16516213
14359334
14846429
14297721
15747472
14203557
13917701
15125125
14459701
14378021
16343092
14974214
15180173
14971999
15316669
15496337
14385600
14056650
14479409
16272082
14998889
16394210
13685149
15144096
15424388
15158169
15261198
15612732
14929322
13777772
15125611
13791940
16112579
15638367
15552736
14637618
14695440
14377190
15328694
15834187
14275961
14573598
15776078
15610292
16668000
16009413
16341061
14150411
13531950
15396643
15725416
16757851
15691292
17313101
15533934
14552618
15865001
15102374
15079709
14877384
14253119
15019180
16211785
15462255
14575687
17517184
15827162
15479471
15092770
14650059
16442794
13430751
15115435
14775578
16249382
15682647
15227201
16613166
16725430
15154130
15668803
14392739
14360409
14413198
14948774
15142472
15362323
14840019
16019943
15193126
14567134
15283748
15146189
16457433
14558085
13021574
15646798
16541864
15014090
13568850
13982409
16719982
15012843
13549445
14798256
16471015
15617773
16367750
15928661
15397522
13860694
14942542
15608113
16633470
14645107
15241317
17010659
17174668
14690581
16559674
16941136
17388576
16214119
14084381
15451373
15024547
15698255
15277507
17018453
14578207
16536717
14983655
16145948
14819650
15002010
13713282
16001890
14675355
14362419
13115692
15253419
16532792
15405568
14588764
15991277
13958459
16168540
17011131
15645528
14310920
15658419
17063266
16849625
14977638
15593048
12942361
15529173
16079651
15273294
15308123
15217617
15871866
15428106
14794281
15510338
15981673
16299583
14170252
14657729
13783685
15014150
15761867
16586267
15535006
16189312
14495963
16824550
15995275
14889945
14136714
15303563
14490301
15733977
16830645
15654028
14737674
16634088
15372279
17218151
14658898
15808812
14966546
14371654
15476035
15906258
15862134
15314958
15309210
13959136
13140287
13964190
16374254
14099222
15541667
16231330
15743406
15070319
14934290
15383150
13607975
15099123
14477006
16366391
15466496
14847882
16266208
17717010
15751014
15104229
17131860
16859111
12615047
14096509
16541846
13985613
13670568
16077657
15120932
14573419
13376549
15687476
16460592
15059436
15576363
14933661
14510011
16208290
14815232
16567496
15219316
15692624
15087742
14481799
15691312
15923518
14482255
15574374
14835825
14286666
15660401
16602955
14492079
14141079
16170238
16505991
15900290
14454508
15701818
15279466
14317367
16230987
14709760
15241500
14754348
15283968
14847324
14545618
14487727
15417945
15856057
14345043
16243181
17117285
15139717
14326019
15448548
15972185
14743145
14764937
15161215
15297278
15588086
16372429
14682898
14776553
12631733
15713126
15961657
14784826
16758229
14044579
15364732
14516321
14549910
14898795
14709296
14520983
16812483
15562001
15631738
16817933
17418371
15072621
15792026
17375833
16733211
16785254
15629899
15346658
15255432
13597118
15206116
16257668
14991457
15674077
16502836
17988624
15632850
15027126
17506831
14920303
12973952
14581650
14244621
16029934
13640492
14543049
14419664
15109914
16087195
13813522
14146588
14224881
15524693
15409384
14132155
14732917
14884549
15578318
13989321
14508744
13260378
16262076
15377127
14538518
16675649
14697123
15218944
14208393
14662845
15280770
14983371
15542825
15519527
13850074
14871064
15194305
15440513
14772181
16017343
15988600
14941370
15275126
16600960
14705705
14889209
15123767
14910745
14229158
13506480
13871051
14550410
16059791
14048350
15022651
13226271
14285759
14752222
16710539
15348265
14442280
15108527
16571925
16644256
15370206
15832650
13872587
15543933
16326348
14723252
15629555
14929972
16270776
13157677
14581136
15651648
15374111
14679001
14894294
15324589
16231780
13900740
16085834
14966256
15226219
14028561
14925258
16401756
16235660
15526680
14387571
15942985
15411744
14936440
16417991
14171659
16171981
15319549
16071646
13585070
16363102
15314428
17778507
15672452
15107860
15280388
15311142
16834328
15055203
15107574
14197694
14188413
14685284
14902449
13760835
13168030
17604381
15130010
13834680
16474405
13850963
15158421
12823836
13198283
15788738
14878729
14598607
16398314
14676740
14519165
15451547
14273415
15952177
16974818
16171214
17723632
15214279
14359821
12834374
16865458
15174518
15182973
14064351
14899062
15501440
15656700
15110984
15345753
16288463
15699225
15145281
14904134
14457339
13691171
13676309
15435643
17284251
15479635
15590014
14667933
17260053
14849816
15717746
14260833
17218845
14841876
15439154
14771366
17600127
15310600
15102608
14011655
15413102
15317777
15207712
17044266
12867791
14728838
15464649
16148346
16346109
12767428
15411157
14417834
14585801
14415918
15210745
14228126
16588253
12557589
16315773
14805146
15960415
14872623
14339403
15564686
13345961
17762202
15260102
16425125
14450482
13600966
14924866
14407033
16728306
14605214
12712830
13729719
16140051
15946655
14249869
16201803
15518844
17187174
15294137
15151494
14741048
16403416
16553446
14716183
14539791
15471624
15746992
15792426
14917329
16164070
13753979
14055383
15787568
14862485
14004981
15610649
15541806
16494216
14206884
14770278
14160070
15743802
13223352
15995566
14418203
16478623
15059088
15594619
14282396
15506229
13700097
16165304
13771777
15958321
15054873
15312958
14865871
14658704
15491667
14502806
13037333
14415342
14422467
16649921
14716935
16291358
13786120
16487710
14675974
15685515
15715846
14844330
14768034
15218503
16919276
15299155
15457077
14708348
16026741
16463683
15337554
13637858
14444678
14018329
15133356
15340581
15199976
15639090
16182428
14884443
14900815
15965103
14014006
14763245
14348765
15399562
14490159
15696652
14240036
14623378
15291484
15592297
15713759
13732877
15276121
16018762
15210302
15864591
16425976
15956599
13806148
16382615
16248573
14895890
17326594
15440752
14434864
15299645
15489320
14874912
13987213
15631679
14046372
14446471
14312166
15391825
16849893
16200439
16039884
15469174
15085103
14766892
16826583
16015109
15565644
15254046
15912567
14444109
13292581
13351877
16502823
13781958
16842831
13183164
15842963
15076762
13646810
14185495
16351738
16204080
15556141
14001665
14424572
15988233
13411053
16989817
16780744
15144339
14040633
15639881
14707606
15900590
16091791
15982813
16454938
16522263
16561818
15442083
17259118
14584701
15101122
14120570
13871779
16395799
14917834
14735271
15434916
15987055
13718406
15623642
15276624
15027632
14442380
14637347
13035047
16243550
13382897
15952019
17015449
14766954
15199930
13780452
14859043
12765842
15688198
14597704
16037399
16450864
14571791
16206934
14496942
15718440
15836179
14243208
15818417
16088278
16206467
17027475
16095503
15479991
13538159
16100962
14614943
14097306
16512416
14675063
14164630
12695070
15932713
15722713
14615008
14572295
14793772
14780990
16030335
14372515
14635693
14992199
15081822
16114268
15125450
15064954
15687449
14383867
14794826
14980329
15799495
15067977
15991401
14891156
13767167
14559115
16231070
16751693
15824485
16052460
13852376
14690086
14617720
16832393
16231085
15997960
14761862
14903323
15621436
14642264
15964198
14322545
15295190
15627032
15611823
14899246
14144335
15347157
15864316
15384775
15204044
14933423
15117499
14839327
16337066
14932799
15754926
13469165
14490607
13770503
13696016
16079632
15786559
14691580
16021100
14570411
16184856
14190337
15558694
15895895
16221632
16585991
13288329
14212934
16507046
14779550
15762364
15234222
14073205
14380874
15155835
15260524
15945567
14449365
15334239
15431696
16547165
14849146
15821521
13730129
16380574
15783377
14092845
14108438
15862402
15827885
14927478
13976879
16214428
15114734
14539865
15099378
15602006
15849345
15302079
14944094
16422926
14741061
17398938
14968190
14369197
15573405
16053807
14816006
14694037
14946250
14039526
16165565
15223789
16431552
16159441
16111057
15531893
13475483
15770293
14102085
14982612
15052213
14382893
15423669
13997817
14192212
16986108
14201353
15258015
16998218
15397257
15982181
15058215
15391290
15244856
15617872
14320930
16112754
14954219
14426369
14652161
14272545
14350527
15192935
16105409
15147800
15320864
13211265
15822132
14994728
16064461
15832472
15620102
15391272
15251332
16984893
13084706
14941031
15310472
15951929
15842726
15336234
16454099
15985229
14146429
15791214
16045622
14099556
16324690
13495055
13961125
16704689
16046918
14618004
14680327
15749148
15080792
14555262
15677355
14562657
14535831
13413295
15414232
16835658
17138159
15521121
14890330
17096613
15656423
15174032
14652058
14722849
16711610
15967212
14881483
15702946
14365050
17114295
16110237
16253143
15764432
14948829
15014173
14887657
15366010
15253982
14298250
14494287
16472505
17421127
16054525
13407700
14225069
14492531
15574336
13690198
16744273
14356973
13651392
15957657
13937202
15236062
15366816
14775356
14846197
15728573
14051824
14557077
13825557
15879587
14241838
14229700
15509736
15976961
12644370
14462316
15943903
14663827
16086412
16364258
16147627
15439718
15059464
14422626
13838889
16327571
16384540
14914471
13012454
15916711
14451747
14967899
15457554
14020938
14982191
14416064
15403640
15706117
16757445
16258471
15488031
14436821
16444299
15601541
16034490
16409200
14356639
16337874
15871593
15906336
12733789
13696415
14885919
14494978
15800627
14211231
16238978
15343611
14544523
16671752
14526388
14644444
14214980
15578700
14591437
14052685
15812850
16152699
15866045
15959434
15094374
14828348
15102906
15098766
14954661
16270624
13851982
15729738
15189109
14274758
14075471
15305605
15137856
13677166
16197328
16707364
16185660
15332786
15710446
16706924
15024004
15714696
14985437
14429852
14164129
15653997
14203115
15716962
15659838
16870552
15203583
16804068
15033700
16533581
16723817
15446895
14964757
15369167
14100274
16563890
13688358
14639363
15598225
14844932
15333806
15733246
15491310
16903595
14234951
15720868
15876135
15347147
13903887
12642173
15599254
14196997
15779120
17008367
16673414
15296264
15111717
15570585
15106427
16029335
14436557
15968806
15959271
16599089
16125731
15228979
15333883
16453814
15013416
16653293
16834181
17123568
14045673
15230120
14176911
13054707
15230333
13726164
14714179
14848232
14399303
15712277
15852102
15727825
15607041
15880169
14530858
14243919
14253996
15281440
14915246
15069213
13969901
17031713
14925828
13274464
15867731
14861202
16436846
13029952
15489210
15159719
14422597
15824134
15604615
14068517
14712535
14324325
15044286
14900335
17114250
15716373
16199914
14086194
13381600
16462684
15697349
16292311
16544695
16694803
15245860
14964509
17021755
14265925
15136441
14626405
13183400
14242118
14617241
16117569
15954102
15306646
14578726
15530298
14481078
16112840
16724576
14543013
15219403
14897686
14187306
16232197
15763500
15808979
14295488
14413416
14865805
14941013
15064198
15252678
15080966
16250118
14681969
13982171
13908137
15004391
16078422
16464476
15693618
14775181
15907729
15116731
14432019
14594126
15667887
13729139
15315567
13707091
16542566
13518968
15927844
18973045
15416091
15441538
14336601
15780338
14891779
14837004
15556906
14747183
14653202
15724517
16218601
15747584
16391556
14716964
16352299
13329392
13744577
14210123
16098193
14081972
15161984
15715106
15683166
14239035
14845304
14407834
15486404
14862094
15229030
16756480
15530325
15957361
16370758
14618223
15000443
15521476
16443119
13463515
15863227
16589163
15802982
15584046
14673527
15363356
16628568
15826056
14425949
14651554
15665481
16119874
17018329
14743382
15019171
13911160
14229898
15059742
13025360
14408990
13807238
15562091
16387157
16086825
15919421
15309372
14939878
15423657
14682117
13269831
13546408
14815315
15003244
16227297
14523197
17005096
14956682
16379192
14698839
15052193
14965873
13798727
14412350
15958025
15729186
15413927
15163060
15523581
14037209
15567688
