0.125
0.14285714285714285
0.07692307692307693
0.08333333333333333
0.06666666666666667
0.09090909090909091
0.09090909090909091
0.09090909090909091
0.07142857142857142
0.1
0.06666666666666667
0.07692307692307693
0.07692307692307693
0.058823529411764705
0.125
0.0625
0.3333333333333333
0.06666666666666667
0.07142857142857142
0.08333333333333333
0.3333333333333333
0.1
0.08333333333333333
0.07142857142857142
0.07142857142857142
0.043478260869565216
0.07142857142857142
0.08333333333333333
0.1111111111111111
0.07142857142857142
0.08333333333333333
0.07692307692307693
0.05555555555555555
0.07692307692307693
0.1111111111111111
0.08333333333333333
0.1
0.09090909090909091
0.1111111111111111
0.07692307692307693
0.1
0.058823529411764705
0.05555555555555555
0.14285714285714285
0.06666666666666667
0.06666666666666667
0.05263157894736842
0.1111111111111111
0.125
0.08333333333333333
0.06666666666666667
0.06666666666666667
0.07142857142857142
0.2
0.1
0.07692307692307693
0.14285714285714285
0.08333333333333333
0.1
0.1
0.08333333333333333
0.07692307692307693
0.1
0.16666666666666666
0.0625
0.06666666666666667
0.09090909090909091
0.06666666666666667
0.05263157894736842
0.1
0.25
0.16666666666666666
0.05555555555555555
0.09090909090909091
0.09090909090909091
0.1
0.07142857142857142
0.125
0.1
0.0625
0.047619047619047616
0.07692307692307693
0.08333333333333333
0.06666666666666667
0.08333333333333333
0.07692307692307693
0.08333333333333333
0.07142857142857142
0.05
0.05555555555555555
0.16666666666666666
0.1111111111111111
0.09090909090909091
0.07692307692307693
0.14285714285714285
0.1
0.07692307692307693
0.0625
0.1
0.2
0.14285714285714285
0.2
0.058823529411764705
0.14285714285714285
0.16666666666666666
0.0625
0.08333333333333333
0.16666666666666666
0.0625
0.25
0.09090909090909091
0.05555555555555555
0.07692307692307693
0.09090909090909091
0.07692307692307693
0.058823529411764705
0.14285714285714285
0.07692307692307693
0.1
0.25
0.08333333333333333
0.06666666666666667
0.09090909090909091
0.07692307692307693
0.07142857142857142
0.09090909090909091
0.07142857142857142
0.07692307692307693
0.06666666666666667
0.05555555555555555
0.125
0.2
0.2
0.1111111111111111
0.1111111111111111
0.06666666666666667
0.125
0.05555555555555555
0.07692307692307693
0.07692307692307693
0.16666666666666666
0.1111111111111111
0.09090909090909091
0.1
0.1
0.08333333333333333
0.09090909090909091
0.05555555555555555
0.1
0.125
0.125
0.07142857142857142
0.125
0.1111111111111111
0.07142857142857142
0.1
0.2
0.1111111111111111
0.125
0.1111111111111111
0.1
0.07692307692307693
0.1
0.3333333333333333
0.07692307692307693
0.125
0.0625
0.1111111111111111
0.08333333333333333
0.058823529411764705
0.07142857142857142
0.125
0.058823529411764705
0.0625
0.07142857142857142
0.07692307692307693
0.07692307692307693
0.1
0.07142857142857142
0.09090909090909091
0.058823529411764705
0.16666666666666666
0.0625
0.1
0.16666666666666666
0.1111111111111111
0.09090909090909091
0.07692307692307693
0.05
0.0625
0.058823529411764705
0.1
0.058823529411764705
0.07692307692307693
0.06666666666666667
0.05555555555555555
0.125
0.1
0.1111111111111111
0.06666666666666667
0.06666666666666667
0.05
0.06666666666666667
0.06666666666666667
0.09090909090909091
0.05263157894736842
0.1111111111111111
0.25
0.09090909090909091
0.1
0.1111111111111111
0.1111111111111111
0.09090909090909091
0.1
0.058823529411764705
0.09090909090909091
0.06666666666666667
0.1111111111111111
0.2
0.2
0.16666666666666666
0.16666666666666666
0.07142857142857142
0.14285714285714285
0.08333333333333333
0.09090909090909091
0.1111111111111111
0.09090909090909091
0.05555555555555555
0.0625
0.1111111111111111
0.05555555555555555
0.08333333333333333
0.09090909090909091
0.2
0.16666666666666666
0.2
0.08333333333333333
0.1111111111111111
0.1
0.16666666666666666
0.125
0.08333333333333333
0.1
0.05555555555555555
0.08333333333333333
0.07142857142857142
0.06666666666666667
0.09090909090909091
0.1
0.08333333333333333
0.07142857142857142
0.06666666666666667
0.16666666666666666
0.09090909090909091
0.09090909090909091
0.09090909090909091
0.07692307692307693
0.07142857142857142
0.08333333333333333
0.16666666666666666
0.07692307692307693
0.05555555555555555
0.07142857142857142
0.1111111111111111
0.0625
0.1
0.06666666666666667
0.06666666666666667
0.058823529411764705
0.06666666666666667
0.07142857142857142
0.07692307692307693
0.1
0.09090909090909091
0.05555555555555555
0.07692307692307693
0.1
0.07142857142857142
0.08333333333333333
0.14285714285714285
0.09090909090909091
0.07142857142857142
0.06666666666666667
0.125
0.1
0.06666666666666667
0.07142857142857142
0.06666666666666667
0.1111111111111111
0.07692307692307693
0.09090909090909091
0.16666666666666666
0.1111111111111111
0.08333333333333333
0.125
0.08333333333333333
0.07142857142857142
0.125
0.0625
0.14285714285714285
0.08333333333333333
0.125
0.14285714285714285
0.08333333333333333
0.06666666666666667
0.045454545454545456
0.1111111111111111
0.1
0.0625
0.09090909090909091
0.0625
0.125
0.07142857142857142
0.06666666666666667
0.05555555555555555
0.06666666666666667
0.1
0.058823529411764705
0.16666666666666666
0.05263157894736842
0.07692307692307693
0.2
0.125
0.09090909090909091
0.09090909090909091
0.125
0.07692307692307693
0.07692307692307693
0.125
0.05555555555555555
0.07142857142857142
0.07142857142857142
0.1111111111111111
0.07142857142857142
0.058823529411764705
0.2
0.1
0.14285714285714285
0.1111111111111111
0.08333333333333333
0.06666666666666667
0.07692307692307693
0.09090909090909091
0.14285714285714285
0.05263157894736842
0.06666666666666667
0.0625
0.1
0.16666666666666666
0.14285714285714285
0.1
0.09090909090909091
0.1111111111111111
0.16666666666666666
0.06666666666666667
0.125
0.07142857142857142
0.07142857142857142
0.125
0.06666666666666667
0.05263157894736842
0.125
0.05
0.1111111111111111
0.09090909090909091
0.07142857142857142
0.09090909090909091
0.09090909090909091
0.14285714285714285
0.07142857142857142
0.07692307692307693
0.058823529411764705
0.07142857142857142
0.08333333333333333
0.1111111111111111
0.09090909090909091
0.05
0.07692307692307693
0.09090909090909091
0.125
0.09090909090909091
0.16666666666666666
0.08333333333333333
0.06666666666666667
0.058823529411764705
0.07142857142857142
0.08333333333333333
0.08333333333333333
0.08333333333333333
0.2
0.16666666666666666
0.0625
0.1111111111111111
0.058823529411764705
0.07142857142857142
0.0625
0.25
0.08333333333333333
0.08333333333333333
0.08333333333333333
0.05263157894736842
0.09090909090909091
0.1111111111111111
0.14285714285714285
0.07142857142857142
0.1111111111111111
0.09090909090909091
0.1
0.1111111111111111
0.2
0.07142857142857142
0.09090909090909091
0.2
0.058823529411764705
0.1
0.1111111111111111
0.1111111111111111
0.07692307692307693
0.08333333333333333
0.08333333333333333
0.0625
0.125
0.1
0.1111111111111111
0.09090909090909091
0.0625
0.07692307692307693
0.14285714285714285
0.0625
0.1111111111111111
0.09090909090909091
0.07692307692307693
0.07142857142857142
0.1
0.08333333333333333
0.08333333333333333
0.14285714285714285
0.16666666666666666
0.1111111111111111
0.06666666666666667
0.14285714285714285
0.1
0.1111111111111111
0.06666666666666667
0.08333333333333333
0.125
0.07692307692307693
0.16666666666666666
0.058823529411764705
0.2
0.07692307692307693
0.08333333333333333
0.09090909090909091
0.125
0.07142857142857142
0.0625
0.0625
0.1111111111111111
0.14285714285714285
0.2
0.07142857142857142
0.14285714285714285
0.08333333333333333
0.16666666666666666
0.1111111111111111
0.07692307692307693
0.05555555555555555
0.2
0.1
0.06666666666666667
0.125
0.1
0.09090909090909091
0.07142857142857142
0.14285714285714285
0.0625
0.05263157894736842
0.07142857142857142
0.1
0.06666666666666667
0.08333333333333333
0.09090909090909091
0.1111111111111111
0.08333333333333333
0.16666666666666666
0.05263157894736842
0.1111111111111111
0.07142857142857142
0.1
0.14285714285714285
0.09090909090909091
0.07142857142857142
0.1111111111111111
0.07692307692307693
0.08333333333333333
0.125
0.07142857142857142
0.16666666666666666
0.058823529411764705
0.1111111111111111
0.125
0.1
0.06666666666666667
0.1
0.14285714285714285
0.14285714285714285
0.1
0.08333333333333333
0.14285714285714285
0.1111111111111111
0.0625
0.06666666666666667
0.14285714285714285
0.08333333333333333
0.058823529411764705
0.07692307692307693
0.1
0.09090909090909091
0.1111111111111111
0.07692307692307693
0.09090909090909091
0.08333333333333333
0.16666666666666666
0.09090909090909091
0.1
0.2
0.058823529411764705
0.1
0.16666666666666666
0.14285714285714285
0.16666666666666666
0.1111111111111111
0.1111111111111111
0.07142857142857142
0.08333333333333333
0.1
0.16666666666666666
0.05555555555555555
0.07692307692307693
0.14285714285714285
0.07692307692307693
0.07692307692307693
0.1111111111111111
0.2
0.1111111111111111
0.125
0.09090909090909091
0.08333333333333333
0.08333333333333333
0.1
0.0625
0.1
0.07142857142857142
0.1111111111111111
0.05555555555555555
0.06666666666666667
0.08333333333333333
0.09090909090909091
0.14285714285714285
0.05555555555555555
0.16666666666666666
0.14285714285714285
0.25
0.25
0.14285714285714285
0.09090909090909091
0.058823529411764705
0.25
0.2
0.09090909090909091
0.0625
0.07142857142857142
0.1111111111111111
0.047619047619047616
0.1111111111111111
0.08333333333333333
0.0625
0.07142857142857142
0.0625
0.125
0.07142857142857142
0.16666666666666666
0.07142857142857142
0.08333333333333333
0.07142857142857142
0.07692307692307693
0.09090909090909091
0.1
0.07142857142857142
0.07142857142857142
0.16666666666666666
0.058823529411764705
0.1111111111111111
0.0625
0.05263157894736842
0.1111111111111111
0.09090909090909091
0.1111111111111111
0.14285714285714285
0.06666666666666667
0.1
0.09090909090909091
0.25
0.08333333333333333
0.09090909090909091
0.043478260869565216
0.09090909090909091
0.1111111111111111
0.07142857142857142
0.16666666666666666
0.1111111111111111
0.07692307692307693
0.125
0.08333333333333333
0.06666666666666667
0.14285714285714285
0.0625
0.125
0.14285714285714285
0.14285714285714285
0.038461538461538464
0.09090909090909091
0.05263157894736842
0.1
0.08333333333333333
0.1111111111111111
0.14285714285714285
0.09090909090909091
0.125
0.09090909090909091
0.16666666666666666
0.125
0.058823529411764705
0.08333333333333333
0.07692307692307693
0.08333333333333333
0.16666666666666666
0.06666666666666667
0.1
0.125
0.058823529411764705
0.16666666666666666
0.125
0.14285714285714285
0.2
0.06666666666666667
0.3333333333333333
0.18181818181818182
0.25
0.6
1.4
1.3333333333333333
1.1818181818181819
3.0
3.5833333333333335
7.75
11.666666666666666
9.11111111111111
19.77777777777778
36.333333333333336
34.142857142857146
45.125
49.42857142857143
53.714285714285715
89.77777777777777
60.46153846153846
118.875
87.76923076923077
69.66666666666667
71.41176470588235
123.8
91.5
79.4
81.57142857142857
39.357142857142854
53.0
61.75
21.46153846153846
19.9
15.0
10.571428571428571
4.7
4.125
1.8571428571428572
3.75
0.5238095238095238
0.42857142857142855
0.3333333333333333
0.25
0.16666666666666666
0.125
0.4
0.125
0.07692307692307693
0.07692307692307693
0.08333333333333333
0.0625
0.08333333333333333
0.125
0.06666666666666667
0.09090909090909091
0.06666666666666667
0.09090909090909091
0.07692307692307693
0.058823529411764705
0.1
0.09090909090909091
0.1
0.08333333333333333
0.07692307692307693
0.09090909090909091
0.2
0.1111111111111111
0.1111111111111111
0.0625
0.1111111111111111
0.1111111111111111
0.125
0.1
0.0625
0.2
0.05555555555555555
0.125
0.1111111111111111
0.07692307692307693
0.1
0.2
0.04
0.09090909090909091
0.09090909090909091
0.1
0.08333333333333333
0.06666666666666667
0.14285714285714285
0.1111111111111111
0.14285714285714285
0.1
0.14285714285714285
0.07142857142857142
0.07692307692307693
0.058823529411764705
0.14285714285714285
0.07142857142857142
0.1
0.16666666666666666
0.08333333333333333
0.25
0.0625
0.09090909090909091
0.09090909090909091
0.1111111111111111
0.08333333333333333
0.05555555555555555
0.06666666666666667
0.06666666666666667
0.0625
0.1111111111111111
0.09090909090909091
0.08333333333333333
0.07692307692307693
0.0625
0.14285714285714285
0.1111111111111111
0.07142857142857142
0.1
0.06666666666666667
0.1
0.125
0.058823529411764705
0.1
0.2
0.1
0.25
0.08333333333333333
0.08333333333333333
0.06666666666666667
0.07692307692307693
0.1
0.2
0.14285714285714285
0.0625
0.125
0.07692307692307693
0.1111111111111111
0.07142857142857142
0.1111111111111111
0.08333333333333333
0.08333333333333333
0.06666666666666667
0.06666666666666667
0.1111111111111111
0.16666666666666666
0.06666666666666667
0.1
0.09090909090909091
0.07142857142857142
0.09090909090909091
0.1111111111111111
0.2
0.16666666666666666
0.1
0.1
0.2
0.07692307692307693
0.16666666666666666
0.2
0.08333333333333333
0.09090909090909091
0.14285714285714285
0.1111111111111111
0.14285714285714285
0.09090909090909091
0.0625
0.1
0.09090909090909091
0.14285714285714285
0.16666666666666666
0.07692307692307693
0.1
0.06666666666666667
0.125
0.14285714285714285
0.0625
0.06666666666666667
0.1111111111111111
0.09090909090909091
0.08333333333333333
0.06666666666666667
0.05263157894736842
0.1111111111111111
0.1
0.1
0.1
0.09090909090909091
0.06666666666666667
0.08333333333333333
0.08333333333333333
0.07692307692307693
0.14285714285714285
0.07692307692307693
0.09090909090909091
0.05263157894736842
0.09090909090909091
0.07142857142857142
0.07142857142857142
0.125
0.06666666666666667
0.125
0.1111111111111111
0.07692307692307693
0.09090909090909091
0.125
0.07142857142857142
0.125
0.058823529411764705
0.07692307692307693
0.06666666666666667
0.125
0.043478260869565216
0.1
0.09090909090909091
0.06666666666666667
0.058823529411764705
0.1111111111111111
0.1111111111111111
0.0625
0.14285714285714285
0.125
0.07692307692307693
0.1
0.07692307692307693
0.09090909090909091
0.047619047619047616
0.125
0.08333333333333333
0.05263157894736842
0.25
0.1111111111111111
0.08333333333333333
0.1
0.06666666666666667
0.07142857142857142
0.09090909090909091
0.125
0.05263157894736842
0.09090909090909091
0.047619047619047616
0.07692307692307693
0.058823529411764705
0.07692307692307693
0.2
0.07142857142857142
0.08333333333333333
0.07692307692307693
0.125
0.07142857142857142
0.07692307692307693
0.06666666666666667
0.06666666666666667
0.07142857142857142
0.1111111111111111
0.1111111111111111
0.1111111111111111
0.08333333333333333
0.09090909090909091
0.07142857142857142
0.07692307692307693
0.08333333333333333
0.06666666666666667
0.16666666666666666
0.07692307692307693
0.07692307692307693
0.16666666666666666
0.05263157894736842
0.16666666666666666
0.0625
0.07142857142857142
0.125
0.08333333333333333
0.05555555555555555
0.05555555555555555
0.07142857142857142
0.16666666666666666
0.07142857142857142
0.08333333333333333
1.0
0.1
0.08333333333333333
0.125
0.0625
0.07142857142857142
0.125
0.058823529411764705
0.07692307692307693
0.14285714285714285
0.125
0.05263157894736842
0.06666666666666667
0.07692307692307693
0.08333333333333333
0.07692307692307693
0.0625
0.09090909090909091
0.1111111111111111
0.08333333333333333
0.1111111111111111
0.08333333333333333
0.09090909090909091
0.1
0.08333333333333333
0.07692307692307693
0.0625
0.16666666666666666
0.0625
0.1111111111111111
0.047619047619047616
0.16666666666666666
0.1
0.07692307692307693
0.0625
0.14285714285714285
0.05555555555555555
0.07692307692307693
0.2
0.08333333333333333
0.1
0.058823529411764705
0.07142857142857142
0.1
0.08333333333333333
0.1111111111111111
0.09090909090909091
0.05263157894736842
0.125
0.058823529411764705
0.07692307692307693
0.1
0.06666666666666667
0.09090909090909091
0.09090909090909091
0.09090909090909091
0.09090909090909091
0.07692307692307693
0.09090909090909091
0.07142857142857142
0.1
0.07142857142857142
0.09090909090909091
0.125
0.09090909090909091
0.14285714285714285
0.08333333333333333
0.1
0.09090909090909091
0.09090909090909091
0.1
0.1111111111111111
0.07142857142857142
0.08333333333333333
0.16666666666666666
0.06666666666666667
0.1111111111111111
0.1111111111111111
0.14285714285714285
0.1111111111111111
0.25
0.05555555555555555
0.1
0.125
0.07692307692307693
0.1
0.125
0.0625
0.09090909090909091
0.07142857142857142
0.07142857142857142
0.16666666666666666
0.08333333333333333
0.06666666666666667
0.06666666666666667
0.1
0.1111111111111111
0.05555555555555555
0.07692307692307693
0.1111111111111111
0.08333333333333333
0.05
0.08333333333333333
0.2
0.1111111111111111
0.05263157894736842
0.1111111111111111
0.0625
0.16666666666666666
0.058823529411764705
0.125
0.07692307692307693
0.05555555555555555
0.16666666666666666
0.09090909090909091
0.07142857142857142
0.058823529411764705
0.1111111111111111
0.14285714285714285
0.1
0.07142857142857142
0.14285714285714285
0.1111111111111111
0.08333333333333333
0.07142857142857142
0.14285714285714285
0.08333333333333333
0.09090909090909091
0.06666666666666667
0.07692307692307693
0.125
0.05555555555555555
0.1111111111111111
0.1
0.07142857142857142
0.125
0.06666666666666667
0.14285714285714285
0.09090909090909091
0.058823529411764705
0.125
0.125
0.058823529411764705
0.16666666666666666
0.16666666666666666
0.125
0.1
0.07142857142857142
0.25
0.07692307692307693
0.07692307692307693
0.058823529411764705
0.05555555555555555
0.08333333333333333
0.07692307692307693
0.07142857142857142
0.05
0.0625
0.08333333333333333
0.1
0.1111111111111111
0.1111111111111111
0.1111111111111111
0.125
0.09090909090909091
0.06666666666666667
0.08333333333333333
0.1
0.06666666666666667
0.09090909090909091
0.0625
0.14285714285714285
0.08333333333333333
0.08333333333333333
0.16666666666666666
0.1
0.16666666666666666
0.1111111111111111
0.1
0.09090909090909091
0.09090909090909091
0.09090909090909091
0.07692307692307693
0.06666666666666667
0.05
0.07142857142857142
0.1
0.08333333333333333
0.05263157894736842
0.06666666666666667
0.14285714285714285
0.09090909090909091
0.1111111111111111
0.14285714285714285
0.07692307692307693
0.05263157894736842
0.1111111111111111
0.06666666666666667
0.1
0.1111111111111111
0.09090909090909091
0.1111111111111111
0.1111111111111111
0.09090909090909091
0.08333333333333333
0.1
0.047619047619047616
0.08333333333333333
0.14285714285714285
0.05555555555555555
0.1111111111111111
0.1111111111111111
0.07142857142857142
0.125
0.09090909090909091
0.1111111111111111
0.08333333333333333
0.1111111111111111
0.125
0.125
0.09090909090909091
0.0625
0.08333333333333333
0.14285714285714285
0.07142857142857142
0.125
0.058823529411764705
0.07142857142857142
0.1
0.07692307692307693
0.09090909090909091
0.058823529411764705
0.09090909090909091
0.05
0.2
0.07142857142857142
0.07142857142857142
0.1111111111111111
0.125
0.08333333333333333
0.09090909090909091
0.07692307692307693
0.08333333333333333
0.1111111111111111
0.125
0.1111111111111111
0.07142857142857142
0.14285714285714285
0.1
0.058823529411764705
0.0625
0.2
0.1111111111111111
0.1111111111111111
0.08333333333333333
0.09090909090909091
0.09090909090909091
0.06666666666666667
0.0625
0.08333333333333333
0.08333333333333333
0.06666666666666667
0.06666666666666667
0.07142857142857142
0.14285714285714285
0.09090909090909091
0.1
0.1111111111111111
0.1111111111111111
0.125
0.09090909090909091
0.07142857142857142
0.0625
0.07692307692307693
0.0625
0.09090909090909091
0.16666666666666666
0.07692307692307693
0.1
0.1111111111111111
0.07692307692307693
0.06666666666666667
0.1111111111111111
0.08333333333333333
0.1
0.2
0.08333333333333333
0.0625
0.09090909090909091
0.1
0.07692307692307693
0.125
0.07142857142857142
0.06666666666666667
0.09090909090909091
0.2
0.058823529411764705
0.05263157894736842
0.14285714285714285
0.05
0.09090909090909091
0.09090909090909091
0.1111111111111111
0.14285714285714285
0.0625
0.1
0.05263157894736842
0.058823529411764705
0.125
0.07692307692307693
0.1
0.125
0.1
0.09090909090909091
0.08333333333333333
0.1
0.0625
0.0625
0.07142857142857142
0.1
0.08333333333333333
0.1
0.1
0.2
0.06666666666666667
0.07692307692307693
0.058823529411764705
0.08333333333333333
0.1
0.16666666666666666
0.125
0.1
0.07142857142857142
0.09090909090909091
0.07692307692307693
0.06666666666666667
0.07692307692307693
0.14285714285714285
0.08333333333333333
0.14285714285714285
0.08333333333333333
0.07142857142857142
0.07142857142857142
0.058823529411764705
0.125
0.125
0.1111111111111111
0.14285714285714285
0.1
0.14285714285714285
0.0625
0.2
0.08333333333333333
0.16666666666666666
0.08333333333333333
0.058823529411764705
0.06666666666666667
0.07142857142857142
0.041666666666666664
0.07142857142857142
0.06666666666666667
0.07692307692307693
0.06666666666666667
0.09090909090909091
0.16666666666666666
0.09090909090909091
0.25
0.2
0.1
0.125
0.125
0.2
0.1111111111111111
0.058823529411764705
0.14285714285714285
0.058823529411764705
0.125
0.1111111111111111
0.08333333333333333
0.05555555555555555
0.07142857142857142
0.07142857142857142
0.16666666666666666
0.05555555555555555
0.125
0.058823529411764705
0.14285714285714285
0.1
0.07692307692307693
0.1
0.08333333333333333
0.1
0.05263157894736842
0.14285714285714285
0.125
0.058823529411764705
0.16666666666666666
0.16666666666666666
0.09090909090909091
0.125
0.1111111111111111
0.09090909090909091
0.07692307692307693
0.08333333333333333
0.07142857142857142
0.125
0.08333333333333333
0.09090909090909091
0.14285714285714285
0.1111111111111111
0.07142857142857142
0.25
