12465721
12494934
12500965
12517799
12534634
12563616
12570265
12584347
12601208
12624522
12631943
12646969
12666929
12676591
12686385
12701400
12712006
12724272
12735473
12741807
12758452
12764888
12767738
12789634
12790959
12812421
12813137
12821592
12826272
12848585
12852905
12855061
12869423
12876079
12885939
12889573
12890807
12904074
12914142
12923263
12928812
12935715
12937352
12943957
12952743
12959668
12963131
12968400
12976233
12979019
12992500
12998312
13007424
13013838
13016477
13024188
13026275
13027263
13044536
13046051
13046318
13058536
13059388
13060598
13066392
13070704
13081208
13085552
13087512
13090056
13092009
13107796
13108306
13108371
13120099
13120286
13126936
13128850
13136154
13141326
13148141
13157519
13158928
13161332
13166059
13169465
13169683
13177754
13181775
13188013
13196913
13197161
13208337
13211600
13212830
13214539
13219763
13220115
13224937
13228616
13229654
13238907
13241398
13245980
13250635
13253836
13254890
13261643
13263979
13268200
13272870
13280548
13282192
13283273
13286561
13288968
13295794
13296010
13303922
13307506
13312465
13312549
13318654
13320658
13321623
13334124
13334764
13335885
13336728
13337251
13349244
13349735
13351645
13354368
13355554
13358299
13361106
13367584
13368345
13372242
13373501
13377573
13379390
13383261
13387543
13389682
13397923
13399704
13400593
13400764
13400997
13407585
13409065
13410276
13414616
13418162
13421539
13425525
13425775
13429867
13431529
13433633
13438335
13439733
13445591
13449466
13449469
13449727
13451843
13460488
13464760
13464876
13465344
13467873
13469698
13471207
13476384
13476953
13477310
13479800
13483908
13483912
13487922
13495318
13498253
13499324
13499804
13506346
13506912
13508574
13510872
13511442
13512555
13517184
13517501
13523307
13526555
13526630
13529070
13534319
13534529
13535059
13536781
13538999
13540138
13543857
13547237
13547714
13551291
13552165
13554406
13555730
13555877
13566418
13568494
13568962
13571379
13571854
13573736
13574191
13577756
13579301
13579678
13582028
13584942
13587337
13589343
13593677
13594957
13597704
13597772
13600363
13601166
13605282
13610570
13613127
13613130
13613573
13613927
13616623
13618588
13621619
13622536
13627372
13628674
13630625
13632652
13634504
13636607
13637783
13639603
13639772
13640089
13644528
13645493
13648361
13651575
13656812
13657116
13659091
13659965
13661352
13663268
13664101
13665218
13665370
13670689
13673806
13673968
13675985
13680774
13681115
13682385
13683668
13683856
13686326
13689345
13690201
13690603
13694913
13695785
13700205
13706206
13706432
13707309
13707674
13708051
13708439
13711361
13712733
13713003
13717408
13717672
13719454
13722205
13723300
13724782
13725448
13726277
13729831
13730546
13735138
13735454
13737681
13738743
13743721
13745767
13747207
13747257
13747694
13753402
13757992
13758567
13758576
13759389
13759440
13759655
13763844
13764411
13764634
13765022
13770690
13772259
13772785
13773810
13774834
13776013
13776131
13777615
13779167
13780051
13781650
13782103
13785799
13790680
13792692
13793434
13794487
13796547
13796732
13799073
13799232
13802739
13802741
13803175
13804324
13806338
13809198
13812465
13813272
13813825
13817030
13817478
13818296
13818560
13820219
13823116
13824503
13824559
13824904
13826868
13830173
13830254
13831658
13832711
13833990
13835721
13839214
13840144
13842911
13843316
13845617
13845922
13846465
13848093
13848477
13850223
13851329
13851797
13852852
13854163
13854505
13859396
13860383
13861150
13861730
13866448
13868651
13870129
13870325
13870460
13871338
13871641
13871860
13872201
13874343
13879300
13879511
13884462
13884831
13887117
13887771
13888434
13889031
13889996
13890808
13892974
13893070
13893114
13894800
13896377
13896524
13898912
13898991
13902141
13902285
13903717
13904922
13905629
13907705
13908109
13911006
13912319
13913156
13914312
13915763
13919334
13919544
13919960
13920333
13924426
13925362
13927548
13928436
13929839
13930151
13931342
13931685
13935320
13936623
13937565
13938416
13938981
13939126
13940622
13942417
13943140
13944616
13946505
13948128
13948450
13949557
13950610
13951192
13951250
13953419
13955804
13956097
13956292
13956510
13957326
13961835
13965821
13966669
13971775
13971879
13972106
13973018
13973907
13974600
13976964
13977277
13978850
13980186
13980329
13981461
13981840
13982015
13982582
13982768
13982803
13985402
13986618
13988688
13989586
13990881
13993425
13995635
13996145
13996572
13997498
14000612
14001634
14002448
14002798
14003341
14004309
14005878
14006462
14006790
14007405
14010646
14011973
14013316
14013557
14015492
14020562
14021617
14021795
14022755
14022860
14023137
14025301
14025566
14025883
14028386
14028940
14029334
14030453
14030658
14032073
14033004
14034947
14035020
14035676
14035796
14040733
14041779
14043720
14044839
14045521
14045595
14046046
14046058
14046250
14047941
14050780
14050868
14051311
14053445
14055307
14055410
14058424
14058931
14059721
14060471
14061732
14062775
14063072
14063626
14063714
14065543
14066236
14067156
14070728
14072130
14072632
14073961
14075717
14077015
14077737
14078320
14081722
14082270
14082298
14084089
14084108
14084635
14085382
14085460
14085692
14087712
14088607
14090690
14092479
14093304
14094750
14095852
14096506
14097557
14098195
14100012
14100770
14101048
14101838
14103259
14103962
14104672
14104684
14105887
14108492
14108494
14108522
14108757
14108864
14111027
14112103
14113076
14113655
14115618
14115895
14116835
14118288
14118842
14118948
14122614
14123028
14123125
14123998
14124045
14124412
14124594
14128212
14128230
14130427
14132205
14132486
14134086
14135641
14136595
14136976
14137518
14138003
14140645
14142532
14143295
14143519
14144039
14144785
14144903
14145320
14151344
14151604
14153417
14154841
14155590
14156490
14157949
14159421
14159739
14159888
14160059
14160910
14161229
14161508
14162382
14162471
14163004
14165401
14165666
14166164
14166563
14166845
14168174
14168528
14169298
14169513
14171084
14171917
14172699
14172825
14177548
14177604
14177757
14178887
14180947
14181419
14181554
14181835
14182962
14185061
14186314
14187132
14187531
14188262
14189401
14189602
14194685
14194834
14195626
14195684
14199933
14200538
14202805
14202839
14203139
14203329
14204498
14205725
14206078
14206288
14206487
14206886
14207303
14208198
14209574
14209724
14209854
14210206
14211108
14212153
14212571
14214601
14214657
14215894
14216854
14217012
14217413
14219731
14219776
14220740
14221156
14224556
14225245
14226096
14228644
14229261
14229444
14230370
14230797
14231017
14231809
14232149
14234423
14234642
14236245
14236696
14238139
14238144
14239294
14240301
14240317
14241492
14242037
14242216
14243549
14243719
14244562
14247363
14250314
14250341
14250357
14250629
14250638
14251418
14252108
14254026
14257850
14259218
14260531
14260762
14261147
14264591
14264667
14265778
14265992
14267801
14269059
14269842
14269998
14270685
14271052
14271835
14272050
14272079
14272594
14272836
14274639
14275553
14276529
14276780
14277997
14279738
14280115
14282526
14282674
14283946
14284143
14284538
14284729
14285063
14285724
14285959
14287770
14288522
14288663
14288967
14290853
14293437
14295548
14296290
14297245
14297648
14298625
14298824
14300781
14300983
14301988
14302052
14302218
14302514
14302869
14303147
14304996
14305941
14306065
14307260
14307264
14307353
14307371
14308368
14308611
14309885
14310522
14314478
14315690
14315807
14316196
14318070
14318194
14318451
14319616
14320544
14323186
14324324
14324335
14326349
14327377
14327393
14328069
14328242
14329343
14329689
14331178
14332109
14332477
14333344
14334401
14334708
14335248
14335387
14335521
14336123
14336710
14338058
14338608
14340358
14340965
14341265
14345002
14346811
14347499
14348203
14348336
14348479
14348752
14349418
14349478
14349788
14350644
14351306
14351762
14352851
14353253
14353849
14354378
14355233
14355854
14356203
14356404
14356671
14356977
14357114
14358065
14359342
14360129
14361226
14361959
14362538
14363298
14363583
14364261
14364977
14366468
14368328
14368547
14369237
14369788
14371051
14373684
14373901
14373912
14375077
14375400
14375448
14377144
14377663
14378314
14379265
14379275
14382612
14382665
14382779
14382868
14383514
14383805
14383896
14384649
14384894
14385196
14386479
14386763
14389152
14389563
14390172
14390862
14392283
14394334
14395337
14395401
14395757
14396137
14396337
14397468
14398048
14398093
14399108
14401593
14402142
14402661
14402666
14403372
14403972
14405174
14405581
14406799
14409315
14409338
14409418
14409929
14411372
14411831
14412022
14412520
14412582
14414312
14414327
14415553
14415886
14416750
14418440
14418754
14420188
14420622
14421392
14421671
14424244
14424315
14425236
14425264
14425934
14426549
14428531
14429936
14431111
14431505
14432248
14432657
14432674
14434292
14434379
14434846
14435661
14436127
14436320
14436852
14437927
14437966
14438062
14440234
14442721
14442919
14443303
14443380
14443763
14444630
14446085
14446132
14446133
14446727
14448266
14449808
14450101
14450373
14450480
14450677
14451811
14453700
14454189
14454547
14454866
14455797
14458269
14458731
14458922
14460343
14461135
14461452
14461784
14463501
14463813
14465730
14466236
14466983
14467106
14467174
14467434
14467777
14467968
14468378
14469986
14470095
14470847
14471408
14471888
14471915
14472438
14472920
14475026
14475260
14475416
14476040
14476091
14478002
14478604
14479800
14482907
14482951
14483440
14484134
14484391
14484971
14486581
14486678
14487742
14488171
14488443
14488669
14489422
14489622
14492771
14493217
14493494
14493633
14493698
14493820
14494030
14494079
14494356
14495691
14497051
14498240
14499453
14500103
14500443
14501006
14501623
14503344
14503851
14503978
14505891
14506882
14507438
14507520
14507952
14508550
14511017
14511264
14511580
14512143
14514929
14516265
14516282
14516432
14516525
14518612
14519126
14519308
14519491
14520773
14521060
14521989
14522986
14523333
14524358
14524448
14524498
14524549
14524646
14527187
14528346
14529491
14530314
14531575
14531782
14532481
14532515
14533309
14533391
14533959
14534001
14534267
14534954
14535074
14535773
14535863
14536220
14537294
14537503
14538391
14538507
14539215
14539606
14540190
14540475
14541135
14541594
14544580
14545581
14545915
14546879
14548769
14549293
14549320
14549464
14551378
14552922
14555119
14555378
14555725
14555739
14555889
14556038
14557061
14557332
14557491
14557832
14557892
14558307
14559521
14559662
14559881
14560094
14563057
14563883
14565610
14565637
14567185
14567706
14567723
14567839
14567868
14568748
14568811
14569162
14569503
14571330
14572055
14573009
14573094
14574297
14575078
14575292
14575816
14577717
14577793
14577932
14578475
14578576
14578969
14579210
14579439
14580361
14581081
14581408
14583341
14583422
14584165
14584692
14586286
14586945
14587391
14587829
14588397
14589824
14589959
14590117
14590550
14591790
14592069
14592467
14592540
14593367
14593737
14593746
14594352
14594988
14595729
14597396
14597516
14599361
14599437
14599898
14600848
14601103
14601267
14601632
14603126
14603178
14603192
14603430
14603870
14604457
14604949
14606572
14607061
14608410
14608746
14609233
14610691
14610968
14611917
14611977
14612202
14613322
14615070
14616643
14616836
14616881
14617512
14618090
14618395
14618729
14618943
14619199
14620224
14620252
14620363
14621197
14622930
14623459
14624065
14624360
14625137
14625485
14625583
14626725
14627238
14627706
14627714
14628656
14629842
14629897
14632792
14633825
14635167
14635184
14635393
14636025
14637205
14639279
14639348
14639503
14639530
14640157
14640324
14640708
14640753
14640866
14641575
14641821
14644451
14644712
14645406
14646845
14647110
14647283
14648641
14649178
14649216
14649986
14651497
14651867
14652011
14652027
14653020
14654046
14654073
14654303
14654516
14655281
14655365
14655929
14656766
14657166
14657392
14658747
14658998
14660517
14661657
14661869
14661874
14664133
14664236
14665766
14665812
14666027
14666125
14667733
14667924
14668341
14668641
14670520
14670820
14673649
14673731
14674488
14674651
14675507
14675992
14676192
14676369
14676830
14676882
14677053
14678392
14678916
14679281
14680060
14680086
14682034
14682320
14682539
14684347
14685630
14685889
14685943
14686700
14688638
14690734
14691130
14691434
14692486
14692887
14693488
14694725
14695081
14695248
14695308
14695366
14695741
14695989
14696158
14696331
14697315
14697342
14698195
14698270
14698671
14699528
14700005
14700173
14701692
14701785
14703061
14704450
14705801
14705986
14706280
14707288
14707364
14707503
14709163
14709233
14709290
14709307
14710558
14711439
14711490
14712805
14713129
14713190
14713251
14714244
14715093
14715910
14716099
14717111
14717172
14717889
14717920
14719269
14719707
14720358
14721020
14721047
14721363
14722765
14723793
14723838
14723946
14724442
14724901
14725283
14725355
14726532
14727121
14728575
14728692
14728784
14729300
14731776
14731972
14731987
14732390
14733240
14733556
14734107
14734649
14734939
14737269
14737301
14737755
14738602
14738905
14739051
14739291
14739943
14740118
14740120
14740683
14742562
14742678
14742878
14743470
14745239
14745800
14746343
14746690
14746870
14746984
14749108
14749307
14749558
14750053
14750943
14752221
14752452
14752465
14752674
14753564
14754273
14754857
14755391
14755966
14755978
14756067
14756361
14756444
14756849
14757149
14757432
14758616
14758667
14759839
14760191
14760549
14761499
14761789
14762025
14763041
14764831
14764981
14765987
14767512
14768047
14768433
14768796
14770205
14771111
14771582
14772025
14772398
14773142
14773613
14774042
14774466
14776092
14776210
14776222
14778271
14778310
14778422
14778705
14779066
14779662
14779722
14780376
14780854
14780974
14781005
14781943
14782110
14782948
14784876
14784917
14785397
14785781
14785997
14786312
14786493
14786597
14787053
14789368
14789730
14791446
14792390
14792405
14792414
14792804
14792912
14793168
14795166
14795236
14795816
14796561
14797841
14798514
14798632
14799851
14800595
14801356
14801669
14802195
14802384
14803184
14803574
14803755
14804050
14805212
14805222
14805647
14806652
14808023
14808561
14808661
14808739
14810750
14810925
14811523
14811595
14812014
14812226
14812232
14812301
14812371
14812964
14813549
14813838
14814898
14814998
14817132
14817456
14817538
14819124
14820304
14820485
14820598
14820801
14820923
14821245
14822636
14823103
14823687
14824185
14824208
14825699
14827842
14828272
14828296
14828737
14829609
14829846
14829987
14830414
14832497
14833982
14835508
14835786
14835823
14835958
14836184
14836256
14836274
14836298
14837398
14838048
14838311
14838948
14839008
14839009
14840219
14840238
14840437
14840459
14840620
14841843
14842153
14844011
14845064
14845203
14845244
14845528
14845570
14846355
14847296
14847335
14847583
14848090
14848512
14849564
14851144
14852524
14853181
14854418
14854418
14854434
14856349
14856453
14856987
14857278
14857846
14857861
14857945
14858418
14858418
14858770
14858820
14859002
14859056
14859907
14862069
14863330
14863485
14864526
14865138
14865537
14866589
14866860
14867005
14868068
14868081
14868177
14868224
14868893
14869435
14869846
14870465
14870978
14872833
14873164
14873611
14873770
14874779
14874814
14876197
14876388
14876428
14876529
14876598
14877473
14877764
14878292
14879705
14880459
14880649
14880670
14882024
14882130
14882546
14882699
14883960
14884042
14884530
14884561
14884750
14885237
14885632
14889486
14889966
14890336
14890570
14890927
14890946
14894483
14894930
14895051
14895168
14895294
14895669
14895979
14896783
14898370
14899476
14899591
14899644
14899694
14900201
14900614
14900799
14901231
14901302
14901620
14902134
14902803
14903546
14903703
14904102
14904239
14904363
14907256
14907470
14907810
14908121
14908307
14909558
14910236
14910563
14910867
14911224
14911618
14911767
14912025
14912785
14912803
14912951
14914373
14914705
14915611
14915674
14916993
14917319
14917482
14917899
14918647
14918802
14918919
14919091
14919565
14919730
14919986
14921006
14922379
14923086
14923340
14923763
14924806
14925217
14925652
14927914
14928484
14928712
14928934
14928970
14929057
14929305
14930769
14930956
14930991
14931102
14931372
14931768
14933552
14933661
14933665
14934284
14934569
14935482
14936319
14937547
14937946
14938153
14938796
14938816
14940553
14940993
14941726
14941757
14942514
14942517
14942626
14943365
14943896
14943978
14944897
14944908
14946461
14946526
14946718
14946938
14947427
14947930
14948996
14949121
14949548
14949792
14950143
14950194
14950297
14950491
14951063
14952052
14952867
14954393
14954433
14954712
14955106
14956217
14956276
14956736
14956967
14956979
14957042
14959116
14959951
14960176
14961791
14962272
14962911
14963369
14963375
14963946
14964392
14965110
14965184
14965254
14965352
14966257
14966430
14967546
14967980
14969287
14969673
14970086
14970164
14970434
14970746
14971365
14971554
14972444
14972682
14973327
14973960
14974298
14974745
14975254
14975818
14975858
14976051
14976368
14977838
14977992
14978300
14978739
14979832
14981534
14981535
14982530
14983544
14983591
14983787
14983903
14984862
14985543
14985992
14986126
14986512
14987183
14988289
14988343
14989310
14989362
14989365
14990929
14993022
14993166
14993872
14994426
14996127
14996227
14996736
14996879
14997657
14998409
14998924
14999113
14999641
14999780
14999782
15000041
15000556
15000650
15000747
15000857
15001081
15001588
15001927
15002342
15004015
15004683
15005104
15005239
15005255
15005418
15006174
15006196
15006232
15006395
15007124
15009528
15010744
15011825
15011882
15012338
15013273
15013490
15013548
15013752
15013803
15014007
15014361
15015600
15015727
15018081
15018489
15018854
15019526
15019803
15020060
15020524
15021010
15021265
15021960
15022822
15023343
15023623
15024098
15024404
15024459
15025867
15025946
15026151
15026157
15026288
15026393
15027096
15027949
15028343
15028539
15028788
15029476
15030145
15030482
15030602
15032195
15032456
15032664
15032883
15032894
15033530
15033696
15033994
15034648
15035512
15035564
15036963
15037294
15037409
15039408
15039444
15039513
15039945
15041724
15042238
15044020
15044955
15045193
15045571
15045579
15045817
15045837
15046477
15046938
15047216
15047242
15047448
15048101
15048250
15049602
15050182
15050520
15051146
15051307
15052156
15052241
15052527
15052595
15052957
15053451
15053599
15054317
15054811
15054875
15055556
15056755
15057122
15057547
15058025
15058351
15059228
15059765
15060062
15060364
15060439
15061716
15062112
15062377
15063252
15063554
15063992
15064054
15064768
15065298
15065797
15066655
15066883
15067021
15067209
15067724
15067939
15068435
15068684
15068726
15068839
15069280
15070255
15072818
15072960
15072971
15073085
15073301
15073349
15074117
15074546
15074711
15074865
15075083
15075544
15075809
15076271
15077903
15078104
15078432
15078509
15079102
15079646
15079994
15080159
15080520
15082054
15082082
15082730
15083018
15083696
15083787
15083833
15083905
15084774
15085211
15085514
15085981
15085983
15087631
15087730
15087806
15089542
15090661
15091127
15091175
15092133
15092214
15095190
15095991
15097044
15097192
15097625
15097797
15098277
15098562
15099576
15099826
15100152
15101281
15101294
15101457
15101478
15101624
15101737
15101911
15102109
15102272
15102723
15102918
15102979
15103065
15103139
15103677
15104548
15105321
15105926
15106151
15107659
15108429
15108663
15109422
15110367
15110553
15111050
15111081
15111910
15111942
15112961
15113454
15115320
15116279
15116301
15116502
15116841
15117073
15117402
15117778
15118285
15119344
15119401
15119510
15121019
15122153
15122169
15122392
15122437
15122642
15122660
15122733
15122812
15123730
15123773
15124177
15124462
15124798
15124822
15125102
15125243
15126617
15127055
15127423
15127473
15127517
15127534
15127814
15128179
15128595
15128785
15128830
15129709
15130091
15131180
15131774
15131930
15132096
15132130
15133256
15133703
15134056
15134058
15135142
15135755
15136930
15137502
15137646
15138083
15139686
15139700
15140286
15140985
15141228
15141937
15141990
15142754
15142766
15143051
15143455
15143563
15143568
15144399
15145189
15145648
15146184
15146781
15146819
15146903
15147283
15147385
15148375
15148462
15148610
15149659
15150968
15151372
15151556
15152022
15152721
15153205
15153816
15154959
15155002
15155373
15155584
15155613
15156355
15156578
15156584
15157701
15157719
15160126
15160501
15160761
15160874
15161038
15161713
15161732
15161812
15161876
15162449
15163626
15163670
15164138
15164224
15164228
15164601
15164671
15164987
15165318
15165504
15165853
15166762
15167993
15168328
15168923
15169793
15170274
15170333
15171966
15173009
15173287
15173402
15173450
15173536
15173557
15173644
15173755
15173987
15176047
15176585
15177092
15177227
15177453
15177483
15178933
15179221
15180289
15180440
15180564
15180855
15180902
15180956
15181735
15181957
15182349
15182903
15183661
15183829
15184033
15184199
15185711
15185839
15185947
15186166
15187856
15189045
15190034
15190432
15190601
15190639
15191065
15191137
15191191
15191362
15191567
15191983
15193467
15193524
15193906
15194700
15195354
15195730
15196022
15196260
15196428
15196479
15196487
15196610
15196787
15197129
15197612
15197631
15198154
15199982
15200185
15201260
15201427
15201604
15202082
15202933
15203091
15203553
15203887
15203905
15204323
15204697
15205003
15205861
15206622
15206677
15208334
15209115
15209261
15209433
15209941
15210373
15211028
15211382
15212251
15212259
15212471
15213181
15213226
15214424
15214662
15215270
15215612
15215625
15216144
15217325
15218192
15218273
15218417
15219554
15219632
15220137
15220215
15220371
15220529
15220567
15221427
15221478
15221533
15221842
15221997
15222334
15224023
15224248
15224457
15225236
15225273
15225299
15226071
15226932
15227967
15228068
15228176
15228356
15229151
15229203
15229277
15229798
15229974
15230298
15231302
15231521
15231799
15232090
15232400
15232444
15232528
15232733
15233097
15233276
15233286
15233716
15234206
15234241
15235503
15236617
15236979
15237138
15237464
15237547
15237865
15237929
15239110
15240640
15241434
15242214
15242455
15243060
15243202
15243327
15243438
15244241
15244397
15244733
15244935
15245839
15247432
15247439
15247653
15247739
15247998
15250287
15252850
15253083
15253314
15253426
15253943
15254574
15254797
15254875
15254999
15255098
15255251
15255370
15255844
15255916
15256166
15256258
15256291
15256705
15257553
15258259
15258402
15259383
15259389
15259539
15259734
15259978
15260059
15260133
15260691
15260804
15261496
15261709
15261956
15262476
15262626
15262799
15264494
15264527
15264724
15264802
15265447
15265956
15266138
15266917
15267329
15267707
15267792
15268359
15268514
15269117
15269145
15270201
15270255
15270655
15271356
15271449
15271974
15272025
15272617
15272903
15274043
15274499
15274536
15275019
15275059
15275263
15275686
15275750
15276024
15276055
15276415
15276497
15276558
15276624
15277044
15277267
15277569
15277976
15278155
15278213
15278718
15278961
15279197
15279832
15280003
15280120
15280388
15280947
15281383
15282130
15282459
15282766
15282927
15282987
15283055
15284661
15285834
15286117
15286544
15287729
15287786
15287863
15288078
15288162
15288339
15289617
15289676
15289918
15290615
15290969
15291161
15291982
15292405
15292563
15292722
15292748
15293353
15294414
15294801
15294847
15294939
15295311
15295903
15296262
15296758
15297031
15297338
15298204
15298333
15298403
15298781
15299555
15299640
15300049
15300383
15301051
15301969
15302026
15302749
15302935
15303283
15303364
15303386
15303923
15304463
15304794
15304907
15305196
15305427
15305866
15306912
15307107
15307979
15308042
15308172
15308202
15308792
15309066
15309758
15310053
15310222
15310557
15310733
15311120
15312757
15313291
15313612
15313626
15313863
15314583
15315042
15315713
15317362
15317951
15317965
15318176
15318417
15318493
15318902
15319132
15320607
15320677
15320773
15321026
15321180
15322790
15322805
15323429
15323450
15323647
15323821
15324638
15324911
15325541
15325796
15326587
15326778
15327769
15327899
15328223
15328431
15328766
15329129
15329425
15329637
15330260
15330733
15330834
15331298
15332211
15332639
15333178
15333620
15333843
15334830
15335011
15335088
15335165
15335452
15335982
15336693
15337753
15338066
15338719
15340277
15341745
15343098
15343122
15343488
15343493
15343939
15343945
15344043
15344236
15344857
15344984
15346027
15346428
15346779
15347199
15347416
15347679
15348018
15348131
15348718
15348865
15349068
15349318
15349441
15349816
15351145
15351221
15351430
15351667
15352143
15353143
15353303
15354203
15354342
15354835
15355116
15356033
15356450
15357458
15358119
15358705
15359239
15359389
15360547
15362190
15362625
15363546
15364500
15365237
15365246
15365579
15365582
15365765
15366004
15366110
15366362
15366703
15367396
15367543
15367730
15368114
15368211
15368676
15368694
15369090
15369424
15369433
15369664
15369712
15370536
15370698
15370976
15371414
15372361
15372782
15372826
15372879
15372948
15373104
15375790
15375835
15376330
15376466
15376478
15376693
15377006
15377420
15378943
15379308
15379526
15379859
15380055
15380084
15381156
15381296
15383550
15383764
15384057
15384425
15384441
15384547
15385972
15386820
15387418
15388295
15388730
15388987
15389567
15389568
15389690
15389858
15390330
15390435
15390905
15391836
15392041
15392566
15393062
15393764
15394083
15394117
15394399
15395215
15395331
15395655
15396631
15396873
15397157
15397361
15398335
15398559
15398652
15399220
15399788
15399821
15400636
15400886
15400952
15401093
15401262
15401563
15401731
15402611
15402624
15403513
15405134
15406161
15406239
15407892
15408691
15409188
15410012
15410175
15410410
15410632
15411117
15411953
15412047
15412558
15412678
15412739
15412800
15413144
15413360
15413574
15413739
15414327
15414447
15414541
15415620
15416021
15416199
15416688
15417781
15418103
15418155
15418183
15418958
15419170
15419654
15420445
15422338
15422828
15422888
15422914
15422980
15423085
15423751
15423903
15424484
15424996
15425879
15426811
15426940
15427500
15427871
15427929
15428271
15428901
15429964
15430641
15431366
15431536
15431909
15431989
15432130
15432333
15433680
15434038
15434607
15434823
15435413
15435849
15436793
15436895
15436973
15437960
15438049
15438385
15439035
15439335
15440151
15440380
15440525
15441538
15441950
15442105
15442681
15442698
15443786
15444287
15444370
15444862
15445070
15445553
15445678
15446706
15446986
15447445
15447605
15448125
15448696
15448792
15449392
15449730
15450132
15450280
15450519
15451582
15452111
15453132
15453881
15454964
15455263
15455310
15455581
15455594
15456537
15456538
15457547
15458254
15458305
15458740
15458920
15459161
15459366
15459618
15460045
15461340
15461695
15461942
15462011
15462953
15463019
15463323
15465204
15465532
15465900
15466095
15466317
15466652
15466744
15467240
15467328
15467921
15469115
15469140
15470401
15471549
15471653
15472966
15473048
15474249
15474406
15474778
15474971
15474991
15475222
15475367
15475543
15475698
15475726
15476863
15478068
15478096
15479155
15479555
15480069
15481119
15481392
15481914
15482201
15483295
15483443
15484107
15484457
15485018
15485507
15485515
15485564
15486328
15487110
15487957
15488828
15489276
15490891
15490982
15491469
15491619
15491648
15492305
15492743
15492755
15492812
15493154
15493233
15493838
15494708
15495218
15495256
15495453
15495771
15496052
15497769
15498241
15498694
15499245
15499570
15499703
15499734
15500221
15501308
15502197
15504034
15504540
15504904
15505104
15505439
15506251
15507080
15507266
15507396
15507469
15507621
15508643
15508719
15508840
15509626
15509854
15510131
15510219
15510584
15511160
15511686
15511961
15512906
15513559
15514429
15515876
15516519
15516544
15516856
15517444
15518622
15520009
15520550
15520686
15521395
15521636
15521877
15522031
15522342
15522430
15522469
15523465
15523886
15524049
15527699
15527835
15527858
15527983
15528107
15528181
15528438
15528479
15528536
15528561
15528987
15530042
15530192
15531704
15532228
15532246
15533070
15533084
15533742
15534536
15535237
15536290
15536505
15536914
15537078
15537769
15537969
15538222
15538885
15539856
15539871
15539884
15539941
15540862
15541555
15542132
15542233
15542564
15542748
15542862
15544369
15544462
15544477
15545056
15546073
15546271
15546547
15546784
15547394
15549368
15549434
15549768
15550945
15551289
15551580
15551596
15552235
15552403
15552403
15552434
15552476
15552652
15552843
15552876
15555388
15555780
15556021
15556577
15557419
15557721
15558111
15558774
15559625
15560299
15560964
15561254
15562326
15562728
15563444
15563958
15564780
15566187
15566221
15566377
15567000
15567092
15568108
15568347
15569031
15569673
15570024
15570286
15570591
15572000
15572043
15573544
15573594
15573715
15573952
15574122
15574203
15574658
15576058
15576083
15576904
15577158
15577854
15577983
15578477
15578600
15579122
15579231
15579241
15579874
15580018
15580065
15581259
15581507
15581793
15581802
15582315
15583909
15584144
15584620
15584939
15585301
15585722
15587142
15589448
15589676
15591469
15591689
15592228
15592944
15594124
15595763
15596541
15597034
15597465
15597588
15597709
15598066
15598614
15598869
15598883
15598895
15599437
15599755
15599895
15600185
15600324
15600473
15602046
15602186
15602311
15602619
15604175
15604458
15605157
15605414
15607391
15608405
15608602
15609290
15609542
15609939
15610125
15610393
15610521
15610902
15611159
15611267
15611308
15611544
15611569
15612296
15612319
15612514
15612740
15613442
15614509
15614719
15614961
15615433
15615883
15615954
15617015
15617166
15618469
15619435
15621436
15621633
15621796
15622733
15622735
15623908
15625632
15626567
15626844
15626889
15627079
15627133
15627136
15628116
15628439
15628593
15629690
15629983
15630580
15630978
15631020
15631401
15633252
15633308
15633462
15633545
15634034
15634243
15635880
15636279
15636419
15636481
15636528
15638401
15638617
15638878
15638926
15639082
15639387
15640621
15640826
15641224
15641886
15642611
15644001
15644295
15644784
15644976
15645705
15647069
15647532
15648314
15648517
15648873
15649311
15649710
15649745
15650383
15651265
15652054
15652793
15653162
15653433
15653570
15654205
15655398
15656512
15656885
15658066
15658307
15659361
15659447
15659613
15659664
15659690
15661177
15661614
15661633
15662232
15662404
15663221
15663372
15664934
15665727
15667405
15668280
15670328
15671157
15671379
15671843
15671985
15672169
15672417
15672505
15672702
15673376
15673622
15673849
15674397
15674519
15674860
15674961
15675238
15675935
15676026
15676488
15677243
15677454
15678346
15678825
15680061
15680125
15680307
15681326
15681572
15682949
15683671
15683843
15684229
15684286
15684453
15685033
15685418
15685782
15686020
15687946
15688218
15688792
15688799
15689527
15689565
15690672
15690989
15691959
15692551
15693154
15693461
15694244
15694775
15694893
15695140
15695457
15696272
15696382
15696756
15697609
15698350
15699075
15699112
15700112
15700153
15700246
15700278
15701220
15701921
15702322
15703648
15705615
15705955
15706041
15706646
15706893
15706917
15707533
15707567
15708022
15708704
15710551
15711590
15711730
15711829
15712018
15712301
15714071
15714255
15715625
15716990
15717002
15717111
15717505
15717733
15718850
15719380
15719508
15721776
15722014
15722963
15723261
15723885
15724328
15725786
15726254
15726296
15726590
15726814
15726821
15726900
15727313
15727452
15727779
15728553
15729404
15729780
15729924
15732342
15733103
15734190
15734610
15734716
15734945
15734971
15735115
15735193
15736521
15737516
15737992
15738661
15739251
15740198
15740610
15740777
15741017
15741295
15742035
15742058
15742248
15742436
15742442
15743344
15744982
15745107
15745154
15746841
15747207
15747441
15747806
15748928
15749221
15749629
15749661
15749789
15752880
15752884
15753830
15754388
15755288
15755318
15755323
15755557
15756536
15756891
15757056
15757171
15758390
15758404
15759553
15760695
15761180
15761364
15761462
15761574
15761705
15761822
15762748
15763144
15763367
15763804
15764381
15765164
15765352
15766257
15766824
15767514
15768072
15769984
15773102
15774370
15775309
15776035
15776682
15777134
15777380
15777450
15779329
15779614
15780406
15780457
15780883
15781625
15781998
15782631
15782986
15783193
15783194
15783578
15784356
15785428
15787465
15788538
15788728
15788863
15788939
15788978
15790035
15790684
15790832
15791340
15791370
15791499
15792029
15792132
15793068
15793083
15794105
15795186
15795683
15797163
15797324
15797614
15798141
15799181
15799282
15799835
15800057
15800132
15800617
15800790
15801356
15801524
15801595
15802080
15802646
15803377
15803697
15804842
15805681
15806405
15807160
15807554
15808557
15809652
15809798
15809886
15810129
15810222
15811024
15811304
15811365
15812369
15814341
15815482
15816285
15817037
15817458
15818018
15818496
15819674
15819836
15819879
15820069
15820255
15823057
15823235
15823272
15823617
15824260
15824519
15824767
15824919
15825286
15825410
15826372
15826507
15828491
15828704
15829176
15831085
15831542
15834882
15834887
15835371
15835976
15836460
15836536
15837253
15838470
15838994
15839757
15840083
15840263
15840412
15840739
15840978
15841035
15841484
15842308
15843277
15843713
15844173
15844419
15846397
15849177
15849503
15849696
15849872
15850304
15850343
15850405
15850655
15850679
15850880
15851750
15852190
15852410
15852808
15853688
15854652
15856022
15856433
15857577
15857597
15857915
15858520
15859547
15859905
15861578
15861795
15863190
15863593
15863826
15864396
15864599
15866372
15867454
15868355
15868657
15869104
15869530
15869879
15870075
15870174
15870574
15870588
15871028
15872118
15872601
15873733
15874143
15874228
15874295
15875327
15875535
15875556
15876091
15876559
15879460
15880438
15880777
15881439
15881930
15882380
15882712
15882732
15884983
15885246
15885870
15885894
15886619
15888541
15888610
15888938
15889676
15889801
15890241
15891533
15892256
15893462
15893606
15893609
15894403
15894425
15895471
15895844
15897502
15897888
15898281
15898305
15898808
15898995
15899744
15899926
15902163
15902386
15903412
15904161
15904824
15904827
15906142
15906555
15906909
15908198
15908320
15908665
15909993
15910478
15911205
15911269
15911761
15912225
15912422
15913589
15913601
15914114
15914723
15915446
15915682
15917069
15917172
15918144
15919021
15919748
15920419
15922130
15922640
15923158
15923791
15924078
15924662
15926001
15926160
15927068
15927097
15927592
15928196
15928853
15929409
15930374
15931599
15932253
15932317
15932905
15933452
15933722
15934140
15934221
15934438
15934989
15935961
15936506
15936877
15937680
15937720
15938341
15940277
15941833
15942304
15942703
15943717
15943937
15945860
15946075
15946518
15946805
15947434
15948249
15949261
15950057
15950359
15950420
15952110
15952224
15952322
15952341
15952515
15953017
15953036
15953599
15953772
15954020
15954030
15954394
15955290
15955814
15956041
15958492
15960167
15960546
15961245
15962052
15963731
15964114
15965001
15965461
15965630
15966564
15967294
15969727
15972377
15972609
15972682
15973131
15974518
15974945
15975308
15975793
15977449
15977798
15978114
15978608
15980373
15980598
15980685
15980901
15981057
15982391
15982636
15982729
15983237
15983241
15983547
15983622
15986585
15986592
15987158
15987552
15988440
15989715
15989869
15990155
15990715
15990856
15991343
15994333
15996239
15997106
15998635
15999540
15999541
15999829
16000458
16000473
16000574
16001330
16001541
16001655
16001852
16002173
16003403
16003875
16004241
16004600
16005450
16006181
16006291
16007005
16008545
16008685
16008911
16009146
16009228
16009837
16010709
16012942
16013306
16013571
16014632
16015460
16016803
16017231
16018063
16019861
16020438
16020480
16020586
16021595
16021807
16023091
16023473
16024008
16024139
16025139
16025354
16025563
16026775
16026879
16027867
16027914
16028421
16030326
16031485
16032274
16032747
16032979
16033175
16034095
16034591
16035454
16036532
16037259
16038216
16038548
16038728
16041643
16041717
16041916
16042604
16043794
16044048
16044097
16044201
16045617
16045847
16046385
16048507
16049030
16049321
16049916
16050185
16051390
16054865
16054908
16054988
16055180
16055500
16055971
16056918
16057030
16057441
16059405
16059801
16060122
16060369
16061576
16063940
16063962
16064204
16064653
16065075
16065561
16066853
16067523
16067599
16067848
16068037
16068517
16070902
16070978
16071115
16072186
16072292
16072873
16073911
16074467
16074811
16074970
16075958
16076290
16077011
16078286
16079238
16081525
16082181
16082401
16083103
16083590
16083727
16084571
16085877
16086240
16087785
16088458
16089897
16090802
16091089
16091362
16092562
16093430
16094223
16094915
16096130
16096956
16098121
16098668
16099979
16100113
16101156
16101931
16102229
16102391
16102395
16102525
16102682
16103417
16103549
16104090
16104221
16104746
16107372
16107461
16107726
16110056
16110793
16112104
16112417
16112920
16114372
16114532
16117090
16117451
16118222
16118887
16119214
16119539
16119610
16119892
16120565
16121203
16122855
16123644
16124467
16126018
16127602
16127947
16128078
16130418
16130608
16130940
16131558
16131838
16132400
16133668
16134058
16134248
16134609
16135889
16138482
16138648
16141660
16142889
16143009
16143207
16143256
16143326
16143726
16143915
16144325
16144365
16144842
16146069
16147236
16147922
16148471
16148898
16150190
16150257
16150452
16150753
16151143
16151694
16151769
16152197
16153292
16157018
16157280
16157442
16159067
16160201
16161106
16162883
16164381
16165366
16166886
16167251
16168748
16169847
16171558
16171655
16172300
16172416
16172463
16172595
16172997
16173395
16173463
16173553
16175108
16175489
16176636
16176742
16176899
16177060
16177970
16178307
16178313
16178816
16182237
16183217
16183574
16183595
16184078
16186449
16186883
16187202
16187226
16188560
16188802
16190081
16192045
16193074
16195668
16195676
16196506
16198314
16198356
16198937
16198955
16199266
16199751
16200528
16200563
16201065
16201108
16202045
16202179
16202180
16203388
16204886
16204910
16205202
16205825
16209016
16210418
16213013
16213222
16214030
16214446
16215029
16216490
16216860
16217867
16218583
16219143
16219787
16220084
16220639
16221433
16222969
16223048
16223333
16225672
16225746
16225767
16226312
16228969
16229284
16229726
16229896
16230535
16231534
16232235
16233197
16234056
16237086
16237336
16237936
16238964
16239378
16239441
16239796
16240392
16241449
16241489
16242744
16243693
16245024
16247421
16247748
16249292
16249618
16251891
16253734
16254835
16255497
16256603
16257033
16258484
16258524
16259802
16260077
16260647
16261902
16262319
16263125
16263411
16263711
16263880
16264502
16267089
16267758
16269089
16270008
16270981
16271182
16271737
16272715
16272973
16274512
16274550
16274815
16275208
16275291
16276353
16277578
16279277
16280554
16284210
16285615
16285901
16287572
16287645
16287793
16289024
16289995
16290638
16293213
16294519
16294539
16294988
16295798
16296436
16296833
16297089
16298028
16298302
16298637
16299668
16302224
16302297
16303191
16303468
16305335
16306837
16307259
16307586
16309318
16309323
16310195
16311314
16313103
16314602
16316012
16317480
16318283
16318963
16319220
16320597
16320958
16321215
16321550
16322602
16324139
16324858
16325385
16325748
16326404
16328443
16330105
16330618
16332832
16332947
16333166
16333371
16334346
16335925
16338260
16339715
16339998
16340234
16341974
16343507
16343898
16344076
16345137
16345263
16347047
16347813
16349001
16350116
16350515
16351581
16352215
16354324
16356559
16356978
16359209
16359290
16361476
16363442
16365337
16366125
16366345
16366604
16366741
16367599
16368064
16369069
16369239
16369627
16369955
16370462
16371012
16372342
16372856
16372988
16374443
16374742
16375466
16380043
16380582
16380863
16381115
16382236
16383433
16383648
16383765
16384739
16385355
16386143
16387365
16387511
16388247
16391408
16391806
16393995
16398316
16400952
16401929
16402343
16403360
16404030
16404041
16404974
16405005
16405011
16405681
16406092
16406805
16408711
16410489
16411103
16413646
16414458
16416006
16416352
16416644
16417272
16419010
16419027
16420112
16420709
16422449
16422584
16423651
16423930
16424900
16427240
16428904
16429212
16429307
16432160
16432204
16432948
16434641
16434711
16435326
16436206
16437030
16441662
16441914
16446834
16446975
16447270
16447735
16447813
16448320
16448752
16450745
16450886
16450992
16451186
16452136
16453958
16454949
16456363
16458085
16458375
16458993
16459375
16459735
16460958
16462393
16464756
16465510
16465636
16465653
16469125
16470682
16471181
16473338
16473415
16474940
16476307
16476565
16477359
16480237
16480734
16481264
16481969
16482799
16484045
16485450
16485496
16486277
16488855
16490775
16491439
16493388
16493522
16494111
16497214
16497719
16499159
16500390
16501568
16502182
16504271
16510513
16511292
16512705
16512971
16514002
16514789
16514805
16516103
16516224
16516248
16518633
16518812
16519058
16521111
16522009
16522049
16524478
16524794
16525479
16530699
16530715
16531281
16532119
16532453
16534438
16536504
16536853
16537915
16537916
16538114
16544605
16544782
16545238
16545896
16546560
16547379
16548109
16550019
16550994
16552738
16553553
16554216
16556036
16559615
16559764
16561614
16561734
16562814
16564064
16564945
16565819
16566152
16567609
16568392
16569453
16571989
16573146
16575318
16576426
16579203
16581747
16582501
16587235
16588519
16588585
16589949
16591871
16591878
16592224
16593132
16593460
16593484
16594334
16599767
16600306
16600379
16602074
16604071
16604289
16604757
16605732
16607628
16608249
16608561
16610069
16612025
16614598
16615084
16615349
16616511
16617061
16620317
16620907
16621942
16626673
16627064
16628762
16628833
16631212
16631522
16633272
16634047
16634359
16635241
16638211
16638790
16639848
16640871
16641629
16641657
16642729
16648542
16650258
16650722
16652587
16652941
16653346
16655348
16655871
16657545
16660879
16661030
16662148
16663118
16665327
16668370
16669915
16670526
16672529
16673496
16674648
16675185
16680062
16680390
16680750
16683504
16685714
16686152
16687947
16689906
16690062
16690566
16693077
16693480
16694513
16696967
16697963
16698995
16701476
16701726
16704271
16704897
16705817
16707254
16707420
16709357
16709594
16713967
16715926
16719969
16721105
16724921
16725611
16725887
16726227
16727339
16728486
16730844
16731964
16732222
16734513
16735460
16736455
16737181
16739036
16739377
16742287
16750152
16750266
16750605
16751233
16751975
16752162
16754696
16757779
16760520
16762409
16765790
16766932
16767215
16767538
16769891
16770168
16771854
16772683
16773641
16774401
16774929
16777480
16780000
16781406
16785226
16787249
16788805
16789246
16793324
16793377
16798531
16799116
16801025
16802912
16805511
16805806
16808080
16809577
16809978
16811839
16814844
16814880
16820288
16820405
16821802
16825311
16825795
16828339
16830800
16832755
16833385
16834498
16838525
16840119
16845035
16845278
16845504
16849578
16849911
16852890
16853079
16854208
16857981
16860518
16861596
16861684
16862003
16865284
16868582
16870538
16871370
16877515
16877866
16878531
16880023
16880072
16888530
16890565
16891475
16892227
16892340
16893514
16894993
16895105
16898989
16901700
16910182
16910659
16911325
16911420
16913817
16915935
16916513
16917646
16918677
16919770
16923470
16929443
16931072
16931779
16934444
16939751
16940473
16942922
16944800
16945380
16947412
16948196
16948797
16948894
16950008
16956963
16960637
16963372
16964532
16965279
16966697
16967377
16968975
16972342
16976567
16981965
16982596
16985190
16985570
16986259
16987050
16991292
16992463
16999973
17002650
17003200
17003372
17009363
17011371
17013553
17013625
17013719
17018993
17021071
17025838
17029417
17030112
17031141
17031585
17032196
17036535
17050746
17052446
17053170
17053717
17054869
17057855
17060541
17063389
17068314
17070319
17072108
17072736
17076274
17077186
17080925
17081944
17087539
17090080
17090941
17090987
17101318
17101735
17103412
17108058
17109409
17111550
17113257
17116677
17119501
17121987
17124643
17135941
17136301
17138298
17138881
17139415
17154390
17154826
17156339
17156366
17156992
17159899
17160988
17161179
17165458
17176546
17179584
17179639
17189325
17191351
17192432
17194493
17197505
17206636
17209468
17211606
17212657
17216257
17216859
17217803
17219889
17228774
17236508
17239820
17243460
17243701
17251765
17252840
17253878
17261364
17263005
17265348
17267268
17275712
17284585
17284665
17289557
17289859
17290451
17301476
17306699
17307682
17314523
17321267
17322026
17331816
17332620
17335474
17339475
17343524
17350558
17354021
17354372
17358422
17366871
17374730
17376633
17384177
17385840
17394057
17396690
17397933
17404159
17407780
17414168
17423310
17426285
17428509
17433934
17440382
17441039
17454044
17457699
17463939
17469234
17471952
17475990
17485022
17492475
17501381
17502453
17503824
17506934
17518914
17520940
17521520
17533058
17536237
17547927
17550952
17551969
17567612
17573328
17589162
17589411
17602169
17603178
17610832
17614050
17625029
17633349
17642330
17650368
17656942
17663870
17676510
17682360
17685750
17699631
17704838
17710322
17724915
17726700
17742434
17759714
17769534
17783557
17792782
17804588
17814477
17832660
17838979
17852184
17862205
17885914
17890200
17914026
17924768
17939477
17952540
17972110
17993138
18005913
18032305
18057983
