4889928
4898022
4901892
4910948
4920895
4922290
4928822
4939303
4940907
4953144
4961443
4967844
4975991
4986979
5000716
5005840
5015193
5022941
5028240
5041044
5046851
5054337
5059756
5068396
5072435
5081920
5091476
5101121
5103063
5113484
5117324
5129585
5137264
5142704
5142889
5154867
5157283
5163485
5175201
5175973
5184534
5195305
5203882
5208453
5214181
5220231
5229961
5236038
5245031
5257229
5261971
5271439
5275432
5283163
5290045
5299319
5302808
5309917
5321455
5331617
5338800
5343717
5350762
5360575
5367221
5375156
5380003
5390615
5394268
5403589
5407409
5414096
5418005
5425286
5428386
5438796
5444101
5449243
5456527
5463707
5476809
5484428
5485608
5492459
5501452
5510735
5512165
5518065
5528214
5530675
5536508
5543261
5550853
5558674
5560510
5568202
5577443
5587965
5597251
5605032
5608250
5619646
5628080
5631703
5644027
5649847
5658611
5666421
5676386
5679164
5690773
5696380
5707069
5714425
5723239
5727870
5733988
5738208
5748959
5750500
5761319
5765809
5778341
5781859
5795335
5798329
5811013
5814487
5825394
5831949
5843412
5852459
5854905
5864596
5867403
5875681
5879076
5889913
5897551
5901200
5911018
5916464
5919431
5928175
5934258
5944320
5957693
5964536
5974645
5981887
5985856
5991262
5993601
6008811
6012715
6023136
6026290
6036705
6037434
6038757
6047425
6047746
6057391
6058525
6064468
6064490
6068028
6072495
6078043
6080597
6080944
6082514
6088943
6089171
6095580
6099853
6106816
6108272
6114461
6114750
6125972
6127731
6132750
6134194
6144224
6149128
6155947
6157137
6159628
6161319
6168686
6171640
6182982
6183709
6187702
6191122
6195327
6197080
6198432
6203018
6212529
6213495
6221812
6223313
6226581
6228103
6235577
6235580
6243069
6243884
6246568
6251262
6257648
6260081
6262381
6263351
6266947
6271319
6277455
6282838
6287256
6289182
6293264
6293555
6304005
6305844
6311357
6311363
6322936
6323207
6325677
6327864
6334789
6336235
6339435
6340008
6353031
6353033
6356105
6356504
6366013
6370640
6370916
6376369
6382948
6383524
6389905
6392506
6397513
6401410
6411114
6411817
6416736
6419036
6420982
6425177
6431764
6431804
6433402
6434132
6445658
6447908
6455990
6456527
6460737
6463329
6468453
6469979
6481878
6483219
6489547
6491295
6497509
6497676
6502872
6503539
6511855
6513451
6515089
6517998
6526643
6529421
6530009
6532811
6533080
6541652
6543984
6546228
6546231
6546245
6556134
6558039
6564614
6565322
6565966
6568359
6571355
6571356
6576300
6576302
6578847
6581099
6581103
6581114
6590274
6591233
6596835
6601117
6605319
6605459
6606080
6609593
6613516
6614916
6619673
6625250
6631949
6631973
6632241
6636284
6636625
6639570
6641580
6646103
6653778
6655062
6655922
6657433
6659000
6665973
6666341
6667755
6672944
6672950
6677103
6686271
6686386
6686398
6688797
6688812
6690484
6694563
6694695
6696047
6706171
6706633
6711178
6711183
6711398
6714820
6716823
6718988
6725427
6725798
6734400
6734420
6741999
6742036
6742438
6748152
6748339
6749432
6753696
6753818
6757006
6760209
6760214
6766459
6772449
6777578
6779917
6779922
6787004
6787839
6795346
6796069
6796498
6801775
6802766
6807578
6812913
6812966
6823570
6823590
6826005
6831124
6831317
6833824
6835300
6845494
6845502
6845711
6850360
6850367
6854609
6858846
6859377
6864166
6864584
6864635
6872024
6872028
6872420
6877662
6881798
6882005
6884317
6884318
6887873
6889017
6892332
6893309
6894368
6898484
6905350
6906481
6909344
6909355
6912493
6914443
6917260
6922147
6922269
6925457
6928292
6928852
6929957
6932684
6937513
6940263
6940413
6944324
6949657
6953504
6956013
6956218
6956239
6962829
6964867
6964873
6964903
6968309
6968311
6969023
6974534
6975623
6975742
6975830
6983506
6983805
6983871
6987657
6990960
6994810
7001789
7003012
7003563
7008499
7008514
7008524
7013348
7018615
7018657
7018761
7020791
7024613
7024628
7026897
7026898
7026917
7036441
7036464
7036480
7045436
7047096
7047103
7047126
7052928
7055051
7060626
7062806
7064352
7064372
7064968
7070876
7070994
7071861
7072532
7074892
7077971
7078097
7078448
7087199
7087202
7087205
7087214
7091856
7096511
7096522
7101910
7102249
7103530
7107063
7109590
7109874
7111180
7111185
7113232
7116646
7117849
7117884
7122382
7123768
7124465
7124508
7124513
7136862
7137353
7137380
7141180
7146596
7147492
7151078
7151373
7152937
7155425
7158999
7159742
7163678
7167268
7169043
7173941
7174849
7176089
7179697
7186354
7186383
7186386
7186387
7189343
7189356
7193230
7194289
7198488
7198988
7199004
7200994
7201012
7202809
7206198
7207957
7208819
7213533
7215604
7216348
7218684
7220067
7220426
7228044
7228064
7231242
7235943
7236140
7236896
7239792
7241068
7241080
7242215
7246101
7247907
7248102
7249277
7249294
7249311
7255416
7257138
7261079
7267001
7267875
7268020
7270288
7277055
7277076
7279818
7279989
7283151
7283189
7289050
7291867
7291870
7293768
7293796
7293808
7293833
7294749
7300311
7300458
7302793
7302795
7306364
7309848
7309857
7309861
7314898
7314899
7314905
7314918
7314927
7320675
7322272
7322816
7323021
7323732
7324946
7326541
7326567
7326757
7331337
7336251
7336272
7338407
7340260
7341692
7348480
7349666
7349775
7351880
7354447
7354663
7355174
7359548
7360156
7362589
7364274
7366655
7368556
7372005
7372013
7372201
7377867
7377873
7378303
7379862
7380147
7387236
7387565
7387584
7399942
7399956
7400225
7400781
7408755
7408941
7409155
7410485
7412291
7413986
7417092
7420184
7422650
7422968
7424374
7426048
7426089
7426091
7429575
7429577
7437697
7438931
7438939
7439159
7441745
7442764
7443076
7443099
7443105
7446263
7446946
7448554
7455542
7455819
7456232
7462883
7462898
7466287
7468163
7470383
7471955
7473113
7473840
7474973
7477777
7478647
7478668
7479176
7485022
7489831
7489862
7497055
7497299
7497832
7498777
7500775
7502860
7504858
7504870
7504873
7506732
7510696
7511826
7511828
7513057
7513213
7519564
7520231
7521633
7523554
7523617
7523623
7528557
7535510
7536056
7536057
7536154
7536205
7541876
7542044
7544015
7544349
7544359
7545434
7545986
7546014
7547170
7547192
7551654
7553241
7553749
7554068
7557093
7558341
7558812
7559243
7560506
7565541
7567795
7567799
7567826
7567832
7571579
7571873
7571905
7574635
7574641
7574707
7579318
7582602
7582804
7585977
7585996
7591769
7591779
7591788
7591797
7591828
7593164
7593385
7594111
7595803
7595807
7595824
7597324
7604191
7604238
7604901
7605240
7605242
7606530
7614497
7614541
7617372
7618166
7618180
7621243
7622222
7622454
7622455
7622644
7626047
7628163
7631753
7632545
7632555
7633729
7634387
7639311
7641553
7641576
7641587
7641591
7642776
7643057
7643066
7648307
7648804
7654681
7654682
7658348
7660061
7661343
7661355
7663027
7664832
7665724
7674826
7674827
7674828
7675465
7676750
7677882
7680074
7680078
7681700
7681704
7686963
7689316
7690580
7690582
7694969
7695953
7697563
7697583
7697668
7698619
7699304
7699561
7700560
7700568
7705021
7710657
7710982
7711873
7713639
7714820
7716628
7718216
7718490
7726417
7726420
7727141
7727153
7729313
7730156
7730612
7734416
7735395
7737022
7737365
7737455
7737484
7738397
7739690
7739731
7739732
7739735
7740736
7740737
7752600
7752651
7752781
7753913
7757303
7761046
7761064
7761085
7761103
7762295
7762846
7763489
7769766
7771156
7771481
7771498
7771566
7771580
7771581
7780681
7780739
7782467
7782596
7783725
7788761
7788762
7788765
7792069
7792132
7795028
7798929
7798945
7800434
7800975
7802045
7804425
7809055
7809062
7809103
7813268
7813284
7814266
7815793
7817890
7817943
7821777
7821783
7822545
7822611
7822616
7822620
7823767
7825058
7828446
7830103
7830121
7832347
7832348
7833746
7835073
7835402
7835780
7835799
7835862
7835890
7835924
7844865
7845101
7848195
7848196
7849628
7852135
7853228
7853308
7855898
7857326
7857327
7860260
7861332
7861362
7861560
7861983
7861986
7863163
7871365
7871542
7872548
7873383
7873668
7881652
7881843
7882545
7883454
7885917
7889759
7889766
7891067
7891085
7893152
7894727
7895082
7898689
7898720
7898757
7899728
7902559
7902681
7902691
7906109
7909149
7911944
7911969
7913263
7913728
7915406
7915419
7919952
7919976
7919994
7920406
7922315
7923633
7929727
7931447
7931449
7932066
7934577
7937185
7937861
7937869
7939519
7939529
7944800
7946007
7947794
7948522
7948523
7951040
7952154
7952173
7952382
7952800
7955120
7957757
7959274
7959912
7961155
7961387
7964630
7964636
7964789
7964795
7966503
7968339
7976323
7976470
7977131
7977422
7977816
7978926
7979098
7981746
7982846
7983760
7987582
7991846
7992095
7992949
7993753
7995355
7995359
7998447
7998670
8000082
8000107
8004566
8005649
8007939
8009655
8010567
8010776
8015197
8017008
8017201
8017208
8017255
8017347
8021238
8022500
8022965
8024580
8024633
8024711
8025122
8027937
8029397
8029406
8030480
8030506
8034468
8034505
8035106
8035354
8035537
8038331
8038678
8039502
8039514
8040666
8044212
8044218
8044224
8044226
8045145
8045720
8053667
8055226
8055249
8055257
8058776
8059767
8061418
8061423
8061427
8061431
8061436
8065448
8065485
8070786
8073865
8073913
8073917
8073929
8083903
8083904
8084240
8084246
8084256
8086087
8087760
8089136
8090010
8090620
8093028
8094462
8094475
8095829
8095843
8095870
8096037
8096083
8096239
8101844
8102324
8102352
8102846
8102857
8103342
8103585
8105265
8107498
8109193
8109476
8112297
8112454
8112782
8113668
8114648
8116870
8117513
8119272
8119274
8121731
8121865
8123268
8124270
8125142
8126142
8130195
8130748
8130778
8130784
8131219
8131243
8133484
8133669
8133708
8134065
8134470
8135694
8135841
8135961
8137351
8142050
8142088
8142093
8142286
8142996
8144113
8145369
8145378
8145381
8145384
8146628
8153354
8154189
8157300
8157595
8157760
8158527
8158532
8164794
8165089
8165130
8165267
8165712
8166389
8166938
8170894
8170900
8175053
8176378
8176379
8176383
8176405
8177996
8183672
8184193
8185424
8185433
8188179
8188925
8188935
8189249
8190064
8190080
8191638
8191682
8193782
8197209
8199069
8199907
8200034
8200051
8200171
8200174
8200741
8201539
8201937
8205271
8205527
8206982
8206988
8206992
8207006
8210453
8210456
8212315
8213591
8213979
8214667
8216226
8216396
8216869
8216976
8216986
8217035
8222286
8224563
8225509
8226338
8227199
8228503
8229577
8230333
8230610
8230653
8230657
8231814
8236521
8240391
8241572
8241581
8241657
8241795
8241799
8241809
8241829
8242239
8244816
8245283
8245908
8247742
8247745
8247973
8249936
8250322
8250324
8251900
8251901
8253244
8253247
8253256
8253353
8253356
8255385
8255393
8257752
8262265
8264541
8264873
8264881
8265263
8265290
8266518
8267666
8267727
8268205
8269691
8272158
8272183
8272186
8272757
8272762
8273098
8275174
8275195
8275361
8275394
8275418
8276425
8278180
8279572
8280322
8282030
8283105
8283112
8283617
8285234
8285289
8285298
8285927
8285942
8287901
8288772
8288992
8290337
8290355
8290368
8292502
8293109
8294125
8294144
8294182
8296088
8296435
8296652
8296673
8296686
8296859
8296861
8297564
8299533
8299600
8299846
8303739
8307409
8307714
8308178
8309064
8310740
8310839
8312944
8312952
8312966
8312988
8312989
8313720
8317193
8317442
8319387
8319389
8319402
8319409
8319430
8321714
8321729
8323577
8326797
8329415
8329419
8330649
8330656
8330659
8330661
8330687
8330780
8332894
8332912
8333439
8333511
8336168
8337823
8337899
8339698
8339702
8340701
8341924
8341953
8341954
8343409
8343427
8343436
8343440
8343444
8343449
8350155
8350157
8350748
8352609
8352631
8352635
8354608
8355718
8357211
8357439
8358522
8359042
8359043
8359073
8359462
8360719
8362688
8365153
8366229
8366684
8366782
8367630
8367654
8369455
8369563
8375567
8375667
8375671
8375678
8376363
8377040
8377043
8378366
8379135
8379138
8379310
8380376
8380382
8380385
8380722
8380897
8380911
8382093
8382878
8383011
8383286
8384658
8384675
8386382
8386449
8389296
8389302
8389345
8389373
8389386
8391767
8391949
8392122
8393469
8393485
8393684
8394081
8394148
8395463
8395666
8401311
8401323
8403861
8404822
8405293
8405693
8407503
8407515
8408957
8409009
8409872
8409890
8414073
8414084
8414236
8415106
8415126
8415286
8416389
8420462
8420474
8420941
8421498
8426657
8426667
8426671
8426680
8426682
8427708
8427978
8427980
8427987
8428330
8428337
8428366
8430170
8431719
8431780
8433228
8433236
8433262
8435604
8438098
8440785
8440799
8442819
8442822
8443071
8444464
8450307
8450467
8450661
8450839
8450840
8450869
8451320
8451322
8451402
8453614
8454535
8456722
8456832
8457558
8457580
8457585
8457796
8457917
8458160
8458677
8462639
8464433
8464877
8464880
8465088
8465128
8465248
8466100
8466362
8466371
8469458
8469473
8470268
8472366
8472680
8472688
8473009
8473336
8475860
8476188
8478324
8478699
8478706
8479986
8480345
8480390
8483557
8484059
8486760
8487265
8487281
8487372
8490821
8490846
8490963
8491015
8491525
8491534
8491547
8491580
8493574
8497813
8498186
8498314
8498319
8499454
8499489
8499909
8500662
8501123
8501134
8501719
8501738
8501761
8503310
8503982
8506347
8506348
8506370
8506999
8507498
8507501
8507522
8507524
8507529
8507531
8508043
8510245
8510255
8510771
8510775
8511642
8511743
8511748
8511772
8511823
8514219
8514223
8514449
8514979
8515010
8520201
8522299
8522872
8524923
8524957
8524961
8524964
8524969
8525322
8527990
8528017
8528299
8528974
8529351
8529376
8531992
8532013
8533653
8533697
8534039
8534888
8535028
8536430
8536437
8536472
8536496
8537337
8538686
8538775
8539497
8539501
8539508
8539515
8541712
8543333
8543549
8543565
8544568
8544664
8544669
8545378
8546841
8546927
8546970
8546977
8548610
8549987
8550303
8551571
8551896
8552537
8552548
8556369
8556428
8558108
8558215
8559493
8559502
8560109
8560848
8561723
8564319
8564338
8566301
8566314
8566322
8566323
8567551
8567636
8567676
8568512
8570287
8570317
8570328
8570335
8572967
8573401
8573730
8573749
8576778
8578559
8578605
8578697
8581075
8582436
8583229
8583233
8583342
8583921
8583950
8584946
8585018
8585248
8585738
8588117
8588144
8591347
8591351
8591715
8592420
8592694
8594751
8595530
8595964
8595977
8595978
8596376
8596389
8596432
8598529
8602044
8602294
8602689
8603387
8603394
8603413
8603426
8604405
8604485
8604521
8605257
8605681
8606029
8606643
8608746
8608903
8609103
8611432
8612411
8612471
8612571
8612927
8612942
8612967
8614269
8614312
8620776
8624365
8625125
8626921
8627560
8627878
8627889
8627891
8627908
8628388
8631067
8631179
8631339
8631343
8633879
8634396
8634399
8634417
8634439
8634441
8638651
8638789
8638878
8638879
8639596
8640272
8640577
8640654
8643024
8643032
8643292
8643533
8644034
8646170
8647823
8648139
8648182
8648301
8648302
8648325
8648417
8648432
8648914
8648972
8653981
8653982
8653983
8655641
8656250
8656268
8658528
8658881
8658882
8658905
8658917
8659994
8660143
8660535
8660548
8660555
8660906
8660936
8660979
8661862
8662205
8662988
8663083
8665678
8667307
8667337
8667344
8667746
8670086
8670316
8671393
8671396
8671406
8671820
8672681
8672804
8676373
8676374
8676379
8676386
8678566
8678588
8681067
8681068
8681237
8681616
8681624
8681633
8683062
8683065
8683863
8683865
8684666
8685495
8686307
8686344
8686355
8686622
8688558
8688773
8690346
8690594
8691860
8692364
8692531
8692811
8692831
8692837
8693191
8694441
8695187
8695255
8696053
8696414
8696418
8696472
8696479
8696485
8696939
8699140
8700386
8700409
8701393
8701544
8701549
8702094
8702809
8702819
8702825
8702848
8702950
8703989
8704407
8707470
8709101
8709346
8710426
8712227
8712238
8712805
8713146
8713153
8714053
8714586
8716809
8716810
8717041
8717049
8717053
8717065
8717073
8717084
8717086
8717096
8718880
8718932
8719021
8722252
8722255
8722391
8723310
8724497
8724501
8725693
8725701
8725712
8725738
8726182
8726579
8726595
8726737
8727759
8727765
8727843
8727936
8729170
8729182
8729306
8729311
8729336
8730375
8731173
8732238
8732239
8732379
8732798
8732800
8732974
8732977
8733660
8734454
8734463
8735060
8735873
8736075
8736131
8736575
8737296
8737910
8737918
8738361
8739263
8740573
8740574
8740584
8741107
8742062
8742363
8742543
8743666
8743683
8743684
8744670
8745922
8745999
8746044
8746048
8746473
8750577
8750587
8750591
8750673
8750681
8750713
8751515
8751523
8751527
8751561
8751645
8753321
8755840
8755841
8755843
8756897
8758068
8760598
8760615
8761669
8761675
8761678
8761684
8763027
8763945
8764041
8764467
8764471
8764662
8764803
8764809
8765056
8765731
8765959
8765987
8767777
8767900
8767942
8767948
8767954
8768041
8768173
8770339
8770397
8772979
8773450
8773848
8774882
8774890
8774915
8774918
8776227
8776425
8778081
8778322
8778332
8778513
8778515
8779695
8779721
8782222
8782941
8782954
8783192
8783201
8784059
8784061
8784325
8784359
8786135
8786158
8786185
8786187
8786279
8786303
8786305
8786660
8788590
8788595
8788784
8789499
8789612
8789960
8789961
8789984
8790225
8790415
8790690
8791720
8791790
8792409
8792418
8793444
8793525
8793731
8794291
8797690
8797699
8798484
8798954
8798999
8799520
8799691
8799737
8801003
8801018
8801255
8802422
8802423
8802539
8802584
8802903
8802905
8804337
8804349
8804353
8804360
8804381
8805272
8805296
8805365
8807166
8807744
8807776
8807788
8808126
8808374
8808514
8808522
8812258
8812283
8812285
8813378
8813405
8814520
8814566
8814748
8814753
8814764
8814769
8815389
8815411
8815474
8815479
8816064
8816073
8816076
8816096
8816129
8816145
8817336
8817343
8817362
8817519
8817520
8817533
8817536
8819008
8819009
8819063
8819428
8819726
8819886
8820171
8820573
8820576
8820578
8820586
8820604
8820629
8822461
8822484
8822953
8825082
8825091
8825750
8825965
8825998
8826698
8826879
8827683
8828356
8828624
8828648
8828738
8828867
8828868
8829649
8832461
8834018
8834259
8834280
8835096
8835496
8835503
8835839
8835848
8835849
8835860
8836473
8837015
8837023
8837025
8839254
8841022
8841803
8841835
8841848
8843491
8843625
8843634
8844269
8845507
8845509
8845518
8845980
8846345
8846611
8846659
8847870
8852713
8852716
8852740
8853638
8853780
8853844
8855564
8857250
8858078
8858094
8858129
8858135
8858712
8858714
8860432
8860444
8861379
8861385
8862071
8862529
8864784
8864818
8864832
8864865
8864897
8864907
8865644
8865773
8868736
8870214
8870215
8870216
8870308
8872171
8872175
8874390
8875083
8875087
8875089
8875092
8875700
8876011
8877671
8877677
8877684
8877690
8877698
8877706
8883998
8883999
8884001
8884004
8884897
8885523
8891074
8891087
8891640
8892545
8892565
8892652
8892655
8892662
8893211
8893241
8893245
8895447
8896465
8896910
8896939
8896944
8897247
8897254
8897264
8897372
8897379
8897396
8897397
8897407
8898196
8898207
8898212
8898248
8899418
8901482
8901528
8901536
8901545
8902535
8902545
8902665
8903404
8903405
8903657
8904244
8906886
8910325
8910364
8910371
8910379
8910405
8910407
8910939
8910969
8915246
8915362
8915385
8915391
8916128
8916163
8916166
8917997
8918630
8920331
8920334
8920555
8920804
8921378
8922151
8923122
8923223
8923985
8923987
8924375
8924622
8924741
8926615
8927546
8927627
8928409
8929098
8929119
8929125
8929140
8929207
8929828
8929832
8930232
8931678
8931683
8931719
8931751
8931864
8933517
8933889
8933899
8933914
8934203
8934206
8934281
8934561
8934613
8935363
8935470
8935633
8938322
8938703
8938713
8941809
8943912
8943966
8944986
8945081
8945174
8945177
8945449
8945457
8945464
8946020
8946435
8946456
8946457
8946521
8947933
8947939
8948265
8949633
8952149
8952491
8955742
8955941
8958610
8958646
8958655
8958668
8959099
8959111
8959118
8959120
8959134
8963195
8963205
8963350
8963360
8963373
8963394
8963482
8965306
8968250
8969016
8969452
8969747
8969756
8970328
8970381
8973817
8975063
8975286
8975410
8975424
8976333
8977865
8977872
8978077
8980931
8980960
8981688
8982187
8982992
8983616
8983954
8984963
8984966
8985988
8989862
8989876
8989885
8991468
8991507
8992756
8992759
8993580
8994039
8994050
8994075
8994115
8995579
8995627
8995737
8996932
8996964
8996972
8996996
8997984
8998038
8998264
8998270
8998461
8998552
8998582
9000714
9002545
9002567
9003319
9003351
9003362
9003365
9004548
9004801
9005510
9005527
9008272
9009132
9009141
9009175
9010268
9015632
9015867
9016110
9016117
9016119
9016122
9016131
9016146
9017441
9017444
9017448
9023139
9023241
9023529
9023552
9023559
9023579
9024900
9025135
9025140
9027436
9027439
9027826
9027922
9028467
9028494
9028857
9028860
9028879
9029102
9030071
9030395
9030441
9030442
9030449
9030723
9031343
9031352
9031361
9031520
9031898
9035184
9037419
9037425
9037921
9039849
9039852
9040217
9040218
9040407
9040411
9042541
9044320
9045307
9046815
9046985
9046995
9046998
9048195
9048436
9048816
9048831
9048839
9048843
9052323
9052345
9052347
9052358
9054039
9054063
9054096
9055433
9056584
9061420
9061437
9061450
9061470
9061494
9062795
9062821
9063634
9065465
9065563
9066284
9067538
9068674
9072477
9072479
9072493
9072495
9072662
9072666
9072687
9072863
9077339
9077811
9078200
9080432
9082265
9082309
9084423
9085041
9085065
9085131
9085475
9085480
9085663
9086404
9086673
9088631
9088778
9088826
9089856
9089919
9090886
9090935
9094027
9094039
9095703
9095967
9097421
9097451
9097757
9097770
9098739
9098938
9101595
9103037
9103065
9105557
9105915
9106660
9108034
9108052
9108205
9109664
9111987
9112691
9113350
9115983
9116386
9116601
9116758
9117262
9117274
9117286
9117806
9117848
9117851
9119838
9119851
9120663
9123397
9125575
9125584
9126331
9127253
9130298
9130456
9130489
9133135
9133141
9133142
9133144
9134229
9134837
9136155
9138020
9139175
9139286
9139290
9139296
9140262
9140278
9140285
9143388
9143662
9143952
9144029
9144355
9145194
9145215
9147142
9154444
9155373
9155566
9156345
9156346
9156362
9156366
9157266
9160123
9160674
9160776
9160800
9160801
9161056
9165353
9165638
9167343
9167354
9170592
9170962
9171490
9172544
9172799
9173092
9173101
9174657
9175495
9179223
9179224
9179808
9179995
9180016
9180641
9184451
9184781
9185300
9185307
9185839
9186140
9186141
9189414
9190706
9193616
9193955
9194185
9194417
9194680
9195345
9195359
9195910
9195922
9195928
9196036
9197802
9199453
9199813
9201718
9202552
9202561
9202570
9202582
9203425
9205045
9205046
9205100
9205579
9205596
9208289
9208290
9208987
9209253
9209372
9212078
9212168
9215513
9217417
9218756
9218780
9219286
9219292
9219993
9221622
9221627
9221643
9224052
9225468
9225676
9225980
9226090
9226096
9226097
9228502
9229435
9229666
9229671
9232043
9232292
9232296
9233583
9234428
9236261
9236272
9236542
9236710
9238836
9238838
9238883
9238890
9238892
9238900
9243510
9243513
9243514
9243521
9243537
9243818
9246043
9251959
9252196
9252479
9252527
9252528
9253481
9254550
9258079
9258095
9260108
9260558
9260982
9260985
9261586
9262972
9263013
9263374
9263882
9264712
9269295
9269305
9270394
9271503
9272808
9273082
9273524
9275406
9279401
9279668
9279696
9282379
9282380
9282382
9282492
9282770
9284275
9287250
9287399
9287615
9288218
9288229
9288347
9289516
9289529
9289850
9292388
9295332
9295334
9298169
9298180
9298841
9298968
9298969
9302083
9302109
9302115
9302118
9302123
9302355
9303755
9307258
9307268
9312339
9312517
9312520
9312521
9314011
9314811
9314813
9314814
9315812
9318823
9323012
9323300
9323312
9324874
9326309
9326332
9326348
9327131
9327154
9329298
9330180
9330670
9333097
9333109
9334072
9334972
9337065
9339309
9339315
9339317
9340226
9341136
9342183
9342223
9344402
9349306
9349310
9349340
9350163
9351418
9351441
9352406
9354484
9355176
9355667
9357813
9357821
9364534
9364549
9364550
9364554
9365279
9365587
9365588
9365608
9365855
9372713
9376000
9377893
9378078
9378082
9378338
9378719
9378730
9380863
9381659
9381798
9381801
9381814
9381818
9388882
9388895
9388896
9389251
9389256
9389359
9389415
9389419
9393450
9398453
9400341
9400550
9400560
9400572
9400587
9402926
9402927
9403148
9408779
9408810
9409728
9411943
9413844
9414018
9414036
9415547
9415577
9415595
9418600
9422412
9422501
9422508
9422523
9423154
9425043
9425313
9427186
9428622
9429444
9429452
9429456
9429851
9430125
9430169
9430261
9432813
9432887
9437740
9437757
9437766
9438006
9438039
9438631
9438916
9439245
9441930
9443507
9443509
9445600
9445608
9446026
9450091
9450162
9450229
9450430
9450616
9451731
9451733
9459658
9459667
9459704
9459713
9459714
9460533
9460539
9460545
9461051
9462292
9462476
9462478
9468849
9474022
9475087
9475243
9475244
9475353
9475361
9475364
9481116
9483004
9483005
9483008
9483012
9483022
9485577
9485635
9490649
9492148
9496066
9496135
9496138
9500018
9500072
9500990
9501005
9501018
9502135
9502145
9502160
9503793
9503799
9503805
9503816
9504930
9505594
9506764
9511615
9511635
9516823
9516829
9517748
9517750
9517805
9517830
9517875
9517896
9522359
9527676
9527768
9527772
9527876
9528000
9528295
9529517
9529677
9530882
9533857
9534561
9534570
9534617
9536269
9536293
9537042
9537942
9538077
9538176
9538586
9540399
9540835
9543218
9545404
9547462
9547523
9547559
9548254
9555643
9557887
9558594
9558628
9558632
9558663
9560070
9561626
9561856
9562328
9565711
9566851
9566866
9567732
9567738
9569621
9570436
9570704
9570877
9572810
9572811
9573328
9573350
9573359
9584024
9584330
9588887
9588906
9588929
9589176
9591664
9591710
9591833
9591928
9593460
9594625
9595850
9598978
9599558
9603270
9603271
9603277
9605570
9605594
9606007
9606770
9606775
9607611
9611631
9611869
9614111
9614151
9614882
9616081
9616252
9617202
9617684
9619278
9619280
9620688
9621464
9625809
9625818
9625825
9629042
9630520
9630785
9634682
9634873
9634894
9634901
9636000
9636096
9636102
9636763
9639259
9644096
9644102
9644613
9645039
9645870
9649830
9650442
9654287
9655998
9657217
9657421
9659661
9659665
9661152
9661266
9661268
9665085
9665960
9666629
9669193
9669740
9671746
9671749
9674798
9675104
9677365
9677412
9677413
9679021
9684920
9686285
9686324
9686799
9689399
9690743
9691280
9692470
9696864
9698728
9698765
9699266
9704932
9705362
9706246
9706755
9710241
9713254
9715603
9715604
9715605
9717326
9717383
9717507
9717791
9723199
9723880
9724806
9729665
9729856
9730804
9730826
9730827
9731016
9731020
9731023
9736207
9736394
9736399
9736413
9737828
9742003
9746597
9746605
9747252
9747269
9747270
9760806
9760814
9760825
9760830
9762295
9762297
9765420
9769028
9769030
9770441
9777418
9780054
9780092
9780428
9780984
9781356
9783262
9783263
9783988
9786512
9788502
9788504
9789663
9790839
9791908
9792075
9799595
9802838
9803533
9804518
9804558
9804786
9805922
9812078
9813027
9813029
9813124
9813130
9814301
9814375
9814377
9814382
9817947
9818612
9820307
9821674
9825862
9827187
9828105
9828133
9828835
9829685
9832017
9832924
9833113
9838478
9838631
9838661
9839974
9841292
9841307
9841316
9841338
9848311
9848473
9851061
9851638
9853851
9853873
9854973
9855911
9857082
9859507
9861056
9861274
9861288
9862278
9870646
9874491
9874542
9875684
9878592
9882507
9883661
9883668
9887145
9887197
9888637
9890247
9890259
9890542
9890771
9895074
9897178
9897347
9897890
9897914
9907533
9908426
9908436
9908457
9909982
9910130
9910289
9912903
9915862
9917150
9925083
9925338
9925709
9925786
9925790
9925808
9925841
9932790
9933075
9933335
9933405
9933434
9935550
9937901
9937902
9938237
9938267
9941303
9941305
9947308
9952506
9952648
9952805
9958863
9958864
9960241
9960451
9968893
9969393
9969397
9969405
9971698
9972938
9974772
9974840
9975284
9979335
9979465
9979472
9981271
9981553
9981555
9987152
9990264
9992094
9993975
9995681
9995820
9995822
9996434
9998775
9999292
10006743
10006745
10007415
10007425
10010701
10011118
10011124
10011341
10011346
10013663
10016905
10016924
10016936
10018642
10021115
10023642
10024083
10026731
10027062
10027580
10029836
10029855
10030427
10035551
10038017
10038981
10041990
10041992
10042160
10042164
10045271
10046976
10047524
10050309
10053315
10053321
10055628
10055817
10055820
10055823
10058155
10058790
10058870
10060092
10062074
10065112
10067548
10067553
10067713
10069622
10070422
10073616
10076095
10080488
10080507
10086547
10086788
10087257
10089990
10093770
10093799
10095164
10099624
10100268
10103614
10106044
10106120
10108543
10108577
10109959
10109961
10113453
10115385
10115429
10117414
10119788
10119824
10121748
10123894
10125394
10127026
10130798
10130836
10130840
10135443
10138142
10139544
10142112
10147150
10149080
10153795
10153810
10153816
10153818
10154666
10160009
10160752
10162337
10163388
10163861
10165155
10165676
10169653
10174046
10174064
10174099
10175187
10177507
10184112
10186725
10187538
10189988
10194448
10194571
10196297
10196977
10197633
10197958
10198944
10200786
10204535
10206540
10206892
10208793
10218254
10218767
10218776
10218803
10220857
10224698
10224719
10225841
10225854
10228871
10228907
10231007
10232253
10232273
10236966
10236967
10240691
10240985
10247334
10247359
10248983
10250319
10250905
10254614
10255801
10258186
10260853
10263614
10263919
10271063
10272678
10274362
10274379
10276991
10277702
10285224
10285254
10285455
10285766
10289136
10289633
10291817
10292102
10299547
10301422
10303040
10307017
10307828
10307832
10310739
10315432
10315598
10319028
10321042
10321878
10322945
10327895
10327952
10328003
10328004
10328500
10334087
10334107
10334448
10334460
10334461
10341251
10341252
10341255
10341306
10342186
10345643
10345644
10347437
10347707
10347935
10354054
10356332
10356598
10358729
10360098
10360118
10364967
10367943
10369856
10372064
10372345
10373769
10376039
10377401
10378832
10382141
10382451
10386918
10387611
10388707
10388722
10395046
10395664
10396623
10400127
10400144
10400170
10406656
10410737
10411878
10412949
10416229
10416560
10418097
10424220
10424221
10424357
10424599
10429107
10429675
10430109
10436270
10436299
10437157
10448245
10448255
10448270
10448426
10455860
10457220
10457491
10457493
10459998
10460111
10460874
10461182
10465495
10466182
10468884
10471887
10473279
10473323
10474125
10482541
10482555
10483994
10484539
10488491
10489496
10489671
10489698
10492735
10492913
10494331
10500059
10501795
10504282
10507604
10508212
10509274
10509831
10509838
10515360
10519793
10519799
10528342
10528347
10528352
10531431
10532004
10532051
10536918
10539500
10539522
10539631
10545200
10549268
10549298
10549850
10556463
10558067
10558069
10559087
10568299
10569237
10572171
10572888
10574341
10577885
10577893
10577897
10580478
10581431
10581480
10589504
10589516
10590546
10591474
10592460
10593446
10593448
10597798
10603590
10609370
10609707
10611574
10613002
10613212
10615666
10620018
10620851
10620875
10621601
10629400
10629403
10629412
10636350
10636559
10636584
10637143
10637700
10637766
10645228
10645400
10649407
10650106
10650114
10654491
10654607
10654620
10656476
10662722
10665690
10666557
10671489
10671501
10672872
10675800
10676108
10685728
10685958
10685964
10691441
10693927
10698295
10698758
10706954
10710248
10711851
10713063
10714868
10719478
10720352
10723314
10727499
10729900
10734237
10739358
10739565
10740405
10743245
10746402
10747016
10750871
10751397
10754713
10754788
10757773
10761400
10762939
10768449
10768640
10771816
10777988
10778272
10783009
10783055
10787128
10787948
10792925
10793043
10799379
10799570
10807759
10809884
10809894
10813485
10814437
10814488
10822094
10822111
10830968
10835540
10838832
10841328
10846251
10848038
10849025
10853088
10856572
10860885
10863928
10865520
10870312
10873573
10886185
10886818
10890027
10890060
10890065
10895570
10898365
10898837
10909052
10909095
10920006
10920031
10920052
10922342
10922363
10922415
10931569
10933202
10938373
10939311
10939428
10943115
10945412
10951327
10951963
10955741
10964085
10965328
10965334
10966592
10967993
10979974
10979980
10986324
10987954
10989166
10993124
10996199
11002438
11002713
11009378
11009579
11009585
11012835
11014497
11021632
11023431
11025750
11025780
11034214
11034988
11035300
11040429
11045140
11051947
11051953
11052489
11054463
11054491
11054528
11064745
11065294
11065384
11072685
11075516
11078701
11078767
11089262
11089830
11090046
11095968
11098121
11101407
11103657
11108847
11114543
11115220
11116206
11119972
11125380
11127415
11131928
11134049
11135938
11137276
11151572
11151845
11156764
11159742
11162941
11165043
11170940
11172412
11180475
11181594
11191432
11195045
11200611
11200644
11208127
11208175
11215594
11217340
11221574
11221617
11225613
11232012
11237788
11237795
11241368
11242513
11249460
11249523
11255949
11258966
11265092
11265118
11270943
11277205
11280392
11281982
11285059
11285061
11292342
11295243
11301216
11304164
11314062
11314094
11315327
11315368
11324644
11327270
11329004
11333452
11337358
11344157
11345921
11352803
11356934
11359284
11361140
11362329
11367119
11367124
11377467
11378275
11382492
11384447
11390140
11391003
11397611
11399658
11410271
11411943
11412791
11418825
11424754
11426203
11429493
11429519
11438385
11444973
11448026
11448353
11460689
11460690
11461720
11466593
11476941
11476949
11477710
11482588
11486380
11486798
11491666
11492073
11500905
11503418
11510029
11515727
11520436
11520457
11530708
11530777
11534430
11534559
11541723
11541754
11542384
11546607
11551441
11552011
11558283
11558410
11565293
11568069
11573586
11574511
11582159
11584494
11594585
11597597
11610877
11616431
11622033
11624396
11631283
11644164
11646235
11656480
11660682
11670749
11679783
11687896
11697930
11702931
11710715
11715039
11720496
11727866
11733929
11740852
11750923
11756717
11760131
11767998
11777667
11784421
11788042
11799192
11810635
11817225
11824161
11833764
11837089
11849736
11854176
11863554
11866903
11878317
11884454
11895156
11902588
11905519
11916379
11925537
11929146
11934507
11941228
11951957
11959128
11968421
11974084
11984279
11987723
11993716
12001266
12016316
12021165
12030733
12044404
12048776
12058380
12063987
12069839
12076727
12082646
12091337
12093866
12104416
12117429
12124218
12127691
12142254
12149819
12154987
12156437
12166894
12170830
12181704
12183108
12195682
12195886
12203752
12210636
12213201
12221376
12228409
12242181
12244164
12249583
12258862
12268648
12270620
12282695
12285579
12293130
12303319
12312168
12318528
12319487
12334321
12339161
12343308
12352167
12356101
12366275
12371199
12377335
12384288
12388023
12405801
12407604
12415784
12429049
12430991
12438378
12448141
12460514
12460787
12467904
12473478
12480231
12487948
12496199
12498051
12511596
12520105
12526459
12533840
12541783
12548615
12555035
12565902
12574478
12580022
12588148
12593983
12602364
12607569
12617822
12622396
12631490
12640309
12644183
12650863
12662555
12670624
12677337
12683864
12693291
12694092
12710884
12717336
12726939
12728511
12743689
12751639
12757533
12758296
12770452
