14816389
9031540
4033080
11978219
8932491
7807067
12055629
8305803
1940388
4803100
14440123
14760283
10747336
2242327
11998601
11885553
766382
11269452
8686714
14718804
4734049
9523629
11876915
596477
7025539
1977096
14567536
6900070
7621808
749682
12252652
5513303
14834196
5534816
14436504
2028884
13340621
11891130
14311604
12766849
4735194
1509055
3457731
14621008
8933913
5755774
2162031
3188700
5681128
7106088
55875
10111815
404610
6650021
5970045
8285385
9326548
9311988
5332194
6127274
14123712
10340174
13551942
3594833
9029368
9649018
14436308
12790513
13864231
6000699
4378731
3107485
8451810
14007059
12906327
533958
9947396
2362648
3701988
276158
9563026
12930110
8728718
2632328
13374688
10073428
9727689
10568954
3664289
1308967
14464347
12130093
11702564
11708825
14996055
7805167
3785495
8569688
1954949
1567055
282568
3833823
12191303
5919788
3832303
9159325
4613274
3785463
7983898
5225777
468761
13455278
8008986
13733039
11229691
13098817
12467398
4548720
14891033
1510208
460818
572764
5877657
9490471
3066916
9127037
738991
14932493
12783132
9976524
3728066
496207
180571
14638781
11097946
4266980
11962198
5889670
7229101
3856269
11941285
5206415
2975460
9896082
1835351
5233837
1633948
4148821
7988956
6657850
1834351
1831064
11386939
4371855
865461
3247727
1128058
3403645
2736374
8182247
3345078
295380
533858
12697865
4494627
359646
14900158
2432261
3301219
7972810
10347572
7692339
10445572
3625526
8247233
6502026
1373105
403835
8217709
11292208
8286858
11177727
4406498
12239833
13449747
6576349
4254819
10340287
7974045
11808205
8062403
3977894
6483654
8764796
4799635
13141681
8587135
3667918
1564196
654004
11330487
13551534
3252497
4806829
13004390
11245992
541441
3295078
12188691
8181864
12481135
6296320
13207253
13716968
8990483
14266763
3126461
5070649
14361594
4335665
2157635
4671807
12640427
12122343
7832174
8632894
3597410
6596794
14158069
10209136
13036848
1703267
5393883
4667010
9659088
10938808
6468627
12931183
8392943
9199534
7757606
9665147
5188404
3832027
14738868
5480665
14504226
5585448
10234848
11129153
2401622
13480004
8158362
1361291
4568090
3662012
10467354
11343824
7858678
11028840
4363503
14728146
6308948
3843143
1281275
8056550
5490001
7959998
6513969
5498462
1519818
12219122
14469592
12058283
5244617
1836403
13794380
13602437
5239562
9011448
12822823
10412675
7847503
14966451
10485988
3925868
8364414
1878411
3789610
3325219
13232814
3588241
10426723
6620381
117694
8128705
8490958
2872085
4476964
4089782
4901898
7699019
9393524
2439899
653377
14542557
12101244
2893188
7153752
9567952
1836827
7556545
1912916
3392055
10278540
8138784
3220213
6266616
7973382
1964848
10308639
13014312
14493905
3711752
12415845
7214622
11570060
3907015
11514985
13771174
12465743
12623160
12089392
7115591
11170324
5789909
8232413
10925719
2760027
12477815
4636356
11022534
2481927
9090305
11739898
13725088
1055067
438975
11262179
13456659
8889078
13650592
3605574
12321462
1964532
12858015
5425758
2237010
4147446
1275535
2456638
9928634
12730828
643630
13793027
5933634
11765575
5548125
3784555
13848094
2554572
8540207
578396
8719995
7626334
3637523
9532703
11008178
7944767
9274516
10128411
8909928
10452563
6736260
1720271
14248820
4998808
2043167
11488224
288750
4347533
9049827
446297
3704224
4329041
2371901
4939454
8957313
4032253
3583095
12871003
13127852
9768309
5979634
10897748
11279358
6448749
14954354
2629440
14632686
6713073
8532163
5366332
1310629
1279013
5084006
1972433
12925258
9220706
9807410
12534811
8535880
7627588
5183034
1392311
426258
3420223
7744828
14943375
82136
5999258
4665590
11195819
7650827
5926850
14861631
12689398
2513080
3112839
7851649
9147796
14777923
5923020
12512943
1201536
2752763
4698905
7771185
14506588
9391784
8879249
7405838
3798904
1802044
5047259
12404881
2180765
14940645
4425996
429364
6704263
12325318
5183450
7085165
5368065
6301817
3619069
2003021
5916329
13251055
9523440
13091042
3659020
12667607
1533513
7726328
2686698
8118939
6945458
1630075
676763
8736215
5083943
13954027
10556445
10108814
11321242
749514
10592133
6501195
5826633
2671102
2647219
3262900
3511293
2734804
3780541
8951435
5800254
11635357
8309837
14876580
7849455
13378800
1307475
1186221
9914652
14420335
247366
10266671
3035983
7370322
11567319
6727854
15347
5255902
5855809
5217621
10987596
3787752
5513411
14105780
2322984
11338627
8967230
3047839
14534052
7165308
8979501
2921030
2969808
2831863
10597462
4583875
10328635
4107211
1010089
3934967
12368129
5749905
12025840
2362875
9860747
11368192
13181116
5717810
3891496
3559441
11685297
10806601
5745862
11804113
3914478
1411473
8926483
5864731
12654859
4697327
10233232
5525843
2087018
14712755
11834328
944823
9717544
3915789
4772604
2238244
9826307
4570745
520340
2066212
1744716
2468648
9478552
2267696
7044802
7611987
1435212
6963678
10009332
4369649
1308940
6157978
12591024
3246748
941473
7709978
3827054
7822994
2031181
12360009
12845845
9113347
6079594
1950483
7182233
11180481
11374601
3415403
135178
14526548
14746304
8071620
1978230
13131549
5241905
7577382
14406849
9756518
9210106
13496582
8646990
6384892
3882666
2674688
4979774
12082515
10944000
4186464
421153
1041387
12330936
4878772
4475151
14546461
8481630
5861544
14269880
12985328
9069001
9740228
1308159
2849779
766917
12819256
11724983
11796100
10065490
9886148
10347285
11363662
13200305
7928631
8161900
1556339
12981814
7029404
3072271
13079101
2854884
2806383
5623810
6023387
937653
9014156
10991025
13452364
2990919
124572
11981311
10301465
1619412
170308
3219676
11247316
5995701
1347116
4075798
556411
10827735
14134400
10667701
10248085
12457941
13466617
4167643
14234196
9565661
4095653
5718051
14774624
3815808
3285062
10416434
9767871
9927397
4074872
13444116
14723776
12063651
254485
13796656
12274758
2045343
6961778
585929
13269494
8571977
1079368
1805863
1450437
8838286
10913716
5933203
6994566
12915914
7112007
7286860
11112347
11346677
10132122
6012161
5184619
2567371
12950056
3197319
12802920
11991480
343713
1664317
12164630
34427
11323013
10619886
9567534
3915385
27670
4129966
7271697
1101866
429001
1145981
7208761
3414800
3431037
14782638
9934510
11973195
10933204
422501
4012877
8052116
1288172
5908099
13777266
2350348
4210711
435866
2420683
3614546
8209764
4103166
4901675
7623156
7203355
12103149
1607149
7231965
5712558
9616062
13547318
10821443
1466975
7090059
9003822
13264559
4565448
13386023
4975768
1816255
11585232
6837636
6782090
5047180
12344168
7360678
1521055
2421642
1951314
1629084
10286526
9736310
1553642
2410767
8790190
4305383
5948632
11603925
880748
7916318
9577597
6652350
9205146
1479827
11715855
3527086
8496017
181528
11255178
8245544
14768144
2502430
14759958
9216506
8083331
8837733
2202236
13656832
1394654
1383181
4313320
13344168
2231568
11923256
231668
1952365
7386694
6008884
8087193
1374995
13438642
6706930
670476
1573700
5943844
1652511
6602188
8175912
10327415
10606297
10692845
12817953
4903167
6805430
6249634
4932041
9563965
1134307
3016557
6865769
387141
7582503
4475811
2985687
5884765
1315400
1365011
750530
12081885
8417411
4420922
4861023
10089360
7421655
14751800
10627307
7302676
3938478
598583
8574405
7326198
12040648
1583522
1781583
624849
4314313
3131035
11122266
10805368
13510277
286275
6886830
9386982
7455412
12968878
7872400
10141203
5657359
2433991
3619760
1866946
5878247
4514795
5920386
13190566
3355044
12317582
6385911
10662428
12228154
7788003
8976105
1133198
10822564
12170999
2711134
14259390
4179835
8974322
11128149
4067326
8446757
14309846
2524899
8993819
14591615
10091606
3135957
14643263
14855537
6802997
556434
10770028
8462757
8220426
3947421
14197000
1087666
12988104
463508
7215008
8274294
2149691
1394088
4231669
8885238
9633819
14859725
5952978
7811632
3221531
2438265
11465223
14522216
13417994
845473
3972940
2223816
9073118
13682032
2637830
597166
10152745
10692445
5110130
5404926
13270350
9917742
8758652
8971685
12662488
949422
192907
8168480
10896518
6499622
5182502
14637877
9121082
1327719
9933529
5510095
13297429
7692534
14465514
6418805
8759662
2258086
2890124
5972609
12497725
4619951
13501978
7138875
5409691
14572764
928488
7609861
8094831
9411142
7766867
11779195
13935976
8874329
11394485
5202792
1020814
6847239
14823028
6142203
5729083
2176235
74272
10586145
5889269
12505960
243607
11527891
11704339
6210496
10806665
4784786
2657233
11089247
14465452
9692851
1486586
6529814
10849089
10293978
127613
8085505
312530
4336410
5050178
3588062
11768979
10956188
3675121
2848956
4264194
6529113
2515726
8908511
14312669
662152
8041852
4576811
851862
2713870
6833545
11886231
11556848
3860202
11940309
13545867
8337244
7834500
4933162
10810254
11028798
5910616
8033188
692274
12030891
2838382
2215907
6663989
13929048
1348843
5981986
8981517
2819451
13315842
7995617
8017023
11802657
13538881
6129968
8137087
11183495
9255989
34735
1609552
11449539
7492124
9170535
10963751
11519484
8429878
1580836
13712611
9432514
900641
2859047
2174627
6030218
10229638
4383054
12584958
4509697
27681
11678728
14394754
6342237
10485655
12628419
3725326
6152007
5521142
10462021
13368870
12303829
3178943
11487145
10782555
11518720
13927357
13441388
12068895
12890991
1085691
8146449
11606163
3236395
10961214
9215657
10736148
12781217
1900972
4622017
364611
9889672
6124728
698111
5788575
3530187
14653260
1511352
2804227
2136179
6649174
10268639
11737841
13336061
7465840
738297
6466466
5530983
8653249
3901788
2027721
4061855
4046480
851512
5896370
14315535
12785846
3624011
5105679
9931522
13956313
5559567
1587563
9995604
12411291
12715944
1787954
2150714
8226878
3838540
12672310
6543680
14373230
6933293
7832256
4763609
14679983
9341212
14906622
12116590
14485527
1881167
11145925
4065492
8675614
11642914
851657
4627907
7606400
10360442
11277253
8489767
3104142
2004922
6480319
8648123
11203772
11880603
9292491
11583189
4313032
4650867
11629728
6047115
13906552
6504884
6554468
14038025
12873430
5206397
11680220
8850035
7123279
2682106
11409605
185859
1517196
10240756
8655862
3283928
9068725
14611505
4284628
10910951
10453002
371292
2837605
3072125
398674
9222849
12089048
7303773
6596384
11257578
12008241
6840319
6590197
13123378
9522130
6685083
3025218
3114137
3182298
300195
6213993
627428
4854487
4561208
4864901
8453081
965089
1928633
2632516
7275345
12294963
12148709
5316740
2936586
3426615
4105930
14589559
13124735
2603093
6033070
5634208
6043668
10670288
1075415
8792227
14062049
101341
3779770
1700903
2400579
2592885
4957738
5936927
4554914
6758223
87491
3148549
3522778
1003794
1312918
4840893
14495071
13653903
8364236
9617223
2782442
13876380
7085071
13144428
14982925
7928947
4699013
14164041
9960462
5256496
988289
7679519
1792721
2126826
3571354
2437598
7721001
7819544
133110
13482716
12661928
5671094
6440393
3281727
10390828
8277318
4237684
8030274
4451809
3702203
7243005
12808109
7601822
2606443
9535773
2743831
4267851
2525711
9153177
14548100
14380278
4821088
2830357
8275114
6109207
6489475
10411800
9941941
13700870
6937840
771138
9008283
5235726
2252948
563000
7937355
9721225
7767677
9347665
2044187
3341969
10949686
7125261
10648336
3239098
2972032
7035905
9994613
9016833
14185695
11129671
2694876
8094226
8736426
7388900
1089056
2281885
7498763
4696064
5879562
5240258
2615568
189991
3602441
3491720
7464956
6087988
2834536
945982
1017723
8720580
7895974
4729514
1222570
13506407
12944477
8574398
11979706
5784257
4160390
6043351
10089446
4648085
301075
13025498
7534860
8637186
6552359
1486665
356226
10044030
13935410
12639338
2741348
12953399
9998175
3174275
408557
12823423
9142575
2917239
13622458
14453339
5222302
13069088
7947539
13232989
1092521
8093471
494296
1040268
13556835
10599407
3135039
13664890
3771945
5170406
13055186
12590098
7126059
3532481
9413036
14684671
4776248
6408000
5143948
7821464
2870348
6150950
10612187
500630
6355473
6026364
9775677
12084875
4885883
12508717
14494045
12777121
8915805
6451290
14323332
3364901
11208815
9645550
14471554
13325275
10054880
6794141
10437518
13546011
13880167
12205108
14606373
11199500
10128872
3890410
13275905
14662758
6092777
3316064
2623180
4697993
203936
1357491
2905439
6376701
1196336
9275412
2372941
1975309
12327563
2443482
3306196
11682369
1277545
13320068
2535779
13890939
8442233
3482254
14656406
7852664
11222593
8875959
3060934
361467
10636307
11717009
8700735
10217281
5394448
4787067
1752371
14114249
10280738
11820063
148173
3955179
9779685
4611976
8533016
12639286
11799030
6712795
2946451
10522846
9431750
4542772
5974648
3383644
4253259
3744388
5049279
581540
14956986
9345528
14977945
2392668
8318857
14532875
9885320
316676
2382430
3646418
13518040
8791187
5799810
2232283
5900515
12652126
11483766
9659525
2293518
52677
13399000
2271532
6156497
9551661
8511165
211338
14923660
3850743
6110780
1859219
4601850
14001522
14108601
5991931
5564585
9501501
9269262
11063683
9942492
335611
11388694
11719779
3189383
14336933
2938089
12524251
14762955
8070775
2394583
6145977
81593
10877650
10099567
1974789
14637120
8842966
14224829
4661518
14889964
2996970
1729871
9495314
601274
10717279
2865234
1120463
10028832
8814041
4249136
3927655
3330990
743248
5067156
7167154
9769338
11886637
1666215
13062526
2242782
10464263
14736948
7378632
13851250
1218175
7834529
4432418
12541779
10419646
6176006
5241499
12304792
5336565
2310241
9130719
209698
6869171
12642220
2691717
1420598
9806185
11426609
13526183
8096722
7989157
6158043
7663499
14180660
14273100
13017696
4563173
11063056
2351195
4713341
5744292
994916
13647820
11263199
12479216
14366179
3823625
7453440
9293255
3341789
3044327
12509659
6746367
9483401
3417759
7116445
2882092
3062523
11950016
12695607
11049772
8020630
10553657
7700410
6084599
2346339
13389803
14994974
2030362
3268220
13673550
13939118
11436622
8548201
9643230
10531294
10007237
13537384
7874621
9584205
12998037
14802863
4491970
5205580
13724623
7511371
5870106
8895748
13736334
2122985
3366747
10548193
6091117
8433591
1550560
9551753
6615054
9804841
595206
9955011
9140250
11290389
7054911
8740261
3398940
12266769
14347750
7679282
8317466
1856524
8379055
2181927
14171914
5694624
5210352
13059605
1247230
541954
1738340
12009704
14301102
13678228
3702277
11667745
13950866
2880784
417881
7235597
3988781
14641613
9349929
8950090
10868018
1881831
9073599
3503481
13798230
8880579
549244
5860291
14975924
3230236
9899673
13919807
5183442
8878410
4160996
13604968
6368441
9645424
5712866
7717969
724921
6785891
1391447
12468590
6560853
6750285
1918250
6727992
3898441
8919610
14930523
5412341
9798243
4580462
8346549
4990742
12824860
8417308
4981430
12538153
1310144
7479647
10279716
3284198
4983758
8254116
5105648
5060874
6583429
5772768
4978591
12736678
8558530
10705948
3902423
10244798
7243288
8892606
3323249
840519
1952759
12057045
3714691
12576878
12414396
7416498
6661221
2918700
10065503
7272162
7436536
2473254
1494055
4208617
2289839
10631276
12538975
13577249
66791
8002199
2935436
3052418
9863107
9933317
3106014
13327228
6447948
8083187
10832191
1870310
6276028
9446041
9707727
3623628
5282117
14385241
7164094
9038091
1681996
6824685
13513077
11300521
2790563
1032710
6721899
7102747
3297407
6289225
4837338
5192248
8720802
985737
1562926
4936952
8525859
13864904
10284931
8913025
11102876
6458456
3608721
3024174
6871239
13041933
995609
138077
2717888
2007691
3471781
5650362
11325697
13012348
10202084
1918559
12346727
7717257
1434636
291275
13596671
11612183
3210193
6687869
997493
14517393
10327964
2446449
8222158
3860507
3875196
4330512
7467513
13281017
14075090
11647305
9580229
10767858
2161202
10660648
13838085
11325037
445506
9379780
3598050
7458657
204245
