1016
1260
24489
29291
33761
40705
41860
46499
72269
76649
77971
77983
80081
80936
81689
85817
85984
86152
112134
116167
121077
128405
132268
132276
132288
137446
138875
143471
143509
150210
150357
150430
150457
155914
158640
162028
169306
169785
171888
171924
178604
185233
185783
190241
197480
202356
205203
213357
215105
219120
222475
222487
222488
222501
222502
223752
226288
226741
227951
229748
236043
243303
243322
247154
247157
248437
249866
249885
249891
249937
264633
270845
285111
285729
286642
286648
292671
313381
319962
319963
321370
325669
328365
335990
342095
342115
342116
344140
344174
352929
353313
361764
362736
362763
367200
367238
372205
377825
380762
384033
389750
390908
392131
394629
405652
412806
412812
414979
415015
418434
419082
421184
426854
428839
431061
432240
435937
442725
442993
443036
444540
444632
444646
444798
444921
445038
445672
447015
454865
458035
495164
495988
496957
496977
516613
717886
1080835
1125531
1130203
1141933
1142534
1143993
1146939
1147349
1148023
1155026
1155770
1157178
1169886
1172520
1172648
1175057
1179391
1181781
1184563
1184569
1185567
1191118
1192121
1193381
1195582
1196286
1196290
1196308
1196392
1203627
1206700
1210169
1215177
1226581
1228908
1231783
1240140
1242912
1242924
1244603
1246182
1246287
1246677
1248409
1252493
1253302
1253987
1258393
1266097
1271513
1276448
1276983
1282510
1287425
1332630
1337615
1358013
1375352
1382124
1385956
1393181
1404899
1423007
1429373
1445147
1445907
1491532
1497754
1503921
1503926
1516741
1522892
1523205
1528441
1529544
1530603
1530686
1530694
1534695
1548319
1550713
1557253
1559903
1559904
1561289
1561423
1561498
1562537
1562977
1562998
1564883
1566245
1566274
1566286
1566289
1567259
1567435
1572631
1574398
1578994
1583208
1587612
1588942
1600272
1612506
1638465
1641504
1645715
1645721
1646166
1646247
1646250
1653093
1665195
1678967
1681145
1681158
1681304
1704187
1707803
1715580
1720047
1722191
1722672
1722697
1727376
1736039
1736913
1745947
1751947
1763657
1764816
1765294
1765760
1765810
1789045
1822769
1822858
1822876
1822881
1822889
1823810
1828634
1834956
1836050
1840550
1840584
1844290
1848530
1851288
1869453
1870970
1872488
1872541
1882159
1882609
1888481
1905384
1942051
1942103
1945495
1945753
1946166
1946560
1954006
1974502
2007300
2018395
2020863
2026234
2043413
2046495
2060514
2069347
2082128
2092243
2146854
2289147
2303643
2306845
2318581
2323916
2324077
2325120
2325494
2326373
2326388
2326389
2326832
2327279
2327621
2327868
2327874
2330198
2336090
2337145
2337252
2337258
2337277
2343791
2347366
2357313
2360685
2364425
2364436
2375053
2375485
2377219
2386860
2394977
2396275
2397477
2397599
2398946
2407796
2408081
2408101
2411758
2411868
2412435
2413252
2413793
2428925
2433858
2447266
2473285
2475083
2547384
2569574
2569788
2573598
2573614
2574826
2575706
2575711
2577486
2581139
2582208
2586806
2605057
2613733
2632794
2633534
2634199
2635939
2645038
2657131
2680175
2692307
2692334
2692351
2701469
2701873
2751023
2754021
2754028
2783929
2803306
2806763
2829546
2836353
2836367
2842415
2850521
2853290
2854345
2855798
2856071
2864367
2867617
2923584
2972533
3016934
3023188
3059435
3061037
3063016
3065746
3069944
3101410
3108449
3108476
3110283
3126970
3131139
3131785
3131821
3135279
3135379
3139578
3139590
3139847
3141087
3141127
3142130
3149707
3185227
3187507
3189845
3189848
3190884
3191542
3192150
3192157
3192979
3197449
3197482
3201329
3212068
3231404
3250658
3282856
3286792
3289797
3296377
3301187
3304027
3304032
3304042
3304073
3304127
3304384
3337731
3362207
3365491
3372420
3372447
3372480
3373528
3373552
3374512
3374520
3379957
3385634
3432669
3435821
3446465
3455703
3459781
3467913
3470613
3472945
3476564
3482473
3483842
3483846
3491470
3491879
3508225
3515188
3515841
3526178
3540404
3546637
3556733
3571619
3572426
3578986
3583664
3588414
3588452
3588919
3605625
3607803
3615503
3616591
3616706
3618207
3618228
3619147
3621845
3621866
3621878
3621882
3622715
3637979
3673149
3687508
3695043
3699989
3700004
3728128
3728430
3729131
3729164
3729743
3743195
3763103
3769138
3779327
3792087
3792288
3792554
3794913
3794936
3795696
3796208
3802846
3806416
3806419
3811550
3811707
3844293
3882114
3887461
3890842
3892940
3892965
3905839
3914657
3915918
3916113
3921016
3930488
3930491
3930494
3957802
3972325
3973850
4004002
4004032
4005235
4005449
4008208
4008398
4008400
4008417
4020827
4060829
4074032
4082365
4093790
4119719
4120314
4125564
4126166
4126175
4126208
4126671
4126679
4127070
4127588
4128755
4133931
4134011
4136953
4141828
4158507
4167983
4188548
4191363
4200108
4200418
4209029
4209048
4209058
4212020
4220308
4222325
4225238
4231000
4254892
4265105
4275225
4282269
4287870
4289019
4291420
4291422
4293249
4293736
4294174
4297669
4298237
4303585
4303601
4307026
4314876
4314883
4317692
4320342
4321535
4322349
4322491
4325178
4344393
4344427
4352898
4353075
4353768
4354954
4368321
4372522
4379892
4380100
4383723
4385661
4439286
4456979
4485555
4497293
4511845
4537037
4538372
4541077
4541160
4542122
4542363
4546292
4548005
4548006
4548010
4548011
4550837
4591858
4596497
4597079
4597083
4603500
4604020
4625088
4627180
4629613
4630724
4667250
4676701
4702442
4740329
4779442
4795562
4798562
4803343
4824229
4827303
4827967
4829083
4830072
4831844
4831859
4831885
4831888
4841097
4868171
4879241
4887955
4892624
4897386
4902928
4924652
4930237
4943285
4977770
4986659
4988553
4996272
5070376
5343813
5352243
5356939
5357095
5360147
5363634
5367089
5375044
5375673
5383195
5388495
5393083
5393794
5394255
5394258
5395235
5395258
5395270
5398374
5398882
5406569
5407124
5407319
5421597
5421942
5427761
5427785
5429750
5437287
5442953
5449667
5459182
5459690
5462833
5462863
5462866
5465583
5495728
5498375
5505228
5505255
5525807
5549391
5551475
5555488
5565275
5570664
5572135
5597541
5597665
5599853
5601486
5607894
5609726
5610283
5611387
5611392
5611400
5613557
5654367
5660133
5662603
5662609
5667557
5668787
5669155
5669201
5670679
5670684
5675438
5676194
5676227
5676275
5676927
5677955
5677956
5678051
5694502
5740448
5755087
5798652
5798658
5806262
5825033
5838120
5853221
5854542
5854706
5859075
5862583
5862593
5862596
5866298
5866942
5868292
5875821
5875842
5878379
5878382
5878802
5878820
5882055
5883534
5884057
5886126
5886129
5887057
5896967
5897911
5897917
5897939
5897950
5897956
5898466
5898469
5900299
5900330
5916145
5916384
5918198
5932024
5954865
5957009
5983015
5997888
6003334
6003376
6038189
6039543
6039927
6094848
6097535
6140064
6147763
6149593
6150017
6150162
6150167
6150881
6151233
6151237
6155174
6160712
6161599
6163077
6165661
6167966
6169746
6169747
6170595
6210042
6243227
6246927
6263735
6269073
6269092
6315117
6331163
6347211
6360238
6371237
6376753
6376763
6381211
6463161
6467148
6470848
6492743
6493141
6493158
6493915
6499359
6499434
6499951
6574796
6614046
6645247
6652620
6654358
6662339
6667000
6674604
6679677
6684974
6687864
6696659
6710562
6712844
6714815
6715836
6721170
6721922
6722245
6723286
6728500
6734036
6738186
6738838
6740396
6745572
6745590
6745682
6753334
6753494
6753500
6753771
6753961
6754934
6755871
6757688
6777762
6778143
6778540
6778552
6778677
6781068
6782328
6786093
6786766
6787865
6788435
6788488
6790625
6811244
6815788
6825500
6831478
6842255
6859560
6859782
6904858
6906432
6914869
6919637
6928974
6941254
6941856
6947055
6948119
6950178
6952858
6953215
6966480
6980038
6988426
7004739
7004741
7007023
7008491
7008494
7012775
7013474
7014367
7016356
7018708
7040777
7060543
7060559
7060777
7061990
7065114
7065204
7065224
7065231
7075898
7078276
7083175
7089072
7097365
7098236
7101858
7117305
7118096
7131104
7132289
7133991
7137171
7138236
7138268
7141566
7150814
7168643
7177188
7182332
7188283
7192378
7198474
7201654
7207485
7230788
7233382
7233584
7234225
7249709
7249846
7259471
7266802
7272389
7272494
7293541
7302116
7308817
7310985
7325259
7325407
7327251
7327272
7328341
7390046
7406056
7419967
7424213
7431329
7433959
7437749
7440665
7464089
7471447
7471880
7474155
7475095
7475104
7475434
7477384
7482418
7492262
7495518
7495544
7495725
7517237
7520749
7521605
7521630
7521633
7523402
7523411
7536790
7538439
7539318
7539362
7543572
7550554
7550576
7550588
7574795
7615058
7635089
7643656
7643985
7644307
7644850
7645781
7645793
7645796
7645816
7645823
7647739
7647984
7648264
7648294
7651033
7652829
7656289
7657545
7665414
7671650
7688967
7701147
7713282
7716056
7716371
7742124
7746756
7746784
7746788
7756296
7757424
7761051
7765101
7765118
7769914
7770197
7783620
7784546
7785207
7787305
7789502
7792709
7793301
7798124
7803075
7803078
7808727
7821533
7827269
7827273
7833117
7833491
7837724
7843998
7844000
7845398
7851516
7861181
7862645
7884530
7884579
7896127
7896559
7901995
7904412
7906917
7932180
7940987
7958641
7965077
8001033
8043791
8044416
8046639
8060503
8081262
8082231
8082233
8082246
8090193
8090682
8117373
8151394
8152064
8152088
8152390
8152397
8152403
8152408
8153365
8153793
8161083
8169166
8171514
8174167
8176893
8185414
8185436
8185482
8185534
8187216
8187410
8187414
8197639
8203242
8204526
8204531
8205540
8211500
8213855
8221925
8225704
8226840
8230590
8233308
8235585
8235589
8235616
8242284
8253949
8253960
8265090
8268421
8287815
8288199
8288553
8288559
8289129
8289223
8289407
8297100
8297122
8297302
8299152
8310580
8310585
8310595
8312382
8312734
8318772
8318928
8319198
8319240
8322259
8322270
8323051
8323875
8328963
8330782
8330789
8333121
8333148
8335117
8344637
8346456
8349684
8359657
8359686
8359706
8360967
8362602
8362631
8363414
8367150
8370379
8370855
8371633
8371651
8372658
8372663
8375511
8375923
8375932
8375938
8377580
8377927
8383115
8383571
8386318
8387467
8418059
8420353
8427150
8435948
8443430
8443440
8443467
8444625
8445024
8446736
8453122
8453134
8473090
8477636
8477660
8477662
8477667
8477694
8495104
8497040
8497083
8497087
8497455
8497487
8498155
8502551
8502553
8512614
8512665
8515354
8535375
8540750
8541021
8543119
8549215
8559631
8560494
8560500
8575502
8578168
8580863
8591344
8591358
8597982
8608869
8609798
8618461
8620254
8622092
8651074
8657928
8664752
8666018
8666159
8666422
8672365
8675032
8675321
8679176
8684449
8684722
8696575
8697461
8699810
8701830
8704208
8723648
8750609
8757580
8848243
8852112
8858371
8904271
8947867
8990049
8998489
9026775
9036953
9052212
9052218
9053701
9061889
9080290
9087195
9094996
9100077
9100079
9137524
9138266
9198886
9201488
9210771
9215292
9215296
9215306
9221332
9222980
9223006
9223764
9223916
9239388
9242540
9252628
9253857
9253881
9254088
9258926
9272568
9279189
9284162
9316369
9321998
9328358
9328362
9328762
9330861
9330869
9342696
9343406
9348751
9349748
9370529
9370550
9371093
9383927
9387124
9390723
9390999
9398576
9398577
9399421
9399430
9400746
9401678
9401679
9405110
9407233
9407239
9412781
9416086
9416989
9419746
9419750
9422561
9423088
9424196
9425593
9426038
9448345
9464880
9478193
9478200
9479133
9479135
9480397
9480440
9496227
9501125
9501167
9513237
9526635
9532734
9532764
9538110
9554876
9554885
9564963
9565004
9566485
9590333
9631405
9638852
9650898
9661495
9669016
9669037
9691744
9691942
9697046
9702056
9707546
9710805
9713200
9721888
9729600
9737184
9741261
9745952
9752375
9756046
9756396
9759332
9763866
9770271
9774178
9776109
9777929
9785275
9785279
9785297
9785317
9785318
9785682
9786687
9802374
9808020
9808031
9808577
9813571
9819908
9830384
9830648
9835118
9835121
9835326
9836126
9840177
9848921
9853139
9853456
9880364
9880536
9884206
9886904
9894404
9896493
9915481
9916362
9918436
9926009
9926016
9926820
9932681
9943979
9964634
9966403
9988266
9993673
10005763
10005774
10010338
10014328
10014494
10044912
10051771
10053223
10057120
10059109
10065037
10065054
10065087
10081858
10081868
10081869
10086873
10104768
10105564
10110183
10117318
10119371
10122564
10123647
10132197
10144686
10160968
10161877
10163084
10163232
10165125
10167323
10175388
10176469
10178032
10180515
10185208
10191992
10197670
10204871
10207201
10208168
10212694
10221114
10230363
10256593
10258570
10275539
10281534
10281883
10285236
10318189
10329801
10339033
10339337
10339375
10340850
10346786
10357436
10362138
10362157
10362871
10364133
10463899
10479312
10484330
10491741
10496861
10514729
10516519
10532233
10589876
10598771
10598962
10599036
10599268
10599435
10599952
10602864
10604960
10611339
10621689
10623957
10623958
10623985
10641750
10660066
10667030
10681643
10684265
10694544
10706845
10707550
10708452
10777710
10816919
10828066
10828655
10833896
10834141
10842428
10865115
10879991
10895926
10914164
10918403
10922752
10926217
10929204
10929706
10930648
10933235
10941321
10947483
10963946
10964980
10965826
10965867
10966449
10983169
10983633
10987815
10987827
10987832
10989004
10991139
10993828
10993829
10994358
10999009
11004716
11007239
11008293
11011418
11011501
11011712
11012644
11013051
11013059
11024905
11024915
11027951
11066281
11068024
11079245
11080835
11083137
11085582
11088058
11088070
11091741
11097897
11098314
11098335
11111473
11111475
11122993
11122994
11123942
11129764
11136008
11136017
11136259
11138737
11138753
11138909
11140230
11145277
11145436
11155247
11159182
11160096
11164085
11164090
11168410
11172642
11181712
11181717
11183774
11183786
11187794
11198187
11198205
11198393
11199136
11201261
11201281
11206982
11209058
11210936
11211737
11219811
11224063
11232215
11232230
11233746
11235634
11235653
11235654
11236906
11237345
11237942
11250281
11251377
11252814
11252851
11255423
11255959
11264798
11268656
11282000
11282499
11283834
11288207
11288331
11288585
11289097
11289113
11290002
11292191
11293266
11294058
11294108
11296662
11300365
11321880
11325894
11329714
11333201
11339216
11339217
11342326
11348702
11349660
11369647
12003849
12035451
12039440
12039443
12039456
12130014
12134916
12134934
12140479
12154388
12157067
12162279
12162284
12166949
12166954
12167611
12171329
12175681
12177034
12182023
12182054
12187720
12188326
12188594
12188800
12192624
12207517
12209199
12218695
12243843
12249562
12256284
12263284
12263589
12278286
12281563
12282701
12282766
12287488
12291237
12295791
12295795
12301727
12301961
12308720
12308754
12314574
12328214
12332252
12348345
12351521
12352098
12360687
12360694
12375944
12380390
12380394
12380995
12386816
12387309
12387464
12387469
12390190
12390197
12390299
12391535
12397237
12397239
12398407
12400017
12417445
12424924
12435107
12441046
12446129
12456641
12456656
12456662
12460425
12462199
12463269
12466616
12467576
12478211
12487633
12487650
12490929
12493024
12493034
12493089
12499689
12501727
12501733
12501742
12504250
12506059
12509074
12518431
12519783
12526296
12531007
12531527
12534238
12546290
12556772
12560167
12565780
12568493
12568736
12568749
12568834
12569727
12569905
12585509
12585671
12593858
12598231
12607257
12607883
12619707
12619969
12620324
12620356
12620619
12620744
12624388
12625256
12633474
12633485
12645210
12645698
12646295
12658586
12661404
12661411
12661416
12662944
12665510
12666425
12666472
12666951
12666965
12667480
12667799
12667885
12667923
12668062
12668596
12669574
12673620
12673636
12685625
12688957
12689865
12689906
12689911
12689929
12690036
12690090
12691953
12695361
12695543
12695646
12697743
12699140
12700364
12704508
12704509
12713199
12728734
12730243
12730251
12730372
12734009
12735104
12738701
12738737
12746974
12761319
12766215
12816913
12832205
12843765
12856076
12856943
12864836
12866723
12871754
12872660
12875724
12875790
12879270
12879274
12879796
12879814
12879815
12881058
12881473
12881509
12881513
12883016
12900424
12900614
12901082
12901087
12901143
12901776
12902404
12902671
12912647
12916927
12918059
12921427
12942385
12948756
12952343
12957651
12960527
12960541
12960546
12964376
12970549
12970573
12970576
12973045
12984907
12987175
12987898
13048676
13084740
13090826
13111514
13115785
13117060
13117521
13130933
13130984
13147980
13149636
13149655
13149841
13149877
13150521
13162232
13168469
13168482
13202383
13213477
13214019
13214064
13220875
13220882
13226061
13228121
13229888
13229889
13238948
13242913
13243344
13243355
13243862
13243888
13243945
13244489
13244805
13247182
13251901
13255134
13255502
13260727
13270172
13275174
13281030
13281997
13290507
13299694
13303837
13304200
13308159
13312556
13327037
13327859
13328404
13329446
13333435
13335032
13335321
13336659
13337487
13339182
13339704
13339890
13340102
13340243
13348393
13348758
13349590
13350776
13350790
13351090
13351102
13351685
13351744
13352033
13352060
13352162
13352276
13352988
13353121
13353720
13354731
13354818
13355001
13355205
13355233
13355248
13355951
13356892
13356911
13357383
13360561
13370524
13372393
13373887
13374276
13375592
13375612
13376730
13376741
13378402
13379105
13384038
13384430
13385106
13386289
13391326
13391353
13393394
13394196
13394756
13394792
13395199
13395277
13398623
13405522
13406461
13407007
13411623
13411628
13411639
13424751
13429310
13429318
13429849
13431878
13432743
13434878
13436611
13437247
13437960
13439377
13439417
13439542
13445835
13447951
13449168
13449308
13455292
13460822
13461729
13464716
13466031
13467109
13467117
13467938
13468120
13472365
13472371
13472376
13472650
13476019
13476027
13477492
13479139
13479168
13481068
13481497
13490912
13491473
13491696
13492536
13494446
13497696
13498445
13498462
13499873
13511956
13514100
13518217
13522107
13522121
13522153
13524807
13539794
13548220
13565547
13571290
13574424
13583613
13583802
13583804
13595421
13596304
13598605
13598617
13610052
13611016
13611507
13611518
13612550
13612931
13612940
13612991
13613015
13613678
13613693
13613853
13614358
13617241
13618608
13618662
13618698
13618718
13619051
13619055
13623006
13624787
13642807
13654087
13657381
13675448
13677628
13677631
13678396
13678798
13681154
13689593
13710155
13711029
13719077
13726223
13726227
13726434
13727143
13727606
13729385
13750829
13752901
13757734
13757740
13763670
13764416
13767994
13774068
13779187
13779748
13790064
13797849
13800086
13803679
13804216
13807138
13828402
13832600
13832705
13833583
13834476
13834936
13835897
13836215
13843776
13855234
13924607
13947069
13949910
13950202
13950205
14017195
14020771
14024143
14026921
14032326
14049716
14050117
14059298
14072425
14125766
14130392
14130679
14133407
14153199
14169907
14171222
14171231
14177343
14182722
14192431
14192819
14193913
14196017
14196902
14196914
14196915
14199320
14200410
14200559
14200848
14200880
14200885
14200899
14200924
14203509
14205599
14241423
14242546
14242564
14252547
14253734
14255150
14269741
14271839
14271866
14275081
14285414
14287327
14327581
14327629
14330626
14334129
14334869
14334894
14349151
14351022
14351526
14370316
14370665
14396611
14396675
14418956
14482424
14488098
14488750
14494336
14499895
14505860
14505913
14506260
14538721
14540662
14588382
14599394
14600764
14679175
14688173
14689412
14697028
14701431
14701648
14744971
14805235
14805240
14816022
14840439
14845334
14845799
14875150
14907220
14907231
14917705
14918396
14921254
14933250
14939413
14939414
14949311
14950152
14953772
14953800
14963594
14997880
15003705
15005996
15011596
15011990
15012955
15014753
15015498
15015516
15024848
15024879
15024893
15029473
15036837
15036865
15036878
15037895
15052850
15053116
15053157
15053176
15053183
15091013
15091910
15092146
15102990
15102997
15104755
15138659
15139555
15141371
15147612
15149145
15151760
15165226
15165396
15165969
15167985
15169575
15173284
15173286
15173296
15178553
15179390
15187005
15187284
15187288
15187578
15199770
15199798
15199894
15199895
15200890
15204692
15204721
15217785
15218671
15220631
15221733
15222460
15224636
15224918
15225032
15233375
15241011
15254841
15258711
15265256
15268754
15269901
15272543
15272585
15273332
15289667
15291739
15297431
15316813
15321074
15330494
15336782
15337317
15341487
15358271
15365051
15367766
15370640
15371429
15371524
15371794
15386324
15387756
15388093
15395534
15395932
15412770
15416995
15421152
15427501
15427518
15435432
15436329
15436900
15438843
15440099
15488558
15490114
15496124
15520253
15525445
15525631
15525709
15529023
15529465
15531975
15534438
15535189
15539398
15543662
15545732
15547304
15549197
15549253
15554098
15563399
15572729
15575097
15576864
15579448
15587596
15591715
15605933
15608462
15608745
15608758
15619363
15628693
15640132
15655767
15661240
15661250
15686662
15691670
15691701
15691715
15693091
15700675
15711502
15732875
15732998
15733472
15733539
15733654
15733680
15733796
15734363
15734491
15735657
15743414
15743957
15743985
15744285
15748702
15758501
15780772
15780777
15793994
15799006
15799127
15799136
15802107
15804880
15810001
15814399
15814402
15817586
15826721
15826770
15826772
15827487
15839232
15839238
15839253
15849766
15850880
15851797
15854186
15854665
15855026
15859645
15862666
15862677
15865889
15866724
15873429
15881055
15881904
15883317
15883351
15883606
15883624
15883630
15883634
15883671
15888155
15888277
15891146
15891160
15891819
15891848
15894946
15894948
15894969
15895859
15905714
15905731
15905736
15913843
15919029
15919754
15919782
15920921
15920922
15922158
15929788
15944035
15945917
15956774
15957033
15958901
15958970
15967068
15972403
15972589
15979273
15984110
15988323
15991593
15998185
15999350
16001066
16001079
16002458
16003198
16003435
16004863
16004884
16006214
16007006
16007326
16007327
16007979
16008034
16011074
16020676
16021174
16026567
16028936
16036099
16036735
16037005
16039504
16052688
16052984
16054134
16055835
16062166
16063209
16063918
16063937
16063960
16063996
16066056
16070414
16070829
16071443
16075412
16078833
16078859
16080670
16085743
16088785
16089552
16089801
16092040
16092135
16092141
16092403
16092530
16099918
16100257
16104242
16104248
16106166
16110282
16112031
16113641
16114740
16122652
16128615
16130498
16131671
16137011
16142139
16143227
16143942
16144768
16146172
16162285
16163661
16163684
16175793
16178284
16178846
16181018
16181322
16181325
16181457
16182148
16182179
16186907
16187527
16187566
16188228
16188238
16192076
16193805
16194972
16196687
16196702
16196703
16198994
16199124
16199903
16199915
16200227
16203691
16205831
16213167
16213216
16213770
16233116
16233577
16234328
16236043
16246148
16257144
16260472
16260868
16265548
16268122
16270760
16270765
16271881
16274439
16274446
16277144
16279989
16315901
16315905
16321108
16332364
16336596
16348598
16352360
16357297
16357904
16357927
16371323
16372683
16379646
16384984
16397588
16397995
16399975
16399978
16399980
16399986
16403661
16411763
16414176
16415873
16417601
16423201
16424371
16433988
16434059
16434065
16436396
16437960
16440555
16442353
16448326
16449199
16449214
16456205
16456428
16457341
16462785
16466187
16470026
16483714
16492781
16495944
16502494
16504037
16508783
16508803
16508910
16510997
16511345
16512232
16521395
16532641
16535792
16538341
16543473
16545551
16549736
16549865
16549871
16557453
16559939
16560414
16561301
16562893
16562963
16567360
16568780
16569121
16580334
16581195
16582794
16582969
16582980
16584483
16586605
16586773
16586956
16587622
16587723
16587915
16588536
16588570
16588573
16588578
16588664
16588885
16589076
16589292
16589474
16589485
16593546
16603413
16603676
16607079
16615422
16615781
16634223
16634249
16637257
16637259
16638120
16652134
16655851
16657172
16662198
16662404
16663286
16663667
16668031
16670532
16675963
16676016
16676039
16699212
16717468
16719995
16721290
16721374
16742517
16742631
16745318
16748023
16749615
16750797
16752950
16755579
16800457
16804276
16805093
16807987
16877440
16878856
16880721
16882049
16888167
16888194
16888415
16888422
16891348
16892818
16892822
16895553
16896876
16908718
16908977
16908998
16909107
16916606
16926192
16932069
16932477
16937719
16945197
16953065
16954105
16954110
16961244
16961618
16961646
16961767
16962300
16962302
16962411
16964135
16964719
16964731
16964737
16965416
16965424
16968794
16968796
16968817
16971125
16975091
16988336
17001866
17004392
17004403
17004431
17004832
17006236
17007357
17007505
17008151
17014814
17018570
17024086
17024892
17025293
17026147
17027011
17028642
17030525
17030557
17051999
17053384
17073728
17073770
17077004
17085625
17093295
17093299
17093351
17093354
17093362
17093378
17096676
17099281
17099968
17100949
17104000
17106396
17107323
17108471
17110176
17111312
17115999
17116014
17118532
17119875
17121269
17122700
17124613
17135637
17135681
17136418
17140908
17146052
17146085
17146099
17147765
17148361
17158868
17159932
17159943
17160964
17166260
17180528
17182574
17188567
17196582
17213253
17217690
17221901
17222254
17239668
17241928
17247990
17248098
17248322
17248343
17248375
17257526
17259191
17259866
17267389
17267422
17273752
17276613
17280496
17281721
17288012
17288068
17295051
17295087
17305864
17306058
17309447
17312000
17313915
17313927
17313956
17316251
17320759
17320783
17322748
17328013
17339112
17342498
17342646
17342856
17343536
17343558
17346552
17346558
17351533
17351693
17352028
17352837
17357308
17365393
17368975
17370749
17375937
17378788
17386168
17388546
17394672
17394723
17394728
17394931
17402807
17402875
17404416
17404692
17406375
17406604
17409038
17409047
17409494
17409617
17410690
17411762
17411787
17413964
17414004
17416749
17416784
17420288
17431592
17432488
17437543
17440638
17440692
17440728
17443087
17443828
17447885
17447953
17450145
17450632
17451649
17451669
17451696
17453046
17454249
17455103
17455718
17461801
17464891
17470295
17473992
17474215
17474590
17474636
17476012
17476989
17477175
17477500
17480216
17484267
17484326
17489321
17489337
17489343
17490245
17490265
17490515
17492722
17493582
17494706
17496652
17497406
17497640
17497874
17502008
17505246
17505252
17505266
17505633
17506940
17506943
17506944
17506946
17507783
17508028
17508425
17508447
17508451
17510001
17510007
17510194
17519150
17519153
17519171
17519174
17519455
17522834
17522998
17523005
17523619
17523640
17523646
17523649
17524450
17526854
17529492
17529816
17529873
17530722
17531170
17531317
17533603
17534857
17539789
17561485
17561511
17561526
17561885
17566116
17566125
17571693
17571698
17571794
17571851
17577643
17578928
17581131
17582895
17582907
17583331
17583646
17588060
17588509
17591800
17591837
17592079
17592106
17592284
17592307
17592320
17592321
17592352
17592379
17592384
17592391
17592398
17592509
17592530
17592537
17592550
17592647
17592693
17592740
17592745
17592764
17592790
17592813
17592818
17592839
17592874
17592895
17592921
17592958
17592966
17592972
17592974
17592977
17592980
17593014
17593025
17593048
17593055
17593096
17593098
17593371
17593377
17593434
17593456
17593477
17593538
17593633
17593645
17593731
17593829
17593941
17594096
17594248
17594324
17594325
17594327
17594912
17595093
17595099
17595333
17595384
17595407
17595408
17595425
17595470
17595681
17595886
17595890
17595928
17595934
17595947
17595992
17596022
17596032
17596039
17596459
17596461
17597218
17597474
17600605
17603547
17610027
17630317
17631482
17631544
17632310
17633155
17633671
17633673
17638606
17640776
17641349
17642031
17643739
17644707
17644713
17644723
17644732
17644764
17647700
17647721
17647726
17647742
17648445
17648471
17649168
17649192
17649543
17650044
17652503
17655193
17655275
17655665
17659223
17659289
17660935
17662447
17662481
17663598
17666486
17668485
17668494
17668530
17668606
17668992
17669258
17669295
17669341
17669364
17669367
17682855
17687980
17689676
17690735
17691997
17698246
17698249
17698258
17698263
17698274
17710778
17712510
17724606
17726672
17727585
17727609
17730316
17730431
17731594
17745531
17753882
17760992
17766182
17777411
17778338
17786665
17799697
17801146
17802216
17802704
17803479
17804203
17804735
17805020
17806965
17808613
17809522
17813837
17815946
17820399
17821204
17825350
17828270
17833305
17835941
17838830
17841381
17843006
17843037
17843128
17843459
17843734
17845209
17845230
17846009
17847273
17849819
17850171
17858787
17864433
17864529
17864535
17864538
17864548
17865149
17865181
17866641
17867697
17878872
17878883
17899701
17911536
17913556
17916825
17922960
17923821
17939739
17940138
17942400
17942424
17942921
17943026
17943033
17944459
17956408
17961607
17977349
17978716
17979679
17980747
17992340
17994767
17996125
17996221
17996231
17996233
17996443
17996607
18000855
18001359
18002828
18003258
18004405
18004427
18009476
18010309
18010403
18010651
18018940
18019146
18022687
18024656
18026575
18030027
18034635
18035895
18044453
18047482
18047494
18047527
18047564
18050079
18050736
18053010
18056154
18058177
18059601
18062169
18066412
18066413
18067198
18160138
18229254
18241752
18252243
18253317
18262817
18265647
18272703
18279759
18282555
18288741
18288985
18293232
18303696
18309921
18311139
18313304
18313981
18315196
18323810
18325356
18327282
18328553
18339714
18343961
18350770
18363988
18364456
18369920
18371056
18371061
18371553
18373692
18373708
18374574
18374666
18374787
18374831
18374910
18374934
18375618
18375653
18375782
18375786
18377444
18378492
18385035
18389077
18396621
18398707
18428289
18439858
18451598
18452854
18457456
18457479
18458292
18458515
18460480
18460484
18460660
18461084
18461487
18465740
18466752
18488656
18489889
18490370
18490871
18492387
18492411
18493091
18493142
18493709
18494968
18495149
18495756
18495904
18495916
18496131
18499001
18500046
18501017
18507318
18507649
18507652
18509736
18510723
18511532
18512065
18512819
18513687
18513707
18513708
18514937
18515840
18516153
18517939
18521325
18549442
18550624
18551173
18552755
18553151
18561075
18561136
18562065
18562403
18562791
18563568
18563586
18563879
18565037
18567631
18576131
18580815
18581510
18583859
18590196
18590903
18593822
18622061
18622064
18622456
18622463
18622475
18625281
18625699
18625701
18625766
18626048
18626082
18626144
18626317
18627438
18628197
18630019
18634132
18634482
18635804
18640199
18640998
18642134
18642335
18646180
18648731
18648818
18649123
18651762
18654037
18657347
18663585
18668119
18671230
18684945
18692821
18696327
18697888
18701954
18706399
18707537
18712886
18716310
18718242
18724970
18728251
18729840
18730646
18730654
18730875
18730900
18733347
18734176
18735121
18735135
18735143
18736804
18736897
18748130
18754508
18755751
18759326
18759393
18759848
18766985
18768602
18769750
18773671
18777922
18778845
18780135
18780682
18780759
18784614
18785263
18789883
18804848
18805953
18813322
18813695
18817518
18817531
18818330
18825915
18834774
18846593
18852148
18855164
18856251
18856886
18858858
18859777
18862004
18862088
18875495
18880713
18889623
18890527
18904199
18906186
18908257
18914685
18917261
18925968
18927540
18930167
18937913
18943706
18943707
18943709
18943965
18946173
18946777
18946780
18954809
18956720
18961359
18963400
18963725
18965212
18965227
18966668
18967837
18967910
18968775
18969038
18970058
18972047
18977737
18981746
18981757
18981761
18982001
18982068
18982820
18982821
18982994
18983656
18984600
18989502
18989927
18991233
19013950
19016752
19016773
19018585
19018609
19020638
19021338
19021339
19021842
19021843
19027373
19032290
19032581
19036039
19039381
19039595
19040207
19047385
19049605
19050785
19051355
19060897
19060927
19068391
19068438
19068445
19073501
19074134
19078155
19080394
19084021
19087906
19088386
19088919
19088939
19097404
19097408
19098234
19099841
19104796
19105588
19105592
19105600
19105602
19106417
19107578
19110434
19116576
19121184
19123048
19123066
19123069
19124596
19124602
19128549
19128589
19133112
19133148
19135767
19135768
19135908
19135916
19135938
19135948
19135976
19136500
19141464
19144864
19144874
19144889
19145073
19145579
19145584
19145590
19149229
19152126
19152346
19157624
19158052
19158096
19165634
19166488
19167871
19171027
19171067
19171824
19171929
19171934
19184330
19185517
19185704
19188841
19200356
19200376
19205462
19205496
19214461
19219392
19220747
19220845
19220848
19222303
19222900
19223683
19223684
19223698
19223718
19228266
19230163
19230193
19232711
19238170
19245888
19245897
19246914
19246919
19246929
19252332
19252475
19252493
19258520
19258794
19258795
19262160
19262163
19266820
19266826
19269955
19269972
19271690
19271743
19277989
19278650
19284425
19288951
19297254
19299097
19299140
19299141
19299561
19300882
19300890
19301464
19302476
19303709
19303732
19305864
19305901
19308180
19308185
19308197
19308936
19309253
19310182
19310197
19310201
19310297
19310828
19311235
19311397
19311418
19311432
19311605
19312058
19312064
19312072
19312186
19312771
19312774
19312795
19312927
19318019
19319792
19319793
19320119
19322689
19323674
19324309
19324685
19330102
19332927
19335107
19336158
19346992
19350230
19350245
19351138
19355787
19357484
19362785
19363207
19363428
19364999
19369238
19369416
19369448
19369782
19370198
19370427
19371053
19372876
19383907
19386838
19387122
19387133
19395746
19395882
19395890
19397101
19397107
19397224
19401142
19404282
19409973
19410078
19410094
19410979
19411596
19412396
19412870
19413354
19415458
19420880
19420885
19421038
19424866
19424979
19425006
19425601
19428659
19429187
19431253
19435725
19436122
19436293
19436777
19436929
19444599
19461796
19468125
19468127
19468313
19468349
19470194
19478855
19492613
19516602
19517765
19519761
19524119
19529883
19542510
19554202
19554357
19556198
19557024
19564466
19565752
19567854
19567903
19575710
19586923
19592781
19593425
19593576
19594589
19595346
19596204
19596503
19596558
19597479
19598233
19599824
19601521
19601537
19601550
19604220
19604226
19604943
19605078
19607499
19607766
19607815
19608789
19609872
19610162
19610515
19612942
19623695
19632341
19639983
19640176
19642995
19642999
19643007
19648217
19648812
19648814
19648815
19652510
19653062
19656370
19657821
19663422
19664951
19667014
19667020
19667644
19667990
19668093
19668130
19669494
19670340
19670560
19670862
19670874
19671592
19672338
19672352
19672447
19672451
19681389
19682756
19687969
19694250
19695673
19702657
19704117
19704375
19712064
19712940
19716206
19717158
19717172
19717999
19721493
19722310
19724725
19727015
19728217
19728223
19730054
19730211
19730479
19732718
19735010
19735989
19738445
19738451
19738472
19738812
19739464
19740924
19740961
19744191
19744274
19744323
19744325
19744339
19748087
19748092
19750655
19750761
19751156
19754938
19754956
19755116
19760786
19762439
19770313
19774317
19776445
19787868
19792803
19799065
19800653
19803470
19805993
19807790
19808176
19808824
19809390
19809640
19809832
19811569
19811591
19814062
19814714
19824026
19824964
19825689
19825696
19825927
19826352
19826356
19827480
19829566
19829569
19829573
19833220
19833246
19833317
19834930
19835286
19837911
19844256
19845260
19853474
19853493
19854488
19855729
19856503
19856552
19857212
19857281
19857788
19858961
19859221
19861034
19861465
19867738
19873120
19879914
19881213
19881245
19881884
19882589
19883730
19889319
19890867
19892002
19892025
19892094
19892696
19892793
19896403
19896923
19897040
19897495
19898201
19898467
19898491
19901340
19905573
19905913
19906274
19906415
19907222
19909906
19912314
19917750
19927229
19927985
19929207
19929571
19929578
19929582
19929605
19932008
19936292
19936293
19937476
19937630
19940006
19945899
19947993
19955875
19963816
19971057
19996686
20008496
20012675
20013025
20013193
20013551
20014049
20016697
20016909
20016971
20017903
20018445
20018446
20018704
20018723
20018728
20018860
20018865
20018999
20021110
20021541
20024207
20027167
20034676
20036913
20042294
20044601
20056084
20056441
20056478
20062174
20062244
20069285
20074710
20091808
20092418
20102843
20103539
20105209
20105525
20107004
20107006
20107007
20107022
20107046
20108938
20136057
20137096
20140248
20140424
20141011
20141632
20143057
20143639
20144520
20150335
20150343
20150348
20151542
20151790
20152946
20153512
20155545
20157513
20160367
20169709
20169752
20172726
20172727
20179969
20180296
20185290
20186642
20187656
20188804
20199756
20204587
20208559
20208943
20216902
20222476
20258154
20262287
20262504
20264673
20267516
20290397
20299451
20312812
20314408
20314564
20317325
20321327
20333615
20334615
20335086
20352817
20361184
20380600
20395341
20433019
20445369
20452927
20511279
20515295
20523110
20540683
20541630
20544563
20564920
20571143
20620654
20642169
20642359
20686597
20689519
20689856
20706903
20706913
20706918
20707086
20708526
20711022
20715053
20718342
20718773
20718774
20723856
20727164
20737934
20740754
20748269
20748994
20751893
20755949
20757090
20757100
20757121
20757144
20757174
20760429
20761271
20761362
20761363
20766790
20770310
20772635
20773054
20773291
20778037
20779792
20782448
20782880
20782907
20783430
20792935
20794212
20795640
20796242
20803362
20811505
20817669
20818170
20821980
20822011
20822017
20823397
20823412
20823451
20828849
20830888
20831337
20831571
20832212
20832238
20832933
20833581
20833593
20835323
20835475
20835484
20835493
20836588
20837049
20837058
20837061
20838487
20838681
20843744
20846090
20847488
20851263
20855770
20861064
20861830
20863445
20863796
20865647
20866679
20870846
20870883
20870893
20871452
20883221
20883565
20893601
20901762
20904226
20904231
20908995
20909020
20911003
20911476
20912575
20915370
20915372
20915384
20915441
20915470
20916923
20919096
20920485
20926312
20926887
20928560
20928710
20931369
20931378
20931380
20933556
20941663
20949779
20949886
20951609
20953510
20953641
20953896
20954140
20956890
20957825
20959935
20961396
20963737
20964447
20970489
21004736
21007636
21019057
21019807
21021631
21038587
21046776
21062525
21062820
21063558
21063955
21064644
21064650
21065719
21066210
21066270
21066317
21066324
21066328
21066687
21067607
21068029
21068190
21068192
21068722
21071393
21071974
21072744
21073533
21074429
21074949
21077356
21077451
21078521
21079405
21079514
21079541
21085488
21087600
21093115
21095842
21097973
21098654
21098868
21098933
21103096
21107052
21107554
21108250
21118194
21120443
21126522
21130024
21130414
21133899
21134329
21136233
21136790
21136838
21139684
21139920
21142842
21144552
21145214
21146389
21146393
21152355
21153616
21154320
21159104
21159128
21159513
21164727
21165281
21166732
21166863
21166878
21166899
21166907
21167043
21167538
21168439
21168485
21173565
21176515
21179310
21179329
21188803
21234653
21242931
21242957
21251118
21251125
21253249
21253277
21253281
21253302
21253391
21262275
21262434
21262443
21263699
21263881
21263893
21264107
21264110
21264158
21264249
21264253
21264296
21264318
21264448
21265161
21265191
21265368
21278728
21312243
21365192
21374455
21382344
21383934
21386930
21387440
21388817
21388831
21390572
21392684
21395998
21400086
21401185
21402548
21405601
21406547
21406617
21407248
21407263
21409153
21409162
21412861
21414146
21414154
21414166
21414676
21414730
21415153
21416496
21417335
21420216
21420230
21431655
21431754
21431868
21432266
21433045
21435061
21439076
21439620
21440007
21440073
21440621
21440624
21442360
21442389
21442640
21444098
21444119
21444962
21445531
21445968
21448809
21448821
21448826
21448830
21452111
21456402
21458817
21459539
21461680
21463246
21464524
21465143
21465242
21465727
21465728
21465733
21465782
21465799
21466203
21466788
21467561
21468776
21469755
21469777
21470320
21472580
21472646
21473507
21473661
21473750
21473751
21475042
21475096
21475127
21475694
21480942
21481037
21483247
21483572
21484040
21484344
21487160
21487299
21487318
21488089
21489927
21500706
21504262
21506868
21509318
21509968
21515833
21515841
21515849
21515854
21515868
21520184
21520186
21520569
21520583
21521237
21522142
21533577
21533612
21534933
21534979
21537923
21541866
21541867
21543989
21551074
21552949
21555067
21564833
21564901
21564903
21565352
21565381
21565797
21565826
21571411
21573235
21573253
21580995
21581342
21581350
21581351
21581677
21581718
21581737
21582073
21585432
21586015
21586021
21586545
21586780
21587516
21591678
21599889
21602165
21602225
21603178
21604598
21612902
21613000
21613686
21613964
21613977
21620299
21620773
21620789
21620951
21620963
21622198
21628956
21631036
21631089
21631093
21636235
21637537
21637590
21638670
21638682
21645820
21649922
21655898
21656570
21657205
21658145
21660122
21660791
21660793
21661530
21661566
21661694
21664261
21664262
21664273
21664751
21665392
21665394
21665559
21665647
21666293
21671467
21671973
21672676
21673443
21673692
21674971
21677904
21678337
21678557
21681304
21682605
21682611
21682618
21683587
21684311
21684315
21684345
21684351
21687195
21687285
21689660
21690089
21690221
21691337
21691754
21691765
21692702
21692775
21692896
21692901
21692917
21692995
21693841
21702899
21708315
21708331
21708352
21708650
21708669
21709058
21709201
21711018
21711024
21712798
21713314
21713999
21715403
21715919
21716287
21717144
21717145
21717705
21717714
21718619
21718778
21720102
21720687
21720720
21721424
21721436
21721465
21723410
21724197
21724256
21724290
21724299
21724313
21724321
21724410
21724447
21725148
21725175
21725315
21725316
21725324
21725776
21725893
21727123
21727445
21728087
21728381
21729103
21729498
21729506
21729538
21730108
21730885
21733584
21735730
21735734
21736563
21736596
21738929
21738970
21740775
21740818
21740900
21741214
21741230
21741266
21745673
21745837
21762127
21763666
21763674
21763675
21765977
21822488
21822526
21853589
21856171
21856927
21859740
21859755
21859762
21859821
21860007
21860016
21860020
21860688
21860712
21872780
21873496
21873762
21876364
21876399
21878847
21882107
21882129
21886371
21890271
21890272
21890285
21890323
21895245
21896508
21899035
21900032
21902365
21902915
21904511
21906467
21906485
21907585
21908625
21908859
21909695
21911445
21911577
21912715
21912765
21913656
21913668
21913838
21915487
21916434
21918097
21918126
21919033
21919475
21921303
21924588
21924755
21927802
21927831
21934662
21935263
21935752
21936036
21936060
21936645
21937114
21937116
21938321
21938445
21938453
21939822
21939829
21939877
21939881
21939976
21939979
21940105
21940339
21940652
21940861
21940903
21940914
21940936
21941026
21942366
21944235
21944239
21945801
21947312
21947609
21950167
21950975
21952557
21952577
21954189
21957886
21957901
21958467
21958515
21969707
21969747
21978027
21979520
21980678
21980738
21982990
21983627
21983629
21983900
21983905
21984171
21984906
21985294
21985499
21987357
21987541
21989236
21989383
21989808
21990186
21990377
21990385
21990386
21993496
21993545
21993561
21993588
21993701
21994592
21994817
21994841
21994863
21995130
21995143
21995144
21995154
21995202
21995221
21995256
21995275
21996720
21996932
21997318
21997581
21998772
21999233
21999243
21999256
22000288
22002275
22002319
22003144
22003403
22003463
22004887
22005169
22005660
22012010
22013302
22013724
22014133
22016810
22016860
22017539
22019162
22019177
22019183
22021016
22021043
22021323
22021647
22022186
22023418
22023435
22023602
22026536
22029350
22029359
22029372
22029611
22029629
22029632
22029662
22035347
22035621
22035958
22036263
22039049
22039118
22039190
22042603
22043218
22058260
22060807
22060816
22060987
22061013
22061157
22061164
22062563
22062585
22063331
22074824
22074876
22075352
22075354
22075360
22076550
22076894
22076895
22077177
22077382
22078815
22079183
22079327
22080224
22080960
22082431
22082434
22085313
22085331
22085344
22085353
22085566
22085789
22088316
22088324
22088336
22088344
22089443
22089682
22093648
22096797
22096942
22096943
22096947
22096968
22097429
22117658
22133975
22146186
22159766
22161340
22161867
22164388
22164462
22164484
22170262
22170310
22170335
22170340
22174772
22175039
22175370
22175391
22175571
22176193
22176514
22177709
22179705
22179710
22179728
22180556
22180582
22180633
22181934
22186209
22186504
22186875
22187095
22196382
22196711
22200673
22207672
22207690
22207724
22207749
22215330
22215364
22215414
22218589
22218600
22218865
22219241
22219522
22219526
22220125
22225080
22226338
22231132
22234333
22238945
22240904
22242632
22242640
22244736
22244739
22245350
22246190
22247332
22247343
22257557
22260542
22265087
22265186
22265198
22265207
22265219
22265255
22265267
22276278
22276979
22277808
22277902
22280107
22280244
22280932
22281091
22295197
22295638
22296775
22297511
22298321
22302437
22302837
22303001
22303470
22303789
22304106
22304145
22307010
22307021
22309828
22310954
22310984
22312041
22321570
22323655
22323677
22325111
22329484
22330067
22330435
22331652
22333026
22333481
22333486
22333559
22336629
22343900
22347693
22347929
22348622
22351928
22353297
22353314
22355474
22355495
22355520
22355524
22355890
22358168
22358176
22358345
22358705
22359087
22359845
22360113
22360120
22361480
22361745
22362334
22362628
22366505
22372850
22372851
22377396
22378719
22379456
22379462
22379524
22379740
22382317
22382324
22384731
22388672
22388703
22388842
22388868
22396746
22406995
22413993
22413995
22414245
22415017
22415033
22415609
22420291
22420358
22420362
22421830
22429328
22429342
22430309
22430323
22430347
22432311
22432610
22433918
22434495
22435174
22436869
22437406
22437416
22437429
22437430
22438185
22438209
22439024
22439729
22439976
22440295
22440301
22441168
22441281
22441304
22441361
22441524
22441637
22441642
22446722
22447687
22447902
22455506
22466191
22480704
22481507
22482208
22485859
22487959
22488233
22488269
22489615
22490483
22491142
22491195
22491824
22491826
22491851
22492149
22493139
22493313
22493440
22493448
22493463
22493465
22497310
22497340
22497902
22497916
22497931
22498565
22498573
22499813
22504411
22508371
22510493
22516845
22518075
22521679
22521701
22521762
22522592
22522766
22522769
22526580
22527169
22527174
22527369
22527373
22527417
22527643
22527978
22527985
22527998
22528334
22528463
22530249
22531632
22531845
22531889
22531890
22532728
22532780
22533189
22533239
22533288
22534716
22534761
22535220
22535234
22538106
22539715
22540109
22540111
22540566
22540772
22540780
22541641
22541791
22541797
22542473
22544068
22544075
22544095
22544307
22544535
22548262
22548549
22548689
22549155
22549383
22550912
22551051
22551054
22551084
22551097
22551832
22551846
22551851
22553384
22553391
22553399
22553456
22553931
22558085
22558953
22558960
22559206
22559598
22559717
22561403
22561405
22562164
22562176
22562203
22565535
22567639
22568211
22568536
22568741
22568779
22568808
22568813
22568816
22569033
22569363
22569367
22569410
22571583
22572024
22574111
22574406
22574465
22574513
22574514
22575323
22577933
22577937
22578736
22579150
22582174
22582196
22582581
22583035
22583038
22583061
22584034
22584371
22584373
22585163
22587277
22587281
22587290
22587688
22587990
22587997
22587998
22588175
22588194
22588215
22588474
22588482
22589956
22589978
22590909
22591728
22593846
22594118
22594292
22594694
22594704
22596067
22596069
22596081
22596083
22596476
22598973
22599121
22599177
22599208
22600743
22602046
22602925
22602942
22603623
22603651
22603942
22603952
22603973
22604167
22604242
22604244
22605943
22606537
22606725
22606787
22606799
22606855
22606964
22609513
22612346
22612561
22612575
22612792
22612836
22612840
22614151
22615149
22615844
22615894
22616295
22616313
22616379
22616533
22616698
22616958
22616976
22617268
22624721
22627566
22627567
22628562
22628689
22628747
22628750
22628859
22629029
22629030
22629037
22629040
22629046
22629054
22629089
22629859
22630361
22630383
22632088
22632115
22632126
22632127
22632273
22633004
22635041
22639758
22640276
22640975
22643629
22643632
22643636
22643657
22643933
22644761
22645708
22646105
22646125
22646128
22646131
22646280
22647310
22647532
22647717
22647740
22648096
22648125
22649033
22649036
22649047
22649048
22649057
22649068
22649458
22657629
22659100
22664843
22664858
22665691
22666867
22666918
22669294
22669510
22671082
22671677
22672867
22675818
22676463
22680086
22680397
22683032
22683048
22684299
22684799
22684819
22684820
22684841
22684860
22684867
22685192
22687930
22690207
22690961
22690975
22691762
22693707
22693711
22693738
22693820
22699622
22699628
22699631
22699661
22699727
22700021
22703832
22703839
22703850
22703860
22704480
22705091
22705105
22709170
22709175
22711046
22712234
22712753
22712761
22712868
22715064
22716010
22717046
22717731
22717738
22718269
22718654
22718725
22719023
22720432
22720444
22721521
22723453
22727742
22732771
22732779
22733519
22733606
22734158
22735285
22735294
22736142
22736148
22737433
22738436
22738924
22739173
22740702
22740704
22740707
22740709
22740735
22740950
22741942
22745390
22752607
22754706
22763625
22763933
22763939
22764519
22764527
22764718
22765052
22765331
22765650
22768173
22768183
22768184
22769318
22773105
22774440
22775855
22776892
22776914
22777422
22777462
22777478
22777545
22777703
22777814
22779606
22782987
22784452
22784455
22785456
22786533
22787060
22787245
22787252
22788114
22788151
22788157
22788166
22788176
22788183
22788184
22788185
22789182
22789185
22789200
22789229
22789233
22789459
22789609
22790703
22790737
22793609
22798277
22798287
22798773
22798779
22800292
22800320
22801025
22801052
22803721
22805380
22805403
22806079
22806165
22807185
22808208
22808213
22808219
22811812
22812739
22813120
22816216
22820739
22830125
22840377
22840384
22840550
22840904
22840950
22841045
22841051
22841055
22843316
22844119
22844799
22844806
22852857
22862710
22865231
22865800
22865804
22866598
22868699
22870540
22874841
22875489
22885593
22886952
22887366
22890849
22892038
22892460
22893236
22895287
22895576
22899029
22899051
22902143
22908928
22908929
22909313
22909533
22909644
22912154
22913948
22914026
22915052
22915059
22915625
22916425
22917303
22917376
22926362
22927612
22930472
22930475
22930488
22932714
22934704
22934705
22935321
22935396
22935779
22938083
22938092
22938359
22939846
22939847
22940041
22940490
22940935
22940946
22942044
22943020
22943385
22943427
22943476
22943645
22944434
22944436
22944488
22945277
22945607
22945615
22945635
22946000
22948567
22948766
22948807
22958949
22959082
22960238
22960262
22960944
22960986
22970096
22971801
22971815
22971862
22972579
22976283
22976319
22976328
22976718
22977419
22977534
22977544
22977843
22978404
22978415
22980465
22980567
22983504
22983536
22983616
22983617
22983714
22985059
22985133
22985293
22985510
22985964
22986522
22989070
22990578
22990651
22990798
22995355
22995359
22995412
22995474
22995597
22996539
22996605
22997596
22997609
22999542
22999930
22999934
23000635
23000673
23003078
23004334
23010587
23011529
23011557
23011786
23013496
23013499
23015905
23024061
23024936
23025115
23025319
23025808
23025862
23026714
23026723
23026725
23029783
23029791
23029973
23029987
23030010
23030045
23031553
23034592
23036790
23046520
23048194
23048497
23048991
23049060
23050806
23055492
23055506
23055533
23055541
23055774
23057041
23057043
23057493
23057524
23057530
23057688
23058399
23058411
23058412
23059468
23059585
23059595
23062338
23062631
23068330
23068332
23068377
23068379
23068736
23069661
23079675
23080187
23089506
23092417
23093125
23093448
23093478
23094377
23094646
23094650
23094725
23095088
23095685
23095702
23095739
23099284
23103036
23103213
23103363
23104753
23105154
23105166
23105200
23105288
23105565
23106809
23106836
23106845
23106941
23106975
23107301
23108870
23108900
23108903
23110078
23110494
23110499
23110650
23110963
23111010
23111047
23111199
23111208
23112328
23112698
23113184
23113557
23118224
23130138
23130154
23130182
23130238
23131555
23131952
23133327
23138763
23146329
23146331
23147772
23147948
23148832
23149704
23149960
23150109
23150111
23150242
23153195
23154489
23154497
23154501
23154504
23154881
23155316
23155743
23156580
23156786
23157950
23157970
23159366
23160759
23161921
23162488
23162497
23162499
23163134
23163144
23163202
23164089
23164251
23164274
23167382
23167609
23167624
23167769
23168728
23169056
23171081
23171090
23171272
23171378
23171425
23176589
23180623
23184919
23189156
23189680
23189682
23189700
23189824
23190122
23190127
23190461
23191145
23191235
23191237
23194026
23194047
23194097
23194941
23197287
23197810
23200545
23200546
23200931
23201321
23202088
23202819
23203908
23203912
23206863
23206914
23207041
23207428
23208042
23208200
23209363
23209900
23209903
23210800
23210809
23210827
23210848
23210868
23210880
23212877
23213213
23215564
23215970
23220068
23225489
23225498
23226307
23227304
23227313
23227335
23227615
23227819
23230249
23231286
23231349
23232492
23233257
23233849
23234136
23234142
23234247
23235101
23235269
23235397
23235398
23235599
23235656
23235700
23235788
23236085
23236127
23239968
23239985
23245461
23245964
23245983
23246205
23246419
23246436
23246445
23246483
23246513
23246543
23247615
23248148
23248789
23249522
23252141
23253989
23254052
23255643
23255644
23256450
23257313
23258340
23258458
23258514
23258865
23260377
23261744
23261746
23261775
23262149
23262154
23262163
23262230
23262257
23262264
23262275
23262285
23262359
23262376
23262380
23262611
23263486
23263795
23263810
23267646
23267657
23269366
23269369
23269503
23269549
23269723
23269775
23270334
23270360
23270372
23271226
23271252
23271369
23272340
23272752
23272764
23272776
23272787
23272813
23272984
23273086
23273776
23277645
23277655
23278538
23279083
23280272
23282183
23282223
23283113
23283503
23283504
23283516
23283526
23283854
23284916
23287393
23288667
23288681
23288814
23289340
23289890
23290008
23291324
23291632
23300607
23308789
23309529
23309793
23310294
23310302
23311685
23312118
23312250
23313043
23313049
23313627
23322654
23323299
23327851
23328496
23328545
23331693
23331738
23331897
23333684
23338234
23338240
23338366
23339311
23339319
23339320
23339634
23339733
23339790
23340881
23341455
23341463
23341536
23342848
23342920
23342968
23343129
23343131
23347252
23347414
23347544
23347555
23348281
23352395
23352544
23352545
23353671
23353799
23353805
23354028
23354030
23354212
23354694
23355081
23356182
23358444
23363293
23367575
23367589
23367592
23367624
23367656
23368298
23370035
23370542
23371522
23372769
23372783
23374191
23374709
23374716
23375452
23379851
23382592
23384308
23384328
23384338
23384340
23384768
23384863
23387113
23391960
23393107
23393732
23393768
23393770
23393775
23394135
23399629
23400693
23405485
23405490
23405568
23405614
23405728
23406109
23406254
23406950
23409153
23409158
23409174
23409182
23409189
23409459
23413138
23415787
23416973
23417050
23417082
23420161
23421975
23424660
23426867
23428739
23429361
23429577
23431796
23431880
23432490
23434281
23434429
23436165
23439013
23439614
23439737
23440435
23444256
23445418
23447130
23447270
23449800
23451602
23453927
23454166
23454379
23454392
23454521
23454625
23454765
23454773
23454780
23454792
23455119
23455155
23455783
23456367
23459337
23459361
23459597
23459758
23459762
23460224
23460333
23460342
23460364
23460383
23460503
23460513
23463518
23467230
23467313
23474593
23478762
23480951
23482756
23483032
23485863
23487491
23488024
23499123
23499126
23499129
23499405
23499519
23500440
23500513
23503167
23510488
23510519
23514616
23516892
23517242
23519113
23521254
23521267
23522336
23522338
23522366
23522397
23525651
23531890
23531981
23537319
23537831
23537900
23537915
23538268
23538357
23539564
23539569
23539650
23541194
23541928
23541930
23542012
23546154
23554622
23556101
23558412
23558447
23559611
23563497
23563539
23564268
23564800
23566734
23567115
23567220
23567230
23567233
23567263
23567281
23567293
23567486
23567594
23570705
23570735
23571318
23575277
23578273
23580941
23581423
23581539
23582612
23582756
23582759
23586698
23586874
23587302
23589159
23590433
23593773
23594361
23595159
23595160
23595589
23595771
23595779
23597301
23598896
23599938
23602861
23603219
23603795
23603922
23605072
23605078
23606294
23606320
23606341
23606352
23606356
23606994
23608566
23608573
23609283
23609313
23609397
23609412
23609436
23609517
23612411
23616474
23624822
23626219
23629352
23630022
23638312
23638650
23638795
23647361
23653937
23653944
23654076
23656298
23656299
23656316
23663005
23663223
23664264
23671711
23672923
23676491
23676496
23677494
23678593
23678775
23679495
23679499
23679646
23679650
23679971
23679972
23679976
23679980
23680633
23680733
23687331
23687589
23687647
23687697
23687769
23688219
23688223
23689427
23689432
23689436
23689437
23691547
23691740
23692015
23693130
23693984
23695864
23695887
23695892
23695896
23695948
23697772
23698069
23698318
23698684
23698811
23699304
23700088
23700696
23700732
23707100
23707135
23707427
23707832
23707850
23707880
23708394
23709615
23709674
23709844
23709875
23710023
23711518
23711591
23711823
23712636
23714535
23714927
23715104
23717227
23717232
23717241
23717259
23717377
23717586
23717616
23717844
23717847
23717850
23718010
23718221
23718267
23718301
23718317
23718748
23720352
23720790
23721653
23721689
23721691
23722208
23724845
23725271
23726093
23728169
23734366
23737046
23737982
23739710
23740044
23744034
23746431
23748229
23750061
23751757
23752014
23752041
23752183
23755877
23756774
23761838
23763938
23765255
23765564
23771819
23771827
23772278
23774571
23776922
23779092
23779191
23779279
23779283
23779294
23779331
23780077
23780431
23780432
23780874
23780913
23781109
23785089
23785790
23786492
23786826
23786909
23789972
23789989
23792083
23792314
23792315
23792644
23792733
23792747
23792889
23795594
23795926
23796534
23799352
23799802
23806861
23810909
23810916
23811265
23812535
23812584
23813404
23813810
23813822
23813831
23815600
23816626
23820110
23823572
23824084
23824652
23824767
23830593
23831776
23831779
23831821
23831877
23831884
23832440
23833886
23834023
23834091
23836098
23836216
23836243
23836246
23837919
23839753
23840957
23841746
23841852
23841861
23842498
23844071
23844447
23844630
23845043
23846551
23846557
23846627
23847444
23847470
23848101
23848515
23848937
23851466
23854526
23856480
23858362
23860094
23860962
23862268
23862287
23863884
23871252
23879721
23880622
23880898
23881123
23882900
23882947
23883955
23884735
23885143
23885388
23885396
23885531
23886066
23886834
23887458
23890367
23892123
23892303
23892773
23892778
23892792
23892815
23894448
23894495
23894992
23895006
23895053
23895055
23895718
23896226
23896537
23896628
23897421
23897428
23900241
23900350
23900536
23900900
23901001
23902071
23903350
23903633
23904520
23905732
23908712
23909908
23914643
23917450
23917559
23917564
23918236
23918419
23918453
23919601
23920997
23929280
23930400
23930584
23930955
23930970
23931322
23938550
23943512
23944099
23947140
23950492
23965481
23966718
23967396
23967746
23967834
23970483
23973142
23976183
23976412
23995218
23997008
24001349
24001362
24001372
24002562
24002563
24005375
24006532
24009230
24011562
24011660
24012226
24012277
24012698
24013504
24013663
24013671
24013672
24013685
24014207
24014793
24014797
24015115
24015461
24015526
24015529
24019286
24022176
24022180
24022181
24022190
24022207
24022928
24023513
24023526
24023749
24024351
24026741
24026753
24027012
24028259
24037556
24038239
24038245
24039292
24039301
24039332
24039639
24041318
24041349
24042139
24042286
24042291
24042306
24042366
24043119
24043293
24044662
24044907
24044975
24045192
24045204
24045225
24045252
24045517
24045524
24045899
24045961
24047439
24047448
24047460
24047496
24049855
24051089
24051096
24051135
24052702
24052742
24055452
24060061
24060112
24060518
24061165
24064137
24069887
24072801
24074026
24075318
24076552
24078490
24078937
24080386
24081694
24082399
24083647
24086389
24089633
24090297
24091713
24091757
24091769
24091772
24092814
24093523
24093707
24097332
24098688
24099665
24099868
24100579
24101563
24101579
24101638
24101680
24102165
24102323
24102634
24103798
24103943
24103948
24106075
24106081
24108189
24108201
24109913
24111434
24111575
24111605
24111705
24111713
24114075
24114363
24114740
24114926
24117020
24117326
24117629
24117649
24123045
24123671
24123720
24124115
24124499
24125795
24125798
24125802
24125813
24125814
24126256
24126396
24126397
24129524
24130788
24131510
24132980
24132982
24133041
24133068
24133089
24133284
24133386
24134037
24134100
24134586
24134615
24135649
24136078
24138758
24140062
24141617
24141658
24142868
24144927
24145466
24145585
24145608
24145610
24145665
24145687
24147720
24149101
24149123
24149333
24149856
24149883
24151018
24153510
24153515
24153571
24154259
24154592
24155181
24155492
24155946
24156332
24157545
24157599
24158278
24158367
24158382
24158393
24158473
24158500
24160318
24160320
24160322
24160330
24160917
24160919
24160976
24161966
24161975
24162922
24163072
24163651
24163682
24163691
24164248
24164385
24164388
24164400
24167524
24168238
24168672
24169305
24169312
24169908
24172198
24172639
24172868
24173349
24174387
24174627
24175772
24179013
24179036
24179226
24179227
24179498
24179629
24179630
24179740
24180024
24180032
24180152
24180578
24180822
24180850
24181968
24183315
24185230
24187134
24187891
24189323
24190031
24190237
24191302
24196184
24196187
24196806
24199257
24199303
24199586
24200309
24200651
24200652
24201880
24201957
24202962
24203242
24205398
24205715
24205938
24207822
24208410
24208895
24209840
24210576
24210918
24212249
24212527
24214541
24214651
24214676
24214679
24215890
24216936
24217659
24218357
24218554
24218911
24220137
24220301
24220437
24220684
24221151
24221654
24222095
24224030
24224115
24224652
24232109
24233953
24234335
24234615
24234616
24234625
24234629
24234638
24235265
24235375
24235913
24239088
24239230
24240968
24241484
24243636
24244546
24245866
24246698
24246863
24248523
24248531
24250422
24250428
24251232
24251727
24252249
24253261
24253610
24253923
24253977
24253986
24253989
24255267
24255473
24255478
24257471
24258121
24258124
24261716
24264493
24264771
24265301
24270424
24272122
24277123
24277126
24277263
24279190
24279212
24281400
24281417
24282711
24282773
24283681
24284375
24286600
24286737
24288073
24290161
24290653
24290690
24291684
24292028
24292690
24292727
24292887
24293123
24293302
24293774
24293960
24296050
24296481
24298518
24298591
24299603
24299882
24299884
24300137
24300260
24300268
24300279
24300280
24300303
24300312
24303828
24304300
24305923
24312307
24316145
24317507
24317510
24320316
24320317
24320333
24320372
24320378
24321579
24322005
24322598
24322611
24324224
24324846
24325352
24327458
24327459
24327482
24329212
24332448
24333005
24336084
24336302
24337888
24337891
24337948
24337966
24338821
24338832
24338843
24338966
24339530
24340879
24343822
24344523
24344959
24345363
24345440
24345538
24346636
24346967
24347553
24347574
24347578
24349075
24349258
24349266
24354720
24354833
24354900
24357365
24358501
24358635
24359173
24359379
24359608
24359646
24359653
24361218
24362277
24363069
24363109
24363119
24363123
24363145
24363509
24363515
24363548
24363556
24363566
24363568
24363844
24363881
24363900
24363901
24364705
24364758
24364804
24365727
24366307
24366341
24366347
24366403
24366407
24366414
24366422
24367095
24369458
24369478
24369483
24369523
24371128
24371132
24371926
24371971
24371980
24372791
24374180
24374242
24375310
24375529
24375637
24377067
24385080
24385140
24390848
24396283
24396336
24397830
24403388
24405161
24405606
24408628
24411697
24411713
24412220
24418212
24419569
24423449
24424278
24424542
24424684
24424686
24424797
24424816
24429947
24434598
24435006
24435991
24438692
24439520
24439631
24442117
24446029
24447552
24448193
24454727
24455220
24459631
24460130
24461310
24467880
24469611
24469614
24470312
24471093
24473242
24474535
24474538
24474544
24475117
24475128
24476199
24476225
24476494
24476518
24476555
24476796
24476802
24476818
24476949
24477770
24477824
24478100
24478292
24478453
24478474
24478524
24478528
24478594
24478672
24479078
24479280
24479296
24479305
24479391
24479500
24479506
24479521
24479569
24479625
24479701
24480081
24480720
24480736
24481267
24482333
24482363
24482365
24482366
24483084
24483116
24483671
24483776
24483779
24486681
24496433
24498240
24506626
24507997
24518646
24520015
24538573
24541227
24541276
24542858
24545236
24551694
24552305
24552365
24552422
24553526
24554215
24554220
24564886
24566050
24566601
24566607
24569101
24573227
24575851
24575861
24576052
24577405
24577716
24578335
24578695
24580094
24581238
24581419
24581424
24581751
24582217
24582286
24583520
24584450
24584453
24584901
24586841
24589302
24593980
24593990
24596059
24596874
24597983
24598089
24598952
24599810
24600665
24600683
24602438
24602744
24603887
24603924
24603926
24604008
24609587
24610866
24611822
24614555
24614854
24614924
24614937
24615629
24615640
24617967
24618229
24619177
24621407
24621584
24626442
24629046
24636286
24638540
24639485
24639534
24641045
24641096
24641410
24641959
24642261
24642960
24642965
24643778
24644179
24644376
24644984
24645195
24646798
24650047
24652372
24653966
24656438
24658814
24659406
24659412
24662533
24662540
24664960
24667436
24667715
24670130
24672350
24673937
24677149
24677308
24677319
24677543
24677546
24679033
24679040
24679055
24682310
24682547
24683027
24684198
24684399
24684417
24684861
24684863
24684892
24685215
24686146
24686155
24687707
24687926
24692863
24695005
24695049
24695386
24696408
24696458
24696689
24697181
24697373
24697741
24697936
24698652
24699062
24699076
24699089
24699983
24699996
24700002
24701737
24701765
24703033
24703482
24703486
24703492
24703513
24703608
24703852
24704686
24706802
24710973
24717771
24718389
24720467
24721169
24721185
24723639
24723693
24725253
24725262
24727878
24728113
24729249
24729521
24729545
24729871
24729872
24729925
24729926
24730274
24730878
24731184
24731376
24731394
24734188
24734943
24734946
24735036
24737234
24738828
24739636
24742514
24743694
24744401
24744406
24751186
24752097
24752211
24756253
24765276
24766589
24766721
24767033
24769328
24769691
24769743
24770126
24771324
24778991
24779694
24779724
24780267
24780535
24780543
24780545
24780561
24783336
24783370
24784815
24784825
24784827
24786134
24786565
24786584
24787093
24787157
24790959
24791503
24792425
24792826
24792887
24793900
24793964
24794254
24794803
24796962
24797551
24797921
24803473
24803887
24803924
24804155
24804200
24805091
24805139
24806277
24806282
24806305
24806322
24806341
24806754
24806760
24808868
24809664
24811422
24811793
24812028
24812096
24812169
24812175
24813208
24813219
24813239
24814035
24814039
24814708
24814763
24814770
24814780
24815138
24815142
24815414
24815884
24816254
24816458
24817865
24817901
24817910
24818791
24818842
24819537
24823438
24828810
24828906
24829506
24829575
24829829
24830880
24831606
24835862
24837044
24838644
24838811
24838815
24838820
24839475
24840134
24846240
24846296
24846353
24846416
24846711
24848679
24848878
24852635
24852919
24853162
24854777
24855561
24857544
24857579
24859891
24860775
24862781
24869508
24869875
24870276
24870292
24871132
24875029
24875061
24875448
24876338
24876344
24878054
24879360
24879361
24879368
24879603
24880179
24880679
24880685
24880853
24881937
24884538
24884571
24884583
24884744
24884763
24884773
24884781
24885048
24887968
24892489
24894898
24896456
24897839
24899697
24900435
24901744
24904018
24904204
24904561
24907060
24907522
24909050
24909480
24909868
24910190
24910346
24910347
24910362
24910363
24910648
24910657
24910700
24910994
24911225
24911285
24911354
24911685
24912638
24912664
24912728
24912759
24913304
24913308
24913753
24914086
24916085
24921898
24922675
24922707
24922721
24923838
24923985
24923999
24924000
24925279
24925948
24927025
24927965
24928225
24930051
24931535
24932846
24938468
24939328
24939949
24940171
24942347
24942368
24942378
24942390
24942391
24942409
24942435
24943240
24943527
24944128
24945230
24945406
24945409
24945468
24948946
24948954
24950008
24950013
24950120
24950167
24950577
24950656
24950658
24950755
24950763
24951319
24951709
24951761
24951799
24951878
24952071
24954262
24954277
24954356
24957070
24957326
24958649
24958754
24960143
24960161
24963386
24963404
24963409
24964023
24964043
24964531
24964532
24965222
24965351
24965539
24966888
24966957
24968669
24969018
24969043
24969044
24971002
24971564
24971572
24972205
24972394
24972436
24972918
24973190
24973360
24973366
24973889
24976176
24976589
24976741
24980276
24980303
24980318
24980846
24980855
24980865
24980885
24981407
24981987
24982168
24982307
24982685
24982715
24982769
24982784
24985649
24987620
24988250
24989408
24989416
24989426
24991085
24992722
24992725
24993322
24993323
24993335
24993337
24993371
24993771
24995563
24996073
24997620
25001939
25008719
25009140
25009180
25009297
25009678
25010600
25014047
25014335
25014371
25014610
25016211
25016239
25016874
25017531
25017537
25020739
25022123
25024463
25026255
25027501
25029744
25031402
25032824
25032889
25033126
25033639
25036110
25036121
25036225
25036259
25056411
25056440
25057531
25057761
25057902
25057961
25058785
25064878
25069808
25070951
25073735
25075956
25077773
25080118
25080136
25081540
25081682
25093735
25093881
25095118
25095180
25095941
25098584
25099209
25099581
25106292
25117634
25117871
25118381
25120468
25120471
25120486
25121130
25124143
25124221
25124583
25135591
25136195
25136555
25138163
25138177
25138203
25138304
25138569
25138628
25138661
25138681
25139327
25139562
25139574
25139577
25139587
25139608
25141110
25141628
25148181
25148546
25148778
25150919
25150994
25151005
25151017
25151658
25156983
25165070
25165851
25169681
25170376
25170704
25180033
25180203
25182871
25184137
25184291
25189146
25196814
25197528
25197617
25203038
25205243
25213037
25213730
25216361
25216664
25216674
25216683
25218290
25218379
25222193
25228262
25231829
25231830
25234596
25236674
25241860
25241867
25243093
25249373
25249496
25249503
25251834
25252108
25252147
25252389
25252394
25252429
25252738
25252753
25252824
25253038
25257241
25257486
25258718
25261000
25261213
25261771
25261872
25264159
25264717
25264726
25265294
25266305
25266735
25266768
25266774
25266801
25270562
25271241
25271282
25281275
25282040
25282868
25283538
25283566
25291573
25291711
25293530
25300314
25301844
25302724
25304331
25304352
25304474
25304525
25304546
25304553
25304569
25304659
25304775
25304815
25305004
25305266
25305434
25310237
25310238
25310960
25312147
25313888
25317783
25318644
25320349
25320505
25321849
25322353
25323133
25323140
25323481
25323514
25323754
25324149
25324160
25324189
25324192
25324497
25324749
25324750
25325000
25332568
25332766
25338384
25339040
25339189
25341318
25341415
25341441
25345202
25345203
25346331
25349330
25349331
25349332
25355728
25356074
25356075
25356079
25358736
25358882
25371700
25381525
25381553
25385185
25386303
25388659
25401544
25403291
25404540
25412866
25413067
25415852
25415869
25416667
25417444
25417462
25417728
25417770
25417902
25417904
25417905
25418381
25418382
25418849
25419233
25420775
25420779
25420790
25420797
25423211
25423641
25427132
25427148
25427156
25428576
25430035
25430619
25431137
25431139
25432440
25433624
25433664
25434449
25435385
25436489
25436931
25437085
25437263
25438208
25439711
25443645
25443663
25445189
25447386
25447866
25448906
25450286
25452442
25454251
25454699
25455104
25460558
25467017
25467853
25470288
25472770
25472960
25480222
25480937
25481172
25481407
25481930
25482726
25482747
25482762
25482768
25483586
25483618
25483659
25483672
25484197
25485917
25486058
25486098
25490777
25494708
25504108
25504146
25504298
25506693
25507178
25507210
25507945
25508522
25508538
25510784
25513405
25516286
25517669
25526656
25532664
25534703
25538297
25538317
25539336
25542257
25542441
25542445
25542952
25543034
25543249
25543643
25544472
25548034
25554515
25556950
25557686
25559753
25560343
25563956
25566857
25566869
25567994
25568060
25568593
25568933
25569830
25570905
25570907
25573547
25574530
25574825
25576702
25576956
25578307
25580154
25580162
25580184
25580211
25580218
25580222
25580244
25580260
25581331
25581333
25581623
25581881
25581886
25581890
25582546
25582548
25583460
25583516
25583532
25584097
25585302
25586828
25587006
25588607
25589166
25589452
25591509
25591714
25591715
25592162
25594945
25595087
25595091
25595618
25596115
25601580
25606292
25608656
25610774
25612664
25613297
25613317
25616198
25618798
25630087
25630846
25630863
25633002
25633097
25635181
25635412
25635641
25635671
25635707
25635709
25635711
25639843
25639848
25640129
25645941
25649043
25652368
25654119
25657059
25659451
25659495
25659511
25660566
25660896
25664666
25665630
25665675
25667266
25671876
25673136
25673300
25674735
25675179
25676564
25683660
25689864
25690020
25691671
25691696
25691720
25691725
25693202
25695590
25698337
25698427
25699510
25703321
25706351
25713363
25716704
25716705
25716723
25716745
25716895
25717041
25717051
25723477
25723478
25723525
25735095
25738362
25740148
25745268
25746068
25750097
25750117
25750118
25751361
25751383
25754182
25754632
25756141
25756149
25756686
25757949
25758548
25759287
25759308
25768366
25768775
25768814
25772797
25773175
25774976
25778717
25783591
25783914
25783918
25794487
25794759
25797919
25798802
25799566
25799721
25799965
25801447
25802312
25802318
25802323
25802384
25802632
25811905
25813115
25821913
25824840
25825308
25828140
25830820
25840505
25843026
25849018
25851113
25851434
25851894
25852275
25855202
25855992
25856000
25856020
25856369
25860523
25861055
25864122
25870546
25870984
25871340
25873143
25875252
25875291
25875305
25875321
25875373
25875398
25875417
25878393
25879671
25879710
25880041
25880234
25882831
25882958
25885628
25885633
25885637
25885741
25885895
25886979
25886990
25887590
25889635
25889906
25889953
25890047
25890823
25891652
25891671
25894679
25899531
25899532
25906492
25906496
25908070
25909540
25909550
25909579
25911360
25913120
25914052
25915278
25915284
25915343
25915344
25915357
25916012
25916081
25916091
25916260
25917687
25917727
25918065
25918087
25918515
25925065
25925105
25926934
25926935
25926937
25927422
25927425
25929321
25932516
25932671
25935417
25935625
25935699
25936087
25936089
25936258
25936295
25936302
25936304
25936372
25937231
25937370
25937610
25937619
25937642
25943874
25944107
25945176
25945717
25949517
25949618
25951655
25952623
25952626
25952648
25953726
25954958
25956744
25957414
25957415
25957465
25957937
25968100
25968797
25974880
25975864
25975906
25980987
25985544
25989894
25990308
25991417
25992808
25992830
25994691
25994721
26001110
26001268
26001379
26001646
26002199
26003147
26003182
26004826
26009953
26013883
26014133
26014135
26014154
26014202
26014244
26014250
26014334
26014349
26014887
26015497
26015501
26015999
26016020
26016038
26016346
26016662
26016763
26018188
26018898
26018901
26019923
26019928
26020209
26020210
26021195
26021221
26021608
26022226
26022388
26022553
26022707
26023447
26023460
26024640
26024946
26025439
26025745
26026367
26026390
26031223
26031600
26031631
26032013
26032015
26032826
26040213
26040242
26040251
26043420
26043854
26043914
26044508
26044536
26044543
26044594
26044629
26045915
26046001
26047010
26048378
26048689
26049132
26049646
26049810
26050354
26050409
26050430
26050891
26050907
26050932
26051950
26052888
26052893
26052908
26052946
26054106
26054116
26054148
26054631
26054940
26055548
26056171
26056176
26056185
26056225
26056280
26064487
26065649
26066656
26068291
26073141
26073335
26074102
26075536
26075854
26076237
26076651
26078201
26078982
26079004
26079696
26084283
26087165
26087196
26087510
26088757
26088766
26089800
26089930
26091160
26091465
26091604
26091984
26093710
26093716
26094059
26094199
26095090
26095260
26095576
26097345
26097678
26098117
26098120
26099494
26099503
26099981
26099987
26100717
26100726
26100727
26101149
26101164
26107841
26107874
26107901
26108357
26108683
26108892
26108895
26108945
26109293
26109507
26109515
26109535
26109562
26109578
26109877
26111987
26112138
26112159
26112173
26112448
26113815
26114394
26114426
26114970
26115425
26115432
26115706
26115831
26115867
26115989
26116197
26116964
26116986
26117062
26117159
26117171
26117186
26117210
26117628
26117639
26117673
26117674
26118739
26118789
26118855
26118861
26118866
26119635
26120016
26120019
26120157
26120411
26120667
26120687
26120791
26121094
26122441
26122999
26123003
26123207
26123259
26123311
26123485
26123512
26124471
26125342
26125694
26126481
26126520
26126828
26127103
26127233
26127287
26128149
26128423
26129644
26130065
26130080
26130103
26130541
26132410
26132424
26133220
26133229
26133502
26134027
26134060
26134093
26134212
26134856
26135206
26136382
26136830
26137347
26139732
26139999
26142817
26142946
26142958
26143168
26144106
26144642
26145403
26146175
26149172
26150938
26151611
26152187
26152527
26152967
26154400
26154409
26158755
26159533
26159549
26159955
26159969
26159990
26160038
26161236
26161237
26161328
26161652
26161667
26161876
26161982
26162247
26163245
26164136
26166200
26166221
26166331
26168282
26168385
26168392
26168432
26168755
26169279
26171702
26173687
26178085
26178087
26179812
26179824
26179873
26214776
26240322
26242615
26244573
26245791
26254584
26254981
26255495
26255879
26258657
26268812
26270858
26273139
26275238
26275357
26275830
26275894
26275916
26277977
26278239
26278342
26278516
26278555
26278571
26278871
26279952
26280247
26280261
26280284
26281956
26283139
26283187
26283487
26283508
26283605
26283629
26283643
26285664
26285679
26285711
26285758
26286028
26286046
26286190
26286842
26288113
26288146
26288965
26290038
26290236
26291361
26291710
26291711
26291970
26294714
26295079
26295082
26296705
26296736
26296748
26297269
26297419
26298154
26298187
26299202
26299647
26305531
26310896
26310909
26311538
26313056
26313907
26316303
26317431
26319803
26320092
26321300
26321530
26321537
26321598
26321603
26321616
26324533
26325421
26327521
26327895
26328863
26328975
26329689
26329894
26330297
26330303
26330536
26330591
26330837
26332092
26333680
26334916
26335301
26335313
26335326
26335340
26336172
26340460
26341261
26341373
26341458
26342252
26345005
26345024
26346441
26347144
26349496
26349989
26350848
26350853
26350941
26351588
26354051
26354346
26354357
26355462
26355471
26360431
26361447
26361648
26361684
26361927
26361948
26361972
26361986
26362259
26362359
26363384
26363387
26363391
26363393
26363515
26364433
26364751
26366488
26366489
26373787
26377363
26377632
26379843
26388188
26388385
26391024
26395994
26396070
26396968
26397008
26397158
26397159
26398123
26398145
26398831
26398843
26399322
26404050
26406792
26407205
26410193
26410497
26410551
26410671
26411216
26411220
26411250
26411409
26411428
26411735
26411756
26411809
26411846
26412109
26412587
26412596
26413129
26413183
26414645
26419955
26420632
26421580
26423156
26423281
26423405
26423626
26449603
26461665
26495630
26497403
26500755
26502884
26506830
26507255
26507422
26509588
26509917
26509937
26510089
26510126
26510190
26511264
26511330
26512303
26512460
26522175
26524991
26525021
26525933
26531838
26536444
26536982
26537008
26540361
26540583
26540584
26540587
26542121
26542807
26542887
26544497
26546329
26546461
26546721
26547002
26547005
26547032
26547569
26548412
26552053
26554468
26554990
26555003
26555298
26556059
26573971
26582259
26582820
26582825
26582839
26584209
26584459
26584650
26585390
26589162
26596263
26596265
26596273
26597522
26597545
26598262
26598733
26598994
26599340
26600193
26600195
26606146
26606937
26607659
26607691
26608397
26615652
26616030
26616062
26617288
26619065
26620853
26622040
26623134
26625055
26627835
26630636
26630693
26630881
26631695
26633024
26633514
26633872
26637047
26637832
26637882
26637893
26637894
26638193
26638775
26638808
26639530
26642837
26647116
26648100
26664724
26666069
26668895
26670893
26672541
26673071
26677521
26678157
26678574
26678726
26679972
26680530
26684965
26684976
26692720
26693482
26696493
26696508
26742121
26773025
26773594
26779842
26782382
26785493
26788364
26789403
26789458
26790170
26792473
26793312
26795857
26796097
26797286
26797528
26797531
26797621
26797642
26797648
26797692
26798146
26798344
26799296
26802636
26802828
26806257
26806692
26806704
26806736
26806999
26807002
26808097
26810206
26810212
26811394
26819965
26821330
26822852
26822866
26824176
26824222
26825107
26825210
26825220
26825221
26825555
26825714
26825736
26825753
26825759
26827133
26827880
26828514
26829895
26830872
26834701
26835005
26842554
26845085
26848781
26853371
26854186
26855113
26862680
26865607
26866302
26866546
26870043
26870044
26873398
26873797
26873844
26874408
26878104
26878588
26880075
26881580
26883067
26883656
26886642
26889633
26895420
26895873
26896514
26897018
26898230
26898231
26898240
26898242
26905714
26908964
26909973
26910270
26911284
26911568
26913025
26918383
26918625
26921181
26922582
26924026
26924678
26924684
26925187
26925260
26927071
26928160
26930723
26930992
26937208
26937352
26939451
26940669
26940807
26942506
26942530
26943548
26943821
26945795
26946998
26963207
26964619
26968658
26969463
26974781
26978357
26978400
26978425
26979001
26980784
26981195
26981306
27030644
27040735
27043578
27044203
27045275
27046787
27053227
27061242
27061480
27061484
27062242
27065813
27065830
27069822
27070232
27070653
27071222
27071319
27071331
27072915
27073678
27074113
27074178
27079368
27079548
27087990
27088460
27091768
27094209
27094213
27094237
27094265
27095813
27096988
27097737
27109599
27113571
27114580
27114674
27115190
27115191
27115199
27115204
27115464
27115873
27116455
27117054
27117066
27117339
27119744
27121774
27125649
27126958
27129227
27130041
27130187
27130674
27131682
27132041
27132649
27132682
27132723
27132730
27132736
27133215
27133231
27135699
27140912
27141059
27143203
27144866
27146269
27148045
27148613
27169656
27169964
27191961
27193730
27196910
27273669
27299051
27299101
27302496
27302570
27302585
27304025
27304052
27304253
27304376
27304409
27308225
27308343
27309452
27313607
27314297
27314639
27317695
27318466
27321333
27321563
27323631
27326426
27329236
27330384
27330812
27332185
27336617
27338144
27338719
27343408
27346896
27347556
27347949
27349494
27349872
27349995
27350148
27350154
27350848
27351871
27359520
27361544
27362805
27364277
27366027
27366629
27370401
27370888
27371479
27371502
27371868
27371878
27371887
27373355
27374277
27374278
27374289
27376669
27379649
27387328
27388931
27393318
27393319
27404519
27409428
27410156
27423811
27424255
27426077
27426740
27426770
27427194
27427794
27427853
27428121
27430264
27430267
27431258
27431324
27431381
27431393
27431516
27431577
27431618
27431792
27433176
27441684
27447694
27449929
27450738
27451219
27452388
27452669
27452947
27454735
27455756
27455822
27460303
27466315
27467326
27472380
27475915
27484587
27488094
27488101
27489407
27489662
27490552
27490838
27490865
27491258
27493782
27495479
27496441
27497147
27497153
27497617
27497804
27498057
27498698
27499744
27499752
27499835
27501282
27501324
27501787
27505318
27507595
27507604
27509002
27509705
27525186
27527327
27527342
27527374
27527991
27533400
27534699
27534979
27536204
27536207
27536222
27537680
27540843
27541672
27543344
27544154
27546262
27549864
27550462
27550907
27551270
27553272
27556618
27558104
27560648
27560815
27562687
27563389
27563390
27563411
27566467
27567484
27569105
27570892
27577014
27583750
27587114
27589645
27590745
27591142
27592248
27593035
27595107
27597149
27597260
27597309
27600828
27601731
27602527
27602748
27603987
27605247
27608973
27610098
27610385
27611378
27611893
27613752
27613763
27614137
27614156
27615042
27615082
27615796
27616102
27617932
27618851
27621518
27623241
27623247
27624037
27625768
27632782
27633434
27633571
27633590
27636863
27636970
27636978
27637186
27640416
27642220
27642239
27643608
27644889
27644902
27644903
27645560
27645585
27646042
27646333
27646346
27646518
27646918
27647704
27649674
27649687
27650242
27650879
27654167
27656421
27661970
27664566
27665416
27665417
27669186
27676343
27683381
27686250
27697555
27697557
27699611
27700792
27701559
27701991
27702132
27702239
27702264
27702278
27702819
27702864
27703171
27703208
27703217
27703444
27704094
27704619
27704622
27704831
27704907
27706132
27707077
27708665
27719243
27721720
27723333
27723984
27724615
27733693
27733722
27733741
27733743
27733750
27735201
27735593
27735608
27735946
27736163
27737665
27738090
27738198
27738282
27738309
27738320
27738606
27738939
27738943
27738947
27739142
27739520
27739539
27739545
27739553
27740323
27740767
27743291
27744584
27745366
27745399
27749641
27750137
27750160
27751102
27751127
27757862
27758260
27759352
27763074
27766254
27766381
27771464
27772893
27776271
27776305
27777249
27786592
27788769
27791418
27793979
27798780
27801998
27805318
27807910
27812061
27812085
27817454
27818620
27825925
27829311
27834754
27834767
27835427
27837586
27840984
27844929
27845395
27847097
27847120
27848042
27848168
27853756
27857058
27858181
27860242
27864425
27864855
27865904
27869296
27871419
27876086
27877438
27877641
27877696
27877716
27877764
27878153
27878486
27879808
27883640
27884685
27886973
27888394
27891836
27893676
27894139
27895270
27895523
27895524
27895902
27896527
27896535
27896572
27896712
27896726
27899670
27899677
27902430
27902431
27902464
27902908
27903532
27903538
27903539
27903695
27903700
27903718
27904404
27905771
27906691
27907138
27907141
27907150
27907324
27912803
27912972
27913402
27914664
27918896
27919521
27922941
27928227
27948873
27950357
27964170
27970848
27970868
27971779
27972486
27972489
27973053
27976396
27977059
27978945
27979426
27979725
27982155
27983502
27990155
28003454
28005959
28006580
28009206
28010976
28012099
28013331
28016026
28017653
28018982
28020259
28022911
28026490
28028155
28032572
28037083
28037088
28037090
28037127
28037385
28037431
28037510
28038123
28039240
28044005
28044577
28046326
28046973
28051439
28059025
28059241
28064540
28064917
28064929
28067476
28072349
28076597
28086847
28087557
28100568
28100575
28101717
28101734
28103975
28105078
28107701
28111997
28114996
28116483
28117903
28126432
28131084
28131124
28131133
28131261
28131368
28131644
28132378
28136776
28146678
28147377
28150434
28151571
28152805
28158177
28159724
28161262
28161274
28163537
28166713
28166734
28167304
28168168
28168590
28169170
28182867
28182883
28183757
28184066
28188015
28188017
28188972
28190622
28190623
28195218
28196411
28201527
28209956
28217424
28229009
28239892
28241228
28243065
28246265
28246279
28247850
28248701
28250282
28251270
28251332
28252232
28255990
28256412
28263825
28264864
28265606
28270819
28273050
28278219
28280584
28281258
28285099
28285118
28288492
28292817
28312678
28316802
28317415
28322860
28324004
28329802
28332120
28332128
28332165
28332444
28333939
28334130
28338391
28344466
28344530
28349633
28354028
28355664
28355695
28359873
28365402
28370056
28373682
28374276
28374314
28374362
28375055
28375064
28375068
28375769
28376290
28376382
28376395
28376409
28377312
28377490
28377583
28378516
28379106
28384944
28385273
28385902
28385963
28387478
28395394
28397531
28397538
28397584
28399875
28401831
28407183
28407260
28411955
28416326
28420130
28420960
28421487
28424226
28424323
28425097
28425182
28425405
28425413
28425421
28429066
28429120
28430684
28430699
28431661
28433524
28438751
28441360
28444704
28454272
28458701
28462126
28468560
28474218
28481101
28482432
28486697
28503513
28506214
28506752
28507402
28510922
28510937
28515242
28516595
28519459
28523162
28525696
28526980
28529015
28531439
28531445
28531481
28539640
28539821
28539824
28542663
28542679
28542700
28543274
28543326
28543594
28543941
28544503
28549547
28549706
28552367
28554058
28554192
28557090
28557349
28557368
28573964
28576752
28577239
28580862
28586136
28591628
28591637
28593751
28597785
28599734
28602737
28602958
28603058
28603555
28606240
28606556
28607328
28607387
28607421
28607443
28607459
28607852
28608060
28608065
28617181
28624015
28627896
28629358
28630836
28641154
28663178
28664990
28670614
28670617
28670751
28671776
28673098
28673099
28674766
28677255
28677278
28677304
28677308
28677439
28678317
28678878
28679074
28679093
28679095
28679101
28679102
28679921
28679967
28680209
28680241
28680245
28680277
28683624
28683743
28686566
28690535
28691023
28691575
28692719
28693123
28693146
28693157
28695707
28695794
28708262
28710962
28713510
28714692
28720918
28721851
28723553
28724322
28732157
28732529
28733190
28733300
28733306
28733670
28734045
28741178
28741330
28742945
28743744
28745351
28749586
28752692
28768768
28768863
28779589
28780688
28783806
28789878
28800529
28801124
28801135
28801155
28810692
28811733
28812613
28824682
28825281
28827373
28828745
28846101
28847508
28856094
28856146
28856150
28860414
28860420
28872297
28875903
28876890
28878487
28884867
28891960
28899093
28900961
28901514
28912628
28912651
28916581
28920563
28923210
28923237
28938115
28938122
28938380
28938405
28938953
28938988
28938990
28938998
28945508
28951797
28952898
28954141
28954843
28956243
28959653
28960129
28968337
28969083
28969528
28971537
28975501
28975556
28978030
28978907
28979002
28980568
28981151
28981759
28986673
28988369
28988445
28990752
28992343
28995138
29003174
29005574
29011243
29016611
29023299
29027119
29027596
29027644
29031333
29031991
29037546
29037789
29039147
29039154
29039155
29039818
29039976
29041794
29045883
29049642
29051290
29051983
29052389
29054756
29054816
29060343
29060470
29063932
29063993
29064042
29065003
29068945
29069341
29069442
29069503
29069626
29069637
29069647
29069649
29069981
29069998
29069999
29070456
29070460
29070474
29070480
29070484
29070524
29070536
29070990
29071126
29071161
29071365
29071652
29072155
29073188
29073494
29073695
29073744
29073745
29075679
29076611
29078732
29083080
29085259
29102446
29126608
29130249
29135764
29135769
29135787
29136981
29137006
29137853
29140424
29140580
29140581
29140650
29140788
29142741
29143282
29148549
29148743
29148749
29148752
29149422
29149424
29149530
29149557
29150067
29150407
29150670
29150738
29151061
29151375
29155405
29155840
29162978
29163418
29163710
29164378
29165923
29167061
29168315
29169792
29171660
29172251
29173343
29173734
29175054
29175319
29175330
29178804
29181787
29181788
29181807
29185056
29189332
29191972
29193419
29196601
29201071
29204994
29206254
29207255
29208065
29209379
29210295
29216876
29217509
29221439
29222162
29222363
29223084
29223620
29227073
29228981
29230849
29231314
29233663
29234249
29240883
29241069
29241779
29242857
29249242
29253357
29254754
29258009
29263402
29263417
29263429
29263449
29263707
29265582
29266084
29281165
29283171
29283878
29284515
29284518
29284521
29284522
29284856
29285321
29285486
29289520
29295489
29299037
29299943
29301869
29304469
29306300
29306458
29307785
29312614
29315168
29315984
29316619
29316646
29316678
29317002
29318334
29324882
29333331
29337186
29339782
29341299
29355925
29358500
29361806
29361819
29368394
29369605
29370703
29371842
29381622
29383136
29383143
29383381
29383613
29383889
29383898
29386188
29386590
29389659
29400200
29400513
29415288
29416104
29417828
29419546
29422614
29423365
29425036
29425776
29426775
29426990
29427978
29427979
29440967
29442171
29442809
29443846
29445342
29451714
29454495
29454963
29460145
29474347
29474663
29476537
29478041
29478615
29479582
29481910
29484024
29490952
29491218
29501841
29503093
29504986
29507796
29508872
29515325
29515570
29516651
29517364
29520306
29520760
29520773
29520775
29522028
29523091
29523267
29523281
29523294
29525660
29525717
29526634
29526651
29526863
29527015
29527026
29527145
29531860
29532395
29533843
29534318
29534323
29535035
29535278
29538477
29549297
29551750
29561604
29561608
29561900
29563149
29564720
29565388
29569641
29570034
29572894
29575629
29575659
29582073
29584324
29584779
29585918
29590109
29591074
29591085
29591594
29593478
29606535
29609404
29612628
29614036
29618968
29619210
29619291
29619894
29620537
29621432
29621652
29622684
29623637
29624477
29627369
29633400
29636012
29636193
29638525
29638608
29639197
29639418
29639751
29639757
29641373
29641405
29644719
29646896
29646944
29648340
29648543
29648816
29649358
29649394
29649407
29649410
29649435
29649445
29649580
29649581
29649690
29650308
29651582
29652430
29656401
29656569
29656596
29656643
29656661
29656663
29657040
29657061
29661822
29663004
29666475
29669339
29670088
29670705
29677830
29678942
29686356
29687136
29688156
29690573
29691665
29692540
29693917
29694535
29695365
29700662
29700806
29701299
29701321
29701849
29703992
29704835
29706298
29706555
29707011
29707020
29707220
29707836
29708233
29709382
29709410
29709977
29709986
29710011
29710737
29711115
29712493
29716357
29718133
29719690
29723936
29727804
29729245
29730669
29731619
29732464
29735745
29738933
29739670
29739695
29739698
29758428
29779269
29783058
29783073
29785490
29786980
29787373
29787378
29787385
29787670
29787974
29787992
29788000
29788021
29789948
29790095
29790300
29790818
29791573
29792504
29792522
29792804
29792825
29793637
29793693
29794109
29797156
29798285
29798617
29800006
29801155
29801315
29806097
29809813
29810975
29814133
29814844
29814858
29815614
29815730
29816248
29816474
29816712
29816770
29817090
29817195
29817741
29817777
29818097
29818773
29818833
29820526
29821024
29822135
29824288
29825563
29825633
29827437
29827555
29827987
29827993
29828498
29829115
29830928
29832608
29833084
29833088
29833683
29833711
29834120
29834174
29834207
29834210
29834561
29835020
29835035
29842168
29843444
29843486
29843719
29844377
29844431
29845725
29848127
29848723
29851315
29864742
29864783
29870900
29873351
29874249
29882513
29886609
29895592
29906125
29953078
29979973
29984441
29994798
30007280
30009531
30012889
30013648
30014109
30014303
30015888
30065303
30075109
30075150
30077409
30079071
30080105
30080550
30081029
30081059
30087846
30096233
30099346
30099830
30100618
30115235
30124986
30134029
30134092
30136728
30137676
30140048
30142173
30144178
30144205
30145486
30148794
30150240
30151468
30152108
30153331
30155866
30157945
30158619
30159028
30159055
30159338
30159341
30160400
30160962
30161043
30162312
30162513
30165840
30169377
30173326
30174381
30175710
30177334
30179711
30179719
30181297
30183581
30185572
30186649
30189747
30193141
30197206
30200826
30202755
30205318
30205873
30206559
30207028
30207096
30207186
30219834
30223138
30223608
30225793
30229805
30237990
30238241
30241733
30242922
30246432
30246863
30249828
30259524
30264178
30264322
30265232
30266090
30267540
30268720
30270012
30279481
30284189
30286068
30286380
30286406
30286409
30287761
30288135
30290199
30291765
30292051
30293547
30294533
30295009
30295011
30296076
30297793
30298128
30298635
30298637
30298819
30298828
30300067
30300069
30300073
30300561
30301838
30304353
30304379
30305895
30310328
30311119
30319185
30324322
30327784
30329694
30331756
30332332
30333965
30334006
30335060
30336035
30338742
30340903
30340906
30343088
30343329
30344103
30346341
30346515
30346687
30348715
30348718
30348862
30349506
30349552
30349559
30349579
30350793
30351444
30354896
30355322
30355645
30356438
30356493
30356764
30357082
30357087
30369408
30372184
30372859
30376071
30382837
30388846
30389495
30390018
30390345
30392236
30393035
30394163
30394248
30394252
30394747
30395231
30396453
30396669
30396947
30397754
30397769
30398541
30399369
30400304
30400359
30400368
30401365
30401368
30401633
30402571
30402591
30402603
30403047
30403579
30403767
30404094
30404599
30404612
30404935
30405271
30405487
30405494
30405534
30405546
30407116
30407127
30407727
30408914
30408970
30410868
30411919
30411997
30415820
30415843
30416016
30416038
30416153
30416207
30416591
30416760
30417710
30417734
30417776
30417781
30417922
30417951
30417960
30418337
