2798
9524
19825
19919
33659
36749
37858
47500
75432
75441
78342
81399
232565
243110
254056
254066
254088
254796
267731
268332
274857
274869
275340
275359
276073
276084
276280
276286
298858
335673
339115
348324
348326
348343
353028
376881
388048
388059
390163
417562
429819
448419
448433
453673
455221
467998
469892
475585
481726
482443
489427
496636
497681
497705
502177
506015
509936
510818
510870
510883
510904
512063
512598
512910
527599
528568
549345
549383
552956
555936
558475
558484
559347
570088
573488
584439
584477
586197
586198
590473
601332
606969
609369
610508
619209
623444
634997
634999
635039
636241
636243
638822
642495
642502
642518
647777
657195
657967
657971
657981
668616
686472
688892
697382
715422
715845
750701
752622
753563
753568
756808
757030
759667
759674
759675
759682
782023
785256
785713
793772
808286
817497
820500
823325
831764
861498
862541
862556
862563
862571
868489
879431
884550
887053
977247
982798
985851
985859
987617
988120
999832
1001587
1009154
1019780
1019783
1027001
1031354
1033955
1042091
1044410
1045383
1045384
1045385
1049617
1052329
1052982
1052986
1081073
1081811
1102634
