149035.0
149035.0
149035.0
149035.0
149035.0
298070
298070
298070
298070
298070
298070
298070
298070
298070
298070
447105
447105
447105
447105
447105
596140
596140
596140
596140
596140
745175
745175
745175
745175
745175
894210
894210
894210
894210
894210
1043245
1043245
1043245
1043245
1043245
1043245
1043245
1043245
1043245
1043245
1192280
1192280
1192280
1192280
1192280
1341315
1341315
1341315
1341315
1341315
1341315
1341315
1341315
1341315
1341315
1490350
1490350
1490350
1490350
1490350
1639385
1639385
1639385
1639385
1639385
1788420
1788420
1788420
1788420
1788420
1937455
1937455
1937455
1937455
1937455
1937455
1937455
1937455
1937455
1937455
2086490
2086490
2086490
2086490
2086490
2086490
2086490
2086490
2086490
2086490
2235525
2235525
2235525
2235525
2235525
2384560
2384560
2384560
2384560
2384560
2384560
2384560
2384560
2384560
2384560
2533595
2533595
2533595
2533595
2533595
2533595
2533595
2533595
2533595
2533595
2682630
2682630
2682630
2682630
2682630
2682630
2682630
2682630
2682630
2682630
2831665
2831665
2831665
2831665
2831665
2831665
2831665
2831665
2831665
2831665
2980700
2980700
2980700
2980700
2980700
2980700
2980700
2980700
2980700
2980700
3129735
3129735
3129735
3129735
3129735
3129735
3129735
3129735
3129735
3129735
3278770
3278770
3278770
3278770
3278770
3427805
3427805
3427805
3427805
3427805
3576840
3576840
3576840
3576840
3576840
3725875
3725875
3725875
3725875
3725875
3725875
3725875
3725875
3725875
3725875
3874910
3874910
3874910
3874910
3874910
4023945
4023945
4023945
4023945
4023945
4172980
4172980
4172980
4172980
4172980
4172980
4172980
4172980
4172980
4172980
4322015
4322015
4322015
4322015
4322015
4471050
4471050
4471050
4471050
4471050
4620085
4620085
4620085
4620085
4620085
4769120
4769120
4769120
4769120
4769120
4769120
4769120
4769120
4769120
4769120
4918155
4918155
4918155
4918155
4918155
4918155
4918155
4918155
4918155
4918155
5067190
5067190
5067190
5067190
5067190
5067190
5067190
5067190
5067190
5067190
5216225
5216225
5216225
5216225
5216225
5365260
5365260
5365260
5365260
5365260
5365260
5365260
5365260
5365260
5365260
5514295
5514295
5514295
5514295
5514295
5514295
5514295
5514295
5514295
5514295
5663330
5663330
5663330
5663330
5663330
5663330
5663330
5663330
5663330
5663330
5812365
5812365
5812365
5812365
5812365
5961400
5961400
5961400
5961400
5961400
5961400
5961400
5961400
5961400
5961400
6110435
6110435
6110435
6110435
6110435
6259470
6259470
6259470
6259470
6259470
6259470
6259470
6259470
6259470
6259470
6408505
6408505
6408505
6408505
6408505
6408505
6408505
6408505
6408505
6408505
6557540
6557540
6557540
6557540
6557540
6557540
6557540
6557540
6557540
6557540
6706575
6706575
6706575
6706575
6706575
6706575
6706575
6706575
6706575
6706575
6855610
6855610
6855610
6855610
6855610
6855610
6855610
6855610
6855610
6855610
7004645
7004645
7004645
7004645
7004645
7004645
7004645
7004645
7004645
7004645
7153680
7153680
7153680
7153680
7153680
7302715
7302715
7302715
7302715
7302715
7451750
7451750
7451750
7451750
7451750
7451750
7451750
7451750
7451750
7451750
7600785
7600785
7600785
7600785
7600785
7600785
7749820
7749820
7749820
7749820
7749820
7749820
7898855
7898855
7898855
7898855
7898855
7898855
8047890
8047890
8047890
8047890
8047890
8196925
8196925
8196925
8196925
8196925
8196925
8196925
8196925
8196925
8196925
8196925
8196925
8196925
8196925
8196925
8345960
8345960
8345960
8345960
8345960
8345960
8345960
8345960
8345960
8345960
8345960
8345960
8345960
8345960
8345960
8345960
8345960
8345960
8345960
8345960
8345960
8345960
8345960
8345960
8345960
8345960
8345960
8345960
8345960
8345960
8345960
8345960
8345960
8345960
8345960
8345960
8345960
8345960
8345960
8345960
8494995
8494995
8494995
8494995
8494995
8494995
8644030
8644030
8644030
8644030
8644030
8644030
8793065
8793065
8793065
8793065
8793065
8793065
8942100
8942100
8942100
8942100
8942100
8942100
8942100
8942100
8942100
8942100
9091135
9091135
9091135
9091135
9091135
9091135
9091135
9091135
9091135
9091135
9240170
9240170
9240170
9240170
9240170
9240170
9240170
9240170
9240170
9240170
9389205
9389205
9389205
9389205
9389205
9538240
9538240
9538240
9538240
9538240
9687275
9687275
9687275
9687275
9687275
9836310
9836310
9836310
9836310
9836310
9836310
9836310
9836310
9836310
9836310
9985345
9985345
9985345
9985345
9985345
10134380
10134380
10134380
10134380
10134380
10134380
10134380
10134380
10134380
10134380
10283415
10283415
10283415
10283415
10283415
10283415
10283415
10283415
10283415
10283415
10432450
10432450
10432450
10432450
10432450
10432450
10432450
10432450
10432450
10432450
10581485
10581485
10581485
10581485
10581485
10730520
10730520
10730520
10730520
10730520
10730520
10730520
10730520
10730520
10730520
10879555
10879555
10879555
10879555
10879555
10879555
10879555
10879555
10879555
10879555
11028590
11028590
11028590
11028590
11028590
11177625
11177625
11177625
11177625
11177625
11177625
11177625
11177625
11177625
11177625
11326660
11326660
11326660
11326660
11326660
11326660
11326660
11326660
11326660
11326660
11475695
11475695
11475695
11475695
11475695
11475695
11475695
11475695
11475695
11475695
11624730
11624730
11624730
11624730
11624730
11773765
11773765
11773765
11773765
11773765
11773765
11773765
11773765
11773765
11773765
11922800
11922800
11922800
11922800
11922800
12071835
12071835
12071835
12071835
12071835
12071835
12071835
12071835
12071835
12071835
12220870
12220870
12220870
12220870
12220870
12220870
12220870
12220870
12220870
12220870
12369905
12369905
12369905
12369905
12369905
12369905
12369905
12369905
12369905
12369905
12518940
12518940
12518940
12518940
12518940
12667975
12667975
12667975
12667975
12667975
12667975
12667975
12667975
12667975
12667975
12817010
12817010
12817010
12817010
12817010
12817010
12817010
12817010
12817010
12817010
12966045
12966045
12966045
12966045
12966045
12966045
12966045
12966045
12966045
12966045
13115080
13115080
13115080
13115080
13115080
13115080
13115080
13115080
13115080
13115080
13264115
13264115
13264115
13264115
13264115
13264115
13264115
13264115
13264115
13264115
13413150
13413150
13413150
13413150
13413150
13413150
13413150
13413150
13413150
13413150
13562185
13562185
13562185
13562185
13562185
13562185
13562185
13562185
13562185
13562185
13711220
13711220
13711220
13711220
13711220
13860255
13860255
13860255
13860255
13860255
14009290
14009290
14009290
14009290
14009290
14158325
14158325
14158325
14158325
14158325
14307360
14307360
14307360
14307360
14307360
14456395
14456395
14456395
14456395
14456395
14605430
14605430
14605430
14605430
14605430
14605430
14605430
14605430
14605430
14605430
14754465
14754465
14754465
14754465
14754465
14903500
14903500
14903500
14903500
14903500
14903500
14903500
14903500
14903500
14903500
15052535
15052535
15052535
15052535
15052535
15052535
15052535
15052535
15052535
15052535
15201570
15201570
15201570
15201570
15201570
15350605
15350605
15350605
15350605
15350605
15499640
15499640
15499640
15499640
15499640
15648675
15648675
15648675
15648675
15648675
15648675
15648675
15648675
15648675
15648675
15797710
15797710
15797710
15797710
15797710
15946745
15946745
15946745
15946745
15946745
15946745
15946745
15946745
15946745
15946745
16095780
16095780
16095780
16095780
16095780
16244815
16244815
16244815
16244815
16244815
16244815
16244815
16244815
16244815
16244815
16393850
16393850
16393850
16393850
16393850
