108104
334608
659235
762684
874622
1117579
1393601
1574260
1673209
2140527
3124538
3239540
3455090
3715407
3819512
3895744
4059323
4265109
4764748
5300209
5697924
6678825
6823236
7204214
7237737
7328029
7362258
7446734
7467993
7627267
7680446
7712971
7797147
8117561
8136983
8270034
8364566
8463574
8578922
8591677
8754527
8944506
9114975
9236351
9391317
10122278
10583634
11206785
11462956
12099599
13236756
13480504
13527479
13834700
13938237
14058696
14392433
14792567
14964824
15112690
15348678
15728724
16041760
