713957
1090170
1122814
1339980
3108278
3108281
3121769
3122694
3124945
3127117
3309092
3314195
4750163
4841550
4870934
4954223
4956456
4971523
4971524
5146733
5266580
5354167
5358747
5430534
5651451
5651452
5655151
5675493
5813488
5813500
5813555
6345196
6387468
6729801
6837090
6934726
6983699
6983733
6984029
7170219
7202458
7371079
7580191
7607162
7641474
7641546
7741369
7784396
7784399
7906485
8028212
8028219
8517111
8591333
8736216
8860104
9163535
9172941
9182063
9182087
9461342
9550152
9563639
9775088
9966023
10268285
10396363
10398184
10406208
10406220
10442992
10443046
10443052
10563985
10600713
10600717
10603128
10608681
10608882
10619040
10660821
10748663
10801285
10805050
10847358
10871828
10911355
10911358
10934609
10966639
10983356
11019798
11019930
11019931
11043272
11044534
11232163
11560275
11560292
11562226
11617017
11696236
11696241
11699741
11699748
11708001
11765992
11766002
11791041
11791065
11909522
12120259
12122774
12124233
12356975
12452906
12475856
12946020
12984826
13966710
16050560
17094845
17101832
17105848
17108423
17358350
17607007
