30740
48919
63218
68412
72771
76409
109403
169830
202037
253189
264450
292979
359104
421436
467333
499132
746793
776882
788852
813089
820997
890508
916892
919873
940769
958927
1014040
1052960
1062522
1064416
1075992
1086439
1123326
1192943
1215375
1225406
1345450
1346229
1353000
1355689
1358593
1376240
1474772
1510394
1512507
1558517
1573295
1573906
1589616
1594363
1596642
1600439
1641564
1643820
1654628
1657707
1790530
1806946
1830445
1849482
1952425
1994483
2018194
2049484
2060988
2069594
2070261
2077782
2131711
2197136
2250202
2257740
2266203
2295026
2329719
2384610
2404606
2430414
2574227
2610706
2612109
2695121
2770716
2787519
2791708
2852078
2922370
2929000
2957271
2957309
2960865
2966449
2967261
2978959
2996170
3012739
3026107
3026575
3026608
3028850
3030147
3034274
3036074
3041518
3041659
3054301
3061368
3061418
3137130
3145339
3154984
3188281
3200944
3221109
3328194
3497905
3507227
3516905
3534476
3535249
3541361
3549266
3587043
3652440
3674752
3679539
3683328
3810014
3868726
3937846
3951391
3951639
3951995
3952102
3952669
3953714
3953736
3953774
3953951
3954158
3954237
3955012
3955619
3955733
3966066
3966835
3969991
3970226
3974430
3974665
3975309
3976335
3976379
3977452
3978079
3978151
3979638
3980134
3981138
3984016
3984176
3985796
3998616
3999599
3999938
4001632
4002717
4006036
4006137
4006328
4007569
4040114
4048779
4055183
4074892
4133003
4143892
4187438
4193234
4198988
4219049
4520010
4763042
4764712
4764919
4778620
4836039
4862721
4863455
4866745
5054532
5056151
5056160
5086940
5216730
5241828
5268118
5277462
5283819
5297892
5356882
5568324
5624258
5756555
5968755
5970550
5975711
6015490
6307959
6430363
6439995
6528063
6684278
6748170
6803094
6969954
6975970
7018722
7216216
7576911
7799460
8357358
8459429
8591312
9227408
9440196
9505598
9904865
9956315
11116712
12048776
13797163
14502134
14822411
15590273
17735127
18511461
