6754691
6755222
6758588
6758597
6759256
6759471
6759504
6760204
6760385
6761189
6761862
6762130
6762154
6762244
6762373
6762374
6763155
6765967
6767182
6768120
6769291
6807464
6807964
6807980
6809172
6809545
6809673
6809678
6810813
6810848
6811268
6812021
6812482
6812493
6813078
6813097
6813120
6814669
6815883
6815884
6815887
6819191
6819254
6822150
7006838
7006839
7006861
7007490
7007989
7007992
7008013
7008015
7008020
7008022
7008534
7011181
7012975
7013419
7013422
7013630
7013670
7013790
7014642
7014904
7014913
7018000
7018015
7018810
7201094
7201100
7201103
7201109
7202452
7202611
7202881
7202883
7202890
7203233
7203240
7203269
7205073
7206622
7206683
7208131
7208139
7208165
7213921
7213924
7213964
7214897
7215128
7215133
7217505
7217754
7217758
7219045
7219890
7942690
7943468
7945243
7945273
7945284
7945291
7947923
7948357
7948686
7948705
7951734
7953997
7955015
7955460
7955489
7955494
7955797
7955804
7955814
7955922
7955929
7955946
7955947
7955957
7956746
7956757
7956762
7956798
7957968
8085750
8085765
8086631
8086637
8088520
8089335
8089603
8089776
8091128
8095827
8095865
8095870
8096063
8096773
8097890
8098601
8098940
8099170
8099402
8099665
8100330
8100344
8100895
8100907
8100913
8101021
8754112
8754121
8754906
8755376
8755421
8755942
8756113
8756159
8757425
8757440
8757677
8758844
8758845
8758961
8759006
8759325
8759327
8760759
8760771
8760775
8760782
8760803
8761694
8761718
8761787
8762889
8767866
8780062
8780306
8780839
8781784
8783782
8785840
8786311
8786709
8787743
8787751
8787776
8787779
8789088
8789286
8790942
8791183
8791193
8791374
8791376
8792556
8792582
8792711
8794912
8796158
8796181
8797165
8797316
8797321
9403626
9405460
9405528
9405972
9407425
9407432
9408712
9409071
9409116
9412283
9412785
9415486
9415991
9416007
9416098
9417400
9417402
9418203
9419032
9419844
9419881
9419892
9420159
9422095
9422310
9452394
9455302
9455304
9455346
9455527
9456156
9456159
9457046
9457062
9457500
9457534
9458897
9458915
9458921
9459786
9460063
9460215
9460220
9460228
9460543
9460559
9460767
9461707
9461751
9461767
9462014
9462034
9462039
9462047
9462381
9462404
9464853
9464875
9465627
9465659
9465670
9465673
9466856
9467109
9467818
9467835
