1490272
1497415
1504660
1493640
1491633
1507624
1501526
1496612
1496119
1522245
1512920
1497838
1503292
1508041
1485241
1505428
1515380
1490112
1515884
1506828
1501142
1504926
1473723
1502573
1506302
1504200
1510668
1510178
1515934
1485528
1505835
1501273
1482111
1506411
1499051
1477960
1490487
1512358
1522338
1481251
1491760
1494160
1501096
1481377
1494041
1489828
1475114
1486256
1498182
1502722
1509926
1490326
1498142
1525780
1500486
1493548
1506225
1499163
1486025
1508748
1504583
1514708
1523961
1491033
1499284
1521465
1512704
1492885
1488072
1500918
1506019
1497972
1502975
1477524
1502720
1486993
1487580
1506107
1489709
1493609
1495996
1497742
1519023
1495055
1515963
1478616
1495283
1481620
1538468
1499432
1512201
1511055
1499938
1514162
1477358
1485415
1518006
1499032
1516684
1498884
1505074
1474495
1507663
1509055
1469714
1483312
1501495
1508326
1500138
1523652
1528777
1516098
1509159
1509451
1521229
1507317
1490411
1504555
1511693
1499980
1481661
1489531
1533082
1473760
1522609
1498799
1510511
1496568
1506703
1497093
1501632
1486126
1491282
1511664
1529659
1515796
1484667
1491806
1522450
1490430
1495007
1513085
1505052
1502313
1491939
1504806
1485082
1470560
1488124
1508803
1514080
1455978
1499838
1501252
1499353
1499386
1516328
1501899
1491950
1490977
1510174
1507265
1503032
1504766
1510275
1490608
1491530
1490496
1495473
1480700
1487973
1503750
1496234
1492070
1508054
1501425
1489617
1492178
1496151
1498608
1497759
1482351
1490303
1487370
1489423
1502805
1511685
1501340
1495884
1513637
1498424
1510396
1504412
1500086
1499844
1521326
1501050
1501988
1477575
1497642
1492628
1507735
1506198
1509412
1490657
1487626
1508694
1500404
1503620
1511614
1492636
1476163
1526064
1514421
1501722
1487508
1499184
1514795
1503303
1520947
1503058
1499886
1497248
1495432
1495459
1508975
1514375
1485069
1500131
1502270
1499169
1517591
1496760
1482618
1496503
1513078
1511735
1516548
1504030
1491543
1484259
1499229
1534309
1501446
1489165
1493417
1491328
1520519
1496753
1507892
1478636
1501192
1503072
1515353
1510883
1476771
1480551
1489052
1493964
1480671
1492958
1495110
1494139
1499820
1510052
1480438
1503351
1505220
1504683
1488318
1495867
1506304
1491949
1488236
1498751
1490874
1505760
1502925
1496484
1494067
1487146
1516924
1495236
1484816
1507464
1517677
1510321
1494708
1498746
1485809
1506623
1490635
1496970
1503155
1508285
1510442
1502358
1517678
1480125
1498981
1496340
1494378
1502217
1499919
1477574
1508031
1511876
1513498
1516065
1510872
1519540
1482822
1498277
1481240
1487653
1488370
1500834
1504327
1492942
1494830
1512038
1525386
1502856
1481413
1486720
1500567
1501151
1506574
1502937
1504792
1495872
1497271
1503589
1498862
1482598
1483549
1479914
1504028
1524928
1518399
1494700
1518588
1512385
1507435
1497325
1499378
1511362
1501025
1490173
1493473
1512081
1516377
1498080
1496686
1496176
1479211
1510789
1499904
1510712
1513923
1499596
1503112
1499740
1482485
1519361
1493693
1496566
1499631
1493177
1523337
1502219
1510806
1503887
1509655
1497568
1487687
1490794
1510247
1512043
1508384
1486562
1497229
1517539
1507460
1499629
1498858
1520799
1502521
1485199
1494106
1504031
1502327
1488212
1502512
1492510
1486861
1475477
1495924
1495942
1509879
1496489
1505296
1521818
1504975
1493654
1524149
1502340
1516593
1507622
1486327
1502117
1488830
1498149
1499487
1504025
1503066
1490324
1500221
1486442
1483022
1498309
1497132
1483417
1494788
1490971
1509698
1501927
1497372
1477327
1488877
1500827
1481218
1508045
1479337
1499098
1502883
1489376
1483204
1493957
1481496
1499630
1504301
1513061
1489923
1487622
1489031
1490310
1516007
1512970
1499477
1513556
1505450
1482506
1491789
1485161
1499357
1504638
1508656
1506687
1494594
1495623
1477563
1490109
1490215
1480408
1512053
1503382
1469495
1474417
1485469
1510353
1526038
1502099
1490390
1500630
1493565
1481350
1498757
1514477
1478193
1496084
1524169
1529018
1501915
1522836
1488288
1486078
1491588
1490401
1499716
1514542
1505410
1501279
1510591
1503694
1503749
1500007
1489730
1501471
1491487
1509882
1478895
1504478
1521975
1511617
1504164
1488481
1480613
1489325
1493771
1487496
1496646
1488088
1514264
1516890
1513343
1512628
1516079
1511627
1473440
1490577
1492505
1493356
1515403
1506576
1494576
1505105
1485436
1521268
1503733
1521046
1486906
1505382
1503359
1495445
1522110
1489279
1494044
1482861
1510129
1508712
1485622
1501156
1495231
1495708
1470687
1501635
1523356
1508257
1506844
1516447
1502424
1483385
1522107
1503470
1503793
1478453
1503221
1490418
1505600
1497377
1474776
1493119
1514785
1491915
1504846
1503301
1473361
1519690
1497795
1494662
1501579
1498587
1510127
1509063
1490489
1511045
1484462
1508012
1503946
1483450
1492933
1518586
1493374
1503657
1483455
1493014
1508466
1489573
1489418
1521162
1514029
1510620
1497311
1513015
1473399
1484064
1508891
1488630
1504163
1489921
1506282
1494964
1506853
1497556
1496708
1502908
1488163
1499303
1503324
1495341
1515839
1502292
1503563
1519952
1505081
1501026
1511198
1498510
1504404
1495776
1484209
1494925
1510473
1518195
1494424
1502451
1490343
1515678
1515330
1490573
1504836
1499501
1509933
1498956
1480143
1506306
1490421
1500374
1501021
1512387
1516607
1502299
1500867
1485526
1503693
1513380
1504527
1494105
1507673
1510958
1506594
1504444
1519504
1485013
1506122
1489595
1490300
1513374
1480381
1510181
1490038
1494388
1486393
1509665
1485460
1525659
1496748
1516181
1489199
1491604
1509810
1488959
1482252
1504719
1518162
1483611
1488970
1494553
1500161
1488722
1500936
1476645
1493913
1503876
1495270
1488939
1504715
1508946
1494274
1499070
1517596
1503739
1501892
1511501
1499965
1507855
1519182
1524516
1501997
1512556
1501990
1518418
1516001
1469548
1478813
1500658
1500252
1493360
1494452
1490843
1487322
1500312
1486852
1497203
1499636
1496223
1492263
1507866
1500996
1492614
1499000
1489987
1491697
1518973
1501067
1518915
1495793
1491440
1496743
1527020
1499615
1499521
1508819
1500267
1528774
1509833
1495567
1478273
1509272
1503424
1503786
1505385
1494448
1527147
1490368
1503956
1492003
1488527
1503611
1515736
1479048
1492665
1514535
1491165
1486376
1486674
1514220
1493319
1493404
1501009
1496126
1495366
1498703
1525976
1485603
1493968
1508708
1504451
1468420
1513468
1499048
1495094
1501470
1496343
1515236
1506352
1485081
1494669
1490844
1515509
1494929
1509014
1517406
1510418
1503636
1491286
1501756
1501709
1456272
1509173
1516364
1493083
1506184
1505466
1527553
1496187
1497926
1520865
1492046
1478811
1508333
1489749
1477101
1515964
1501951
1489999
1509393
1499894
1488402
1498498
1493801
1496214
1485063
1520359
1507105
1508638
1515417
1511829
1499307
1499393
1493972
1499896
1520717
1518326
1462006
1513234
1514388
1481050
1490477
1476519
1517635
1495866
1489232
1486939
1522459
1496364
1492191
1509387
1493064
1494016
1484785
1499476
1502320
1487218
1482347
1489789
1489309
1487959
1507082
1492030
1518523
1493584
1509376
1504701
1496004
1508972
1516132
1489571
1505274
1503157
1521169
1511733
1505211
1484257
1504920
1513289
1503820
1482743
1496459
1510123
1502637
1503299
1504501
1492788
1502365
1513290
1524085
1479233
1498532
1483334
1507442
1509910
1520190
1484556
1520415
1508911
1510255
1486754
1525468
1495178
1496695
1504957
1491490
1501143
1480992
1513948
1491028
1504843
1507183
1484949
1516446
1499947
1484912
1493304
1494283
1500524
1510696
1503308
1510206
1520346
1491875
1483268
1492323
1506833
1499318
1492329
1491817
1515308
1493196
1512212
1494740
1510634
1508847
1506794
1527782
1504972
1506162
1509912
1501455
1499669
1479906
1485861
1507990
1482133
1491145
1513274
1501820
1490554
1491745
1494896
1490036
1507230
1507617
1499313
1503168
1493396
1513925
1506822
1504078
1480522
1528122
1503132
1499128
1504013
1495373
1492654
1501164
1494445
1495483
1485434
1502202
1473209
1496865
1497959
1490686
1503594
1502334
1507119
1482136
1501992
1485568
1510562
1492271
1488570
1495545
1498415
1514642
1502479
1479561
1494293
1523663
1501890
1491294
1505936
1496650
1482497
1509388
1482215
1509006
1512188
1510249
1505958
1489926
1526484
1513019
1512557
1517040
1514658
1498432
1499416
1486231
1501246
1538153
1508707
1500775
1492089
1505379
1501297
1507444
1518528
1502271
1510254
1511328
1494602
1502662
1496316
1488196
1515099
1510033
1507942
1506983
1511215
1505063
1488871
1482195
1495694
1506540
1496637
1495642
1505007
1491468
1495121
1492218
1513936
1493167
1490158
1511000
1490107
1487997
1495940
1489334
1518109
1483575
1502216
1482052
1497002
1497221
1505610
1506460
1478994
1479410
1520578
1516014
1499045
1482585
1504063
1483864
1501225
1525846
1508383
1512349
1507269
1506744
1486643
1509372
1517847
1485315
1494035
1496131
1504893
1502849
1492557
1508262
1487404
1484098
1499026
1505016
1497645
1508299
1505011
1499426
1513628
1476096
1493185
1505252
1520954
1502087
1491816
1494438
1479090
1502986
1504869
1503728
1485822
1509667
1477072
1504064
1523054
1508756
1477955
1475198
1509934
1496455
1498665
1496754
1506117
1502530
1496834
1516015
1507478
1506441
1511209
1486088
1492413
1496852
1473299
1489379
1498343
1490216
1510504
1518028
1478040
1515717
1497702
1510499
1489566
1517069
1503909
1488999
1501051
1501212
1499058
1499764
1525676
1508008
1501375
1507642
1504370
1515276
1488117
1519711
1466458
1494023
1487670
1506908
1505666
1510897
1494610
1484748
1483476
1507613
1524947
1495071
1483705
1500126
1484805
1494110
1487895
1492465
1496990
1507213
1496361
1508822
1511330
1460920
1499293
1499491
1500911
1471590
1507061
1496538
1471994
1520680
1510737
1511026
1505039
1515152
1498700
1498505
1496054
1502167
1495517
1497124
1508949
1498305
1492479
1499186
1505562
1497265
1499930
1512547
1493960
1501497
1503313
1488609
1489321
1513528
1504513
1514461
1503872
1493596
1506907
1492295
1497024
1494402
1513493
1461301
1505263
1499498
1508508
1489741
1497295
1502504
1523170
1493065
1490808
1488584
1497404
1496698
1502112
1517770
1504815
1493093
1505279
1500679
1511782
1507922
1497522
1502128
1497769
1488793
1488141
1480065
1499486
1518206
1491628
1495356
1497477
1488577
1514082
1487299
1512457
1499317
1506759
1479728
1489877
1483329
1502179
1511536
1516978
1495709
1515274
1499029
1498340
1494046
1492224
1483810
1502011
1486577
1493746
1510238
1489491
1494318
1514343
1507126
1511326
1499236
1483805
1494846
1501412
1505165
1516260
1498470
1488270
1477269
1497625
1509409
1505110
1496825
1505055
1473643
1496492
1485384
1488895
1488986
1480448
1513160
1503236
1495556
1505694
1514629
1479321
1516034
1481384
1503213
1501354
1481068
1505661
1471530
1504280
1496957
1511450
1494284
1497619
1483966
1498809
1487207
1498233
1500537
1482299
1488100
1503502
1504720
1487984
1492187
1504779
1494201
1509143
1498281
1495569
1506755
1488682
1505805
1492139
1502346
1489447
1499555
1493183
1488384
1504645
1497401
1514257
1481237
1505090
1501945
1493359
1516217
1489879
1516334
1504884
1508644
1486570
1506200
1512517
1489557
1499249
1492114
1495723
1493552
1513050
1497486
1506377
1491098
1489636
1501562
1523363
1496565
1482006
1487803
1488595
1514248
1496510
1496529
1514124
1484485
1491479
1484996
1505713
1513642
1502337
1503646
1494615
1480110
1506888
1490340
1491940
1493457
1487214
1514693
1482079
1516235
1483004
1494825
1479928
1511021
1507424
1491977
1516049
1501052
1478417
1503684
1506390
1513623
1494751
1516202
1503296
1508131
1501656
1502626
1487060
1510956
1497859
1497990
1489909
1520920
1514877
1500525
1500921
1489035
1517255
1501447
1506341
1494690
1493924
1502930
1519313
1494907
1512442
1500342
1512976
1503245
1485498
1511211
1502283
1491777
1486358
1503738
1498168
1499776
1510892
1497942
1505457
1501187
1500507
1506550
1509490
1517616
1507633
1506363
1509491
1491556
1515709
1501817
1472999
1507872
1490807
1497633
1490938
1476865
1493612
1506176
1491163
1497296
1496307
1525674
1507346
1508450
1494019
1507308
1512160
1474236
1503493
1486517
1492666
1497365
1511610
1492399
1515837
1488115
1492709
1497985
1513897
1493682
1523229
1513831
1489079
1490454
1496561
1514155
1516700
1519846
1505615
1499222
1510028
1492826
1487652
1514118
1476621
1497234
1503701
1526639
1487332
1500697
1519038
1508362
1492896
1507050
1499843
1503495
1484299
1496598
1514137
1495844
1473228
1515506
1498659
1511503
1473140
1490023
1503272
1496884
1510894
1537682
1473483
1479892
1482017
1508343
1501862
1493866
1494838
1505490
1488324
1509890
1498667
1513153
1515552
1496797
1489433
1497220
1484544
1524114
1506481
1487773
1499739
1476686
1492283
1521817
1504484
1506820
1502576
1510480
1496250
1492911
1502606
1492079
1519011
1521058
1514163
1500316
1495828
1505079
1504700
1504255
1503098
1518161
1508105
1518759
1499241
1510871
1474438
1485887
1494416
1501702
1497782
1497036
1486951
1495533
1490639
1515961
1522974
1508600
1506195
1480165
1471681
1487532
1522598
1492710
1499985
1498784
1490357
1492121
1505429
1529506
1509122
1496192
1512113
1498265
1497637
1482058
1520455
1509995
1501599
1487423
1491454
1512528
1513315
1480682
1492274
1507289
1499757
1497034
1484467
1501944
1498658
1506393
1481558
1494992
1497134
1507858
1505998
1500309
1467154
1486513
1476785
1501545
1502264
1491585
1500512
1486249
1528483
1480286
1488464
1512223
1518669
1495830
1507248
1492007
1511455
1517777
1507164
1491981
1513470
1485985
1483446
1507417
1515247
1490825
1488310
1480523
1505454
1474608
1506248
1505731
1508241
1497878
1496378
1492116
1497803
1481478
1508266
1513394
1497792
1474986
1501040
1494246
1502359
1492473
1500744
1497394
1490878
1486236
1508123
1489842
1495436
1503381
1517904
1496474
1507472
1515600
1495841
1490694
1500546
1511970
1481274
1502505
1496737
1508913
1498177
1498260
1509654
1489209
1530091
1498620
1502687
1494291
1492618
1512881
1506330
1501726
1489138
1506136
1503700
1502661
1499637
1479210
1516920
1485153
1501716
1499760
1513310
1502681
1479524
1491402
1510225
1501519
1501314
1510279
1525582
1508751
1493294
1478140
1507503
1490176
1491853
1479241
1500613
1507280
1499067
1495896
1486344
1490656
1502023
1472234
1496443
1510910
1491869
1502837
1503506
1507780
1485083
1491680
1512619
1490130
1502995
1491644
1506487
1496875
1492515
1504674
1512818
1493268
1471165
1501856
1522988
1493768
1509748
1498585
1490429
1497947
1521044
1485440
1497955
1494632
1510786
1489587
1496363
1517425
1538721
1507091
1495977
1501108
1495053
1508106
1479841
1494757
1515142
1502878
1515988
1501120
1502333
1499937
1501386
1478711
1509717
1488815
1508926
1503369
1499334
1514664
1499975
1504084
1503526
1505200
1510167
1521441
1499290
1506486
1491952
1484457
1498714
1507122
1495350
1479957
1526445
1482794
1489950
1505117
1486741
1511725
1484868
1526441
1503524
1522507
1501821
1501660
1500026
1488802
1484235
1521800
1497571
1480547
1503088
1503639
1510971
1513635
1501889
1498571
1501450
1499156
1502345
1488427
1500591
1493992
1513348
1492322
1498951
1512130
1506704
1495907
1483558
1505923
1519300
1498860
1493795
1489265
1509204
1492834
1494536
1507540
1480581
1504736
1478775
1496246
1506472
1502683
1486269
1491431
1509157
1480805
1509401
1521897
1502079
1485092
1490314
1501571
1519062
1494245
1509091
1505794
1473706
1506771
1478146
1486767
1514255
1479140
1494985
1504492
1492131
1506686
1486712
1515905
1508695
1490079
1483875
1509158
1508233
1500199
1503681
1508148
1467353
1512394
1493783
1507803
1503663
1493758
1496398
1501331
1508611
1497622
1498595
1497786
1487287
1485674
1508212
1513959
1509007
1491661
1497916
1503894
1520173
1496854
1509627
1497346
1514014
1523714
1501274
1474123
1518025
1506932
1506683
1492417
1491587
1513063
1504430
1496517
1508291
1501761
1504150
1501985
1464377
1496560
1492012
1499620
1512633
1492724
1502328
1485098
1507564
1488068
1469482
1475218
1484284
1512706
1497116
1497550
1508857
1503679
1483513
1476065
1518919
1495716
1504643
1512142
1499151
1499507
1505844
1497949
1487695
1509708
1494571
1522641
1491517
1501594
1492346
1519131
1507754
1497076
1520463
1492128
1509522
1505440
1518104
1492613
1498303
1493503
1485055
1481795
1504727
1514247
1496704
1517476
1491559
1508699
1475081
1497080
1500319
1503475
1498325
1508567
1515655
1467342
1498405
1530074
1505008
1515085
1500075
1504082
1498494
1503144
1498756
1489908
1497389
1501084
1492500
1497185
1507276
1507779
1490531
1500947
1528110
1497173
1504326
1525799
1510886
1477599
1496939
1503082
1512065
1498762
1510553
1515210
1495759
1494206
1497765
1494567
1483718
1507592
1487296
1480195
1499267
1493170
1509117
1524690
1515911
1497488
1526476
1493077
1514850
1505392
1509188
1507211
1493392
1483736
1512217
1493539
1485901
1488874
1506590
1509830
1476682
1487031
1494344
1536768
1514987
1526579
1485878
1482784
1506402
1510621
1520882
1480148
1476181
1506025
1508152
1503906
1504980
1508776
1497063
1467393
1522186
1508623
1483982
1506564
1503022
1533196
1489231
1522077
1488261
1516561
1491744
1495132
1488043
1521176
1484120
1507282
1499832
1492452
1510159
1510071
1515378
1501041
1483817
1502080
1481529
1491390
1508860
1513337
1482002
1496761
1484732
1500237
1499811
1484479
1492409
1485813
1515444
1492789
1508458
1490080
1486009
1484812
1474505
1496808
1508493
1497041
1513278
1473646
1489580
1514937
1512744
1491581
1498932
1509247
1508190
1505483
1487557
1498183
1509981
1500580
1501161
1489942
1491527
1494653
1516024
1493270
1516412
1494020
1481131
1483159
1496798
1521150
1517199
1495490
1484647
1498371
1514243
1504107
1492120
1513110
1484607
1493604
1505374
1477046
1480078
1485799
1507484
1481157
1495992
1502799
1482953
1507171
1492095
1511004
1490579
1495022
1498012
1505245
1518236
1481638
1503875
1490495
1487007
1503711
1506946
1497184
1497303
1476479
1530994
1495364
1509723
1487415
1513014
1500241
1486208
1493730
1492753
1481027
1504916
1506641
1486702
1502195
1485267
1510224
1511964
1501433
1495224
1495712
1496256
1489764
1489142
1515322
1482073
1476241
1542380
1514488
1483755
1488284
1493074
1483854
1513518
1501809
1480663
1470994
1509165
1505832
1516046
1486415
1481099
1505749
1511060
1468827
1501947
1502357
1500468
1517670
1519930
1501121
1497671
1508517
1489076
1506073
1513045
1502748
1513522
1506672
1515860
1489966
1491387
1510363
1512746
1494051
1502315
1493197
1504496
1520941
1466171
1492931
1494464
1489767
1492582
1489807
1515896
1502961
1501530
1516942
1496480
1504960
1512225
1536807
1519475
1497471
1499361
1507431
1506093
1490746
1507996
1507193
1504355
1493441
1495760
1503992
1496247
1490773
1499264
1499444
1492468
1506372
1506310
1512536
1476752
1496409
1487632
1500346
1489671
1509084
1510630
1490106
1503267
1489071
1489866
1515160
1480481
1525724
1509713
1507374
1491185
1500995
1511431
1522044
1510653
1497226
1514076
1497581
1499864
1494227
1482509
1485312
1501045
1512783
1501914
1507877
1486855
1497802
1498948
1508204
1487078
1481162
1482229
1492493
1498866
1512270
1505612
1487728
1495917
1490253
1480291
1492835
1501283
1492382
1498435
1483389
1467280
1499814
1504773
1501204
1507973
1500473
1519697
1499511
1493241
1494307
1503300
1519771
1505957
1494935
1515262
1475571
1496272
1483434
1480632
1481495
1512912
1493766
1516521
1480880
1496266
1497862
1482342
1500174
1499017
1509128
1503879
1482238
1513146
1506222
1521303
1494427
1493933
1489824
1504679
1489098
1500883
1500363
1508785
1496882
1508002
1501984
1501706
1506501
1484289
1481510
1516720
1487473
1522603
1492269
1485810
1472703
1509125
1501588
1507326
1476656
1520780
1498613
1492137
1495979
1482915
1510955
1509543
1497202
1489230
1489551
1482742
1496570
1487592
1496294
1495076
1501836
1505841
1486060
1479490
1496651
1494319
1497994
1506124
1493130
1482213
1501686
1510557
1501789
1491553
1482280
1499337
1498605
1501585
1501880
1489441
1517311
1504097
1518296
1520655
1515321
1511713
1503420
1514617
1493987
1487925
1518637
1495491
1501270
1478652
1495135
1503067
1493381
1516828
1510166
1495773
1498872
1513351
1488042
1494732
1504849
1497902
1507256
1503361
1503468
1490716
1495666
1494685
1506081
1500127
1505178
1498820
1490983
1481920
1508305
1497028
1510917
1512526
1497158
1485472
1499054
1489030
1478364
1523043
1508400
1519824
1492850
1514577
1497666
1496389
1506654
1493958
1504196
1505449
1493271
1486466
1490483
1506685
1506897
1515622
1475705
1488667
1490917
1501832
1510230
1514632
1496383
1509927
1502298
1504374
1487864
1506734
1502666
1503604
1517934
1503453
1499277
1521496
1508392
1501428
1492621
1499344
1503919
1499991
1507890
1516556
1505017
1502044
1512252
1496049
1513609
1489073
1495117
1496019
1510803
1495281
1507917
1511104
1501959
1502366
1509959
1511298
1512518
1487914
1490646
1511759
1507832
1496542
1515774
1495254
1524810
1481106
1496809
1503233
1493877
1508553
1500783
1500281
1514801
1500299
1495632
1488273
1481781
1498915
1516329
1478584
1507301
1506385
1503432
1510564
1500122
1510286
1519151
1499388
1486213
1524553
1496887
1497870
1509411
1516707
1490632
1500201
1504542
1508839
1505571
1522780
1490424
1496534
1520407
1483138
1489223
1499141
1468273
1502308
1526672
1509907
1489200
1510586
1500893
1514483
1500464
1499779
1503122
1489708
1497318
1532065
1490081
1491964
1499787
1528348
1521064
1508026
1499376
1479823
1492929
1504990
1493485
1503828
1508436
1482153
1515558
1500543
1490710
1497392
1482484
1509281
1496705
1493165
1501137
1500254
1501363
1499466
1515461
1511658
1522854
1503026
1489611
1516087
1505341
1503562
1491007
1486135
1495021
1520768
1485277
1513377
1509674
1503557
1490307
1499139
1476016
1497078
1497310
1475979
1493772
1486683
1508698
1495740
1491778
1497958
1490768
1516922
1524773
1506578
1484419
1528681
1494100
1487273
1502163
1487469
1505686
1496021
1490504
1498159
1515493
1489795
1498378
1508339
1502913
1497349
1487640
1498664
1506987
1508140
1515054
1493686
1508512
1491595
1517543
1511368
1487320
1486984
1505685
1504616
1491714
1519057
1488232
1505291
1506052
1497964
1508221
1489858
1490896
1524749
1511910
1505843
1480908
1471291
1500552
1507361
1502246
1525648
1490562
1505978
1525144
1499934
1498076
1513408
1486765
1488606
1472313
1492395
1501794
1496277
1488975
1483350
1508155
1512251
1514407
1510648
1533561
1493873
1506101
1494709
1498434
1485787
1501733
1465258
1485135
1478868
1514798
1490096
1504609
1507584
1501205
1497512
1494898
1483971
1473592
1501302
1512471
1524685
1486010
1498859
1491055
1504789
1507018
1481572
1497190
1502843
1484551
1498490
1482463
1509280
1499897
1487778
1517126
1506022
1497628
1506278
1490581
1488164
1509071
1512993
1495936
1512964
1475973
1475927
1502603
1510360
1493770
1484824
1505470
1488350
1491793
1490442
1523470
1513568
1484383
1499473
1499226
1490009
1502607
1498406
1503653
1493522
1495285
1487863
1483743
1490609
1503433
1512239
1497462
1500584
1517433
1504048
1493887
1518865
1493043
1499033
1502624
1486077
1504151
1501250
1513863
1487455
1506625
1496583
1486189
1500421
1510878
1498690
1516703
1496942
1493869
1474432
1520929
1481501
1496337
1496072
1481363
1523911
1497115
1489153
1505261
1498855
1514762
1518076
1499159
1506490
1500931
1507702
1508944
1487980
1510025
1486315
1497527
1484003
1490400
1488469
1506482
1506867
1491634
1488265
1508234
1488691
1520956
1518164
1498668
1492989
1513561
1480367
1501079
1503642
1513584
1490870
1494671
1489384
1515424
1499419
1493951
1502494
1495816
1488635
1496011
1484056
1491136
1496841
1523682
1497572
1496906
1503364
1500203
1510987
1497620
1493400
1480463
1506135
1493011
1491905
1507929
1493267
1487181
1520046
1516921
1500628
1502190
1511337
1496360
1512031
1494193
1487125
1512604
1505106
1498296
1516195
1501740
1500155
1494773
1492699
1511608
1507680
1473894
1485345
1510541
1511600
1497969
1498717
1487879
1473182
1480009
1510122
1485216
1499394
1503425
1488492
1504932
1523171
1503473
1492231
1505285
1485006
1509494
1506112
1506395
1501531
1501853
1497610
1496514
1481842
1500975
1484826
1498192
1490402
1534088
1496969
1503449
1488868
1491052
1495395
1471618
1498502
1506669
1492810
1496278
1470545
1484980
1495425
1506439
1536915
1514090
1503669
1502145
1503413
1497673
1521771
1512972
1488636
1507943
1512625
1492533
1493108
1489647
1503288
1509287
1510144
1504691
1498160
1488990
1488992
1486750
1498412
1519628
1497495
1518452
1485818
1497090
1508501
1515037
1535980
1499825
1485132
1519372
1514334
1483192
1492965
1514267
1500272
1486633
1494758
1502438
1501174
1491960
1494272
1495209
1520490
1492158
1493825
1517753
1503881
1508334
1501449
1507362
1486865
1513438
1504261
1481087
1500793
1479725
1488287
1513331
1503429
1515235
1501848
1497195
1469561
1507432
1501278
1486526
1488424
1494443
1477667
1512189
1505464
1487179
1490413
1514766
1514729
1507627
1474808
1508330
1505150
1506109
1488177
1486124
1484957
1507771
1528352
1500709
1507873
1482783
1491717
1499265
1503383
1519454
1484187
1487845
1481486
1499696
1490634
1522069
1498093
1493943
1491285
1501633
1483855
1498193
1517942
1518764
1505617
1509771
1506219
1491637
1500605
1503074
1488914
1502433
1523190
1485926
1506577
1478622
1504403
1497844
1514639
1516583
1502348
1489849
1519758
1504375
1479779
1509720
1482858
1499639
1495586
1484781
1494145
1491599
1491941
1475057
1518015
1490726
1491512
1514958
1493178
1506476
1502697
1501949
1467373
1508217
1469887
1491389
1503045
1507953
1516128
1460338
1512549
1490451
1505726
1489125
1495020
1501887
1507887
1495807
1497435
1489974
1511676
1519977
1515608
1501262
1489884
1502183
1507614
1502962
1509105
1515984
1482033
1479734
1508168
1502429
1489028
1510905
1503170
1490585
1490140
1514504
1485005
1490793
1503373
1500776
1501508
1511619
1491938
1488107
1482109
1501937
1460805
1491430
1471542
1498909
1494024
1498835
1492167
1524487
1512308
1511858
1471075
1517231
1499035
1521230
1505601
1507631
1496883
1528927
1480599
1503610
1513299
1500562
1497982
1510449
1485794
1488320
1502017
1500164
1493973
1515187
1484720
1494281
1498992
1485515
1497921
1471942
1501011
1478790
1497754
1499295
1490689
1497854
1502038
1484642
1517115
1496918
1488456
1510937
1507267
1505681
1501127
1504061
1511081
1484087
1490210
1489465
1505256
1495711
1483542
1508028
1492768
1496963
1499941
1499758
1481909
1487494
1489330
1501034
1503983
1499410
1494377
1511549
1510211
1499650
1503541
1490097
1493413
1517602
1496397
1467450
1486684
1511547
1526004
1500211
1499889
1498356
1508065
1496313
1507434
1477651
1489816
1511272
1486114
1477982
1501967
1488614
1490960
1508621
1502640
1507172
1473509
1481650
1499335
1501690
1490679
1494474
1504259
1508886
1477165
1509470
1519881
1485921
1500439
1506170
1484562
1494871
1510054
1507980
1487059
1495408
1495000
1478246
1510015
1512234
1507758
1508835
1478907
1490936
1480893
1509360
1493287
1506433
1502746
1510989
1504825
1486656
1481293
1528907
1509820
1475479
1489234
1498871
1520814
1501232
1492459
1485614
1500900
1481368
1480329
1506903
1490266
1493265
1502089
1515163
1487247
1513330
1487588
1501033
1505149
1512298
1487694
1490614
1517880
1490850
1496630
1493669
1496369
1498520
1503348
1478997
1496528
1499640
1476020
1526789
1523004
1489621
1510379
1493117
1516194
1519099
1507208
1466796
1506039
1518141
1507275
1493944
1497601
1508356
1509975
1496548
1492106
1502248
1513209
1507131
1519204
1512036
1507714
1490120
1510367
1502951
1479857
1514888
1500846
1483543
1499204
1484895
1510902
1494772
1515293
1511185
1484593
1505160
1517729
1514150
1512476
1476298
1485527
1480068
1504339
1494868
1499254
1493386
1523750
1484932
1513386
1497948
1514680
1503725
1480389
1497932
1505549
1502833
1523853
1488750
1507184
1480257
1504357
1481761
1503172
1480820
1508763
1495291
1496295
1492354
1489778
1492433
1503915
1504877
1512662
1516430
1517150
1485443
1511094
1502765
1478457
1485685
1492013
1501833
1478835
1493157
1499206
1486146
1489863
1491244
1474854
1496913
1495372
1509568
1512767
1502806
1487198
1489464
1512545
1486753
1493027
1509442
1504526
1521208
1486041
1498165
1505486
1499916
1509791
1518416
1494996
1505264
1495398
1499312
1496066
1508277
1498025
1518593
1519384
1497954
1505798
1495302
1475614
1515079
1507364
1503704
1499750
1472166
1501277
1505104
1511372
1513502
1504892
1497030
1499227
1504663
1481154
1477119
1510726
1504744
1511336
1486495
1499540
1480591
1504630
1515691
1513645
1504711
1501842
1499518
1495715
1517621
1498894
1506952
1511620
1504587
1488168
1515554
1490433
1509515
1493574
1514261
1512455
1505343
1466585
1525687
1492708
1493614
1486980
1517949
1479998
1499354
1509877
1501243
1504749
1481989
1483315
1497604
1509028
1494286
1498275
1485936
1520622
1478882
1497624
1504311
1519818
1506060
1497001
1497738
1475210
1495981
1491104
1503341
1484428
1503081
1496065
1498537
1503041
1490172
1513404
1507224
1498034
1508159
1483190
1479529
1507219
1493622
1502503
1489995
1521966
1486892
1495495
1494050
1507546
1508109
1491301
1521781
1486647
1500647
1491224
1511613
1477911
1510235
1517830
1496324
1534805
1506168
1485553
1498836
1504273
1495949
1498878
1480275
1504886
1510763
1485111
1511112
1511190
1502197
1494790
1520746
1475271
1478870
1485731
1475823
1505029
1515008
1488566
1491713
1493401
1484196
1514333
1504286
1531688
1504401
1510490
1497142
1509254
1503744
1486706
1487452
1502562
1516981
1506851
1518363
1509038
1508418
1501087
1503613
1516393
1514772
1496067
1511180
1481305
1512500
1507065
1504813
1490110
1509683
1495746
1502188
1504460
1513457
1490001
1479544
1514101
1500855
1497744
1512825
1502756
1524336
1513603
1502612
1492238
1512356
1514920
1496447
1505125
1494434
1487861
1490164
1481587
1500454
1518259
1499399
1492874
1505533
1501230
1489007
1511006
1513004
1482914
1509585
1507370
1507984
1494004
1518023
1503156
1504172
1486629
1484216
1484922
1493981
1513566
1517923
1508899
1480597
1507718
1499445
1512591
1522390
1489892
1509996
1484983
1498972
1495848
1507820
1502956
1500499
1502679
1488176
1489121
1494484
1497651
1500430
1509885
1492426
1498933
1503771
1507081
1484207
1500627
1500906
1508043
1501923
1504518
1488148
1491709
1507342
1514489
1496155
1503485
1500800
1501689
1507231
1491728
1516201
1521589
1515313
1493871
1487180
1514575
1521200
1494222
1493683
1478803
1490230
1504878
1487454
1491184
1504517
1504756
1516261
1494804
1497777
1486520
1502132
1506191
1505476
1515521
1500898
1496549
1486675
1507465
1491094
1492184
1503209
1509629
1492287
1503471
1492415
1496163
1504246
1500079
1507336
1514079
1504435
1481939
1506830
1477146
1503464
1490718
1526827
1483551
1499808
1503091
1498624
1478572
1511507
1482174
1503271
1501477
1511348
1519365
1517103
1512638
1471124
1482413
1510698
1488898
1497014
1489932
1480446
1530188
1506872
1512131
1494684
1516088
1521872
1508264
1509990
1499710
1513151
1476662
1483599
1527024
1509318
1494903
1511961
1511688
1504528
1499888
1515398
1489722
1488843
1483098
1526838
1517000
1483926
1522436
1507150
1514318
1493910
1525353
1519282
1485551
1500755
1485231
1514447
1505705
1522799
1499179
1510019
1489466
1481592
1502474
1499126
1480974
1519929
1504171
1489008
1504673
1504037
1500403
1494174
1512292
1509146
1519417
1485670
1499071
1509022
1495461
1499439
1495253
1495152
1480764
1491091
1477551
1502518
1492616
1499125
1515869
1497740
1510611
1502824
1513134
1501421
1531295
1494643
1490263
1515591
1507052
1514229
1512594
1494439
1486139
1500631
1491752
1502994
1493368
1500963
1504470
1490138
1502441
1501281
1485046
1490338
1502052
1520951
1492055
1474977
1490616
1502447
1519307
1496044
1505822
1482666
1514914
1478109
1508078
1482221
1506656
1495566
1478603
1525598
1489176
1509908
1497961
1498947
1502928
1487732
1507596
1510691
1484618
1501931
1509427
1508930
1474796
1495403
1509073
1502845
1518303
1486062
1507169
1473581
1499325
1488867
1505676
1498892
1503152
1514558
1504950
1489664
1488519
1493989
1506831
1504245
1507677
1488865
1500042
1505057
1500535
1499862
1494305
1478759
1517350
1515794
1521149
1511692
1516466
1502500
1513332
1489972
1474230
1504347
1498953
1513714
1503976
1504199
1485974
1497397
1503884
1505569
1503289
1509374
1486169
1487074
1502958
1507034
1502435
1486492
1519814
1530325
1491920
1493020
1501768
1467175
1511087
1488674
1488649
1497388
1478318
1503827
1512110
1498962
1506159
1478818
1487677
1515339
1497576
1510729
1502260
1499702
1503143
1491722
1501022
1507031
1500644
1508531
1487514
1519466
1491053
1477332
1488736
1478721
1506842
1504076
1513195
1504429
1500379
1462585
1504420
1519562
1504118
1510291
1494478
1495342
1506812
1505477
1485965
1512247
1515107
1509839
1474673
1496010
1500561
1508870
1492780
1482343
1477871
1503055
1527535
1488465
1506760
1522222
1507533
1506493
1500686
1503332
1496375
1486454
1490218
1493479
1482594
1491351
1521277
1508444
1513638
1496450
1493475
1497149
1496734
1493350
1494541
1493039
1493101
1492315
1478438
1509413
1477708
1489729
1496551
1515176
1514225
1473136
1502585
1511442
1523135
1524680
1501894
1502068
1529431
1490366
1500258
1495044
1497051
1493945
1500495
1496606
1518457
1517852
1483284
1473371
1494975
1509783
1494260
1493810
1507340
1505509
1496519
1514413
1496645
1477963
1493672
1516680
1509903
1503016
1487129
1489347
1476807
1478484
1501962
1491043
1499245
1498472
1496723
1497356
1518312
1492682
1496767
1507911
1491252
1485784
1531719
1497751
1482523
1489273
1487164
1513225
1519409
1508095
1475016
1478062
1505380
1496006
1499633
1504871
1513494
1509898
1500818
1483143
1501553
1493414
1494034
1509456
1487433
1509095
1502318
1487957
1499177
1492670
1494190
1496078
1494285
1495599
1504929
1482512
1488727
1504758
1501629
1513849
1499492
1497324
1514536
1479702
1516121
1498529
1499130
1499967
1513128
1525175
1516318
1491611
1488823
1485781
1482042
1506838
1490252
1491670
1474719
1502973
1481060
1506902
1496863
1508961
1525703
1495813
1504974
1527827
1510703
1495100
1509716
1507994
1517878
1502892
1486423
1503911
1503141
1502289
1508160
1498785
1490398
1494645
1491765
1514502
1510566
1508828
1496954
1503522
1486661
1516555
1507316
1472450
1507812
1509575
1498198
1520671
1492372
1521638
1504318
1511679
1510109
1499870
1496555
1510091
1520191
1495136
1514112
1501710
1497396
1500997
1493369
1490460
1493668
1484713
1503326
1503417
1505856
1499668
1495511
1489370
1494900
1468224
1508903
1510875
1515652
1493439
1507327
1485021
1500085
1524619
1488699
1500826
1502793
1506066
1490559
1474092
1504519
1497031
1486217
1492018
1492045
1522388
1494743
1487166
1510434
1490620
1520859
1498853
1473787
1502170
1506565
1507936
1499976
1512478
1469135
1498320
1506949
1510470
1490264
1514059
1494668
1496897
1499092
1483703
1503751
1502836
1488597
1507242
1497830
1499966
1493072
1488281
1509420
1490695
1488916
1515326
1494513
1470887
1499969
1509045
1517695
1478912
1511849
1497064
1498569
1499243
1489889
1497528
1497322
1507468
1492976
1483111
1501247
1511177
1515685
1499863
1513756
1498452
1499717
1503809
1495679
1491008
1485517
1496033
1504855
1506592
1502176
1502326
1507116
1511415
1486147
1513072
1504738
1469047
1481480
1506301
1506527
1510293
1502639
1483773
1486113
1507205
1478689
1510914
1493703
1495976
1500283
1496162
1494129
1491172
1512197
1499328
1503871
1502473
1514854
1491322
1513308
1501989
1491831
1492109
1488305
1488260
1483516
1493674
1494437
1521136
1484405
1489171
1470014
1497892
1505255
1485659
1511424
1493438
1505299
1522631
1500043
1476347
1486717
1494065
1517730
1505107
1511962
1497698
1501384
1505116
1506765
1472363
1494178
1487066
1510113
1496934
1502353
1508059
1496801
1495406
1466924
1510733
1498359
1487492
1498063
1496805
1501885
1518884
1512563
1489307
1505948
1505604
1512866
1509370
1522659
1493626
1514713
1512046
1506228
1488826
1509517
1506008
1490984
1506826
1496902
1520950
1506965
1493221
1504425
1491221
1498355
1503089
1523057
1494865
1503179
1494933
1489189
1479982
1507587
1490663
1518054
1475669
1504752
1499613
1508626
1520320
1490083
1494966
1510610
1484908
1490102
1505904
1518317
1498156
1491699
1507029
1497359
1504445
1510472
1492304
1518672
1493595
1522660
1501701
1510660
1504149
1505667
1476306
1506343
1494251
1487175
1498881
1494308
1509638
1523739
1499362
1495869
1499389
1493376
1484809
1509608
1525160
1494347
1528565
1493484
1487910
1515787
1517332
1496857
1511649
1502297
1492912
1501085
1487037
1500023
1487513
1500146
1500945
1495959
1478283
1506520
1508858
1508880
1488679
1511985
1507661
1487291
1508186
1501741
1493509
1478658
1506461
1499691
1506525
1484800
1492310
1509175
1509416
1511331
1508682
1486601
1501430
1501038
1513318
1518633
1512772
1506251
1517799
1497848
1502991
1510007
1502476
1493632
1489710
1481888
1490837
1502751
1491157
1504381
1496154
1495571
1508864
1506479
1476459
1475269
1476878
1485615
1495362
1500474
1496769
1527038
1492615
1496438
1487441
1486044
1501921
1495774
1504924
1484570
1496682
1505637
1510930
1492532
1499592
1503515
1486307
1493586
1511318
1503702
1489296
1482685
1502487
1503566
1517719
1509459
1490631
1484083
1498395
1496003
1495855
1487851
1489394
1499549
1502395
1491261
1479051
1512060
1513415
1483994
1510012
1517110
1510368
1523946
1480623
1522374
1518670
1486618
1508259
1501145
1499632
1487365
1510896
1499840
1513722
1507244
1509548
1493579
1509838
1504689
1510632
1502906
1497662
1493789
1476454
1510728
1491432
1509587
1485439
1513020
1490784
1526148
1513068
1484688
1505347
1504289
1507512
1504731
1512865
1515375
1488126
1461451
1495045
1515426
1511852
1505892
1483546
1493099
1497246
1495396
1497893
1504548
1491396
1499800
1494618
1517946
1519071
1495947
1489539
1509428
1501074
1516180
1489685
1498986
1501381
1500472
1488267
1500882
1490370
1489800
1485396
1496288
1494808
1480060
1486018
1497654
1496643
1515719
1517129
1510796
1479371
1517572
1493499
1513168
1489244
1512503
1494001
1505643
1489930
1519289
1497244
1511249
1524996
1488851
1499761
1499869
1489596
1506515
1516540
1495613
1469755
1481303
1501414
1486924
1501639
1484295
1491107
1526642
1503804
1493307
1505044
1494008
1503815
1510251
1510339
1488544
1501271
1493917
1464119
1498710
1483541
1506140
1526409
1489656
1526380
1514434
1484959
1481955
1488351
1512107
1489994
1485448
1509446
1494479
1496553
1492164
1510246
1492359
1514732
1479193
1484704
1499200
1504368
1487837
1514370
1503991
1501132
1506355
1496745
1502135
1499224
1508081
1482168
1482093
1507077
1482755
1525998
1492843
1515920
1504219
1502941
1512416
1510331
1495818
1492932
1479212
1516164
1504437
1508615
1502236
1510009
1490889
1501275
1496747
1507898
1499983
1499741
1491562
1509112
1497364
1492751
1514005
1495594
1490165
1513633
1524824
1483644
1516976
1512245
1508831
1500135
1511454
1512834
1515571
1492739
1496312
1482108
1481682
1496374
1514409
1477499
1504796
1497630
1510823
1523931
1499852
1504772
1515098
1493658
1507662
1494323
1484212
1490094
1506014
1489875
1496627
1482807
1493994
1494818
1494735
1489416
1525193
1482268
1506037
1491510
1534523
1501287
1500563
1494177
1510578
1497385
1513043
1497774
1522742
1481361
1491630
1497000
1512623
1481160
1488554
1494389
1512905
1492806
1505619
1495462
1483156
1531760
1503903
1495739
1502114
1503603
1502932
1513761
1512707
1509761
1521521
1495479
1481342
1509169
1502189
1482491
1505724
1509294
1503528
1489166
1502060
1501872
1499734
1502582
1511229
1491850
1484449
1506915
1481902
1486738
1506843
1511689
1493384
1510798
1499890
1474426
1508736
1487088
1514016
1488014
1490824
1484803
1512819
1481163
1514569
1500153
1517986
1508925
1500120
1514329
1496024
1507668
1475309
1504546
1488404
1496577
1483032
1471466
1509495
1500352
1512860
1495669
1487406
1500029
1479276
1482872
1507865
1483566
1507153
1522881
1501214
1498779
1498619
1489978
1502245
1497283
1516771
1493491
1476416
1490289
1507537
1498739
1494423
1489245
1487286
1494588
1496218
1515586
1507563
1506681
1474644
1500607
1496791
1502466
1483401
1510889
1515298
1487510
1502083
1506766
1474460
1490384
1490954
1495034
1501032
1499076
1478760
1500672
1473773
1497966
1486801
1518475
1489717
1500236
1518180
1500170
1492856
1504705
1502543
1497266
1481147
1493255
1482407
1490858
1490818
1502084
1500133
1497657
1494714
1509467
1506519
1469808
1469539
1488689
1509618
1498377
1493399
1500713
1490021
1486875
1493200
1486033
1474996
1507238
1497935
1491458
1503092
1508270
1490618
1506994
1503950
1503514
1510486
1511346
1517808
1484490
1505890
1489510
1483672
1500070
1513258
1486730
1495963
1502184
1499949
1513385
1510802
1503732
1506484
1506931
1471790
1482559
1504155
1504928
1517036
1496941
1494625
1499214
1502458
1502988
1486747
1524385
1517369
1491931
1500618
1496015
1510523
1506207
1495352
1513971
1479860
1479519
1521048
1501778
1488572
1510315
1478533
1507075
1486814
1496819
1502610
1493838
1515468
1499428
1494080
1492996
1468625
1490403
1515696
1483723
1502226
1481631
1491427
1489191
1489065
1502339
1497166
1521285
1492991
1500802
1489168
1489167
1485714
1502814
1499821
1499081
1504829
1488049
1506922
1499698
1495753
1502288
1509769
1501094
1478389
1515076
1485949
1495169
1522384
1510228
1508431
1508192
1518139
1491099
1489305
1495453
1504703
1523240
1504321
1509851
1520419
1490783
1490809
1502393
1522146
1490925
1510147
1490993
1521038
1509486
1503866
1486905
1488612
1483998
1508639
1506938
1524397
1493883
1490582
1491678
1517429
1513595
1481278
1495078
1487417
1518924
1503401
1510411
1493261
1508287
1491355
1510244
1492722
1469072
1489694
1490052
1501483
1497606
1490055
1516849
1514326
1469781
1490536
1487611
1492853
1496222
1499581
1498127
1515547
1493515
1502944
1484416
1515408
1499158
1490904
1499877
1464953
1489668
1514244
1498614
1493168
1502101
1481785
1502247
1517153
1486842
1505294
1510780
1521477
1493236
1500905
1500981
1519009
1489213
1520012
1519486
1486723
1489154
1503282
1506314
1501140
1504100
1491639
1502009
1508526
1505195
1478226
1503985
1494184
1492513
1494942
1476948
1505542
1512146
1516762
1487589
1516362
1510312
1511396
1513007
1506657
1504782
1487801
1500219
1499910
1510073
1521909
1503316
1499413
1491689
1489848
1493898
1490293
1479295
1488393
1497193
1514670
1514736
1505761
1522717
1501158
1502051
1487374
1503529
1462997
1499434
1508467
1511712
1522397
1490546
1494540
1497395
1504239
1493791
1503746
1485751
1512355
1515641
1516215
1519554
1489324
1509302
1503633
1503555
1491201
1516737
1497908
1501681
1517466
1476733
1494957
1514435
1494534
1483052
1528015
1515646
1504137
1497417
1502442
1516777
1495244
1497253
1502382
1483622
1498298
1511485
1504232
1486826
1501346
1486381
1492327
1512631
1490091
1503010
1511254
1492005
1515574
1505955
1508686
1500925
1502948
1527626
1482379
1477682
1505725
1498189
1519363
1501759
1475087
1497240
1502121
1477838
1512562
1506531
1506265
1497259
1484926
1522501
1521455
1499572
1516755
1505778
1484927
1504396
1523022
1479964
1514105
1508987
1492815
1479006
1511518
1510266
1504455
1492602
1493367
1494644
1524902
1498890
1491161
1491951
1477417
1497293
1482233
1496795
1485605
1505967
1486473
1508255
1498521
1487383
1512770
1497101
1504041
1511324
1486293
1505570
1501981
1512305
1501900
1511995
1477300
1497446
1504417
1512596
1507502
1514444
1498197
1510250
1491149
1508164
1488730
1499589
1497643
1511096
1494351
1503035
1490962
1490059
1506424
1512173
1491026
1492148
1513516
1511621
1498491
1489831
1489483
1480760
1504649
1489261
1491772
1490842
1505845
1508721
1488716
1497780
1486563
1502862
1507461
1483309
1493428
1498456
1525092
1504303
1504668
1508486
1498326
1498573
1517919
1512946
1504220
1464042
1498734
1467786
1489190
1503918
1518752
1487418
1524293
1483857
1517411
1503788
1506754
1493361
1498229
1520290
1525024
1495819
1532204
1529145
1517171
1509172
1519598
1501003
1507721
1511560
1494944
1514069
1479505
1497980
1484371
1507586
1492700
1491737
1472894
1517426
1526141
1520734
1502724
1513393
1499196
1472013
1498209
1517482
1522058
1498087
1518575
1511694
1514711
1487328
1497737
1503320
1507069
1509100
1519480
1507221
1501317
1523893
1490754
1496594
1491974
1496017
1506458
1506719
1488620
1503043
1497711
1515947
1492785
1488064
1514508
1516880
1516881
1529156
1482751
1494620
1505706
1499606
1512348
1497107
1482155
1488784
1494548
1485357
1490908
1519896
1519744
1511044
1512953
1498742
1480497
1491676
1510890
1508997
1520435
1499260
1499390
1493952
1498959
1504161
1520204
1503870
1503628
1508076
1488204
1485120
1517983
1505722
1504272
1512780
1482436
1501062
1504651
1478611
1492559
1514819
1473387
1489961
1514643
1499131
1533374
1513283
1508171
1496860
1486068
1522192
1494229
1483005
1522936
1511155
1481934
1491135
1473625
1487802
1496075
1501229
1511358
1479701
1472047
1479938
1514924
1510957
1508387
1486614
1501834
1518914
1495683
1485289
1511931
1493512
1483359
1506174
1496777
1516551
1517699
1506930
1495255
1511856
1496096
1522610
1495749
1494162
1481247
1505075
1478617
1517689
1510044
1491657
1505186
1491662
1516549
1506137
1499628
1487927
1510760
1493809
1477281
1483904
1516406
1491241
1510479
1498902
1513096
1507968
1523404
1509311
1493955
1523376
1496965
1476268
1492052
1496539
1507108
1518151
1481391
1490840
1496106
1486896
1494085
1514986
1503343
1502781
1520041
1496886
1507588
1504971
1503174
1512708
1512336
1488872
1492678
1508568
1501231
1496248
1504450
1504110
1506125
1484624
1488732
1486650
1500555
1513866
1519481
1510140
1495279
1514873
1481193
1503234
1519234
1491331
1496607
1491056
1527991
1502598
1518768
1500123
1514698
1478674
1506078
1494705
1486157
1517594
1517608
1504386
1486184
1492470
1520305
1526472
1511918
1521092
1483109
1510816
1491364
1501217
1490920
1489801
1494094
1495134
1506342
1502413
1500737
1505790
1485669
1473909
1493483
1507085
1502651
1510744
1502570
1511184
1508732
1512456
1513127
1486665
1499695
1500351
1517315
1507147
1513204
1514223
1525491
1484859
1521923
1502234
1509953
1494393
1496048
1520382
1513424
1496701
1493935
1489177
1516063
1502107
1520321
