0.08333333333333333
0.5
0.25
0.14285714285714285
0.16666666666666666
0.2
0.2
1.0
0.16666666666666666
0.1111111111111111
0.25
0.16666666666666666
0.25
0.25
0.1111111111111111
0.25
0.09090909090909091
0.2
0.16666666666666666
0.25
0.16666666666666666
0.2
0.3333333333333333
0.16666666666666666
0.25
0.3333333333333333
0.25
0.14285714285714285
0.2
0.25
0.14285714285714285
0.2
0.125
0.1111111111111111
0.2
0.2
0.2
0.3333333333333333
0.5
0.25
0.25
0.14285714285714285
0.2
0.14285714285714285
0.3333333333333333
0.25
1.0
0.3333333333333333
0.14285714285714285
0.3333333333333333
0.14285714285714285
0.25
0.2
0.2
0.2
0.3333333333333333
0.14285714285714285
0.25
0.3333333333333333
0.5
0.16666666666666666
0.08333333333333333
0.14285714285714285
0.2
0.125
0.2
0.2
0.14285714285714285
0.25
0.25
0.125
0.14285714285714285
0.25
0.3333333333333333
0.1111111111111111
0.3333333333333333
0.16666666666666666
0.3333333333333333
0.25
0.16666666666666666
0.2
0.16666666666666666
0.2
0.14285714285714285
0.25
0.1111111111111111
0.5
0.14285714285714285
0.125
0.5
0.16666666666666666
0.2
0.16666666666666666
0.2
0.3333333333333333
0.125
0.25
0.14285714285714285
0.14285714285714285
0.25
0.14285714285714285
0.16666666666666666
0.3333333333333333
0.2
0.2
0.3333333333333333
0.2
0.2
0.1
0.14285714285714285
0.25
0.125
0.2
0.5
0.5
0.14285714285714285
0.3333333333333333
0.3333333333333333
0.16666666666666666
0.25
0.1
0.16666666666666666
0.14285714285714285
0.2
0.16666666666666666
0.2
0.1
0.2
0.16666666666666666
0.16666666666666666
0.2
0.25
1.0
0.1
0.1111111111111111
0.3333333333333333
0.125
0.5
0.14285714285714285
0.25
0.1
0.25
0.2
0.25
0.16666666666666666
0.125
0.25
0.2
0.16666666666666666
0.3333333333333333
0.14285714285714285
0.2
0.2
0.5
0.25
0.2
0.5
0.2
0.25
0.3333333333333333
0.16666666666666666
0.3333333333333333
0.14285714285714285
0.2
0.2
0.14285714285714285
0.3333333333333333
0.16666666666666666
0.3333333333333333
0.1
0.1111111111111111
0.1111111111111111
0.125
0.2
0.1
1.0
0.5
0.16666666666666666
0.14285714285714285
0.2
0.14285714285714285
0.16666666666666666
0.14285714285714285
0.2
0.25
0.3333333333333333
0.5
0.1
0.14285714285714285
0.14285714285714285
0.125
0.16666666666666666
0.16666666666666666
0.5
0.16666666666666666
0.2
0.25
0.125
0.5
0.14285714285714285
0.14285714285714285
0.3333333333333333
0.5
0.2
0.3333333333333333
0.16666666666666666
0.25
0.14285714285714285
0.09090909090909091
0.2
0.14285714285714285
0.3333333333333333
0.3333333333333333
0.25
0.14285714285714285
0.25
0.3333333333333333
0.16666666666666666
0.2
0.14285714285714285
0.3333333333333333
0.16666666666666666
0.125
0.16666666666666666
0.5
0.2
0.2
0.14285714285714285
0.1111111111111111
0.25
0.14285714285714285
0.14285714285714285
0.14285714285714285
0.125
0.14285714285714285
0.125
0.16666666666666666
0.2
0.2
0.16666666666666666
0.16666666666666666
0.16666666666666666
1.0
0.14285714285714285
0.5
0.25
0.14285714285714285
0.1111111111111111
0.14285714285714285
0.16666666666666666
0.25
1.0
0.2
0.1
0.25
0.16666666666666666
0.16666666666666666
0.14285714285714285
0.14285714285714285
0.2
0.25
0.2
0.08333333333333333
0.25
0.1
0.125
1.0
0.2
0.125
0.14285714285714285
0.25
0.2
0.25
0.1111111111111111
0.3333333333333333
0.1111111111111111
0.25
0.14285714285714285
0.3333333333333333
0.2
0.25
1.0
0.2
0.125
0.2
0.3333333333333333
0.16666666666666666
0.25
0.14285714285714285
0.14285714285714285
0.3333333333333333
0.2
0.125
0.25
0.25
0.2
0.125
0.125
0.5
0.1111111111111111
0.14285714285714285
0.14285714285714285
0.16666666666666666
0.25
0.3333333333333333
0.25
0.3333333333333333
0.2
0.2
0.5
0.25
0.14285714285714285
0.125
0.3333333333333333
0.125
0.1111111111111111
0.2
0.1111111111111111
0.25
0.16666666666666666
0.14285714285714285
0.2
0.25
0.125
0.16666666666666666
0.25
0.25
0.16666666666666666
0.125
0.2
0.25
0.5
0.16666666666666666
0.09090909090909091
0.5
0.125
0.125
0.125
0.14285714285714285
0.2
0.16666666666666666
0.2
0.2
0.16666666666666666
0.16666666666666666
0.25
0.2
0.3333333333333333
0.16666666666666666
0.2
0.5
0.16666666666666666
0.16666666666666666
0.16666666666666666
0.16666666666666666
0.14285714285714285
0.16666666666666666
0.16666666666666666
0.25
0.1111111111111111
0.14285714285714285
0.125
0.125
0.5
0.5
0.25
0.16666666666666666
0.2
0.3333333333333333
0.14285714285714285
0.5
0.125
0.2
0.16666666666666666
0.16666666666666666
0.125
0.07142857142857142
0.16666666666666666
0.2
0.14285714285714285
0.2
0.14285714285714285
0.14285714285714285
0.09090909090909091
0.5
0.25
0.2
0.125
0.2
0.2
0.2
0.2
0.5
0.16666666666666666
0.1111111111111111
0.25
0.16666666666666666
0.3333333333333333
0.3333333333333333
0.25
0.07142857142857142
0.16666666666666666
0.3333333333333333
0.25
0.5
0.5
1.0
0.1111111111111111
0.1111111111111111
0.2
0.125
0.2
0.2
0.16666666666666666
0.2
0.5
0.08333333333333333
0.14285714285714285
0.2
0.3333333333333333
0.25
0.2
0.2
0.16666666666666666
0.2
0.14285714285714285
0.16666666666666666
0.125
0.25
0.3333333333333333
0.2
0.16666666666666666
0.16666666666666666
0.2
0.16666666666666666
0.2
0.25
0.2
0.16666666666666666
0.25
0.1
0.25
0.2
0.2
0.2
0.25
0.3333333333333333
0.2
0.3333333333333333
0.3333333333333333
0.3333333333333333
0.5
0.14285714285714285
0.2
0.3333333333333333
0.14285714285714285
0.5
0.3333333333333333
0.2
0.16666666666666666
0.25
0.3333333333333333
0.1111111111111111
0.16666666666666666
0.2
0.2
0.2
0.125
0.16666666666666666
0.25
0.2
0.16666666666666666
0.2
0.25
0.14285714285714285
0.2
0.2
0.16666666666666666
0.08333333333333333
0.125
0.25
0.16666666666666666
0.25
0.125
0.14285714285714285
0.5
0.25
0.2
0.1
0.16666666666666666
1.0
0.1111111111111111
0.2
0.16666666666666666
0.1
0.16666666666666666
0.125
0.2
0.25
0.14285714285714285
0.2
0.16666666666666666
0.125
0.16666666666666666
0.14285714285714285
0.25
0.5
0.2
0.3333333333333333
0.2
0.25
0.14285714285714285
0.5
0.14285714285714285
0.125
0.16666666666666666
0.2
0.2
0.25
0.125
0.3333333333333333
0.16666666666666666
0.14285714285714285
0.3333333333333333
0.14285714285714285
0.14285714285714285
0.125
0.25
0.08333333333333333
0.2
0.1111111111111111
0.25
0.3333333333333333
0.3333333333333333
0.16666666666666666
0.16666666666666666
0.3333333333333333
0.25
0.3333333333333333
0.14285714285714285
0.2
0.14285714285714285
0.125
0.3333333333333333
0.25
0.16666666666666666
0.2
0.25
0.16666666666666666
0.3333333333333333
0.125
0.16666666666666666
0.2
0.14285714285714285
0.25
0.125
0.07142857142857142
0.2
0.16666666666666666
0.2
0.25
0.16666666666666666
0.14285714285714285
0.16666666666666666
0.2
0.1111111111111111
0.16666666666666666
0.3333333333333333
0.5
0.14285714285714285
0.14285714285714285
0.25
0.2
0.14285714285714285
0.07692307692307693
0.125
0.125
0.1111111111111111
0.2
0.25
0.16666666666666666
0.25
0.16666666666666666
0.25
0.2
0.2
0.2
0.14285714285714285
0.125
0.3333333333333333
0.5
0.16666666666666666
0.25
0.07142857142857142
0.14285714285714285
0.16666666666666666
0.1111111111111111
0.125
0.25
0.1111111111111111
0.3333333333333333
0.16666666666666666
0.2
0.125
0.2
1.0
0.16666666666666666
0.1111111111111111
0.14285714285714285
0.25
0.3333333333333333
0.14285714285714285
0.09090909090909091
0.16666666666666666
0.16666666666666666
0.1
0.125
0.25
0.16666666666666666
0.25
0.14285714285714285
0.16666666666666666
0.3333333333333333
0.125
0.2
0.16666666666666666
0.3333333333333333
0.14285714285714285
0.3333333333333333
0.16666666666666666
0.25
0.1
0.3333333333333333
0.16666666666666666
0.14285714285714285
0.16666666666666666
0.1111111111111111
0.14285714285714285
0.16666666666666666
0.2
0.3
0.2
1.2
0.75
3.0
3.75
3.8
4.25
6.4
23.333333333333332
32.333333333333336
50.666666666666664
19.285714285714285
57.8
52.0
78.0
59.142857142857146
90.2
70.83333333333333
123.0
112.5
59.0
86.66666666666667
94.0
149.5
43.0
27.166666666666668
27.666666666666668
24.666666666666668
8.444444444444445
7.428571428571429
3.5
2.5
1.3333333333333333
2.0
0.3333333333333333
1.0
0.2857142857142857
0.125
0.125
0.5
0.125
0.16666666666666666
0.1111111111111111
0.2
0.125
0.2
0.16666666666666666
0.5
0.14285714285714285
0.16666666666666666
0.3333333333333333
0.2
0.2
0.14285714285714285
0.1111111111111111
0.125
0.25
0.16666666666666666
0.5
0.14285714285714285
0.125
0.3333333333333333
0.2
1.0
0.16666666666666666
0.14285714285714285
0.09090909090909091
0.3333333333333333
0.2
0.25
0.14285714285714285
0.2
0.3333333333333333
0.5
0.1111111111111111
0.07692307692307693
0.25
0.14285714285714285
0.25
0.25
0.14285714285714285
0.5
0.2
0.25
0.16666666666666666
0.5
0.2
0.25
0.3333333333333333
0.1
0.1111111111111111
0.5
0.16666666666666666
0.1
0.3333333333333333
0.2
0.3333333333333333
0.5
0.16666666666666666
0.16666666666666666
0.3333333333333333
0.3333333333333333
0.16666666666666666
0.3333333333333333
0.16666666666666666
0.3333333333333333
0.1111111111111111
0.1
0.2
0.5
0.5
0.14285714285714285
0.14285714285714285
0.125
0.125
0.16666666666666666
0.25
0.14285714285714285
0.16666666666666666
0.3333333333333333
0.25
0.16666666666666666
0.2
0.14285714285714285
0.2
0.2
0.2
0.1111111111111111
0.125
0.25
0.5
0.5
0.2
0.125
0.1
0.14285714285714285
0.14285714285714285
0.2
0.05555555555555555
0.25
0.125
0.25
0.25
0.2
0.2
0.25
0.3333333333333333
0.2
0.2
0.2
0.25
0.1111111111111111
0.5
0.1111111111111111
0.2
0.3333333333333333
0.14285714285714285
0.14285714285714285
0.2
0.25
0.25
0.2
0.5
0.2
0.125
0.125
0.07142857142857142
0.16666666666666666
0.16666666666666666
0.3333333333333333
0.2
0.1
0.2
0.2
0.16666666666666666
0.25
0.1111111111111111
0.125
0.2
0.3333333333333333
0.3333333333333333
0.25
0.14285714285714285
0.1
0.2
0.2
0.25
0.2
0.25
0.125
0.16666666666666666
0.14285714285714285
0.2
0.125
0.2
0.2
0.125
0.1
0.2
0.2
0.14285714285714285
0.14285714285714285
0.16666666666666666
0.5
0.16666666666666666
0.14285714285714285
0.3333333333333333
0.1111111111111111
0.16666666666666666
0.2
0.16666666666666666
0.3333333333333333
0.2
0.25
0.08333333333333333
0.14285714285714285
0.16666666666666666
0.25
0.16666666666666666
0.3333333333333333
0.125
0.125
0.25
0.1
0.3333333333333333
0.1111111111111111
0.3333333333333333
0.2
0.1
0.16666666666666666
0.25
0.16666666666666666
0.3333333333333333
0.25
0.16666666666666666
0.5
0.3333333333333333
0.16666666666666666
0.16666666666666666
0.14285714285714285
0.5
0.25
0.25
0.25
0.2
0.25
0.14285714285714285
0.2
0.25
0.125
0.16666666666666666
0.2
0.1111111111111111
0.16666666666666666
0.2
0.1111111111111111
0.25
0.5
0.14285714285714285
0.25
0.3333333333333333
0.3333333333333333
0.14285714285714285
0.3333333333333333
0.2
0.3333333333333333
0.2
0.14285714285714285
0.16666666666666666
0.25
0.25
0.14285714285714285
0.125
0.07692307692307693
0.14285714285714285
0.2
0.09090909090909091
0.3333333333333333
0.1111111111111111
0.2
0.16666666666666666
0.2
0.3333333333333333
0.2
0.2
0.25
0.3333333333333333
0.25
0.25
0.14285714285714285
0.2
0.3333333333333333
0.125
0.2
0.16666666666666666
0.2
0.14285714285714285
0.5
0.125
0.5
0.125
0.25
0.16666666666666666
0.125
0.16666666666666666
0.2
0.5
0.09090909090909091
0.3333333333333333
0.16666666666666666
0.5
0.14285714285714285
0.5
0.2
0.1111111111111111
0.2
0.16666666666666666
0.3333333333333333
1.0
0.16666666666666666
0.1
0.5
0.09090909090909091
0.2
0.5
0.2
0.16666666666666666
0.25
0.25
0.25
0.1
0.5
0.14285714285714285
0.16666666666666666
0.2
0.125
0.25
0.3333333333333333
0.125
0.5
0.14285714285714285
0.125
0.16666666666666666
0.14285714285714285
0.125
0.3333333333333333
0.14285714285714285
0.125
0.16666666666666666
0.2
0.1111111111111111
0.3333333333333333
1.0
0.2
0.25
0.14285714285714285
0.25
0.14285714285714285
0.1111111111111111
0.5
0.25
0.125
0.125
0.125
0.25
0.3333333333333333
0.2
0.3333333333333333
0.14285714285714285
0.25
0.14285714285714285
0.16666666666666666
0.14285714285714285
0.5
0.14285714285714285
0.25
0.14285714285714285
0.09090909090909091
0.3333333333333333
0.2
0.5
0.16666666666666666
0.125
0.2
0.5
0.25
0.25
0.25
0.25
0.2
0.25
0.16666666666666666
0.16666666666666666
0.125
0.125
0.25
0.3333333333333333
0.25
0.125
0.125
0.2
0.2
0.2
0.14285714285714285
0.16666666666666666
0.08333333333333333
0.14285714285714285
0.25
0.125
0.2
0.16666666666666666
0.16666666666666666
0.25
0.125
0.25
0.3333333333333333
0.5
0.16666666666666666
0.3333333333333333
0.14285714285714285
0.16666666666666666
0.25
0.1
0.2
0.14285714285714285
0.3333333333333333
0.125
0.3333333333333333
0.25
0.2
0.1111111111111111
0.14285714285714285
0.16666666666666666
0.3333333333333333
0.2
0.16666666666666666
0.14285714285714285
0.25
0.14285714285714285
0.16666666666666666
0.1111111111111111
0.14285714285714285
0.5
0.2
0.16666666666666666
0.16666666666666666
1.0
0.125
0.25
0.16666666666666666
0.5
0.125
0.2
0.14285714285714285
0.2
0.14285714285714285
0.16666666666666666
0.14285714285714285
0.14285714285714285
0.125
0.14285714285714285
0.1111111111111111
0.25
0.3333333333333333
0.25
0.125
0.2
0.5
0.2
0.16666666666666666
0.25
0.3333333333333333
0.125
0.5
0.125
0.14285714285714285
0.25
0.16666666666666666
0.2
0.2
0.16666666666666666
0.25
0.07692307692307693
1.0
0.16666666666666666
0.2
0.5
0.2
0.25
0.125
0.25
0.16666666666666666
0.25
0.25
0.3333333333333333
0.14285714285714285
0.1111111111111111
0.2
0.5
0.5
0.14285714285714285
0.3333333333333333
0.3333333333333333
0.3333333333333333
0.25
0.14285714285714285
0.3333333333333333
1.0
0.2
0.2
0.2
0.16666666666666666
0.25
0.3333333333333333
0.1
0.25
0.25
0.14285714285714285
0.16666666666666666
0.16666666666666666
0.3333333333333333
0.2
0.25
0.2
0.25
0.1111111111111111
0.2
0.3333333333333333
0.5
0.25
0.125
0.14285714285714285
0.25
0.14285714285714285
0.25
0.3333333333333333
0.125
0.1111111111111111
0.5
0.14285714285714285
0.25
0.09090909090909091
0.2
0.08333333333333333
0.125
0.2
0.14285714285714285
0.08333333333333333
0.3333333333333333
0.08333333333333333
0.3333333333333333
0.16666666666666666
0.25
0.25
0.125
0.14285714285714285
0.3333333333333333
0.3333333333333333
0.3333333333333333
0.16666666666666666
0.16666666666666666
0.125
0.3333333333333333
0.16666666666666666
0.16666666666666666
0.3333333333333333
0.14285714285714285
0.5
0.14285714285714285
0.16666666666666666
0.14285714285714285
0.5
0.1111111111111111
0.3333333333333333
0.5
0.2
0.16666666666666666
0.25
0.3333333333333333
0.14285714285714285
0.5
0.1111111111111111
0.5
0.14285714285714285
0.3333333333333333
0.1
0.2
0.3333333333333333
0.2
0.5
0.25
0.25
0.16666666666666666
0.16666666666666666
0.1111111111111111
0.3333333333333333
0.2
0.25
0.25
0.3333333333333333
0.2
0.3333333333333333
0.2
0.25
0.25
0.125
0.3333333333333333
0.125
0.2
0.2
0.16666666666666666
0.5
0.125
0.2
0.125
0.1
0.3333333333333333
0.25
0.14285714285714285
0.25
0.25
0.16666666666666666
0.14285714285714285
0.16666666666666666
0.25
0.1111111111111111
0.16666666666666666
0.16666666666666666
0.3333333333333333
0.14285714285714285
0.16666666666666666
0.08333333333333333
0.125
0.2
0.25
0.125
0.2
0.25
0.2
0.25
0.1
0.14285714285714285
0.5
0.25
0.125
0.14285714285714285
0.25
0.1
0.25
0.5
0.16666666666666666
0.16666666666666666
0.25
0.3333333333333333
0.25
0.2
0.14285714285714285
0.2
0.25
0.5
0.1111111111111111
0.5
0.14285714285714285
1.0
0.2
0.5
0.09090909090909091
0.25
0.3333333333333333
0.2
0.16666666666666666
0.125
0.2
0.25
0.2
0.1111111111111111
0.16666666666666666
0.2
0.25
0.2
0.16666666666666666
0.5
0.3333333333333333
0.25
0.16666666666666666
0.5
0.16666666666666666
