862641
894357
1001560
1004400
1022784
1146351
1158186
1252961
1299341
1330871
1331238
1343930
1364643
1364645
1390116
1397486
1420019
1427013
1446993
1452400
1482009
1495317
1512891
1527499
1527982
1558320
1578932
1612441
1613403
1630265
1686909
1722602
1726071
1854189
1854215
1884162
1886853
1886860
1908864
1917971
1945957
1949816
1952048
1965228
1980698
1985814
1998216
2022224
2053167
2060400
2076755
2107379
2107384
2110734
2129918
2150484
2231681
2312662
2314645
2316433
2333171
2333178
2334781
2364915
2367278
2368594
2368595
2408435
2409526
2416808
2481825
2485626
2485639
2539743
2539762
2551063
2564509
2564884
2583719
2583721
2583723
2591299
2610007
2627213
2692330
2692650
2697226
2697258
2697261
2714443
2715492
2760426
2763185
2805444
2806747
2819976
2896396
2896400
2896403
2897668
2915771
2940426
2952790
2966755
2967284
2967285
3031779
3076241
3076243
3134347
3137470
3162356
3167805
3167852
3182906
3228737
3248232
3251200
3285909
3285912
3314618
3321751
3329501
3352838
3352842
3378920
3404271
3421517
3421642
3441363
3445385
3445432
3445807
3445834
3446332
3448870
3448893
3466200
3478149
3489031
3489032
3500132
3501290
3501294
3523785
3523809
3542807
3542820
3551419
3551426
3558604
3593014
3611442
3626036
3630306
3630457
3630481
3648378
3661005
3663865
3663931
3666372
3666384
3681934
3682069
3682084
3682988
3698527
3707810
3720679
3750617
3772160
3772170
3829532
3832760
3832958
3832986
3833578
3880611
3882036
3882037
3899603
3922727
3922768
3937045
3941061
3943636
3953624
3980247
3980248
3983349
3992014
3998663
4015662
4015794
4016062
4016801
4031978
4058228
4088482
4125639
4134545
4137764
4137765
4137766
4163504
4175324
4229542
4303533
4337878
4368159
4372739
4405313
4405319
4405320
4417313
4417314
4417318
4419912
4437484
4437488
4437490
4437493
4437535
4437574
4461823
4512565
4512660
4512849
4512855
4514292
4552638
4558410
4558421
4558429
4614696
4616104
4616194
4616276
4618307
4618324
4618351
4618355
4634029
4637794
4649548
4651369
4659393
4659405
4674100
4683613
4743688
4744817
4748099
4748110
4748111
4748117
4748675
4750639
4862500
4865127
4866711
4866714
4866966
4867000
4869537
4949480
4960441
5076209
5079000
5079004
5079015
5079104
5079143
5093144
5102550
5111676
5111683
5123801
5123835
5124131
5153691
5191494
5191495
5247372
5280149
5286432
5286437
5289937
5289944
5323217
5329060
5329166
5329187
5336147
5337771
5374906
5375441
5375550
5375992
5385687
5387920
5399893
5399905
5399960
5431434
5431566
5431567
5473924
5476439
5477898
5480951
5481981
5481983
5482548
5498911
5505670
5512121
5548251
5560883
5589300
5613151
5613161
5655877
5657927
5660113
5661395
5663101
5663102
5663114
5706661
5706877
5708979
5709827
5709828
5709855
5711756
5728349
5730133
5730134
5730135
5737262
5740199
5740210
5740224
5754006
5754010
5775056
5775064
5781695
5783391
5783845
5796467
5801006
5801020
5801185
5817408
5818333
5820584
5822756
5832202
5833752
5852901
5898628
5996546
6002249
6062737
6062739
6062803
6062804
6062807
6068116
6069052
6069054
6084038
6086116
6101782
6109095
6150830
6156190
6156193
6167038
6167041
6178212
6178229
6180163
6205196
6229946
6316510
6319140
6319142
6319229
6319240
6319244
6329970
6330009
6330069
6330099
6342518
6342524
6378999
6379053
6379059
6441444
6441516
6472658
6472669
6475626
6497047
6497056
6500580
6502830
6554175
6565419
6567168
6567327
6567371
6567394
6567479
6567513
6568974
6569334
6573617
6639553
6717608
6717618
6718034
6720562
6721749
6750945
6750995
6762409
6768605
6782834
6806210
6845219
6845225
6845656
6845898
6854569
6876382
6876876
6881686
6891791
6893660
6904119
6921405
6922738
6930851
6958888
6959029
6971494
6972371
6972418
6972425
7066147
7075464
7077208
7130531
7215454
7223546
7230213
7232405
7315542
7333868
7333869
7384085
7384096
7394165
7394189
7412918
7434842
7435130
7435489
7460236
7467265
7498241
7498248
7501339
7545696
7549556
7581642
7592069
7629763
7633346
7638417
7638835
7695026
7724959
7732606
7732635
7735737
7764068
7801458
7814978
7821074
7821122
7821125
7825685
7825758
7878015
7884055
7891799
7919961
7919962
7919963
7946542
8033248
8056866
8082634
8082657
8088564
8109701
8112103
8125662
8149575
8149790
8149855
8150023
8153359
8159861
8160005
8194327
8194415
8241841
8266768
8284901
8284926
8290691
8315214
8321832
8375197
8388230
8474266
8474315
8523728
8604988
8611138
8614105
8657274
8657280
8657285
8664279
8665248
8820696
8840976
8921870
8975984
8975999
8996186
8996985
9017403
9060313
9096215
9156142
9294011
9387013
9429807
