15003.0
15003.0
15003.0
15003.0
15003.0
30006
30006
30006
30006
30006
45009
45009
45009
45009
45009
60012
60012
60012
60012
60012
75015
75015
75015
75015
75015
75015
75015
75015
75015
75015
90018
90018
90018
90018
90018
105021
105021
105021
105021
105021
120024
120024
120024
120024
120024
135027
135027
135027
135027
135027
135027
135027
135027
135027
135027
150030
150030
150030
150030
150030
165033
165033
165033
165033
165033
165033
165033
165033
165033
165033
180036
180036
180036
180036
180036
195039
195039
195039
195039
195039
195039
195039
195039
195039
195039
210042
210042
210042
210042
210042
225045
225045
225045
225045
225045
240048
240048
240048
240048
240048
255051
255051
255051
255051
255051
270054
270054
270054
270054
270054
285057
285057
285057
285057
285057
285057
285057
285057
285057
285057
300060
300060
300060
300060
300060
300060
300060
300060
300060
300060
315063
315063
315063
315063
315063
330066
330066
330066
330066
330066
345069
345069
345069
345069
345069
360072
360072
360072
360072
360072
375075
375075
375075
375075
375075
390078
390078
390078
390078
390078
405081
405081
405081
405081
405081
420084
420084
420084
420084
420084
435087
435087
435087
435087
435087
450090
450090
450090
450090
450090
465093
465093
465093
465093
465093
480096
480096
480096
480096
480096
495099
495099
495099
495099
495099
510102
510102
510102
510102
510102
525105
525105
525105
525105
525105
525105
525105
525105
525105
525105
540108
540108
540108
540108
540108
555111
555111
555111
555111
555111
570114
570114
570114
570114
570114
585117
585117
585117
585117
585117
600120
600120
600120
600120
600120
615123
615123
615123
615123
630126
630126
630126
630126
630126
645129
645129
645129
645129
645129
645129
660132
660132
660132
660132
660132
660132
660132
660132
660132
660132
675135
675135
675135
675135
690138
690138
690138
690138
690138
705141
705141
705141
705141
705141
720144
720144
720144
720144
735147
735147
735147
735147
735147
750150
750150
750150
750150
750150
750150
765153
765153
765153
765153
765153
765153
780156
780156
780156
780156
780156
780156
780156
780156
780156
780156
795159
795159
795159
795159
810162
810162
810162
810162
810162
825165
825165
825165
825165
840168
840168
840168
840168
855171
855171
855171
855171
855171
855171
870174
870174
870174
870174
870174
870174
870174
885177
885177
885177
885177
885177
885177
885177
900180
900180
900180
900180
900180
915183
915183
915183
915183
915183
915183
915183
930186
930186
930186
930186
930186
930186
930186
930186
930186
930186
945189
945189
945189
945189
945189
945189
960192
960192
960192
960192
960192
960192
960192
960192
960192
960192
960192
960192
960192
960192
960192
975195
975195
975195
975195
975195
975195
975195
975195
975195
975195
990198
990198
990198
990198
990198
990198
990198
1005201
1005201
1005201
1005201
1005201
1020204
1020204
1020204
1020204
1020204
1020204
1020204
1020204
1020204
1020204
1035207
1035207
1035207
1035207
1035207
1050210
1050210
1050210
1050210
1050210
1065213
1065213
1065213
1065213
1065213
1065213
1065213
1065213
1065213
1065213
1080216
1080216
1080216
1080216
1080216
1080216
1080216
1080216
1080216
1080216
1080216
1080216
1080216
1095219
1095219
1095219
1095219
1095219
1095219
1095219
1095219
1095219
1095219
1095219
1095219
1110222
1110222
1110222
1110222
1110222
1110222
1110222
1110222
1110222
1110222
1110222
1110222
1110222
1125225
1125225
1125225
1125225
1125225
1125225
1125225
1125225
1140228
1140228
1140228
1140228
1140228
1140228
1140228
1140228
1140228
1140228
1140228
1140228
1140228
1155231
1155231
1155231
1155231
1155231
1155231
1170234
1170234
1170234
1170234
1170234
1170234
1170234
1170234
1170234
1170234
1185237
1185237
1185237
1185237
1185237
1185237
1185237
1185237
1185237
1185237
1200240
1200240
1200240
1200240
1200240
1200240
1200240
1215243
1215243
1215243
1215243
1215243
1215243
1215243
1215243
1215243
1215243
1215243
1215243
1215243
1230246
1230246
1230246
1230246
1230246
1230246
1245249
1245249
1245249
1245249
1245249
1245249
1260252
1260252
1260252
1260252
1260252
1260252
1275255
1275255
1275255
1275255
1275255
1290258
1290258
1290258
1290258
1290258
1290258
1305261
1305261
1305261
1305261
1305261
1305261
1305261
1305261
1305261
1305261
1305261
1305261
1320264
1320264
1320264
1320264
1320264
1320264
1320264
1320264
1320264
1320264
1320264
1320264
1320264
1320264
1320264
1320264
1320264
1320264
1320264
1320264
1320264
1320264
1320264
1335267
1335267
1335267
1335267
1335267
1335267
1335267
1335267
1335267
1335267
1335267
1335267
1335267
1335267
1335267
1335267
1350270
1350270
1350270
1350270
1350270
1350270
1350270
1350270
1350270
1350270
1350270
1350270
1350270
1350270
1350270
1350270
1365273
1365273
1365273
1365273
1365273
1365273
1365273
1365273
1365273
1365273
1365273
1365273
1365273
1365273
1380276
1380276
1380276
1380276
1380276
1380276
1380276
1380276
1380276
1380276
1380276
1395279
1395279
1395279
1395279
1395279
1395279
1395279
1395279
1395279
1395279
1395279
1410282
1410282
1410282
1410282
1410282
1410282
1410282
1410282
1410282
1410282
1410282
1410282
1410282
1410282
1410282
1425285
1425285
1425285
1425285
1425285
1425285
1425285
1425285
1425285
1425285
1440288
1440288
1440288
1440288
1440288
1440288
1440288
1440288
1440288
1440288
1440288
1440288
1440288
1440288
1455291
1455291
1455291
1455291
1455291
1455291
1455291
1455291
1455291
1455291
1455291
1455291
1455291
1455291
1455291
1455291
1470294
1470294
1470294
1470294
1470294
1470294
1470294
1470294
1470294
1470294
1470294
1470294
1470294
1470294
1470294
1470294
1470294
1470294
1470294
1470294
1470294
1470294
1470294
1470294
1470294
1485297
1485297
1485297
1485297
1485297
1485297
1485297
1485297
1485297
1485297
1485297
1485297
1485297
1485297
1485297
1485297
1500300
1500300
1500300
1500300
1500300
1500300
1500300
1500300
1500300
1500300
1500300
1515303
1515303
1515303
1515303
1515303
1515303
1515303
1515303
1515303
1515303
1515303
1515303
1515303
1515303
1515303
1515303
1515303
1515303
1515303
1515303
1515303
1515303
1515303
1515303
1515303
1515303
1515303
1515303
1515303
1515303
1515303
1515303
1515303
1515303
1515303
1515303
1530306
1530306
1530306
1530306
1530306
1530306
1530306
1530306
1530306
1530306
1530306
1545309
1545309
1545309
1545309
1545309
1545309
1545309
1545309
1545309
1545309
1545309
1545309
1545309
1545309
1545309
1545309
1545309
1545309
1545309
1545309
1545309
1545309
1545309
1545309
1545309
1545309
1560312
1560312
1560312
1560312
1560312
1560312
1560312
1560312
1560312
1560312
1560312
1560312
1560312
1560312
1560312
1560312
1560312
1560312
1560312
1560312
1575315
1575315
1575315
1575315
1575315
1575315
1575315
1575315
1590318
1590318
1590318
1590318
1590318
1590318
1590318
1590318
1590318
1590318
1590318
1590318
1590318
1590318
1590318
1590318
1590318
1590318
1605321
1605321
1605321
1605321
1605321
1605321
1605321
1605321
1605321
1605321
1605321
1605321
1605321
1605321
1605321
1605321
1605321
1605321
1605321
1605321
1605321
1605321
1620324
1620324
1620324
1620324
1620324
1620324
1620324
1620324
1620324
1620324
1635327
1635327
1635327
1635327
1635327
1635327
1635327
1635327
1635327
1635327
1635327
1635327
1635327
1635327
1635327
1635327
1635327
1635327
1635327
1635327
1635327
1635327
1635327
1635327
1635327
1635327
1635327
1635327
1635327
1635327
1635327
1635327
1650330
1650330
1650330
1650330
1650330
1650330
1650330
1650330
1650330
1650330
1650330
1650330
1650330
1650330
1650330
1650330
1650330
1650330
1650330
1650330
1650330
1650330
1650330
1650330
1650330
1665333
1665333
1665333
1665333
1665333
1665333
1665333
1665333
1665333
1665333
1665333
1665333
1665333
1665333
1665333
1665333
1665333
1665333
1665333
1665333
1665333
1665333
1665333
1680336
1680336
1680336
1680336
1680336
1680336
1680336
1680336
1680336
1680336
1680336
1680336
1680336
1680336
1680336
1680336
1680336
1680336
1680336
1680336
1680336
1680336
1680336
1680336
1680336
1680336
1680336
1680336
1680336
1680336
1680336
1680336
1695339
1695339
1695339
1695339
1695339
1695339
1695339
1695339
1695339
1695339
1695339
1695339
1695339
1695339
1695339
1695339
1695339
1695339
1695339
1695339
1695339
1695339
1695339
1695339
1710342
1710342
1710342
1710342
1710342
1710342
1710342
1710342
1710342
1710342
1710342
1710342
1710342
1710342
1710342
1710342
1710342
1710342
1710342
1710342
1710342
1710342
1710342
1710342
1710342
1710342
1710342
1710342
1710342
1710342
1725345
1725345
1725345
1725345
1725345
1725345
1725345
1725345
1725345
1725345
1725345
1725345
1725345
1725345
1725345
1740348
1740348
1740348
1740348
1740348
1740348
1740348
1740348
1755351
1755351
1755351
1755351
1755351
1755351
1755351
1755351
1755351
1755351
1755351
1755351
1755351
1755351
1755351
1755351
1755351
1755351
1755351
1755351
1755351
1755351
1755351
1755351
1755351
1755351
1755351
1755351
1755351
1755351
1755351
1755351
1755351
1755351
1755351
1755351
1755351
1755351
1755351
1755351
1755351
1755351
1755351
1770354
1770354
1770354
1770354
1770354
1770354
1770354
1770354
1770354
1770354
1770354
1770354
1770354
1770354
1770354
1770354
1770354
1770354
1770354
1770354
1770354
1785357
1785357
1785357
1785357
1785357
1785357
1785357
1785357
1785357
1785357
1785357
1785357
1785357
1785357
1785357
1785357
1785357
1785357
1785357
1785357
1785357
1785357
1800360
1800360
1800360
1800360
1800360
1800360
1800360
1800360
1800360
1800360
1800360
1800360
1800360
1800360
1800360
1800360
1800360
1800360
1800360
1800360
1800360
1800360
1800360
1800360
1800360
1800360
1800360
1800360
1800360
1800360
1800360
1800360
1800360
1800360
1800360
1800360
1800360
1800360
1800360
1800360
1815363
1815363
1815363
1815363
1815363
1815363
1815363
1815363
1815363
1815363
1815363
1815363
1815363
1815363
1815363
1815363
1815363
1815363
1815363
1815363
1815363
1815363
1815363
1815363
1815363
1815363
1815363
1815363
1815363
1815363
1815363
1815363
1815363
1830366
1830366
1830366
1830366
1830366
1830366
1830366
1830366
1830366
1830366
1830366
1830366
1830366
1830366
1830366
1830366
1830366
1830366
1830366
1830366
1830366
1830366
1830366
1830366
1830366
1845369
1845369
1845369
1845369
1845369
1845369
1845369
1845369
1845369
1845369
1845369
1845369
1845369
1845369
1845369
1845369
1845369
1845369
1845369
1845369
1845369
1845369
1845369
1845369
1845369
1845369
1845369
1845369
1845369
1845369
1845369
1845369
1845369
1845369
1845369
1845369
1845369
1845369
1845369
1845369
1845369
1845369
1845369
1845369
1845369
1845369
1845369
1845369
1845369
1845369
1845369
1845369
1845369
1845369
1845369
1860372
1860372
1860372
1860372
1860372
1860372
1860372
1860372
1860372
1860372
1860372
1860372
1860372
1860372
1860372
1860372
1860372
1860372
1860372
1860372
1860372
1860372
1860372
1860372
1860372
1860372
1860372
1860372
1875375
1875375
1875375
1875375
1875375
1875375
1875375
1875375
1875375
1875375
1875375
1875375
1875375
1875375
1875375
1875375
1875375
1875375
1875375
1875375
1875375
1875375
1875375
1875375
1875375
1875375
1875375
1875375
1875375
1875375
1875375
1875375
1875375
1875375
1875375
1875375
1875375
1875375
1875375
1875375
1890378
1890378
1890378
1890378
1890378
1890378
1890378
1890378
1890378
1890378
1890378
1890378
1890378
1890378
1890378
1890378
1890378
1890378
1890378
1890378
1890378
1890378
1890378
1890378
1890378
1890378
1890378
1890378
1905381
1905381
1905381
1905381
1905381
1905381
1905381
1905381
1905381
1905381
1905381
1905381
1905381
1905381
1905381
1905381
1905381
1905381
1920384
1920384
1920384
1920384
1920384
1920384
1920384
1920384
1920384
1920384
1920384
1920384
1920384
1920384
1920384
1920384
1920384
1920384
1920384
1920384
1920384
1920384
1920384
1920384
1920384
1920384
1920384
1920384
1920384
1920384
1920384
1920384
1920384
1920384
1920384
1920384
1920384
1920384
1920384
1920384
1920384
1920384
1920384
1920384
1920384
1920384
1920384
1920384
1920384
1920384
1920384
1920384
1920384
1920384
1920384
1920384
1920384
1920384
1920384
1920384
1920384
1920384
1920384
1920384
1920384
1920384
1920384
1920384
1920384
1920384
1920384
1920384
1920384
1920384
1920384
1920384
1920384
1920384
1920384
1920384
1920384
1920384
1920384
1920384
1920384
1920384
1920384
1920384
1920384
1920384
1935387
1935387
1935387
1935387
1935387
1935387
1935387
1935387
1935387
1935387
1935387
1935387
1935387
1935387
1935387
1935387
1935387
1935387
1935387
1935387
1935387
1935387
1935387
1935387
1935387
1935387
1935387
1935387
1935387
1935387
1935387
1935387
1935387
1935387
1935387
1935387
1935387
1935387
1935387
1935387
1935387
1935387
1935387
1935387
1935387
1950390
1950390
1950390
1950390
1950390
1950390
1950390
1950390
1950390
1950390
1950390
1950390
1950390
1950390
1950390
1950390
1950390
1950390
1950390
1950390
1950390
1965393
1965393
1965393
1965393
1965393
1965393
1965393
1965393
1965393
1965393
1965393
1965393
1965393
1965393
1965393
1965393
1965393
1965393
1965393
1965393
1965393
1965393
1965393
1965393
1965393
1965393
1965393
1965393
1965393
1965393
1965393
1965393
1965393
1965393
1965393
1965393
1980396
1980396
1980396
1980396
1980396
1980396
1980396
1980396
1980396
1980396
1980396
1980396
1980396
1980396
1980396
1980396
1980396
1980396
1980396
1980396
1980396
1995399
1995399
1995399
1995399
1995399
1995399
1995399
1995399
1995399
1995399
1995399
1995399
1995399
1995399
1995399
1995399
1995399
1995399
1995399
1995399
1995399
1995399
1995399
1995399
1995399
1995399
1995399
1995399
1995399
1995399
1995399
1995399
1995399
1995399
1995399
1995399
1995399
1995399
1995399
1995399
1995399
1995399
2010402
2010402
2010402
2010402
2010402
2010402
2010402
2010402
2010402
2010402
2010402
2010402
2010402
2010402
2010402
2010402
2010402
2010402
2010402
2010402
2010402
2010402
2010402
2010402
2010402
2010402
2010402
2010402
2010402
2010402
2010402
2010402
2010402
2010402
2010402
2010402
2010402
2010402
2010402
2010402
2010402
2010402
2010402
2010402
2010402
2010402
2010402
2010402
2010402
2010402
2010402
2010402
2010402
2010402
2010402
2010402
2010402
2010402
2010402
2010402
2010402
2010402
2010402
2010402
2010402
2010402
2010402
2010402
2010402
2010402
2010402
2010402
2010402
2010402
2010402
2010402
2010402
2010402
2010402
2010402
2010402
2010402
2010402
2010402
2010402
2025405
2025405
2025405
2025405
2025405
2025405
2025405
2025405
2025405
2025405
2025405
2025405
2025405
2040408
2040408
2040408
2040408
2040408
2040408
2040408
2040408
2040408
2040408
2040408
2040408
2040408
2055411
2055411
2055411
2055411
2055411
2055411
2055411
2055411
2055411
2055411
2055411
2055411
2055411
2055411
2055411
2055411
2055411
2055411
2055411
2055411
2055411
2055411
2055411
2055411
2055411
2055411
2055411
2055411
2055411
2055411
2055411
2055411
2055411
2055411
2055411
2055411
2055411
2055411
2055411
2055411
2055411
2055411
2055411
2055411
2055411
2055411
2070414
2070414
2070414
2070414
2070414
2070414
2070414
2070414
2070414
2070414
2070414
2070414
2070414
2070414
2070414
2070414
2070414
2085417
2085417
2085417
2085417
2085417
2085417
2085417
2085417
2085417
2085417
2085417
2085417
2085417
2085417
2085417
2085417
2085417
2085417
2085417
2085417
2085417
2085417
2085417
2085417
2085417
2085417
2085417
2085417
2100420
2100420
2100420
2100420
2100420
2100420
2100420
2100420
2100420
2100420
2100420
2100420
2100420
2100420
2100420
2100420
2100420
2100420
2100420
2100420
2115423
2115423
2115423
2115423
2115423
2115423
2115423
2115423
2115423
2115423
2115423
2115423
2115423
2115423
2115423
2115423
2115423
2115423
2115423
2115423
2115423
2115423
2115423
2115423
2115423
2115423
2115423
2115423
2115423
2115423
2115423
2115423
2115423
2115423
2115423
2115423
2115423
2115423
2115423
2115423
2115423
2115423
2115423
2115423
2115423
2115423
2115423
2115423
2115423
2115423
2130426
2130426
2130426
2130426
2130426
2130426
2130426
2130426
2130426
2130426
2130426
2130426
2130426
2130426
2130426
2130426
2130426
2130426
2130426
2130426
2130426
2130426
2130426
2130426
2130426
2130426
2130426
2130426
2130426
2130426
2145429
2145429
2145429
2145429
2145429
2145429
2145429
2145429
2145429
2145429
2145429
2145429
2145429
2145429
2145429
2145429
2145429
2145429
2145429
2145429
2145429
2145429
2145429
2145429
2160432
2160432
2160432
2160432
2160432
2160432
2160432
2160432
2160432
2160432
2160432
2160432
2160432
2160432
2160432
2160432
2160432
2160432
2160432
2160432
2160432
2160432
2160432
2160432
2160432
2160432
2175435
2175435
2175435
2175435
2175435
2175435
2175435
2175435
2175435
2175435
2175435
2175435
2175435
2175435
2175435
2175435
2175435
2175435
2175435
2175435
2175435
2175435
2175435
2175435
2175435
2175435
2175435
2175435
2175435
2175435
2175435
2175435
2175435
2175435
2175435
2175435
2175435
2175435
2175435
2175435
2175435
2175435
2175435
2175435
2175435
2175435
2175435
2175435
2175435
2175435
2175435
2175435
2175435
2175435
2175435
2175435
2175435
2175435
2175435
2175435
2175435
2175435
2175435
2175435
2175435
2175435
2175435
2175435
2175435
2175435
2175435
2175435
2175435
2190438
2190438
2190438
2190438
2190438
2190438
2190438
2190438
2190438
2190438
2190438
2190438
2190438
2190438
2190438
2190438
2190438
2190438
2190438
2190438
2190438
2190438
2190438
2190438
2190438
2190438
2190438
2190438
2190438
2190438
2190438
2190438
2190438
2190438
2205441
2205441
2205441
2205441
2205441
2205441
2205441
2205441
2205441
2205441
2205441
2220444
2220444
2220444
2220444
2220444
2220444
2220444
2220444
2220444
2220444
2220444
2220444
2220444
2220444
2220444
2220444
2220444
2220444
2220444
2220444
2220444
2220444
2220444
2220444
2220444
2220444
2220444
2220444
2220444
2220444
2235447
2235447
2235447
2235447
2235447
2235447
2235447
2235447
2235447
2235447
2235447
2235447
2235447
2235447
2235447
2235447
2235447
2235447
2235447
2235447
2235447
2235447
2235447
2235447
2235447
2235447
2235447
2235447
2235447
2235447
2250450
2250450
2250450
2250450
2250450
2250450
2250450
2250450
2250450
2250450
2250450
2250450
2250450
2250450
2250450
2250450
2250450
2250450
2250450
2250450
2250450
2250450
2250450
2250450
2250450
2250450
2250450
2250450
2250450
2250450
2250450
2250450
2250450
2250450
2250450
2250450
2250450
2250450
2250450
2250450
2250450
2250450
2250450
2250450
2250450
2250450
2250450
2250450
2250450
2250450
2250450
2250450
2265453
2265453
2265453
2265453
2265453
2265453
2265453
2265453
2265453
2265453
2265453
2265453
2265453
2265453
2265453
2265453
2265453
2265453
2265453
2265453
2265453
2265453
2265453
2265453
2265453
2265453
2265453
2265453
2265453
2265453
2265453
2265453
2265453
2265453
2265453
2265453
2265453
2265453
2280456
2280456
2280456
2280456
2280456
2280456
2280456
2280456
2280456
2280456
2280456
2280456
2280456
2280456
2280456
2280456
2280456
2280456
2280456
2280456
2280456
2280456
2280456
2280456
2280456
2280456
2280456
2280456
2280456
2280456
2280456
2280456
2280456
2280456
2280456
2280456
2280456
2280456
2280456
2280456
2295459
2295459
2295459
2295459
2295459
2295459
2295459
2295459
2295459
2295459
2295459
2295459
2295459
2295459
2295459
2295459
2295459
2295459
2295459
2295459
2295459
2295459
2295459
2295459
2295459
2295459
2295459
2295459
2295459
2295459
2295459
2295459
2310462
2310462
2310462
2310462
2310462
2310462
2310462
2310462
2310462
2310462
2310462
2310462
2310462
2310462
2310462
2310462
2310462
2310462
2325465
2325465
2325465
2325465
2325465
2325465
2325465
2325465
2325465
2325465
2325465
2325465
2325465
2325465
2325465
2325465
2325465
2325465
2325465
2325465
2325465
2325465
2325465
2325465
2325465
2325465
2325465
2325465
2325465
2325465
2325465
2325465
2325465
2325465
2325465
2325465
2325465
2325465
2325465
2325465
2325465
2325465
2325465
2340468
2340468
2340468
2340468
2340468
2340468
2340468
2340468
2340468
2340468
2340468
2340468
2340468
2340468
2340468
2340468
2340468
2340468
2340468
2340468
2340468
2340468
2340468
2340468
2340468
2340468
2340468
2340468
2340468
2340468
2340468
2340468
2340468
2340468
2340468
2340468
2340468
2340468
2340468
2340468
2340468
2340468
2340468
2340468
2340468
2340468
2355471
2355471
2355471
2355471
2355471
2355471
2355471
2355471
2355471
2355471
2355471
2355471
2355471
2355471
2355471
2355471
2355471
2355471
2355471
2355471
2355471
2355471
2355471
2355471
2355471
2355471
2355471
2355471
2355471
2355471
2355471
2355471
2355471
2355471
2355471
2355471
2355471
2355471
2355471
2355471
2370474
2370474
2370474
2370474
2370474
2370474
2370474
2370474
2370474
2370474
2370474
2370474
2370474
2370474
2370474
2370474
2370474
2370474
2370474
2370474
2370474
2370474
2370474
2370474
2370474
2370474
2370474
2370474
2385477
2385477
2385477
2385477
2385477
2385477
2385477
2385477
2385477
2385477
2385477
2385477
2385477
2385477
2385477
2385477
2385477
2385477
2385477
2385477
2385477
2385477
2385477
2385477
2385477
2385477
2385477
2385477
2385477
2385477
2385477
2385477
2385477
2385477
2385477
2385477
2385477
2385477
2385477
2385477
2385477
2385477
2385477
2385477
2385477
2385477
2385477
2385477
2385477
2385477
2385477
2385477
2385477
2385477
2385477
2385477
2385477
2385477
2385477
2385477
2385477
2385477
2385477
2385477
2385477
2385477
2385477
2385477
2385477
2385477
2385477
2385477
2385477
2385477
2385477
2385477
2385477
2385477
2385477
2385477
2385477
2385477
2385477
2385477
2385477
2385477
2385477
2385477
2385477
2385477
2385477
2385477
2385477
2385477
2385477
2400480
2400480
2400480
2400480
2400480
2400480
2400480
2400480
2400480
2400480
2400480
2400480
2400480
2400480
2400480
2400480
2400480
2400480
2400480
2400480
2400480
2400480
2400480
2400480
2400480
2400480
2400480
2400480
2400480
2400480
2400480
2400480
2400480
2400480
2400480
2400480
2415483
2415483
2415483
2415483
2415483
2415483
2415483
2415483
2415483
2415483
2415483
2415483
2415483
2415483
2415483
2415483
2415483
2415483
2415483
2415483
2415483
2415483
2415483
2415483
2415483
2415483
2415483
2415483
2415483
2415483
2415483
2415483
2415483
2415483
2415483
2415483
2415483
2415483
2415483
2415483
2415483
2415483
2415483
2415483
2415483
2415483
2415483
2415483
2415483
2415483
2415483
2415483
2415483
2415483
2415483
2415483
2415483
2415483
2415483
2415483
2415483
2415483
2415483
2415483
2415483
2415483
2415483
2430486
2430486
2430486
2430486
2430486
2430486
2430486
2430486
2430486
2430486
2430486
2430486
2430486
2430486
2430486
2430486
2430486
2430486
2430486
2430486
2430486
2430486
2430486
2430486
2430486
2430486
2430486
2430486
2430486
2430486
2430486
2430486
2430486
2430486
2430486
2430486
2430486
2430486
2430486
2430486
2445489
2445489
2445489
2445489
2445489
2445489
2445489
2445489
2445489
2445489
2445489
2445489
2445489
2445489
2445489
2445489
2445489
2445489
2445489
2445489
2445489
2445489
2445489
2445489
2445489
2445489
2445489
2445489
2445489
2445489
2445489
2445489
2445489
2445489
2445489
2445489
2445489
2445489
2445489
2445489
2445489
2445489
2445489
2445489
2445489
2445489
2445489
2445489
2445489
2445489
2460492
2460492
2460492
2460492
2460492
2460492
2460492
2460492
2460492
2460492
2460492
2460492
2460492
2460492
2460492
2460492
2460492
2460492
2460492
2460492
2460492
2460492
2460492
2460492
2460492
2460492
2460492
2460492
2460492
2460492
2460492
2460492
2460492
2460492
2460492
2460492
2460492
2475495
2475495
2475495
2475495
2475495
2475495
2475495
2475495
2475495
2475495
2475495
2475495
2475495
2475495
2475495
2475495
2475495
2475495
2475495
2475495
2475495
2475495
2475495
2475495
2475495
2475495
2475495
2475495
2475495
2475495
2475495
2475495
2475495
2475495
2475495
2475495
2475495
2475495
2475495
2475495
2475495
2475495
2475495
2475495
2490498
2490498
2490498
2490498
2490498
2490498
2490498
2490498
2490498
2490498
2490498
2490498
2490498
2490498
2490498
2490498
2490498
2490498
2490498
2490498
2490498
2490498
2490498
2490498
2490498
2490498
2490498
2490498
2505501
2505501
2505501
2505501
2505501
2505501
2505501
2505501
2505501
2505501
2505501
2505501
2505501
2505501
2505501
2505501
2505501
2505501
2505501
2505501
2505501
2505501
2505501
2505501
2505501
2505501
2505501
2505501
2505501
2505501
2505501
2505501
2505501
2505501
2505501
2505501
2505501
2505501
2505501
2505501
2505501
2505501
2505501
2505501
2505501
2505501
2520504
2520504
2520504
2520504
2520504
2520504
2520504
2520504
2520504
2520504
2520504
2520504
2520504
2520504
2520504
2520504
2520504
2520504
2520504
2520504
2520504
2520504
2520504
2520504
2520504
2520504
2520504
2520504
2520504
2520504
2520504
2520504
2520504
2520504
2520504
2535507
2535507
2535507
2535507
2535507
2535507
2535507
2535507
2535507
2535507
2535507
2535507
2535507
2535507
2535507
2535507
2535507
2535507
2535507
2535507
2535507
2535507
2535507
2535507
2535507
2535507
2535507
2535507
2535507
2535507
2535507
2535507
2535507
2535507
2535507
2535507
2535507
2535507
2535507
2535507
2535507
2535507
2535507
2535507
2535507
2535507
2535507
2535507
2535507
2535507
2535507
2535507
2535507
2535507
2535507
2535507
2535507
2535507
2535507
2535507
2535507
2535507
2535507
2535507
2535507
2535507
2535507
2535507
2535507
2535507
2535507
2535507
2535507
2535507
2535507
2535507
2535507
2535507
2535507
2535507
2535507
2535507
2535507
2535507
2535507
2535507
2535507
2535507
2535507
2535507
2535507
2535507
2535507
2535507
2535507
2535507
2550510
2550510
2550510
2550510
2550510
2550510
2550510
2550510
2550510
2550510
2550510
2550510
2550510
2550510
2550510
2550510
2550510
2550510
2550510
2550510
2550510
2550510
2550510
2550510
2550510
2550510
2550510
2550510
2550510
2550510
2550510
2550510
2550510
2550510
2550510
2550510
2550510
2550510
2550510
2550510
2550510
2550510
2550510
2550510
2550510
2550510
2550510
2550510
2550510
2550510
2550510
2550510
2565513
2565513
2565513
2565513
2565513
2565513
2565513
2565513
2565513
2565513
2565513
2565513
2565513
2565513
2565513
2565513
2565513
2565513
2565513
2565513
2565513
2565513
2565513
2565513
2565513
2565513
2565513
2565513
2565513
2565513
2565513
2565513
2565513
2565513
2565513
2565513
2565513
2565513
2565513
2565513
2565513
2565513
2565513
2565513
2565513
2565513
2565513
2565513
2565513
2565513
2565513
2565513
2565513
2565513
2565513
2565513
2565513
2565513
2565513
2565513
2565513
2565513
2565513
2565513
2565513
2565513
2565513
2565513
2565513
2565513
2580516
2580516
2580516
2580516
2580516
2580516
2580516
2580516
2580516
2580516
2580516
2580516
2580516
2580516
2580516
2580516
2580516
2580516
2580516
2580516
2580516
2580516
2580516
2580516
2580516
2580516
2580516
2580516
2595519
2595519
2595519
2595519
2595519
2595519
2595519
2595519
2595519
2595519
2595519
2595519
2595519
2595519
2595519
2595519
2595519
2595519
2595519
2595519
2595519
2595519
2595519
2595519
2595519
2595519
2595519
2595519
2595519
2595519
2595519
2595519
2595519
2595519
2595519
2595519
2595519
2595519
2595519
2595519
2595519
2595519
2595519
2595519
2595519
2610522
2610522
2610522
2610522
2610522
2610522
2610522
2610522
2610522
2610522
2610522
2610522
2610522
2610522
2610522
2610522
2610522
2610522
2610522
2610522
2610522
2610522
2610522
2610522
2610522
2610522
2610522
2610522
2610522
2610522
2610522
2610522
2610522
2610522
2610522
2610522
2610522
2610522
2610522
2610522
2610522
2610522
2610522
2610522
2610522
2610522
2610522
2610522
2610522
2610522
2610522
2610522
2610522
2610522
2610522
2610522
2610522
2610522
2610522
2610522
2610522
2610522
2625525
2625525
2625525
2625525
2625525
2625525
2625525
2625525
2625525
2625525
2625525
2625525
2625525
2625525
2625525
2625525
2625525
2625525
2625525
2625525
2625525
2625525
2625525
2625525
2625525
2625525
2625525
2625525
2625525
2625525
2625525
2625525
2625525
2625525
2625525
2625525
2625525
2625525
2625525
2625525
2625525
2625525
2625525
2625525
2625525
2625525
2625525
2625525
2625525
2625525
2625525
2625525
2625525
2625525
2625525
2625525
2625525
2625525
2625525
2625525
2640528
2640528
2640528
2640528
2640528
2640528
2640528
2640528
2640528
2640528
2640528
2640528
2640528
2640528
2640528
2640528
2640528
2655531
2655531
2655531
2655531
2655531
2655531
2655531
2655531
2655531
2655531
2655531
2655531
2655531
2655531
2655531
2655531
2655531
2655531
2655531
2655531
2655531
2655531
2655531
2655531
2655531
2655531
2655531
2655531
2670534
2670534
2670534
2670534
2670534
2670534
2670534
2670534
2670534
2670534
2670534
2670534
2670534
2670534
2670534
2670534
2670534
2670534
2670534
2670534
2670534
2670534
2670534
2670534
2670534
2670534
2685537
2685537
2685537
2685537
2685537
2685537
2685537
2685537
2685537
2685537
2685537
2685537
2685537
2685537
2685537
2685537
2685537
2685537
2685537
2685537
2685537
2685537
2685537
2685537
2685537
2685537
2685537
2685537
2685537
2685537
2685537
2685537
2685537
2685537
2685537
2685537
2685537
2685537
2685537
2685537
2685537
2685537
2685537
2685537
2685537
2685537
2685537
2685537
2685537
2685537
2685537
2685537
2685537
2685537
2685537
2685537
2685537
2685537
2685537
2685537
2685537
2685537
2685537
2685537
2685537
2685537
2685537
2685537
2700540
2700540
2700540
2700540
2700540
2700540
2700540
2700540
2700540
2700540
2700540
2700540
2700540
2700540
2700540
2700540
2700540
2700540
2700540
2700540
2700540
2700540
2700540
2700540
2700540
2700540
2700540
2700540
2700540
2700540
2700540
2700540
2700540
2700540
2700540
2700540
2700540
2700540
2700540
2700540
2700540
2700540
2700540
2700540
2700540
2700540
2700540
2700540
2700540
2700540
2700540
2715543
2715543
2715543
2715543
2715543
2715543
2715543
2715543
2715543
2715543
2715543
2715543
2715543
2715543
2715543
2715543
2715543
2715543
2715543
2715543
2715543
2730546
2730546
2730546
2730546
2730546
2730546
2730546
2730546
2730546
2730546
2730546
2730546
2730546
2730546
2730546
2730546
2730546
2730546
2730546
2730546
2730546
2730546
2730546
2730546
2730546
2730546
2730546
2730546
2730546
2730546
2730546
2730546
2730546
2730546
2730546
2730546
2730546
2745549
2745549
2745549
2745549
2745549
2745549
2745549
2745549
2745549
2745549
2745549
2745549
2745549
2745549
2745549
2745549
2745549
2745549
2745549
2745549
2745549
2745549
2745549
2745549
2745549
2745549
2745549
2745549
2745549
2745549
2745549
2745549
2745549
2745549
2745549
2745549
2745549
2745549
2745549
2745549
2745549
2745549
2745549
2745549
2745549
2745549
2745549
2745549
2745549
2745549
2745549
2745549
2745549
2745549
2745549
2760552
2760552
2760552
2760552
2760552
2760552
2760552
2760552
2760552
2760552
2760552
2760552
2760552
2760552
2760552
2760552
2760552
2760552
2760552
2760552
2760552
2760552
2760552
2760552
2760552
2760552
2760552
2760552
2760552
2760552
2760552
2760552
2760552
2760552
2760552
2760552
2760552
2760552
2760552
2760552
2760552
2760552
2760552
2760552
2760552
2760552
2760552
2760552
2760552
2760552
2760552
2760552
2775555
2775555
2775555
2775555
2775555
2775555
2775555
2775555
2775555
2775555
2775555
2775555
2775555
2775555
2775555
2775555
2775555
2775555
2775555
2775555
2775555
2775555
2775555
2775555
2775555
2790558
2790558
2790558
2790558
2790558
2790558
2790558
2790558
2790558
2790558
2790558
2790558
2790558
2790558
2790558
2790558
2790558
2790558
2790558
2790558
2790558
2790558
2790558
2790558
2790558
2790558
2790558
2790558
2790558
2790558
2790558
2790558
2790558
2790558
2790558
2790558
2790558
2790558
2790558
2790558
2790558
2790558
2790558
2790558
2790558
2790558
2790558
2790558
2790558
2790558
2790558
2790558
2790558
2790558
2790558
2790558
2790558
2790558
2790558
2790558
2790558
2790558
2790558
2790558
2790558
2790558
2805561
2805561
2805561
2805561
2805561
2805561
2805561
2805561
2805561
2805561
2805561
2805561
2805561
2805561
2805561
2805561
2805561
2805561
2805561
2805561
2805561
2805561
2805561
2805561
2805561
2805561
2805561
2805561
2805561
2805561
2805561
2805561
2805561
2805561
2805561
2805561
2805561
2805561
2805561
2805561
2820564
2820564
2820564
2820564
2820564
2820564
2820564
2820564
2820564
2820564
2820564
2820564
2820564
2820564
2820564
2820564
2820564
2820564
2820564
2820564
2820564
2820564
2820564
2820564
2820564
2820564
2820564
2820564
2820564
2820564
2820564
2820564
2820564
2820564
2835567
2835567
2835567
2835567
2835567
2835567
2835567
2835567
2835567
2835567
2835567
2835567
2835567
2835567
2835567
2835567
2835567
2835567
2835567
2835567
2835567
2835567
2835567
2835567
2835567
2835567
2835567
2835567
2835567
2835567
2835567
2835567
2835567
2835567
2835567
2835567
2835567
2835567
2835567
2835567
2835567
2835567
2835567
2835567
2835567
2835567
2835567
2835567
2835567
2835567
2835567
2850570
2850570
2850570
2850570
2850570
2850570
2850570
2850570
2850570
2850570
2850570
2850570
2850570
2850570
2850570
2850570
2850570
2850570
2850570
2850570
2850570
2850570
2850570
2850570
2850570
2850570
2850570
2850570
2850570
2850570
2850570
2850570
2850570
2850570
2850570
2850570
2850570
2850570
2850570
2850570
2850570
2850570
2850570
2850570
2850570
2850570
2865573
2865573
2865573
2865573
2865573
2865573
2865573
2865573
2865573
2865573
2865573
2865573
2865573
2865573
2865573
2865573
2865573
2865573
2865573
2865573
2865573
2865573
2865573
2865573
2880576
2880576
2880576
2880576
2880576
2880576
2880576
2880576
2880576
2880576
2880576
2880576
2880576
2880576
2880576
2880576
2880576
2880576
2880576
2880576
2880576
2880576
2880576
2880576
2895579
2895579
2895579
2895579
2895579
2895579
2895579
2895579
2895579
2895579
2895579
2895579
2895579
2895579
2895579
2895579
2895579
2895579
2895579
2895579
2895579
2895579
2895579
2895579
2895579
2895579
2895579
2895579
2895579
2895579
2895579
2895579
2895579
2895579
2895579
2895579
2895579
2895579
2895579
2895579
2895579
2895579
2895579
2895579
2895579
2895579
2895579
2895579
2895579
2895579
2895579
2895579
2895579
2895579
2895579
2895579
2895579
2895579
2895579
2895579
2895579
2895579
2895579
2895579
2895579
2910582
2910582
2910582
2910582
2910582
2910582
2910582
2910582
2910582
2910582
2910582
2910582
2910582
2910582
2910582
2910582
2910582
2910582
2910582
2910582
2910582
2910582
2910582
2910582
2910582
2910582
2910582
2910582
2910582
2910582
2910582
2910582
2910582
2910582
2910582
2910582
2910582
2910582
2910582
2910582
2925585
2925585
2925585
2925585
2925585
2925585
2925585
2925585
2925585
2925585
2925585
2925585
2925585
2925585
2925585
2925585
2925585
2925585
2925585
2925585
2925585
2925585
2925585
2925585
2925585
2925585
2925585
2925585
2925585
2925585
2925585
2925585
2925585
2925585
2925585
2925585
2925585
2925585
2925585
2925585
2925585
2925585
2925585
2925585
2925585
2925585
2925585
2925585
2925585
2925585
2925585
2925585
2925585
2925585
2925585
2925585
2925585
2925585
2925585
2925585
2925585
2925585
2925585
2925585
2925585
2925585
2925585
2925585
2925585
2925585
2925585
2925585
2925585
2925585
2925585
2940588
2940588
2940588
2940588
2940588
2940588
2940588
2940588
2940588
2940588
2940588
2940588
2940588
2940588
2940588
2940588
2940588
2940588
2940588
2940588
2940588
2940588
2940588
2940588
2940588
2940588
2940588
2940588
2940588
2940588
2940588
2940588
2940588
2940588
2940588
2940588
2940588
2940588
2940588
2940588
2940588
2940588
2940588
2940588
2940588
2940588
2940588
2940588
2940588
2940588
2940588
2940588
2940588
2940588
2940588
2940588
2940588
2940588
2940588
2940588
2940588
2940588
2940588
2940588
2940588
2940588
2940588
2955591
2955591
2955591
2955591
2955591
2955591
2955591
2955591
2955591
2955591
2955591
2955591
2955591
2955591
2955591
2955591
2955591
2955591
2955591
2955591
2955591
2955591
2955591
2955591
2955591
2955591
2955591
2955591
2955591
2955591
2955591
2955591
2955591
2955591
2955591
2955591
2955591
2955591
2955591
2955591
2955591
2955591
2955591
2955591
2955591
2955591
2955591
2955591
2955591
2955591
2955591
2955591
2955591
2955591
2955591
2955591
2955591
2955591
2955591
2955591
2955591
2955591
2955591
2955591
2955591
2955591
2955591
2955591
2955591
2955591
2955591
2955591
2955591
2955591
2955591
2955591
2955591
2955591
2955591
2955591
2955591
2955591
2955591
2955591
2970594
2970594
2970594
2970594
2970594
2970594
2970594
2970594
2970594
2970594
2970594
2970594
2970594
2970594
2970594
2970594
2970594
2970594
2970594
2970594
2970594
2970594
2970594
2970594
2970594
2970594
2970594
2970594
2970594
2970594
2985597
2985597
2985597
2985597
2985597
2985597
2985597
2985597
2985597
2985597
2985597
2985597
2985597
2985597
2985597
2985597
2985597
2985597
2985597
2985597
2985597
2985597
2985597
2985597
2985597
2985597
2985597
2985597
2985597
2985597
2985597
2985597
2985597
2985597
2985597
2985597
2985597
2985597
2985597
2985597
2985597
2985597
2985597
2985597
2985597
2985597
2985597
2985597
3000600
3000600
3000600
3000600
3000600
3000600
3000600
3000600
3000600
3000600
3000600
3000600
3000600
3000600
3000600
3000600
3000600
3000600
3000600
3000600
3000600
3000600
3000600
3000600
3000600
3000600
3000600
3000600
3000600
3000600
3000600
3000600
3000600
3000600
3000600
3000600
3000600
3000600
3000600
3000600
3000600
3000600
3000600
3000600
3000600
3000600
3000600
3000600
3000600
3000600
3000600
3000600
3000600
3000600
3000600
3000600
3000600
3000600
3015603
3015603
3015603
3015603
3015603
3015603
3015603
3015603
3015603
3015603
3015603
3015603
3015603
3015603
3015603
3015603
3015603
3015603
3015603
3015603
3015603
3015603
3015603
3015603
3015603
3015603
3015603
3015603
3015603
3015603
3015603
3015603
3015603
3015603
3015603
3015603
3015603
3015603
3015603
3015603
3015603
3015603
3015603
3015603
3015603
3015603
3015603
3015603
3015603
3015603
3015603
3015603
3015603
3015603
3015603
3015603
3015603
3015603
3015603
3015603
3015603
3015603
3015603
3015603
3015603
3015603
3015603
3015603
3015603
3015603
3015603
3015603
3015603
3015603
3015603
3015603
3015603
3015603
3015603
3015603
3015603
3015603
3030606
3030606
3030606
3030606
3030606
3030606
3030606
3030606
3030606
3030606
3030606
3030606
3030606
3030606
3030606
3030606
3030606
3030606
3030606
3030606
3030606
3030606
3030606
3030606
3030606
3030606
3030606
3030606
3030606
3030606
3030606
3030606
3030606
3030606
3030606
3030606
3030606
3030606
3030606
3030606
3030606
3030606
3030606
3030606
3030606
3030606
3030606
3030606
3030606
3030606
3030606
3030606
3030606
3030606
3030606
3030606
3030606
3030606
3030606
3030606
3030606
3030606
3030606
3030606
3030606
3030606
3030606
3030606
3045609
3045609
3045609
3045609
3045609
3045609
3045609
3045609
3045609
3045609
3045609
3045609
3045609
3045609
3045609
3045609
3045609
3045609
3045609
3045609
3045609
3045609
3045609
3045609
3045609
3045609
3045609
3045609
3045609
3045609
3045609
3045609
3045609
3045609
3045609
3045609
3045609
3045609
3045609
3045609
3045609
3045609
3045609
3045609
3045609
3045609
3045609
3045609
3045609
3045609
3045609
3045609
3045609
3045609
3045609
3045609
3045609
3045609
3045609
3045609
3045609
3045609
3045609
3045609
3045609
3045609
3045609
3045609
3045609
3045609
3045609
3045609
3045609
3045609
3045609
3045609
3045609
3045609
3045609
3045609
3045609
3045609
3045609
3045609
3045609
3045609
3045609
3045609
3045609
3045609
3045609
3045609
3045609
3045609
3045609
3060612
3060612
3060612
3060612
3060612
3060612
3060612
3060612
3060612
3060612
3060612
3060612
3060612
3060612
3060612
3060612
3060612
3060612
3060612
3060612
3060612
3060612
3060612
3060612
3060612
3060612
3060612
3060612
3060612
3060612
3060612
3060612
3060612
3060612
3060612
3060612
3060612
3060612
3060612
3060612
3060612
3060612
3060612
3060612
3060612
3060612
3060612
3060612
3060612
3060612
3060612
3075615
3075615
3075615
3075615
3075615
3075615
3075615
3075615
3075615
3075615
3075615
3075615
3075615
3075615
3075615
3075615
3075615
3075615
3075615
3075615
3075615
3075615
3075615
3075615
3075615
3075615
3075615
3075615
3075615
3075615
3075615
3075615
3075615
3075615
3075615
3075615
3075615
3075615
3075615
3075615
3075615
3075615
3075615
3075615
3075615
3075615
3075615
3075615
3090618
3090618
3090618
3090618
3090618
3090618
3090618
3090618
3090618
3090618
3090618
3090618
3090618
3090618
3090618
3090618
3090618
3090618
3090618
3090618
3090618
3090618
3090618
3090618
3090618
3090618
3090618
3090618
3090618
3090618
3090618
3090618
3090618
3090618
3090618
3090618
3090618
3090618
3090618
3090618
3090618
3090618
3090618
3090618
3090618
3090618
3090618
3090618
3090618
3090618
3105621
3105621
3105621
3105621
3105621
3105621
3105621
3105621
3105621
3105621
3105621
3105621
3105621
3105621
3105621
3105621
3105621
3105621
3105621
3105621
3105621
3105621
3105621
3105621
3105621
3105621
3105621
3105621
3105621
3105621
3105621
3105621
3105621
3105621
3105621
3105621
3105621
3105621
3105621
3105621
3105621
3105621
3105621
3105621
3105621
3105621
3105621
3105621
3105621
3105621
3105621
3105621
3105621
3105621
3105621
3105621
3105621
3105621
3120624
3120624
3120624
3120624
3120624
3120624
3120624
3120624
3120624
3120624
3120624
3120624
3120624
3120624
3120624
3120624
3120624
3120624
3120624
3120624
3120624
3120624
3120624
3120624
3120624
3120624
3120624
3120624
3120624
3120624
3120624
3120624
3120624
3120624
3120624
3120624
3120624
3120624
3120624
3120624
3120624
3120624
3120624
3120624
3120624
3120624
3120624
3120624
3120624
3120624
3120624
3120624
3120624
3120624
3120624
3120624
3120624
3120624
3120624
3120624
3120624
3120624
3120624
3120624
3120624
3120624
3120624
3120624
3120624
3120624
3120624
3120624
3120624
3120624
3120624
3120624
3120624
3120624
3120624
3120624
3120624
3120624
3120624
3120624
3120624
3120624
3120624
3120624
3120624
3120624
3120624
3120624
3120624
3120624
3135627
3135627
3135627
3135627
3135627
3135627
3135627
3135627
3135627
3135627
3135627
3135627
3135627
3135627
3135627
3135627
3135627
3135627
3135627
3135627
3135627
3135627
3135627
3135627
3135627
3135627
3135627
3135627
3135627
3135627
3135627
3135627
3135627
3135627
3135627
3135627
3135627
3135627
3135627
3135627
3135627
3135627
3135627
3135627
3135627
3135627
3135627
3135627
3135627
3135627
3135627
3150630
3150630
3150630
3150630
3150630
3150630
3150630
3150630
3150630
3150630
3150630
3150630
3150630
3150630
3150630
3150630
3150630
3150630
3150630
3150630
3150630
3150630
3150630
3150630
3150630
3150630
3150630
3150630
3150630
3150630
3150630
3150630
3150630
3150630
3150630
3150630
3150630
3150630
3150630
3150630
3150630
3150630
3150630
3150630
3150630
3150630
3150630
3150630
3150630
3150630
3150630
3150630
3150630
3150630
3150630
3150630
3150630
3150630
3150630
3150630
3150630
3150630
3150630
3150630
3150630
3150630
3150630
3150630
3150630
3150630
3150630
3150630
3150630
3165633
3165633
3165633
3165633
3165633
3165633
3165633
3165633
3165633
3165633
3165633
3165633
3165633
3165633
3165633
3165633
3165633
3165633
3165633
3165633
3165633
3165633
3165633
3165633
3165633
3165633
3165633
3165633
3165633
3165633
3165633
3165633
3165633
3165633
3165633
3165633
3165633
3165633
3165633
3165633
3165633
3165633
3165633
3165633
3165633
3165633
3180636
3180636
3180636
3180636
3180636
3180636
3180636
3180636
3180636
3180636
3180636
3180636
3180636
3180636
3180636
3180636
3180636
3180636
3180636
3180636
3180636
3180636
3180636
3180636
3180636
3180636
3180636
3180636
3180636
3180636
3180636
3180636
3180636
3180636
3180636
3180636
3180636
3180636
3180636
3180636
3180636
3180636
3180636
3180636
3180636
3180636
3180636
3180636
3180636
3180636
3180636
3180636
3180636
3180636
3180636
3180636
3180636
3180636
3180636
3180636
3180636
3180636
3180636
3180636
3180636
3180636
3180636
3180636
3180636
3180636
3180636
3180636
3180636
3180636
3180636
3180636
3195639
3195639
3195639
3195639
3195639
3195639
3195639
3195639
3195639
3195639
3195639
3195639
3195639
3195639
3195639
3195639
3195639
3195639
3195639
3195639
3195639
3195639
3195639
3195639
3195639
3195639
3195639
3195639
3195639
3195639
3195639
3195639
3195639
3195639
3195639
3195639
3195639
3195639
3195639
3195639
3210642
3210642
3210642
3210642
3210642
3210642
3210642
3210642
3210642
3210642
3210642
3210642
3210642
3210642
3210642
3210642
3210642
3210642
3210642
3210642
3210642
3210642
3210642
3210642
3210642
3210642
3210642
3210642
3210642
3210642
3210642
3210642
3210642
3210642
3210642
3210642
3210642
3210642
3210642
3210642
3210642
3210642
3210642
3210642
3210642
3210642
3210642
3210642
3210642
3210642
3210642
3210642
3210642
3210642
3210642
3210642
3225645
3225645
3225645
3225645
3225645
3225645
3225645
3225645
3225645
3225645
3225645
3225645
3225645
3225645
3225645
3225645
3225645
3225645
3225645
3225645
3225645
3225645
3225645
3225645
3225645
3225645
3225645
3225645
3225645
3225645
3225645
3225645
3225645
3225645
3225645
3225645
3225645
3225645
3225645
3225645
3225645
3225645
3225645
3225645
3225645
3225645
3225645
3225645
3225645
3225645
3225645
3240648
3240648
3240648
3240648
3240648
3240648
3240648
3240648
3240648
3240648
3240648
3240648
3240648
3240648
3240648
3240648
3240648
3240648
3240648
3240648
3240648
3240648
3240648
3240648
3240648
3240648
3240648
3240648
3240648
3240648
3240648
3240648
3240648
3240648
3240648
3240648
3240648
3240648
3240648
3240648
3240648
3240648
3240648
3240648
3240648
3240648
3240648
3240648
3240648
3240648
3240648
3240648
3240648
3240648
3240648
3240648
3240648
3240648
3255651
3255651
3255651
3255651
3255651
3255651
3255651
3255651
3255651
3255651
3255651
3255651
3255651
3255651
3255651
3255651
3255651
3255651
3255651
3255651
3255651
3255651
3255651
3255651
3255651
3255651
3255651
3255651
3255651
3255651
3255651
3255651
3255651
3255651
3255651
3255651
3255651
3255651
3255651
3255651
3255651
3255651
3255651
3255651
3255651
3255651
3255651
3255651
3270654
3270654
3270654
3270654
3270654
3270654
3270654
3270654
3270654
3270654
3270654
3270654
3270654
3270654
3270654
3270654
3270654
3270654
3270654
3270654
3270654
3270654
3270654
3270654
3270654
3270654
3270654
3270654
3270654
3270654
3270654
3270654
3270654
3270654
3270654
3270654
3270654
3270654
3270654
3270654
3270654
3270654
3270654
3270654
3270654
3270654
3270654
3270654
3285657
3285657
3285657
3285657
3285657
3285657
3285657
3285657
3285657
3285657
3285657
3285657
3285657
3285657
3285657
3285657
3285657
3285657
3285657
3285657
3285657
3285657
3285657
3285657
3285657
3285657
3285657
3285657
3285657
3285657
3285657
3285657
3285657
3285657
3285657
3285657
3285657
3285657
3285657
3285657
3285657
3285657
3285657
3285657
3285657
3285657
3285657
3285657
3285657
3285657
3285657
3285657
3285657
3285657
3285657
3285657
3300660
3300660
3300660
3300660
3300660
3300660
3300660
3300660
3300660
3300660
3300660
3300660
3300660
3300660
3300660
3300660
3300660
3300660
3300660
3300660
3300660
3300660
3300660
3300660
3300660
3300660
3300660
3300660
3300660
3300660
3300660
3300660
3300660
3315663
3315663
3315663
3315663
3315663
3315663
3315663
3315663
3315663
3315663
3315663
3315663
3315663
3315663
3315663
3315663
3315663
3315663
3315663
3315663
3315663
3315663
3315663
3315663
3315663
3315663
3315663
3315663
3315663
3315663
3315663
3315663
3315663
3315663
3315663
3315663
3315663
3315663
3315663
3315663
3315663
3315663
3315663
3315663
3315663
3315663
3315663
3315663
3315663
3315663
3315663
3315663
3315663
3315663
3330666
3330666
3330666
3330666
3330666
3330666
3330666
3330666
3330666
3330666
3330666
3330666
3330666
3330666
3330666
3330666
3330666
3330666
3330666
3330666
3330666
3330666
3330666
3330666
3330666
3330666
3330666
3330666
3330666
3330666
3330666
3330666
3330666
3330666
3330666
3330666
3330666
3330666
3330666
3330666
3330666
3330666
3330666
3330666
3330666
3330666
3330666
3330666
3345669
3345669
3345669
3345669
3345669
3345669
3345669
3345669
3345669
3345669
3345669
3345669
3345669
3345669
3345669
3345669
3345669
3345669
3345669
3345669
3345669
3345669
3345669
3345669
3345669
3345669
3345669
3345669
3345669
3345669
3345669
3345669
3345669
3345669
3345669
3345669
3345669
3345669
3345669
3345669
3345669
3345669
3345669
3345669
3345669
3345669
3360672
3360672
3360672
3360672
3360672
3360672
3360672
3360672
3360672
3360672
3360672
3360672
3360672
3360672
3360672
3360672
3360672
3360672
3360672
3360672
3360672
3360672
3360672
3360672
3360672
3360672
3360672
3360672
3360672
3360672
3360672
3360672
3360672
3360672
3360672
3360672
3360672
3360672
3360672
3360672
3360672
3360672
3360672
3360672
3360672
3360672
3360672
3360672
3360672
3360672
3360672
3360672
3360672
3360672
3360672
3360672
3360672
3360672
3360672
3360672
3375675
3375675
3375675
3375675
3375675
3375675
3375675
3375675
3375675
3375675
3375675
3375675
3375675
3375675
3375675
3375675
3375675
3375675
3375675
3375675
3375675
3375675
3375675
3375675
3375675
3375675
3375675
3375675
3375675
3375675
3375675
3375675
3375675
3375675
3375675
3375675
3375675
3375675
3390678
3390678
3390678
3390678
3390678
3390678
3390678
3390678
3390678
3390678
3390678
3390678
3390678
3390678
3390678
3390678
3390678
3390678
3390678
3390678
3390678
3390678
3390678
3390678
3390678
3390678
3390678
3390678
3390678
3390678
3390678
3390678
3390678
3390678
3390678
3390678
3390678
3390678
3390678
3390678
3390678
3390678
3390678
3390678
3390678
3390678
3390678
3390678
3390678
3390678
3390678
3390678
3390678
3390678
3390678
3390678
3390678
3390678
3390678
3390678
3390678
3390678
3390678
3390678
3390678
3390678
3390678
3390678
3390678
3390678
3405681
3405681
3405681
3405681
3405681
3405681
3405681
3405681
3405681
3405681
3405681
3405681
3405681
3405681
3405681
3405681
3405681
3405681
3405681
3405681
3405681
3405681
3405681
3405681
3405681
3405681
3405681
3405681
3405681
3405681
3405681
3405681
3405681
3405681
3405681
3405681
3405681
3405681
3405681
3405681
3405681
3405681
3405681
3405681
3405681
3405681
3405681
3420684
3420684
3420684
3420684
3420684
3420684
3420684
3420684
3420684
3420684
3420684
3420684
3420684
3420684
3420684
3420684
3420684
3420684
3420684
3420684
3420684
3420684
3420684
3420684
3420684
3420684
3420684
3420684
3420684
3420684
3420684
3420684
3420684
3420684
3420684
3420684
3420684
3420684
3420684
3420684
3420684
3420684
3420684
3420684
3420684
3420684
3420684
3420684
3420684
3420684
3420684
3420684
3420684
3420684
3420684
3420684
3420684
3420684
3420684
3420684
3420684
3420684
3420684
3420684
3420684
3420684
3435687
3435687
3435687
3435687
3435687
3435687
3435687
3435687
3435687
3435687
3435687
3435687
3435687
3435687
3435687
3435687
3435687
3435687
3435687
3435687
3435687
3435687
3435687
3435687
3435687
3435687
3435687
3435687
3435687
3435687
3435687
3435687
3435687
3435687
3435687
3435687
3435687
3435687
3435687
3435687
3435687
3435687
3435687
3435687
3435687
3435687
3435687
3435687
3435687
3435687
3435687
3435687
3435687
3435687
3435687
3435687
3435687
3435687
3435687
3435687
3450690
3450690
3450690
3450690
3450690
3450690
3450690
3450690
3450690
3450690
3450690
3450690
3450690
3450690
3450690
3450690
3450690
3450690
3450690
3450690
3450690
3450690
3450690
3450690
3450690
3450690
3450690
3450690
3450690
3450690
3450690
3450690
3450690
3450690
3450690
3450690
3450690
3450690
3450690
3450690
3450690
3450690
3465693
3465693
3465693
3465693
3465693
3465693
3465693
3465693
3465693
3465693
3465693
3465693
3465693
3465693
3465693
3465693
3465693
3465693
3465693
3465693
3465693
3465693
3465693
3465693
3465693
3465693
3465693
3465693
3465693
3465693
3465693
3480696
3480696
3480696
3480696
3480696
3480696
3480696
3480696
3480696
3480696
3480696
3480696
3480696
3480696
3480696
3480696
3480696
3480696
3480696
3480696
3480696
3480696
3480696
3480696
3480696
3480696
3480696
3480696
3480696
3480696
3480696
3480696
3480696
3480696
3480696
3480696
3480696
3480696
3480696
3480696
3480696
3480696
3480696
3480696
3480696
3480696
3480696
3480696
3480696
3480696
3480696
3480696
3480696
3480696
3480696
3480696
3480696
3480696
3480696
3480696
3480696
3480696
3480696
3480696
3480696
3480696
3480696
3480696
3480696
3480696
3480696
3480696
3495699
3495699
3495699
3495699
3495699
3495699
3495699
3495699
3495699
3495699
3495699
3495699
3495699
3495699
3495699
3495699
3495699
3495699
3495699
3495699
3495699
3495699
3495699
3495699
3495699
3495699
3495699
3495699
3495699
3495699
3495699
3510702
3510702
3510702
3510702
3510702
3510702
3510702
3510702
3510702
3510702
3510702
3510702
3510702
3510702
3510702
3510702
3510702
3510702
3510702
3510702
3510702
3510702
3510702
3510702
3510702
3510702
3510702
3510702
3510702
3510702
3510702
3510702
3510702
3510702
3510702
3510702
3510702
3510702
3510702
3510702
3510702
3510702
3510702
3510702
3525705
3525705
3525705
3525705
3525705
3525705
3525705
3525705
3525705
3525705
3525705
3525705
3525705
3525705
3525705
3525705
3525705
3525705
3525705
3525705
3525705
3525705
3525705
3525705
3525705
3525705
3525705
3525705
3525705
3525705
3525705
3525705
3525705
3525705
3525705
3525705
3525705
3525705
3525705
3525705
3540708
3540708
3540708
3540708
3540708
3540708
3540708
3540708
3540708
3540708
3540708
3540708
3540708
3540708
3540708
3540708
3540708
3540708
3540708
3540708
3540708
3540708
3540708
3540708
3540708
3540708
3540708
3540708
3540708
3540708
3540708
3540708
3540708
3540708
3540708
3540708
3540708
3540708
3540708
3540708
3540708
3540708
3540708
3540708
3540708
3540708
3540708
3540708
3540708
3540708
3540708
3540708
3540708
3540708
3540708
3540708
3540708
3540708
3540708
3540708
3540708
3540708
3540708
3540708
3540708
3540708
3540708
3540708
3540708
3540708
3540708
3540708
3540708
3540708
3540708
3540708
3540708
3540708
3540708
3540708
3540708
3540708
3540708
3555711
3555711
3555711
3555711
3555711
3555711
3555711
3555711
3555711
3555711
3555711
3555711
3555711
3555711
3555711
3555711
3555711
3555711
3555711
3555711
3555711
3555711
3555711
3555711
3555711
3555711
3555711
3555711
3555711
3555711
3555711
3555711
3555711
3555711
3555711
3555711
3555711
3555711
3555711
3555711
3555711
3555711
3555711
3555711
3555711
3555711
3555711
3555711
3570714
3570714
3570714
3570714
3570714
3570714
3570714
3570714
3570714
3570714
3570714
3570714
3570714
3570714
3570714
3570714
3570714
3570714
3570714
3570714
3570714
3570714
3570714
3570714
3570714
3570714
3570714
3570714
3570714
3570714
3570714
3570714
3570714
3570714
3570714
3570714
3570714
3570714
3570714
3570714
3570714
3570714
3570714
3570714
3570714
3570714
3570714
3570714
3570714
3570714
3570714
3570714
3570714
3570714
3570714
3570714
3570714
3570714
3570714
3570714
3570714
3570714
3570714
3570714
3570714
3570714
3570714
3570714
3570714
3570714
3570714
3570714
3570714
3570714
3570714
3570714
3570714
3570714
3570714
3570714
3570714
3570714
3570714
3570714
3570714
3570714
3570714
3585717
3585717
3585717
3585717
3585717
3585717
3585717
3585717
3585717
3585717
3585717
3585717
3585717
3585717
3585717
3585717
3585717
3585717
3585717
3585717
3585717
3585717
3585717
3585717
3585717
3585717
3585717
3585717
3585717
3585717
3600720
3600720
3600720
3600720
3600720
3600720
3600720
3600720
3600720
3600720
3600720
3600720
3600720
3600720
3600720
3600720
3600720
3600720
3600720
3600720
3600720
3600720
3600720
3600720
3600720
3600720
3600720
3600720
3600720
3600720
3600720
3600720
3615723
3615723
3615723
3615723
3615723
3615723
3615723
3615723
3615723
3615723
3615723
3615723
3615723
3615723
3615723
3615723
3615723
3615723
3615723
3615723
3615723
3615723
3615723
3615723
3615723
3615723
3615723
3615723
3615723
3615723
3615723
3615723
3615723
3615723
3615723
3615723
3615723
3615723
3615723
3615723
3615723
3615723
3615723
3615723
3615723
3630726
3630726
3630726
3630726
3630726
3630726
3630726
3630726
3630726
3630726
3630726
3630726
3630726
3630726
3630726
3630726
3630726
3630726
3630726
3630726
3630726
3630726
3630726
3630726
3630726
3630726
3630726
3630726
3630726
3630726
3630726
3630726
3630726
3630726
3630726
3645729
3645729
3645729
3645729
3645729
3645729
3645729
3645729
3645729
3645729
3645729
3645729
3645729
3645729
3645729
3645729
3645729
3645729
3645729
3645729
3645729
3645729
3645729
3645729
3645729
3645729
3645729
3645729
3645729
3645729
3645729
3645729
3645729
3645729
3645729
3645729
3645729
3645729
3660732
3660732
3660732
3660732
3660732
3660732
3660732
3660732
3660732
3660732
3660732
3660732
3660732
3660732
3660732
3660732
3660732
3660732
3660732
3660732
3660732
3660732
3660732
3660732
3660732
3660732
3660732
3660732
3660732
3660732
3660732
3660732
3660732
3660732
3660732
3660732
3660732
3660732
3660732
3660732
3660732
3660732
3660732
3660732
3660732
3660732
3660732
3660732
3660732
3660732
3660732
3660732
3660732
3660732
3660732
3660732
3675735
3675735
3675735
3675735
3675735
3675735
3675735
3675735
3675735
3675735
3675735
3675735
3675735
3675735
3675735
3675735
3675735
3675735
3675735
3675735
3675735
3675735
3675735
3675735
3675735
3675735
3675735
3675735
3675735
3675735
3675735
3675735
3675735
3675735
3675735
3675735
3675735
3675735
3675735
3675735
3675735
3675735
3690738
3690738
3690738
3690738
3690738
3690738
3690738
3690738
3690738
3690738
3690738
3690738
3690738
3690738
3690738
3690738
3690738
3690738
3690738
3690738
3690738
3690738
3690738
3690738
3705741
3705741
3705741
3705741
3705741
3705741
3705741
3705741
3705741
3705741
3705741
3705741
3705741
3705741
3705741
3705741
3705741
3705741
3705741
3705741
3705741
3705741
3705741
3705741
3705741
3705741
3705741
3705741
3705741
3705741
3705741
3705741
3705741
3705741
3705741
3705741
3705741
3705741
3705741
3705741
3705741
3705741
3705741
3705741
3705741
3705741
3705741
3705741
3705741
3705741
3705741
3705741
3705741
3705741
3705741
3705741
3705741
3705741
3705741
3705741
3705741
3705741
3705741
3705741
3705741
3705741
3705741
3705741
3705741
3705741
3705741
3705741
3705741
3705741
3705741
3705741
3705741
3705741
3705741
3705741
3705741
3705741
3705741
3705741
3705741
3705741
3705741
3705741
3705741
3705741
3705741
3705741
3705741
3705741
3705741
3705741
3705741
3705741
3705741
3705741
3705741
3705741
3705741
3705741
3705741
3705741
3705741
3705741
3705741
3705741
3720744
3720744
3720744
3720744
3720744
3720744
3720744
3720744
3720744
3720744
3720744
3720744
3720744
3720744
3720744
3720744
3720744
3720744
3720744
3720744
3720744
3720744
3720744
3720744
3720744
3720744
3720744
3720744
3720744
3720744
3720744
3720744
3720744
3720744
3720744
3720744
3720744
3720744
3720744
3720744
3720744
3720744
3720744
3720744
3720744
3720744
3735747
3735747
3735747
3735747
3735747
3735747
3735747
3735747
3735747
3735747
3735747
3735747
3735747
3735747
3735747
3735747
3735747
3735747
3735747
3735747
3735747
3735747
3735747
3735747
3735747
3735747
3735747
3735747
3735747
3735747
3735747
3735747
3735747
3735747
3750750
3750750
3750750
3750750
3750750
3750750
3750750
3750750
3750750
3750750
3750750
3750750
3750750
3750750
3750750
3750750
3750750
3750750
3750750
3750750
3750750
3750750
3750750
3750750
3750750
3765753
3765753
3765753
3765753
3765753
3765753
3765753
3765753
3765753
3765753
3765753
3765753
3765753
3765753
3765753
3765753
3765753
3765753
3765753
3765753
3765753
3765753
3765753
3765753
3765753
3765753
3765753
3765753
3765753
3765753
3765753
3765753
3765753
3765753
3765753
3765753
3765753
3765753
3765753
3765753
3765753
3765753
3765753
3765753
3765753
3765753
3765753
3765753
3765753
3765753
3765753
3765753
3765753
3765753
3765753
3765753
3765753
3765753
3765753
3765753
3765753
3765753
3765753
3765753
3765753
3765753
3765753
3765753
3765753
3765753
3765753
3765753
3765753
3765753
3765753
3765753
3765753
3765753
3765753
3765753
3765753
3765753
3765753
3765753
3765753
3765753
3765753
3765753
3765753
3765753
3765753
3765753
3765753
3765753
3765753
3765753
3765753
3765753
3765753
3765753
3765753
3765753
3765753
3765753
3765753
3765753
3765753
3765753
3765753
3765753
3765753
3765753
3765753
3765753
3765753
3765753
3765753
3765753
3765753
3765753
3765753
3765753
3765753
3765753
3765753
3765753
3765753
3765753
3765753
3765753
3780756
3780756
3780756
3780756
3780756
3780756
3780756
3780756
3780756
3780756
3780756
3780756
3780756
3780756
3780756
3780756
3780756
3780756
3780756
3780756
3780756
3780756
3780756
3780756
3780756
3780756
3780756
3780756
3780756
3780756
3780756
3780756
3780756
3780756
3780756
3780756
3780756
3780756
3780756
3780756
3780756
3780756
3780756
3780756
3780756
3780756
3780756
3780756
3780756
3780756
3780756
3780756
3780756
3780756
3795759
3795759
3795759
3795759
3795759
3795759
3795759
3795759
3795759
3795759
3795759
3795759
3795759
3795759
3795759
3795759
3795759
3795759
3795759
3795759
3795759
3795759
3795759
3795759
3795759
3795759
3795759
3795759
3795759
3795759
3810762
3810762
3810762
3810762
3810762
3810762
3810762
3810762
3810762
3810762
3810762
3810762
3810762
3810762
3810762
3810762
3810762
3810762
3810762
3810762
3810762
3810762
3810762
3810762
3810762
3810762
3810762
3810762
3810762
3810762
3810762
3810762
3810762
3810762
3810762
3810762
3810762
3810762
3810762
3810762
3810762
3810762
3810762
3810762
3810762
3810762
3810762
3810762
3810762
3810762
3810762
3810762
3810762
3810762
3810762
3810762
3825765
3825765
3825765
3825765
3825765
3825765
3825765
3825765
3825765
3825765
3825765
3825765
3825765
3825765
3825765
3825765
3825765
3825765
3825765
3825765
3825765
3825765
3825765
3825765
3825765
3825765
3825765
3825765
3825765
3825765
3825765
3825765
3825765
3825765
3825765
3840768
3840768
3840768
3840768
3840768
3840768
3840768
3840768
3840768
3840768
3840768
3840768
3840768
3840768
3840768
3840768
3840768
3840768
3840768
3840768
3840768
3840768
3840768
3840768
3840768
3840768
3840768
3840768
3840768
3840768
3840768
3840768
3840768
3840768
3840768
3840768
3840768
3840768
3840768
3840768
3855771
3855771
3855771
3855771
3855771
3855771
3855771
3855771
3855771
3855771
3855771
3855771
3855771
3855771
3855771
3855771
3855771
3855771
3855771
3855771
3855771
3855771
3855771
3855771
3855771
3855771
3855771
3855771
3855771
3855771
3855771
3855771
3855771
3855771
3855771
3855771
3855771
3855771
3855771
3855771
3855771
3855771
3855771
3855771
3855771
3855771
3855771
3855771
3855771
3855771
3870774
3870774
3870774
3870774
3870774
3870774
3870774
3870774
3870774
3870774
3870774
3870774
3870774
3870774
3870774
3870774
3870774
3870774
3870774
3870774
3870774
3870774
3885777
3885777
3885777
3885777
3885777
3885777
3885777
3885777
3885777
3885777
3885777
3885777
3885777
3885777
3885777
3885777
3885777
3885777
3885777
3885777
3885777
3885777
3900780
3900780
3900780
3900780
3900780
3900780
3900780
3900780
3900780
3900780
3900780
3900780
3900780
3900780
3900780
3900780
3900780
3900780
3900780
3900780
3900780
3900780
3900780
3900780
3900780
3900780
3900780
3900780
3900780
3900780
3900780
3900780
3900780
3900780
3900780
3900780
3915783
3915783
3915783
3915783
3915783
3915783
3915783
3915783
3915783
3915783
3915783
3915783
3915783
3915783
3915783
3915783
3915783
3915783
3915783
3915783
3915783
3915783
3915783
3915783
3915783
3915783
3915783
3915783
3915783
3915783
3915783
3915783
3915783
3915783
3915783
3915783
3915783
3915783
3915783
3915783
3915783
3915783
3915783
3915783
3915783
3915783
3930786
3930786
3930786
3930786
3930786
3930786
3930786
3930786
3930786
3930786
3930786
3930786
3930786
3930786
3930786
3930786
3930786
3930786
3930786
3930786
3930786
3930786
3930786
3930786
3930786
3930786
3930786
3930786
3930786
3930786
3930786
3930786
3930786
3930786
3930786
3930786
3930786
3930786
3930786
3930786
3945789
3945789
3945789
3945789
3945789
3945789
3945789
3945789
3945789
3945789
3945789
3945789
3945789
3945789
3945789
3945789
3945789
3945789
3945789
3945789
3945789
3945789
3945789
3945789
3945789
3945789
3945789
3945789
3945789
3945789
3945789
3960792
3960792
3960792
3960792
3960792
3960792
3960792
3960792
3960792
3960792
3960792
3960792
3960792
3960792
3960792
3960792
3960792
3960792
3960792
3960792
3960792
3960792
3960792
3960792
3960792
3960792
3960792
3960792
3960792
3960792
3960792
3960792
3960792
3960792
3960792
3960792
3960792
3960792
3975795
3975795
3975795
3975795
3975795
3975795
3975795
3975795
3975795
3975795
3975795
3975795
3975795
3975795
3975795
3975795
3975795
3975795
3975795
3975795
3975795
3975795
3975795
3975795
3975795
3975795
3975795
3975795
3975795
3975795
3975795
3975795
3975795
3975795
3975795
3975795
3975795
3975795
3975795
3975795
3975795
3975795
3975795
3975795
3975795
3975795
3975795
3975795
3975795
3975795
3975795
3975795
3975795
3975795
3975795
3975795
3975795
3975795
3975795
3975795
3975795
3975795
3975795
3975795
3975795
3975795
3975795
3975795
3975795
3975795
3975795
3975795
3975795
3975795
3975795
3975795
3975795
3975795
3975795
3975795
3975795
3975795
3975795
3975795
3975795
3975795
3975795
3975795
3975795
3975795
3975795
3975795
3975795
3975795
3975795
3975795
3975795
3975795
3975795
3975795
3975795
3975795
3975795
3975795
3975795
3975795
3975795
3975795
3975795
3975795
3975795
3975795
3975795
3975795
3975795
3975795
3975795
3975795
3975795
3975795
3975795
3975795
3975795
3975795
3975795
3975795
3975795
3975795
3975795
3975795
3975795
3975795
3975795
3975795
3975795
3975795
3975795
3975795
3975795
3975795
3975795
3975795
3975795
3975795
3975795
3975795
3975795
3975795
3975795
3975795
3975795
3975795
3975795
3975795
3975795
3975795
3975795
3975795
3975795
3975795
3975795
3975795
3975795
3975795
3975795
3975795
3975795
3975795
3975795
3975795
3975795
3975795
3975795
3975795
3975795
3975795
3975795
3975795
3975795
3975795
3975795
3975795
3975795
3975795
3975795
3975795
3975795
3975795
3975795
3975795
3990798
3990798
3990798
3990798
3990798
3990798
3990798
3990798
3990798
3990798
3990798
3990798
3990798
3990798
3990798
3990798
3990798
3990798
3990798
3990798
3990798
3990798
3990798
3990798
3990798
3990798
3990798
3990798
3990798
3990798
3990798
3990798
3990798
3990798
3990798
3990798
3990798
3990798
3990798
3990798
3990798
3990798
3990798
3990798
3990798
3990798
3990798
3990798
3990798
3990798
3990798
3990798
3990798
3990798
3990798
3990798
3990798
3990798
3990798
3990798
3990798
3990798
3990798
3990798
3990798
3990798
3990798
3990798
3990798
3990798
3990798
3990798
3990798
3990798
3990798
3990798
3990798
3990798
3990798
3990798
3990798
3990798
3990798
3990798
3990798
3990798
4005801
4005801
4005801
4005801
4005801
4005801
4005801
4005801
4005801
4005801
4005801
4005801
4005801
4005801
4005801
4005801
4005801
4005801
4005801
4005801
4005801
4005801
4005801
4005801
4005801
4005801
4005801
4005801
4005801
4005801
4005801
4005801
4005801
4005801
4005801
4005801
4005801
4005801
4005801
4005801
4020804
4020804
4020804
4020804
4020804
4020804
4020804
4020804
4020804
4020804
4020804
4020804
4020804
4020804
4020804
4020804
4020804
4020804
4020804
4020804
4020804
4020804
4020804
4020804
4020804
4020804
4020804
4035807
4035807
4035807
4035807
4035807
4035807
4035807
4035807
4035807
4035807
4035807
4035807
4035807
4035807
4035807
4035807
4035807
4035807
4035807
4050810
4050810
4050810
4050810
4050810
4050810
4050810
4050810
4050810
4050810
4050810
4050810
4050810
4050810
4050810
4050810
4050810
4050810
4050810
4050810
4050810
4050810
4050810
4050810
4050810
4050810
4065813
4065813
4065813
4065813
4065813
4065813
4065813
4065813
4065813
4065813
4065813
4065813
4065813
4065813
4065813
4065813
4065813
4065813
4065813
4065813
4065813
4065813
4065813
4065813
4065813
4065813
4065813
4065813
4065813
4065813
4065813
4065813
4065813
4065813
4065813
4065813
4065813
4065813
4065813
4065813
4065813
4065813
4065813
4080816
4080816
4080816
4080816
4080816
4080816
4080816
4080816
4080816
4080816
4080816
4080816
4080816
4080816
4080816
4080816
4080816
4080816
4080816
4080816
4080816
4080816
4080816
4080816
4080816
4080816
4080816
4080816
4080816
4080816
4080816
4080816
4095819
4095819
4095819
4095819
4095819
4095819
4095819
4095819
4095819
4095819
4095819
4095819
4095819
4095819
4095819
4095819
4095819
4095819
4095819
4095819
4095819
4095819
4095819
4110822
4110822
4110822
4110822
4110822
4110822
4110822
4110822
4110822
4110822
4110822
4110822
4110822
4110822
4110822
4110822
4110822
4110822
4110822
4110822
4110822
4110822
4110822
4125825
4125825
4125825
4125825
4125825
4125825
4125825
4125825
4125825
4125825
4125825
4125825
4125825
4125825
4125825
4125825
4125825
4125825
4125825
4125825
4125825
4125825
4125825
4125825
4125825
4125825
4125825
4140828
4140828
4140828
4140828
4140828
4140828
4140828
4140828
4140828
4140828
4140828
4140828
4140828
4140828
4140828
4140828
4140828
4140828
4140828
4140828
4140828
4140828
4140828
4140828
4140828
4140828
4140828
4155831
4155831
4155831
4155831
4155831
4155831
4155831
4155831
4155831
4155831
4155831
4155831
4155831
4155831
4155831
4155831
4155831
4155831
4155831
4155831
4155831
4155831
4155831
4155831
4155831
4170834
4170834
4170834
4170834
4170834
4170834
4170834
4170834
4170834
4170834
4170834
4170834
4170834
4170834
4170834
4170834
4170834
4170834
4170834
4170834
4170834
4170834
4170834
4170834
4170834
4170834
4170834
4170834
4185837
4185837
4185837
4185837
4185837
4185837
4185837
4185837
4185837
4185837
4185837
4185837
4185837
4185837
4185837
4185837
4185837
4185837
4185837
4185837
4185837
4185837
4185837
4185837
4185837
4185837
4185837
4185837
4185837
4185837
4185837
4185837
4185837
4185837
4185837
4185837
4185837
4185837
4185837
4185837
4185837
4185837
4200840
4200840
4200840
4200840
4200840
4200840
4200840
4200840
4200840
4200840
4200840
4200840
4200840
4200840
4200840
4200840
4200840
4200840
4200840
4215843
4215843
4215843
4215843
4215843
4215843
4215843
4215843
4215843
4215843
4215843
4215843
4215843
4215843
4215843
4215843
4215843
4215843
4215843
4215843
4215843
4215843
4215843
4215843
4215843
4215843
4215843
4215843
4215843
4215843
4215843
4215843
4215843
4215843
4215843
4215843
4215843
4215843
4215843
4215843
4230846
4230846
4230846
4230846
4230846
4230846
4230846
4230846
4230846
4230846
4230846
4230846
4230846
4230846
4230846
4230846
4230846
4230846
4230846
4230846
4230846
4230846
4230846
4230846
4230846
4230846
4230846
4230846
4230846
4230846
4230846
4230846
4245849
4245849
4245849
4245849
4245849
4245849
4245849
4245849
4245849
4245849
4245849
4245849
4245849
4245849
4245849
4245849
4245849
4245849
4260852
4260852
4260852
4260852
4260852
4260852
4260852
4260852
4260852
4260852
4260852
4260852
4260852
4260852
4260852
4260852
4260852
4260852
4260852
4260852
4260852
4260852
4260852
4260852
4260852
4260852
4260852
4260852
4260852
4260852
4260852
4260852
4260852
4260852
4260852
4260852
4260852
4275855
4275855
4275855
4275855
4275855
4275855
4275855
4275855
4275855
4275855
4275855
4275855
4275855
4275855
4275855
4275855
4275855
4275855
4290858
4290858
4290858
4290858
4290858
4290858
4290858
4290858
4290858
4290858
4290858
4290858
4290858
4305861
4305861
4305861
4305861
4305861
4305861
4305861
4305861
4305861
4305861
4305861
4305861
4305861
4305861
4305861
4305861
4305861
4305861
4320864
4320864
4320864
4320864
4320864
4320864
4320864
4320864
4320864
4335867
4335867
4335867
4335867
4335867
4335867
4335867
4335867
4335867
4335867
4335867
4335867
4335867
4335867
4335867
4335867
4335867
4335867
4335867
4335867
4335867
4335867
4350870
4350870
4350870
4350870
4350870
4350870
4350870
4350870
4350870
4350870
4350870
4350870
4350870
4350870
4350870
4350870
4350870
4350870
4350870
4350870
4350870
4350870
4350870
4350870
4350870
4350870
4350870
4350870
4350870
4350870
4350870
4350870
4350870
4350870
4350870
4350870
4350870
4350870
4350870
4350870
4365873
4365873
4365873
4365873
4365873
4365873
4365873
4365873
4365873
4365873
4365873
4365873
4365873
4365873
4365873
4365873
4365873
4365873
4365873
4365873
4365873
4380876
4380876
4380876
4380876
4380876
4380876
4380876
4380876
4380876
4380876
4380876
4380876
4380876
4380876
4380876
4380876
4380876
4380876
4380876
4380876
4380876
4380876
4380876
4380876
4380876
4380876
4380876
4380876
4380876
4380876
4380876
4380876
4380876
4380876
4380876
4380876
4380876
4380876
4380876
4380876
4380876
4380876
4380876
4395879
4395879
4395879
4395879
4395879
4395879
4395879
4395879
4395879
4395879
4395879
4395879
4395879
4395879
4395879
4395879
4395879
4395879
4395879
4395879
4395879
4395879
4395879
4395879
4395879
4395879
4395879
4395879
4395879
4395879
4395879
4395879
4395879
4395879
4395879
4410882
4410882
4410882
4410882
4410882
4410882
4410882
4410882
4410882
4410882
4410882
4410882
4410882
4410882
4410882
4410882
4410882
4410882
4410882
4410882
4410882
4410882
4410882
4410882
4410882
4410882
4410882
4410882
4410882
4410882
4425885
4425885
4425885
4425885
4425885
4425885
4425885
4425885
4425885
4425885
4425885
4425885
4425885
4425885
4425885
4425885
4425885
4425885
4425885
4425885
4425885
4425885
4425885
4425885
4425885
4440888
4440888
4440888
4440888
4440888
4440888
4440888
4440888
4440888
4440888
4440888
4440888
4440888
4440888
4440888
4440888
4440888
4440888
4440888
4440888
4440888
4440888
4440888
4440888
4440888
4440888
4440888
4455891
4455891
4455891
4455891
4455891
4455891
4455891
4455891
4455891
4455891
4455891
4455891
4455891
4455891
4455891
4455891
4455891
4455891
4455891
4455891
4455891
4455891
4455891
4455891
4455891
4455891
4455891
4455891
4470894
4470894
4470894
4470894
4470894
4470894
4470894
4470894
4470894
4470894
4470894
4470894
4470894
4470894
4470894
4470894
4470894
4470894
4470894
4470894
4470894
4470894
4470894
4470894
4470894
4470894
4470894
4470894
4485897
4485897
4485897
4485897
4485897
4485897
4485897
4485897
4485897
4485897
4485897
4485897
4485897
4485897
4485897
4485897
4485897
4485897
4485897
4485897
4485897
4500900
4500900
4500900
4500900
4500900
4500900
4500900
4500900
4500900
4500900
4500900
4500900
4500900
4500900
4500900
4500900
4515903
4515903
4515903
4515903
4515903
4515903
4515903
4515903
4515903
4515903
4515903
4515903
4515903
4530906
4530906
4530906
4530906
4530906
4530906
4530906
4530906
4530906
4530906
4530906
4545909
4545909
4545909
4545909
4545909
4545909
4545909
4545909
4545909
4545909
4545909
4560912
4560912
4560912
4560912
4560912
4560912
4560912
4560912
4560912
4560912
4560912
4560912
4560912
4560912
4560912
4560912
4560912
4560912
4560912
4560912
4560912
4560912
4560912
4575915
4575915
4575915
4575915
4575915
4575915
4575915
4575915
4575915
4575915
4575915
4575915
4575915
4575915
4575915
4575915
4575915
4575915
4575915
4575915
4575915
4575915
4575915
4575915
4575915
4575915
4575915
4575915
4575915
4575915
4575915
4575915
4575915
4590918
4590918
4590918
4590918
4590918
4590918
4590918
4590918
4590918
4590918
4590918
4590918
4590918
4590918
4590918
4590918
4590918
4590918
4590918
4590918
4590918
4590918
4590918
4590918
4590918
4590918
4590918
4590918
4590918
4590918
4590918
4590918
4605921
4605921
4605921
4605921
4605921
4605921
4605921
4605921
4605921
4605921
4605921
4605921
4605921
4620924
4620924
4620924
4620924
4620924
4620924
4620924
4620924
4620924
4620924
4620924
4620924
4635927
4635927
4635927
4635927
4635927
4635927
4635927
4635927
4635927
4635927
4635927
4635927
4635927
4635927
4650930
4650930
4650930
4650930
4650930
4650930
4650930
4650930
4650930
4650930
4665933
4665933
4665933
4665933
4665933
4665933
4665933
4665933
4665933
4665933
4665933
4665933
4665933
4665933
4665933
4665933
4665933
4680936
4680936
4680936
4680936
4680936
4680936
4680936
4680936
4680936
4680936
4680936
4695939
4695939
4695939
4695939
4695939
4695939
4695939
4695939
4695939
4695939
4695939
4695939
4695939
4710942
4710942
4710942
4710942
4710942
4710942
4710942
4710942
4710942
4710942
4710942
4710942
4710942
4710942
4710942
4710942
4725945
4725945
4725945
4725945
4725945
4725945
4725945
4725945
4740948
4740948
4740948
4740948
4740948
4740948
4740948
4740948
4740948
4740948
4740948
4755951
4755951
4755951
4755951
4755951
4755951
4755951
4755951
4755951
4755951
4755951
4755951
4755951
4755951
4755951
4755951
4755951
4770954
4770954
4770954
4770954
4770954
4770954
4770954
4770954
4770954
4770954
4770954
4770954
4770954
4770954
4770954
4770954
4770954
4770954
4770954
4770954
4770954
4770954
4770954
4770954
4785957
4785957
4785957
4785957
4785957
4785957
4785957
4785957
4785957
4785957
4785957
4785957
4785957
4785957
4785957
4800960
4800960
4800960
4800960
4800960
4800960
4800960
4800960
4800960
4800960
4800960
4800960
4800960
4800960
4800960
4800960
4800960
4815963
4815963
4815963
4815963
4815963
4815963
4815963
4815963
4815963
4815963
4815963
4815963
4815963
4815963
4815963
4815963
4815963
4815963
4815963
4815963
4830966
4830966
4830966
4830966
4830966
4830966
4830966
4830966
4830966
4830966
4830966
4830966
4830966
4830966
4830966
4830966
4830966
4830966
4830966
4830966
4830966
4830966
4830966
4845969
4845969
4845969
4845969
4845969
4845969
4845969
4845969
4845969
4845969
4845969
4845969
4845969
4845969
4845969
4845969
4860972
4860972
4860972
4860972
4860972
4860972
4860972
4860972
4860972
4860972
4860972
4860972
4860972
4860972
4860972
4860972
4860972
4860972
4860972
4860972
4875975
4875975
4875975
4875975
4875975
4875975
4875975
4875975
4875975
4875975
4875975
4875975
4875975
4875975
4875975
4875975
4890978
4890978
4890978
4890978
4890978
4890978
4890978
4890978
4890978
4890978
4890978
4890978
4890978
4890978
4890978
4890978
4890978
4890978
4890978
4890978
4890978
4890978
4905981
4905981
4905981
4905981
4905981
4905981
4905981
4905981
4905981
4905981
4905981
4905981
4905981
4905981
4905981
4905981
4905981
4905981
4905981
4905981
4905981
4905981
4905981
4905981
4905981
4920984
4920984
4920984
4920984
4920984
4920984
4920984
4920984
4920984
4920984
4920984
4920984
4920984
4920984
4935987
4935987
4935987
4935987
4935987
4935987
4935987
4935987
4935987
4935987
4950990
4950990
4950990
4950990
4950990
4950990
4965993
4965993
4965993
4965993
4965993
4965993
4965993
4965993
4965993
4965993
4965993
4965993
4965993
4965993
4965993
4965993
4965993
4980996
4980996
4980996
4980996
4980996
4980996
4980996
4980996
4980996
4980996
4980996
4980996
4980996
4980996
4995999
4995999
4995999
4995999
4995999
4995999
4995999
4995999
4995999
4995999
5011002
5011002
5011002
5011002
5011002
5011002
5011002
5011002
5011002
5011002
5011002
5011002
5026005
5026005
5026005
5026005
5026005
5026005
5026005
5026005
5026005
5026005
5026005
5026005
5026005
5041008
5041008
5041008
5041008
5041008
5041008
5041008
5041008
5041008
5041008
5041008
5041008
5041008
5041008
5041008
5041008
5041008
5041008
5041008
5041008
5041008
5041008
5041008
5041008
5041008
5041008
5041008
5041008
5041008
5041008
5056011
5056011
5056011
5056011
5056011
5056011
5056011
5056011
5056011
5056011
5056011
5056011
5056011
5056011
5056011
5071014
5071014
5071014
5071014
5071014
5071014
5071014
5071014
5071014
5071014
5071014
5071014
5086017
5086017
5086017
5086017
5086017
5086017
5086017
5086017
5086017
5086017
5086017
5086017
5086017
5086017
5086017
5086017
5086017
5086017
5086017
5086017
5101020
5101020
5101020
5101020
5101020
5101020
5101020
5101020
5101020
5101020
5116023
5116023
5116023
5116023
5116023
5116023
5116023
5131026
5131026
5131026
5131026
5131026
5131026
5131026
5131026
5131026
5131026
5131026
5131026
5131026
5131026
5131026
5131026
5131026
5131026
5131026
5131026
5146029
5146029
5146029
5146029
5161032
5161032
5161032
5161032
5161032
5161032
5176035
5176035
5176035
5176035
5176035
5191038
5191038
5191038
5191038
5191038
5191038
5191038
5191038
5191038
5191038
5206041
5206041
5206041
5206041
5206041
5221044
5221044
5221044
5221044
5221044
5221044
5221044
5221044
5221044
5221044
5236047
5236047
5236047
5236047
5236047
5236047
5236047
5236047
5236047
5236047
5251050
5251050
5251050
5251050
5251050
5251050
5251050
5251050
5251050
5251050
5251050
5251050
5251050
5266053
5266053
5266053
5266053
5266053
5281056
5281056
5281056
5281056
5281056
5281056
5281056
5281056
5281056
5281056
5281056
5281056
5281056
5296059
5296059
5296059
5296059
5296059
5311062
5311062
5311062
5311062
5311062
5311062
5326065
5326065
5326065
5326065
5326065
5326065
5326065
5326065
5341068
5341068
5341068
5341068
5341068
5356071
5356071
5356071
5356071
5356071
5371074
5371074
5371074
5371074
5371074
5386077
5386077
5386077
5386077
5386077
5401080
5401080
5401080
5401080
5401080
5416083
5416083
5416083
5416083
5416083
5416083
5416083
5416083
5416083
5416083
5431086
5431086
5431086
5431086
5431086
5431086
5431086
5446089
5446089
5446089
5446089
5446089
5446089
5461092
5461092
5461092
5461092
5476095
5476095
5476095
5476095
5476095
5476095
5476095
5476095
5476095
5476095
5491098
5491098
5491098
5491098
5506101
5506101
5506101
5506101
5521104
5521104
5521104
5521104
5521104
5536107
5536107
5536107
5536107
5536107
5551110
5551110
5551110
5551110
5566113
5566113
5566113
5566113
5566113
5566113
5581116
5581116
5581116
5581116
5581116
5581116
5581116
5581116
5581116
5581116
5596119
5596119
5596119
5596119
5596119
5611122
5611122
5611122
5611122
5611122
5626125
5626125
5626125
5626125
5641128
5641128
5641128
5641128
5656131
5656131
5656131
5656131
5671134
5671134
5671134
5671134
5671134
5671134
5671134
5671134
5671134
5671134
5686137
5686137
5686137
5686137
5686137
5686137
5701140
5701140
5701140
5701140
5701140
5701140
5716143
5716143
5716143
5716143
5716143
5731146
5731146
5731146
5731146
5731146
5746149
5746149
5746149
5746149
5746149
5761152
5761152
5761152
5761152
5761152
5776155
5776155
5776155
5776155
5776155
5791158
5791158
5791158
5791158
5791158
5791158
5791158
5791158
5791158
5791158
5806161
5806161
5806161
5806161
5806161
5821164
5821164
5821164
5821164
5821164
5836167
5836167
5836167
5836167
5836167
5851170
5851170
5851170
5851170
5851170
5866173
5866173
5866173
5866173
5866173
5866173
5866173
5866173
5866173
5866173
5881176
5881176
5881176
5881176
5881176
5896179
5896179
5896179
5896179
5896179
5911182
5911182
5911182
5911182
5911182
5911182
5911182
5911182
5911182
5911182
5926185
5926185
5926185
5926185
5926185
5941188
5941188
5941188
5941188
5941188
5956191
5956191
5956191
5956191
5956191
5956191
5956191
5956191
5956191
5956191
5971194
5971194
5971194
5971194
5971194
5986197
5986197
5986197
5986197
5986197
6001200
6001200
6001200
6001200
6001200
6016203
6016203
6016203
6016203
6016203
6031206
6031206
6031206
6031206
6031206
6046209
6046209
6046209
6046209
6046209
6061212
6061212
6061212
6061212
6061212
6076215
6076215
6076215
6076215
6076215
6091218
6091218
6091218
6091218
6091218
6091218
6091218
6091218
6091218
6091218
6106221
6106221
6106221
6106221
6106221
6121224
6121224
6121224
6121224
6121224
6136227
6136227
6136227
6136227
6136227
6151230
6151230
6151230
6151230
6151230
6151230
6151230
6151230
6151230
6151230
6166233
6166233
6166233
6166233
6166233
6181236
6181236
6181236
6181236
6181236
6196239
6196239
6196239
6196239
6196239
6211242
6211242
6211242
6211242
6211242
6211242
6211242
6211242
6211242
6211242
6226245
6226245
6226245
6226245
6226245
6241248
6241248
6241248
6241248
6241248
6256251
6256251
6256251
6256251
6256251
6271254
6271254
6271254
6271254
6271254
6286257
6286257
6286257
6286257
6286257
6286257
6286257
6286257
6286257
6286257
6301260
6301260
6301260
6301260
6301260
