52371
146903
266896
271012
349173
369056
569859
887431
1017525
1145000
1621602
1857782
2036934
2239332
2269160
2797095
3610421
3629172
3689892
3689894
4004049
4004082
4004089
4004090
4004135
4004150
4004416
4004458
4004528
4004529
4004534
4004541
4004544
4008794
4008869
4207488
4275599
4331901
4394093
4404114
4731221
4813714
5067132
5414642
5434064
5791164
6118419
6160389
6365916
6523665
6635755
6737534
6980809
7277294
7431230
7431233
7721277
7754637
7957522
8225568
8337245
8384217
8799608
9402587
9519527
9553791
9657807
9775326
10035561
10087302
10087355
10087357
10087362
10087383
10087385
10088988
10157063
10282278
10282281
10868010
10947800
10947813
11047026
11049907
11049925
11135222
11138952
11139412
11141369
11141438
11183773
11183801
11183933
11184000
11184178
11184197
11184326
11186735
11186739
11188536
11217120
11217349
11217696
11217744
11217750
12240307
12246822
12246839
12246848
12246851
12246859
12246866
12246869
12246878
12337873
12340994
12349743
12349780
12415985
12487083
12487282
12487313
12487350
12487639
12487671
12487696
12487709
12633139
12633642
12633672
12633906
12633918
12633925
12633926
12641658
12641692
12641723
12641729
12642060
12642075
12642090
12642133
12650742
12650744
12806567
12848502
12848536
12848565
12848906
12870380
12870402
12870407
12870769
12870782
12870803
12871036
12872135
12872215
12872440
12873032
12873127
12873241
12873354
12873468
12873478
12874154
12874805
12875336
12875801
12875835
12876010
12876236
12876482
12876817
12877738
12878355
12878397
12878619
12878723
12879514
12879781
12879816
12879850
12879897
12880172
12880218
12880250
12880403
12880832
12880940
12880966
12881111
12881593
12881610
12881623
12881841
12881852
12881914
12882191
12882232
12882284
12882399
12882400
12882467
12882842
12882846
12882847
12882881
12882947
12882964
12883899
12884581
12885117
12885162
12885279
12885564
12885660
12885688
12885921
12886240
12886523
12886753
12886853
12887027
12887073
12887199
12887241
12887246
12887276
12887382
12887384
12918644
12918667
12919039
12919156
12920750
12920755
12920791
12920838
12920840
12921147
12921216
12922868
12923262
12923268
12923282
12923293
12940018
12940024
12985628
12985991
12986017
12986020
12986027
12986028
12986047
12986259
12986598
12986599
12986607
12986617
12986627
13083289
13201138
13230256
13230264
13230269
13230808
13259048
13259050
13263438
13265459
13267044
13267761
13268114
13268186
13271576
13302714
13302762
13303096
13303110
13303139
13303152
13304115
13304280
13304353
13304469
13304470
13304517
13304524
13304667
13322649
13326265
13394533
13396641
13396675
13406266
13406374
13440864
13440900
13440975
13441256
13441943
13441949
13441950
13445786
13445809
13546466
13807146
14028665
14062188
14102104
14138603
14144864
14327593
14335199
14377748
14611217
14611564
14785589
14878619
14878639
15082017
15137077
15206449
15244176
15300152
15358138
15439963
15672991
15676393
15692400
15826597
15856213
16031832
16205234
16221591
16221596
16264720
16371668
16543368
16554283
16567189
16810457
16982230
17032617
17301625
17416973
17503569
17602764
17602771
17861013
17861025
18067262
18168881
18276019
18331120
18445508
18548283
18649213
18651957
18694657
18711212
18857896
18926415
18980747
18981179
19180059
19252105
19442049
19447577
19498525
19558215
19752772
19777253
19806382
19877853
19937126
19965460
19997729
20061860
20171791
20200357
20608674
20622770
20627800
20672719
20795846
20801676
20987906
21033526
21093297
21146476
21179001
21249913
21299806
21316688
21316720
21389894
21399789
21428558
21475024
21479407
21508707
21598064
21607197
21773920
21852242
22053468
22074427
22106672
22115789
22212779
22218100
22784569
22833621
23027088
23130755
23197884
23232113
23310583
23382704
23602628
23774446
23891866
23992300
24028727
24029273
24029275
24104014
24151849
24241579
24356566
24459020
24476945
24514611
24601157
24679930
24717020
24888625
24921515
24963497
25035583
25053045
25074758
25109313
25267118
25418773
25422480
25422485
25434286
25649426
25720179
25844612
25879192
25967559
25968670
26070421
26070438
26100332
26213453
26242271
26289122
26290033
26540593
26561852
553178
562979
598279
1043754
1059835
1215351
1236986
1526730
1605042
2036808
2040944
2177238
2260580
2336226
2550442
2589418
2683480
2714792
2721059
2836052
2888035
2916878
2939344
2975320
3066718
3262186
3300953
3456925
3564557
3715108
3746031
3796251
3816352
3911591
4000803
4003847
4003849
4003855
4003857
4003863
4003886
4004049
4004082
4004089
4004090
4004135
4004150
4004416
4004458
4004528
4004529
4004534
4004541
4004544
4008844
4091771
4209156
4216567
4225629
4248448
4367182
4458589
4537621
4546980
4628823
4901620
4901621
4904126
5000247
5352497
5457851
5501819
5621717
5662885
5821164
5821176
5848334
5867194
6077046
6195683
6248942
6281333
6728876
7037163
7065667
7253324
7386474
7643685
7799478
8225565
8303781
8421036
9023398
9197177
9292694
9869561
9875179
9931659
10086971
10127482
10263381
10314160
10323787
10328985
10380271
10402917
10469456
10505659
10606749
10789022
10947714
10947813
10964757
10975454
11004405
11138928
11138952
11139412
11141438
11142396
11143244
11183773
11184572
11185347
11186574
11186734
11187612
11188726
11188815
11213372
11217397
11217473
11217480
11217604
12240307
12246803
12246809
12246812
12246822
12246839
12254166
12300413
12300435
12340943
12341679
12341717
12350056
12350076
12429556
12429559
12486437
12486463
12486996
12487231
12487234
12487260
12487313
12487350
12487418
12487639
12487696
12487709
12487904
12630375
12633672
12719865
12806567
12806581
12848565
12870490
12870769
12870782
12870797
12870803
12870866
12870870
12872122
12872135
12872384
12873032
12873122
12873127
12873241
12873352
12873354
12873494
12873619
12874154
12874363
12874454
12874672
12875561
12875590
12875601
12875769
12875817
12875824
12875863
12876010
12876026
12876157
12876192
12876197
12876203
12876236
12876308
12876483
12876847
12877099
12877162
12877164
12877528
12877549
12877616
12877865
12878172
12878384
12878397
12878410
12878588
12878723
12879148
12879370
12879540
12879816
12879850
12879878
12879897
12880218
12880250
12880403
12880421
12880832
12881111
12881159
12881250
12881593
12881610
12881623
12881679
12881680
12882191
12882232
12882284
12882399
12882400
12882491
12882725
12883372
12883871
12883899
12884720
12884737
12884750
12884755
12885162
12885279
12885412
12885528
12885536
12885542
12885547
12885548
12885561
12885564
12885585
12885667
12885765
12885783
12885921
12886107
12886114
12886174
12886523
12886593
12887027
12887246
12887276
12887317
12887330
12887344
12887350
12887382
12887384
12918259
12918288
12920791
12921147
12921664
12921665
12921674
12921685
12922022
12922932
12923262
12923268
12923282
12923293
12986100
12986598
12986599
12986607
12986617
12986627
13226096
13226100
13226486
13265546
13265927
13266269
13270927
13271576
13303139
13303152
13303585
13304443
13304469
13304470
13304517
13306427
13326292
13326316
13326669
13326676
13396163
13396491
13396568
13396641
13396675
13396707
13397026
13405987
13406009
13406018
13406027
13406257
13406258
13406266
13406374
13406385
13406408
13440864
13440900
13441256
13457767
13457778
13460344
13481124
13784759
13784767
13824393
13860695
14307455
14327593
14329124
14331312
14355382
14359775
14373160
14579245
14610722
14610736
14611564
14636298
14899484
15183912
15206443
15206449
15206730
15206749
15532533
15675970
15840609
15975460
16304929
16358688
16410563
16427329
16428490
16459777
16511240
16695151
17019203
17089164
17219254
17702080
17802898
17854357
17940331
17963318
18065850
18194524
18423264
18625793
18980279
18980854
18980985
18981067
18981179
19011824
19041176
19234571
19428104
19837416
20031801
20103010
20302096
20491568
20589428
21148349
21195654
21316074
21316075
21316099
21316106
21316688
21317001
21317018
21317023
21317038
21321233
21321244
21321259
21348230
21360528
21374412
21487261
21843167
22002355
22020813
22115725
22134043
22164187
22463387
22961278
23017263
23131033
23132870
23201025
23275891
23315297
23441604
23507067
23613377
23709128
23741956
23799173
23825877
23948383
23980362
24029273
24029275
24029680
24029710
24029933
24046318
24131341
24209346
24210582
24221887
24339200
24404053
24520336
24680503
24712640
24945094
24979958
25096118
25220153
25295372
25388322
25403385
25525724
25860627
25888973
25931981
25995829
26070030
26095295
26115527
26391695
26547444
