2693
4094
5171
5700
6061
6278
6720
7059
7165
7548
7628
7666
8196
8761
10549
11549
12014
12204
12350
12419
13212
13660
13786
14184
14295
14340
15832
16056
17314
17562
18098
18528
18878
20723
21647
21724
22162
22277
22479
24615
24632
24961
25054
25136
25174
25894
26581
26921
27138
27316
27915
28448
28632
28819
29620
29892
30422
30557
31566
31715
31801
31843
32451
32754
32909
34114
34792
35085
35385
35693
36530
37392
37446
38133
38204
38873
39779
40458
40483
40533
41235
41514
41726
41918
43981
44574
44812
45482
45491
45548
45877
46128
47332
48192
48496
48951
49748
50240
50398
50663
50849
50998
51238
51639
52034
52142
52287
52292
52350
52444
52632
52755
52919
52960
54478
54491
54524
55663
55688
55829
56733
56757
56915
57295
57476
57573
59049
59366
59393
59773
60730
61046
62029
63025
63200
64024
64348
66284
66616
66756
67072
68243
68793
68893
69154
69834
70021
70542
71156
72085
72219
73297
73867
74910
75044
75243
75437
77388
77580
77601
77765
78408
78423
78460
78773
79204
79258
79483
79911
80956
81092
81301
82654
83746
83933
83973
84452
84624
85593
85715
86951
87952
88043
88089
88396
89767
89957
90113
90251
90384
90992
92380
92437
93024
93181
94141
94290
94707
94742
95231
95399
96463
96765
96890
97259
97502
97607
97724
98475
98572
98670
98764
99207
99312
99513
101299
102679
102725
103311
103775
105493
105666
105937
106017
106358
106565
107659
109339
109594
109859
110130
111883
112358
112780
112977
114329
114651
115142
115555
117774
118625
119533
119594
120351
120689
121143
121937
122757
123320
123969
124115
124738
124858
125243
125807
126044
126198
126514
127202
127298
128322
128439
128582
129727
129895
130932
132137
132139
132158
132242
132243
132586
132941
133046
134106
134342
135131
135979
137254
137481
138413
139821
139876
140183
140791
141003
141925
142885
142978
143775
143824
144651
144699
145075
145231
146353
146644
146719
147020
147071
148069
148631
148836
149046
149727
150209
150222
150456
151233
151582
151591
151634
151719
151814
152510
152533
152552
152710
153663
154481
156312
157035
158311
158774
159019
159252
159486
159666
159721
159805
160246
161331
161334
161490
162200
163962
164298
165857
166513
167706
167919
167994
168656
168875
169056
169599
169612
169717
170817
171382
172047
172792
173530
176327
176579
177454
177610
177983
178170
178467
178660
179605
180068
180284
180315
180790
181218
181241
181786
182358
182631
183123
183772
185040
186085
186227
186802
187229
187593
188006
188201
188525
188551
188914
189900
191028
191763
191786
193609
194047
194345
194704
194726
194797
195096
195237
195277
195434
195551
196363
196529
197150
197876
198054
199045
199647
200305
201043
201771
201940
202814
202893
203170
203409
203866
204609
205347
206437
207912
208744
209629
211175
211323
211603
211765
211961
213196
213789
213855
213865
214242
214425
214551
215404
215650
215926
216142
216283
217228
217345
217707
217926
218058
218088
220091
220334
220801
221227
221477
221498
223154
223976
224165
224617
224892
224990
225250
226069
226194
226347
227675
228488
229463
229526
229628
229920
229960
230123
230617
230721
231377
232168
233044
233275
233350
233583
233687
233849
234245
234325
234641
235286
237437
237913
238019
239362
240241
240603
241098
241401
242554
243091
243708
245213
245516
245603
245604
245645
246421
246571
246850
246964
247118
248956
249286
249556
249730
250353
251048
251128
251365
251548
251858
252545
252601
252661
253193
253360
253746
253971
254350
254779
255263
255979
256438
257444
257551
257843
257862
258259
258271
258380
259143
259413
259765
260105
260325
260977
261877
261949
261981
262458
262546
262994
263475
263571
264271
265023
265216
265323
265888
266371
266693
266732
266963
267041
267136
267733
267882
268060
268177
268712
268981
269740
269830
271062
272493
272517
272614
272914
273271
273799
273884
273915
274421
274739
275164
275485
275742
276955
277018
277820
277962
278621
278949
279991
280039
280736
281122
283267
283791
284156
284748
284828
284835
285186
285844
285990
286185
286445
286596
287030
287833
288372
288637
289026
289154
289159
289163
290287
290669
290971
291156
291524
291568
292613
293123
293778
293842
294528
294856
295393
297081
297313
297805
298416
298455
298928
299130
299404
300081
300122
300206
301113
301224
301254
302208
302452
302556
303355
303966
304592
305434
306014
306265
306437
306651
308279
309599
311573
311857
312429
312819
313045
313121
313154
313226
313964
314062
314165
314452
315089
315339
315710
316471
317780
317819
318192
318779
319634
320933
322135
322402
322596
322637
323983
324490
325107
325930
325953
326611
327434
327949
328606
329179
330365
330675
330967
331287
332628
333013
333195
333196
333979
334214
335196
335276
335681
337015
337078
337671
337760
337918
337995
338669
339238
339440
339662
339872
342271
342738
342880
343423
343480
343624
344107
345670
345943
345973
346447
346723
347655
348261
348352
349007
349063
349676
349868
350006
350761
351291
352034
352215
352866
354385
354445
354908
355164
356983
358073
358511
358680
359023
359321
359423
359749
359766
360054
360464
360487
360904
361906
364026
365241
365589
365702
365778
366520
367350
367558
367605
367892
368101
368162
368567
369117
369321
369610
369994
370169
370413
370835
371047
371085
372758
373267
373751
373951
375119
375121
375184
376556
376587
378564
379048
379592
380268
381372
382064
382543
382857
383097
383506
383621
384346
385300
386873
387109
388669
388865
389002
389344
389426
389613
389684
390666
391036
391609
391851
392100
392913
393194
393425
393457
393697
394971
395491
396590
396805
398205
398226
398274
398574
398934
399265
399346
399485
399663
399936
400095
400712
401336
403647
403979
404589
405070
405255
405295
405418
408178
409062
409500
410725
411466
411603
411988
412503
413298
413529
413628
414315
414500
414620
414993
415139
415489
415691
417119
417363
417443
418128
418428
418441
419206
419697
419752
421518
421556
421773
422114
422575
422828
424055
424246
424339
424537
424900
424920
424970
425465
425695
426629
427004
427144
427664
428034
428946
429971
430173
430477
432124
432228
432915
433258
434218
434271
437863
438029
438605
439009
439586
440032
440144
441195
441240
441749
442172
442506
443024
444531
444555
445756
446072
446578
446744
446839
447184
447982
448304
448962
449144
449955
450417
451981
453001
453720
454552
454921
455534
455644
455660
455686
455999
458392
458596
458871
458973
459102
459978
460558
461296
461370
461749
462796
462868
462991
463345
463383
463708
464452
464640
464865
465526
466268
466283
466421
466427
466621
467294
467866
467954
468813
468862
468982
469020
469436
469600
469644
469797
470450
472248
472551
473415
473866
474080
474449
474655
474852
475845
476431
476494
476515
476751
476860
477459
477470
477473
477746
477917
478108
478280
479181
479243
480424
481324
481379
481698
481950
482102
482199
482995
483109
483709
483797
483823
484696
485529
485756
486333
486853
487403
487644
487664
487776
488328
489095
490540
490613
491050
491254
491755
491840
492634
492955
493002
493476
493504
493800
494842
495181
495795
495926
496856
497093
497419
497503
498343
498364
498720
499083
499822
500108
500591
501189
501650
502460
503287
503709
504227
504722
504784
506334
507247
507269
507290
508477
509018
509352
509517
509880
510733
511110
511423
511454
511795
511897
511973
512357
512448
512515
513088
513954
514146
514777
514789
515853
516130
516208
516902
517667
518429
518802
519368
519418
520104
520208
520708
521162
521255
521858
521864
522494
522804
522979
525132
525392
525641
526318
526554
527964
528053
528241
528302
529499
529956
530611
531760
532002
532126
532743
533160
533993
534315
535109
535800
535830
535835
537176
537602
537940
538134
540383
540486
541221
541676
541868
542961
542974
543344
543522
543748
544652
545292
545422
545533
545563
546757
547936
548541
548898
549071
549648
550351
552358
553068
553543
554191
555145
555408
556018
556132
556207
557090
557614
558326
559181
559445
559751
560031
560918
561077
561082
561771
562073
562420
562789
563361
563435
563983
564166
565803
566695
567371
567780
569440
569743
569891
570130
570193
571358
571364
571394
572396
572561
572947
574039
574089
574159
575753
575896
576663
577297
578510
579743
579865
580374
580501
580781
581530
581677
581717
583055
583120
583713
585415
585582
585844
585882
586851
586874
590243
590275
590284
590937
591467
591913
592000
592166
592637
592720
593083
593369
594259
594643
594866
595756
597421
598287
598646
598684
598749
598915
599138
599278
599477
599912
600736
601920
602279
602499
603843
604264
604887
605295
605446
605618
605742
606139
606455
607228
607311
607646
608939
608964
609290
609575
609579
611861
611997
612456
612796
612824
613256
613326
613409
613643
614715
615961
617007
617298
617512
617711
617788
618796
619500
619738
619756
620640
621980
622215
622552
623198
624243
624570
625122
625709
625813
626183
627665
628514
628911
628995
629629
629682
629735
630125
630204
630742
631325
631753
632901
633112
633489
634040
634122
634376
634905
635563
635721
636356
636794
636936
636970
637269
637776
637806
637867
638671
640385
641218
641351
641651
641845
642247
642517
642811
643165
643471
645021
645179
646550
647289
647318
648392
648785
649366
649821
649983
650828
650853
651315
651972
652714
652760
653139
653307
653521
654189
654517
655583
655612
655809
656432
656598
656650
656957
657582
657755
657992
658338
658468
659269
659752
660003
660296
660493
660779
662914
663576
663970
664687
665139
665188
666244
667961
668319
668592
668874
668938
668983
669478
670006
670172
671607
671706
672219
672476
672917
673006
673327
674325
675002
675479
676085
676525
676594
678583
678728
678911
679413
679461
680194
680245
680277
680664
680779
680833
680918
682106
682222
682975
683084
683924
684116
684704
686664
688039
688434
688529
689052
689610
690049
690292
691349
691675
691817
692036
692358
692488
692913
694493
695170
695238
697279
697858
697989
699766
700600
700634
701208
701408
701731
702619
702645
702692
704384
704747
705810
706005
706136
707904
708379
708891
709255
709386
710210
710637
711008
711031
712095
713010
713154
713275
713877
714723
715243
715542
715777
716117
716280
716442
716511
716897
717196
718197
719093
719883
720109
721690
722235
723681
723724
724038
724563
724774
724790
725161
725374
725405
725574
725790
726289
726665
727074
727129
727262
727571
727582
727817
728354
728590
728647
729953
731221
731865
732311
732858
733071
733453
733457
733694
733888
733997
734073
735850
736029
736095
736230
736321
736565
736930
737304
738444
738453
738963
738995
741442
741703
742087
743239
743300
743446
744320
744598
745403
746144
746527
747140
747355
747992
748093
748204
750480
750808
750942
750963
751590
751903
752510
752596
752870
754055
754755
754880
755183
756661
756669
756709
756922
757687
758291
758439
758650
758869
759663
759857
760348
760695
761369
761568
762134
763070
763072
763334
764479
764531
766491
766983
767353
767509
767589
768729
769386
769491
770101
771468
771799
773019
773722
774106
774681
775237
776095
776244
776480
778181
778422
778902
778975
779697
779966
780437
780500
781354
781359
782560
783431
783817
784101
784155
784912
785080
785489
785914
786365
786684
787455
788682
789673
789844
790056
790138
790709
791018
791120
791349
792363
793393
793427
793526
794013
794513
794828
794847
795307
795940
796522
796633
797487
797496
797969
798031
798062
799754
799813
799986
801246
801654
802800
803804
803967
804355
804428
806861
807024
807061
807612
807903
807918
808626
808742
808749
809001
809623
810885
811117
811587
812047
812802
813774
813938
814102
814115
814147
814321
815118
815739
815962
816303
816436
817007
817057
817582
818324
818488
820165
821058
821838
822509
824450
824482
825451
825751
826978
827737
828497
828755
829252
829807
830710
830868
830961
831262
831534
831805
832424
832580
832799
834763
834859
835502
835935
836517
836812
837702
838016
838387
838420
839005
839638
840155
841151
841618
842857
843395
843512
845080
847048
847980
848502
850072
850228
850464
850806
851769
852444
852586
853134
853898
853915
855041
855803
856099
856258
856714
857840
857863
858853
859511
860010
860782
860974
861133
861158
861935
862481
862787
863563
863905
864410
864974
865858
867169
867587
867988
870161
870191
870808
871012
871243
871447
872966
872979
873439
873508
873929
874134
875721
877775
878175
878195
880120
880948
881147
881254
881419
881496
881674
882164
882889
883117
883161
884301
884410
884858
886277
886800
887780
889893
890048
890255
890470
890627
890671
890787
891193
891702
891912
892266
892603
893105
893410
893500
893946
894320
894979
895445
895827
896344
896387
896622
897893
898326
899749
899996
900145
900878
901315
901354
901728
902230
902299
903227
903287
903362
903460
904803
905389
906044
906264
906363
907101
907516
907523
908169
909508
910065
910353
910543
910607
911201
911841
912564
914134
914306
915215
915264
915622
916193
916904
917258
917324
917335
917503
919827
920729
921909
923102
923561
923839
923847
923930
924146
924210
924290
924624
925239
925891
926293
926765
927117
927202
927348
928048
928671
929596
929985
930260
930440
931508
931811
932260
932598
932790
932884
932961
934176
935008
935379
935574
935711
935748
935926
936277
936661
936739
936836
937223
937407
937410
937620
938056
940439
940621
941719
942298
942434
943619
944557
944715
944967
945848
946002
946013
946211
946436
946601
946785
946822
947187
947723
948159
948658
949071
949983
950172
950407
950551
950602
952046
952081
952757
952859
953160
953636
953822
954442
954960
955341
955342
955453
955456
958161
958719
959814
960394
960785
960880
960946
961089
961964
962164
962309
962823
964397
964837
965095
965454
966752
967206
967322
967999
968900
968948
969618
970454
971373
972115
973190
974501
974926
975266
975822
976705
976828
977456
977769
979805
981367
981493
981722
981804
981905
982107
982260
982555
983877
984655
984763
986070
986213
986618
986758
987140
987564
989123
989368
989941
990062
990095
990253
990359
991198
991688
992495
992805
994002
994379
995320
995668
996342
996945
997254
997281
997339
998080
998217
998224
998712
999202
999263
999554
1000249
1000778
1000898
1001565
1001726
1002433
1002787
1003362
1003571
1004585
1005487
1005964
1007355
1007511
1007780
1008300
1008402
1008968
1009234
1009339
1009622
1010627
1011154
1011434
1011511
1011919
1011973
1012210
1012741
1013316
1013537
1014797
1015301
1015739
1016301
1016997
1017131
1018147
1018467
1018931
1018980
1019431
1021237
1024100
1024496
1025174
1025256
1025294
1025868
1026407
1026544
1026691
1026822
1026866
1027057
1027059
1027399
1028412
1029141
1029301
1029666
1030376
1030732
1031176
1032474
1032583
1033775
1035035
1036371
1037095
1037776
1037950
1038218
1038377
1038810
1039538
1039553
1039774
1039927
1040406
1040708
1042433
1042486
1042617
1042618
1043157
1045663
1045745
1045816
1045956
1045987
1046652
1046991
1048067
1048114
1048783
1050231
1051630
1052390
1053172
1054434
1055721
1055813
1056127
1056161
1056632
1056983
1059909
1060279
1060801
1060926
1061365
1061738
1061889
1062109
1062848
1062875
1063060
1063126
1063926
1064074
1064259
1064658
1065890
1067257
1067310
1067315
1067519
1067939
1068519
1069057
1069772
1070214
1070908
1071017
1072745
1073626
1074207
1075498
1077241
1078344
1080433
1080524
1080918
1081364
1081531
1081592
1082195
1082284
1085712
1087082
1087398
1087532
1088086
1088594
1089211
1090286
1091592
1092609
1093276
1094450
1095386
1095490
1096058
1096340
1097611
1098307
1098707
1099077
1099195
1099720
1100283
1100505
1100794
1101217
1101307
1101796
1102154
1102226
1102264
1102325
1102571
1102795
1102855
1104040
1104542
1104661
1105618
1106275
1107253
1107734
1107903
1108103
1108341
1109412
1110329
1110730
1112382
1112589
1112736
1112893
1113013
1113255
1113778
1114438
1116278
1117508
1117895
1118594
1120940
1121286
1121899
1121931
1123139
1123363
1123772
1123947
1124061
1124329
1124643
1125236
1125421
1125555
1125616
1125898
1126305
1126417
1126688
1126710
1126818
1127433
1128108
1128465
1130169
1130223
1131013
1132838
1132845
1133566
1133755
1133962
1134431
1134441
1134575
1134797
1135317
1135432
1136055
1136648
1137147
1137475
1137846
1138615
1138744
1139215
1139267
1139737
1139803
1139933
1140392
1140898
1140901
1141044
1142595
1143312
1144047
1144283
1145080
1145313
1145637
1145834
1146077
1147050
1147109
1147398
1148098
1148329
1149452
1149755
1150097
1150170
1150344
1150898
1151359
1151601
1151762
1152076
1153045
1153185
1153794
1154391
1154605
1154795
1156424
1157039
1157395
1157622
1157852
1158667
1158915
1159649
1160046
1162251
1162304
1163143
1163868
1163993
1164600
1164712
1165314
1165633
1166652
1167257
1167264
1167338
1168987
1169386
1170825
1170855
1171362
1171438
1171816
1172631
1172758
1173904
1174294
1174602
1175478
1175526
1175784
1176205
1176349
1176750
1177294
1177806
1177988
1178052
1181367
1181860
1181892
1181906
1182300
1182377
1182633
1182919
1183877
1184776
1185298
1185511
1186635
1186672
1186827
1187515
1188007
1188129
1188622
1189420
1190350
1190549
1190591
1191238
1191910
1193459
1193597
1193600
1194795
1195508
1196065
1196664
1196995
1197087
1197150
1198383
1198483
1198809
1199742
1199799
1199819
1201107
1201269
1201373
1202501
1202928
1202997
1203340
1203802
1204696
1204730
1204782
1205367
1205443
1205960
1206536
1206896
1206933
1207517
1208075
1208378
1208541
1208880
1209238
1210610
1211681
1211714
1213485
1214043
1214297
1215139
1215698
1216971
1217791
1218365
1218368
1218624
1220286
1221625
1222632
1222930
1223181
1224369
1224597
1224620
1224952
1224964
1225915
1226205
1226388
1228083
1229992
1230077
1230476
1231099
1231440
1232333
1232640
1234160
1234628
1235177
1236203
1236406
1236528
1236534
1237349
1237701
1239006
1239843
1240099
1240150
1240269
1240712
1242296
1242857
1243167
1244159
1246130
1246200
1246249
1246507
1247481
1247838
1248066
1248805
1248947
1249727
1249787
1250105
1250371
1250380
1250995
1251629
1251640
1252373
1252573
1253230
1253502
1254109
1255294
1255482
1255800
1255843
1256084
1256092
1256526
1257327
1258384
1258877
1259852
1260730
1261230
1261782
1261950
1262048
1262178
1262944
1264326
1265091
1265557
1265719
1266609
1267167
1267896
1268178
1268514
1268814
1269068
1269675
1269810
1270737
1272358
1272508
1272694
1272817
1272975
1273030
1273397
1273623
1273882
1273884
1274378
1274780
1275053
1275290
1275392
1276049
1276735
1277107
1277628
1277975
1278478
1279656
1280043
1280533
1280586
1280936
1281434
1282685
1282687
1282849
1282949
1284171
1284306
1284550
1284826
1285478
1286138
1286209
1286365
1286377
1286779
1286865
1287850
1289290
1289698
1289953
1290386
1290682
1290686
1292037
1292812
1292989
1293006
1293560
1294068
1294206
1298048
1299406
1299705
1300567
1301567
1301916
1302479
1303415
1304037
1304675
1305354
1305403
1306709
1306729
1308907
1308909
1309159
1309165
1310467
1310746
1311569
1312109
1312635
1312860
1312899
1313524
1313690
1314867
1314988
1315045
1315938
1317431
1319703
1320379
1321530
1322039
1322948
1323080
1323225
1323250
1323540
1323735
1323824
1323877
1324599
1325743
1326207
1327043
1327136
1327272
1327796
1328108
1328241
1328437
1329103
1329489
1330416
1330531
1330594
1330644
1330718
1330720
1331182
1332033
1332174
1332471
1332783
1333048
1333243
1334197
1334997
1335362
1336059
1336160
1336952
1337071
1337161
1337166
1337172
1337357
1339033
1339437
1339531
1341102
1341604
1341859
1342143
1342219
1342704
1342718
1344523
1344546
1344669
1344673
1344956
1344958
1345038
1345211
1345397
1346561
1347772
1348332
1349053
1349637
1349777
1349886
1350200
1350227
1350505
1351977
1352205
1353342
1353426
1353779
1354670
1355301
1355864
1355947
1356509
1356720
1356780
1357315
1357613
1358473
1359169
1359653
1359689
1359770
1359841
1360608
1361923
1361975
1362403
1362484
1362567
1362972
1364122
1365418
1366896
1367665
1367756
1367922
1368915
1369426
1369800
1369959
1370688
1370930
1371160
1372178
1372668
1373634
1373914
1374638
1374734
1375142
1375475
1375583
1376030
1376512
1376704
1376744
1376768
1377618
1378345
1378504
1378630
1378813
1379731
1379990
1380260
1380711
1381647
1381887
1382880
1382941
1383284
1383558
1384397
1384892
1385872
1386151
1386337
1388009
1388692
1389155
1389636
1389669
1390895
1391500
1393014
1393363
1393691
1393733
1393782
1394431
1394494
1394737
1395446
1395915
1396066
1396370
1397113
1397119
1397208
1397879
1399550
1400151
1400293
1400523
1400819
1400941
1401037
1402472
1403791
1403822
1404408
1404881
1405287
1405407
1405970
1406035
1406250
1406279
1408780
1410364
1410603
1410750
1411418
1411876
1411904
1412260
1412933
1413205
1413314
1413726
1413770
1414705
1415889
1416661
1417063
1418095
1418231
1419764
1419796
1420071
1420382
1420726
1420849
1421290
1421608
1421660
1422242
1422877
1422968
1423281
1423566
1424315
1424447
1424491
1424668
1424694
1424702
1425154
1425179
1425864
1427098
1427591
1427608
1427725
1428067
1428353
1428378
1428905
1429046
1429108
1429216
1429321
1430049
1431611
1431755
1431854
1431968
1432276
1432317
1432471
1433613
1433678
1434493
1435333
1436387
1436448
1436685
1437145
1437226
1437229
1437335
1438566
1438655
1438937
1439154
1439228
1439284
1442744
1443705
1444366
1444424
1444748
1445299
1446064
1446305
1447584
1448978
1449327
1449898
1449949
1449982
1451802
1451872
1452029
1452284
1452428
1452757
1453064
1453140
1453180
1453231
1453233
1453310
1453356
1454169
1455394
1455810
1456243
1456680
1458146
1459600
1459622
1459639
1460556
1460981
1462917
1464389
1464650
1465098
1465221
1465637
1466088
1466381
1467124
1467256
1468849
1470050
1470122
1470406
1470823
1471220
1471643
1471757
1472827
1473237
1474725
1474742
1474806
1474854
1475700
1475790
1476863
1476920
1477140
1477700
1478015
1478386
1478496
1478511
1478676
1480320
1480337
1480452
1481014
1481083
1481137
1481178
1481588
1481713
1482705
1484062
1484716
1484767
1485109
1485185
1485322
1486077
1486080
1486272
1486452
1487132
1487984
1488033
1488683
1488983
1489060
1489554
1489969
1490086
1490659
1491257
1491382
1491603
1492321
1492900
1493273
1493355
1494046
1494050
1495898
1496020
1496402
1496724
1497064
1498262
1498505
1498554
1499349
1500225
1500386
1501586
1501982
1502006
1502245
1502436
1502820
1503097
1503234
1503631
1503692
1504147
1504512
1504962
1505224
1506315
1508045
1509472
1510599
1511733
1511864
1512187
1512799
1512964
1513670
1514070
1514106
1515304
1515955
1516062
1516209
1517817
1518306
1518491
1520605
1520618
1521512
1521919
1522260
1522468
1522766
1523511
1523537
1523557
1523761
1524144
1524153
1524450
1524548
1525195
1526912
1527527
1528492
1528822
1529206
1529501
1529787
1530160
1530256
1530418
1530996
1531324
1531612
1532862
1533006
1533263
1533339
1533504
1533781
1534245
1534642
1535437
1535495
1535753
1537185
1537212
1537456
1537789
1538888
1539858
1542277
1542286
1542476
1542514
1542537
1543004
1543150
1543596
1543891
1544082
1545148
1545426
1546030
1546123
1546890
1546938
1547146
1548577
1548920
1548947
1549591
1549837
1550440
1551426
1551670
1551884
1551950
1552059
1552215
1552555
1552645
1553298
1554206
1554270
1554484
1554596
1554620
1555146
1555215
1555777
1555977
1556119
1556124
1556494
1556947
1557081
1557367
1557428
1558441
1558794
1559110
1559713
1560306
1560379
1561064
1561210
1561347
1561797
1562090
1564287
1564600
1565669
1566376
1566539
1568186
1568327
1568565
1569535
1570720
1571122
1571576
1572168
1572577
1572771
1572780
1573042
1573075
1573959
1574229
1574883
1574932
1575400
1575581
1575589
1576239
1576379
1576419
1577156
1577255
1577841
1578136
1578354
1578571
1578718
1579040
1579517
1579746
1580111
1580407
1580918
1581021
1581068
1581087
1581149
1581376
1582636
1583749
1584155
1585219
1586488
1586491
1586512
1588926
1589135
1590200
1590323
1590360
1590751
1591008
1591103
1591568
1591940
1592323
1593144
1593565
1594274
1594374
1594754
1594994
1595157
1595412
1595762
1596913
1597247
1600214
1600545
1601055
1601803
1602040
1603448
1604340
1605786
1606001
1606020
1607684
1607882
1608999
1610246
1610965
1611380
1611531
1611537
1611714
1612106
1613006
1613544
1615425
1615616
1616233
1616266
1617401
1618165
1618220
1618287
1619474
1620132
1620250
1621060
1621610
1622237
1624794
1625272
1625705
1626079
1626080
1627026
1627555
1628192
1628277
1628741
1628749
1628946
1629692
1630059
1630077
1630330
1630386
1630669
1630803
1631595
1631705
1632494
1632719
1632844
1633157
1633161
1633166
1633312
1633586
1633636
1634429
1635990
1636243
1636371
1636983
1637042
1637206
1637410
1638200
1638594
1638901
1639053
1639982
1640467
1640490
1642289
1642738
1643492
1643530
1643760
1644413
1644420
1644784
1645069
1645485
1645493
1645710
1647531
1648523
1648837
1648958
1649152
1649291
1649428
1649554
1650169
1650808
1650926
1651129
1651186
1651600
1651770
1651929
1652487
1653551
1653692
1653916
1654967
1655330
1655489
1655913
1656903
1658342
1658669
1659059
1659071
1659243
1659471
1661253
1662550
1662676
1662835
1662978
1663056
1663325
1663461
1663581
1663974
1664047
1664345
1665416
1665599
1666182
1667070
1667278
1667855
1668766
1668840
1669262
1669796
1670052
1670103
1670170
1670626
1670649
1671876
1671960
1672409
1672696
1672947
1673264
1673854
1673948
1674029
1674100
1674803
1677068
1677270
1678211
1678592
1679776
1680245
1680368
1680949
1681220
1681577
1682906
1683307
1683808
1684202
1684665
1685333
1685374
1685606
1686093
1686202
1686645
1686820
1686950
1687658
1687866
1688444
1688471
1689421
1690840
1691369
1691408
1691943
1692899
1693479
1693514
1694307
1694600
1694691
1694828
1694963
1695017
1695424
1695635
1696094
1696311
1696637
1696995
1697763
1698205
1698659
1699200
1699803
1700007
1700659
1700929
1701201
1701562
1701792
1702235
1702665
1702928
1704153
1705031
1706310
1706668
1707052
1707382
1707807
1707873
1708314
1708832
1708989
1710884
1711135
1711705
1712424
1713094
1713283
1713895
1715401
1715544
1715559
1716361
1717172
1718226
1718362
1718649
1719018
1719108
1719231
1720140
1720204
1720463
1720511
1720557
1721109
1721279
1721627
1722792
1722825
1724343
1725371
1726279
1726382
1726528
1726916
1727258
1727929
1729276
1729904
1730698
1731139
1731448
1732345
1732465
1733771
1733929
1734657
1735061
1735127
1735560
1736308
1737625
1738885
1738892
1739263
1739456
1740109
1740824
1741758
1742631
1743127
1743604
1743704
1744464
1744575
1744912
1745112
1745298
1745313
1745973
1746124
1746447
1747101
1747203
1747499
1747655
1749204
1749245
1751450
1751933
1752731
1753391
1753651
1753911
1756373
1756519
1757190
1758020
1758988
1759345
1759463
1759946
1760548
1760934
1761315
1761319
1761518
1762209
1763142
1763426
1764084
1764202
1764262
1764462
1764936
1765214
1765616
1765778
1765795
1765907
1766662
1766915
1767365
1767367
1767512
1767869
1767976
1768902
1769301
1769383
1771134
1771494
1771658
1772586
1772885
1773174
1773893
1777084
1777750
1777861
1778485
1778519
1778572
1778609
1779115
1780870
1782299
1782830
1782848
1783197
1785646
1785872
1786138
1786776
1787063
1787110
1787866
1788594
1789947
1789955
1791510
1792183
1792529
1792987
1793164
1793278
1793650
1794087
1794742
1794957
1795002
1795363
1796087
1796218
1796609
1796943
1797061
1797502
1798333
1798356
1799653
1799660
1799695
1799918
1800493
1800570
1800586
1801195
1802095
1802679
1802721
1802734
1802750
1802842
1804330
1804385
1804486
1804595
1804773
1804785
1805448
1805693
1805872
1806316
1806610
1807160
1807480
1807867
1807876
1810465
1810677
1810799
1811220
1811798
1812274
1812406
1814203
1814469
1815339
1815773
1815912
1816454
1816664
1817230
1819545
1819788
1819890
1820342
1821285
1821500
1821778
1821927
1822033
1822771
1823072
1825030
1825477
1826413
1826604
1826736
1827737
1828094
1829026
1829824
1830270
1830628
1830812
1831549
1832157
1832633
1833177
1833739
1833758
1834009
1834800
1835092
1835403
1835442
1835473
1835516
1835925
1835962
1836696
1836714
1837582
1837925
1837940
1838193
1839028
1839332
1840019
1840199
1840518
1842011
1843052
1843097
1843771
1843937
1844110
1844181
1844353
1844439
1844630
1844657
1845810
1846053
1847133
1848517
1849109
1849582
1850269
1851123
1851153
1851161
1851347
1851427
1851623
1851640
1853343
1853626
1854262
1854413
1854470
1855668
1855771
1856810
1857151
1857456
1857580
1857844
1857851
1857978
1858280
1858703
1859022
1859771
1860027
1860492
1860668
1860696
1860775
1860840
1861039
1861198
1861236
1861627
1861842
1862351
1862433
1863818
1866105
1866827
1867095
1867403
1867421
1867872
1868283
1869013
1869115
1869187
1869972
1869973
1871151
1871363
1871651
1871658
1872927
1873237
1876138
1876308
1877385
1877772
1878488
1878798
1878941
1879089
1879207
1879562
1879741
1880067
1880074
1880556
1881153
1881178
1881634
1882374
1882624
1882741
1883925
1884269
1885490
1885609
1886587
1887065
1887366
1887703
1888985
1889448
1889909
1890228
1890848
1892697
1892864
1893054
1894606
1894830
1895982
1896040
1897443
1897503
1897823
1898076
1898845
1899337
1899964
1900846
1901505
1901529
1901821
1902826
1903049
1904516
1904541
1905341
1905657
1905702
1906171
1906289
1906581
1907712
1908267
1908797
1909459
1909916
1910194
1910317
1910346
1910998
1911657
1912076
1912615
1912932
1913162
1913252
1913392
1913439
1913659
1913746
1913770
1914067
1914815
1915066
1915396
1915451
1915639
1915691
1915752
1915816
1916911
1917731
1918893
1919473
1919669
1920801
1920961
1921104
1921214
1921294
1921381
1921420
1923525
1923920
1924385
1925677
1926132
1926603
1927407
1927423
1927937
1928059
1928089
1928275
1928623
1929182
1929840
1930162
1930408
1930732
1930838
1931207
1931616
1933106
1934001
1934206
1934462
1934493
1934732
1936982
1937974
1937996
1938829
1939322
1939384
1939940
1940326
1941413
1941603
1941640
1941835
1941842
1942142
1942549
1943056
1944146
1944309
1944357
1944999
1945845
1945977
1946489
1946877
1947301
1947479
1948417
1950006
1950829
1951564
1951907
1952233
1952449
1952951
1953390
1953821
1953918
1954257
1954357
1955568
1955571
1955972
1956125
1956292
1956397
1956480
1956663
1957013
1957482
1957505
1957731
1959117
1959340
1960334
1960448
1960709
1961175
1961177
1961516
1961762
1962016
1962064
1962266
1962299
1962554
1962704
1962989
1963006
1963008
1963724
1963806
1964621
1965300
1965322
1965929
1966597
1966687
1967259
1967486
1967932
1968595
1968763
1969100
1969164
1969898
1970886
1971935
1973172
1973311
1973532
1973536
1973952
1974962
1975143
1975219
1975424
1975525
1976128
1976758
1976844
1976916
1977134
1977464
1977466
1977469
1978789
1979602
1980156
1980527
1980773
1980847
1982291
1982593
1983306
1983397
1983814
1984152
1984173
1985081
1986689
1987778
1988041
1988905
1989363
1990063
1991132
1991748
1992026
1992430
1992480
1993521
1994475
1995279
1995505
1995596
1995608
1996101
1996864
1997807
1998942
2000074
2000468
2001153
2001476
2001830
2002232
2002503
2002572
2002717
2003108
2003788
2004031
2004443
2004451
2004492
2004596
2005269
2005871
2005999
2006054
2006354
2007108
2007364
2007512
2007545
2007753
2008172
2008275
2008436
2008474
2009745
2011709
2012120
2012495
2014227
2014323
2014371
2014540
2015800
2015895
2016631
2018113
2018306
2021131
2022444
2022478
2023306
2023327
2023470
2023963
2024584
2024951
2025016
2025064
2027304
2027998
2028579
2028720
2028878
2028881
2029376
2029698
2029736
2030045
2030539
2030642
2030687
2030793
2031367
2031387
2031507
2033604
2033729
2034073
2034992
2035505
2035912
2036142
2036148
2036170
2036516
2036764
2037616
2038259
2038715
2039019
2039153
2039637
2040232
2040893
2043201
2043493
2043630
2043788
2043835
2044085
2044422
2044877
2045759
2046206
2046637
2047109
2047741
2048942
2049531
2049767
2050329
2050333
2050441
2050501
2051391
2053290
2054493
2055542
2055622
2055873
2055950
2056100
2056183
2057138
2058469
2058584
2059399
2060456
2061089
2062841
2064171
2064654
2064766
2064885
2064916
2066878
2067682
2067712
2067733
2068082
2068136
2068197
2069704
2069986
2070390
2071306
2071466
2071805
2071927
2072352
2072389
2073731
2073994
2076182
2076525
2076784
2077411
2077673
2077886
2078559
2078725
2078850
2079412
2079580
2080397
2080605
2080716
2080958
2081489
2082476
2082781
2082821
2083676
2083808
2083851
2083897
2085471
2085902
2085931
2087689
2088094
2088802
2090409
2090669
2091691
2092148
2092218
2092469
2094277
2097154
2097456
2097499
2097608
2097705
2098397
2098723
2098819
2098938
2099226
2099335
2099619
2099876
2099965
2100689
2101275
2103631
2104707
2104874
2105326
2106976
2107286
2107913
2108363
2108558
2108998
2109019
2109447
2109692
2109913
2110658
2110869
2111679
2114399
2115832
2116094
2116167
2116509
2121156
2123094
2123487
2123542
2123944
2124510
2125271
2126156
2126799
2127272
2128135
2128857
2129456
2130086
2130276
2130825
2130991
2131394
2131547
2132268
2133582
2134316
2134894
2136104
2136543
2136641
2137234
2137755
2137759
2137983
2138197
2138622
2139563
2139887
2140518
2140632
2140769
2140920
2142159
2142460
2142847
2143319
2143556
2143811
2143962
2145215
2145342
2145779
2146940
2148120
2148179
2148907
2149552
2151012
2151720
2151993
2152111
2152139
2152312
2152585
2153102
2153360
2154512
2154540
2155231
2155232
2155646
2155713
2155820
2156150
2157058
2157744
2157986
2158066
2158256
2158965
2159193
2160754
2160816
2161567
2162300
2162480
2162627
2163035
2163833
2163882
2164211
2165335
2165380
2167543
2167689
2168838
2169097
2169250
2169625
2170286
2170453
2171060
2171974
2173066
2173290
2174404
2174691
2174708
2176221
2177028
2177832
2178187
2179095
2179586
2180002
2180562
2181487
2182532
2183447
2183763
2184162
2184473
2184476
2185149
2185604
2185733
2187068
2187085
2187129
2187237
2187486
2187870
2187885
2189843
2190132
2190659
2191730
2191980
2191988
2193438
2194493
2195004
2195111
2195498
2195748
2195898
2196246
2196994
2197189
2197605
2197894
2198094
2198837
2199264
2199403
2200032
2200338
2200448
2201898
2202205
2202222
2204405
2204646
2206600
2208169
2208832
2208876
2209255
2209267
2209498
2209534
2211044
2211904
2212037
2212147
2213460
2213932
2214376
2216118
2216718
2216814
2216816
2217726
2218684
2220635
2220841
2221183
2221211
2221432
2222436
2222500
2222688
2223034
2224461
2224779
2225331
2225649
2227263
2227301
2227315
2227564
2227944
2228201
2228520
2228896
2229164
2230106
2230612
2231251
2231343
2232126
2234546
2234770
2235094
2235342
2235702
2235919
2237980
2238039
2239399
2240001
2240347
2241527
2242139
2245021
2246469
2246481
2246595
2247532
2248465
2249017
2250450
2250495
2250652
2250896
2251686
2252496
2252570
2252858
2253304
2253359
2254623
2255766
2257568
2258929
2259219
2259327
2259729
2260450
2260946
2261033
2261241
2261317
2263632
2263784
2263904
2264405
2264821
2267503
2268610
2269773
2270031
2270738
2271180
2272190
2272269
2272483
2272591
2273771
2274062
2274413
2275732
2277836
2277918
2279560
2279626
2279949
2279965
2280098
2280497
2280626
2280731
2281506
2282277
2282285
2282596
2282860
2284372
2285116
2286048
2286566
2286692
2286934
2287023
2288213
2289577
2289991
2290312
2290582
2291365
2291583
2291680
2292149
2292254
2292613
2293256
2293266
2293411
2293691
2293974
2294731
2294913
2295572
2295625
2299507
2300192
2300874
2301111
2301825
2302704
2303632
2304286
2304944
2305279
2305818
2306040
2306527
2307828
2308067
2308505
2308632
2309575
2309624
2310190
2310212
2310365
2310900
2311401
2311677
2311962
2312263
2312424
2313208
2313407
2313654
2313738
2314338
2314670
2315266
2315332
2315543
2316724
2317029
2317254
2317313
2317787
2318115
2318406
2318962
2319180
2319607
2319668
2320479
2320883
2320939
2321577
2321768
2322113
2323009
2323237
2323345
2323946
2323959
2324004
2324288
2324743
2326246
2326352
2326479
2326946
2327103
2327633
2327709
2329525
2330192
2331666
2331858
2331927
2333598
2334194
2335604
2337893
2338309
2338418
2338772
2339151
2339167
2339379
2340290
2340496
2340579
2340654
2340802
2341040
2341527
2341659
2341714
2342334
2342622
2343428
2344785
2345047
2345379
2345532
2345651
2346993
2347289
2347552
2347781
2348389
2348669
2349178
2349273
2349463
2349970
2350601
2350782
2351021
2351739
2352892
2354067
2354186
2354270
2354306
2354790
2355295
2355741
2356269
2356476
2357891
2358902
2359174
2359517
2359870
2360408
2360486
2361128
2361274
2361569
2361827
2361905
2362614
2362865
2362961
2363396
2363454
2363815
2365666
2365797
2365994
2366615
2366627
2367106
2368256
2368738
2368789
2369138
2369845
2370191
2370239
2370297
2370397
2370875
2370940
2370989
2371192
2371218
2371281
2372135
2373346
2373790
2374101
2375934
2376750
2377602
2378371
2378462
2379086
2380231
2380465
2381278
2381389
2381642
2382438
2382853
2384194
2385381
2386009
2386253
2387427
2387445
2388791
2389041
2389049
2389345
2389492
2389890
2390291
2391057
2391342
2391951
2392222
2392851
2393933
2395495
2396092
2397001
2397383
2397566
2397757
2397803
2398682
2400099
2400892
2401506
2402736
2403506
2403623
2403692
2404226
2404437
2405231
2405481
2406299
2407296
2407558
2407667
2407686
2407828
2408424
2408829
2410308
2410360
2410776
2410883
2411420
2411474
2412819
2412979
2413060
2413624
2414160
2416159
2416393
2417035
2417963
2418479
2419324
2419326
2419664
2420061
2421274
2422627
2422779
2423457
2423514
2423899
2424957
2425277
2425293
2425374
2425475
2426045
2426353
2426839
2427125
2427147
2427531
2427915
2428463
2429830
2430053
2430348
2431262
2431510
2431534
2431693
2432019
2432722
2434044
2434371
2434373
2434536
2434860
2435239
2435737
2437311
2438898
2439078
2439105
2439527
2439732
2440122
2441603
2442567
2442605
2442930
2443116
2443760
2444034
2444059
2444068
2445256
2446857
2446901
2447038
2447733
2448350
2448961
2449720
2449818
2449930
2450639
2451758
2452736
2453571
2453592
2454080
2454389
2454756
2455307
2455751
2455798
2455822
2456339
2456568
2457092
2457644
2457676
2457887
2457919
2459093
2459157
2459273
2459324
2459384
2460235
2462019
2462415
2462852
2463982
2464478
2464667
2465370
2466251
2466463
2467561
2468020
2468053
2469250
2469355
2469804
2469952
2470028
2470078
2472094
2472775
2472796
2473586
2473739
2474222
2474253
2475469
2475549
2475687
2477963
2478118
2479184
2479631
2481299
2481730
2481759
2482911
2483996
2486448
2486780
2487322
2487615
2487662
2488955
2489151
2492320
2492405
2492648
2493273
2493389
2494225
2495701
2496432
2496843
2497569
2498049
2498154
2499071
2499539
2500086
2500444
2500565
2501043
2501427
2504927
2506299
2506594
2506999
2507073
2507475
2509756
2509947
2509961
2511499
2512425
2513122
2513316
2513497
2513923
2514476
2514512
2515771
2516413
2516829
2517835
2518819
2519414
2519799
2520710
2520868
2521113
2521246
2521341
2521420
2521824
2522077
2523397
2524360
2525607
2526340
2526392
2529591
2529717
2530138
2530806
2530950
2532941
2533326
2533815
2535722
2536539
2538617
2538857
2538970
2540063
2540634
2541488
2541970
2542231
2542607
2542672
2542992
2543779
2544121
2544133
2545408
2546143
2547600
2548403
2550269
2550968
2551294
2551358
2551609
2552518
2553512
2553738
2553777
2554058
2554606
2555383
2557008
2558130
2558434
2558676
2558832
2559286
2559511
2559613
2559801
2559874
2560396
2561066
2561752
2562277
2562541
2563193
2563293
2563825
2564782
2564825
2565543
2565645
2566504
2566629
2566639
2567096
2567733
2568088
2568960
2569514
2569604
2569776
2570519
2570810
2571175
2571462
2571588
2572058
2573663
2574839
2574877
2575312
2575953
2577254
2577628
2577755
2577876
2578508
2578713
2578900
2579034
2580248
2580451
2580515
2581173
2581224
2581518
2581527
2582532
2582938
2583084
2583197
2583346
2584558
2584989
2585343
2586016
2586535
2586607
2587118
2588047
2588085
2588584
2590264
2590624
2591315
2591523
2591799
2593619
2593835
2594512
2595112
2595188
2595346
2595534
2595790
2596072
2596417
2596927
2597259
2597276
2597331
2597380
2598304
2600165
2600445
2600746
2600805
2601790
2602166
2602976
2604208
2604561
2605526
2605659
2605813
2606400
2606729
2607310
2607458
2608135
2608272
2608574
2608926
2609731
2610035
2610147
2610354
2610748
2611905
2612052
2612687
2612922
2613139
2613167
2613272
2613779
2613945
2613967
2614085
2614086
2614175
2614748
2615938
2616855
2616946
2617570
2619436
2619485
2620130
2620580
2620697
2620988
2621030
2621107
2621237
2621382
2621900
2622042
2623963
2624098
2624388
2625610
2626931
2627797
2628890
2629250
2629322
2629545
2629570
2632641
2632738
2632875
2633141
2633337
2636280
2636328
2636426
2636914
2637568
2637923
2638314
2638945
2639884
2640064
2640108
2640357
2640700
2640980
2641940
2642185
2643877
2645444
2645652
2645727
2647592
2647700
2647946
2650083
2650094
2650420
2650474
2651953
2652724
2653143
2653158
2653269
2653433
2653624
2654020
2654175
2654259
2654703
2655355
2656711
2658336
2659043
2659108
2659314
2659467
2659844
2660258
2661737
2662023
2662277
2662865
2663581
2663636
2663979
2664213
2665909
2665913
2666148
2666689
2666964
2667525
2667550
2667711
2668018
2669218
2669372
2670037
2670249
2670296
2671058
2671758
2671899
2672464
2673340
2673877
2674085
2674575
2674778
2675457
2676627
2677576
2677922
2678610
2680624
2680679
2681888
2682579
2683691
2684612
2684807
2685683
2685951
2686043
2686476
2687149
2687616
2687887
2688482
2689216
2689303
2689487
2689969
2690649
2690772
2690982
2691099
2691625
2691661
2692786
2692939
2693518
2694560
2694649
2694682
2695167
2695412
2696564
2697100
2698498
2699404
2699704
2699881
2700141
2700776
2701553
2701777
2702416
2702558
2704184
2704940
2707749
2708311
2709285
2709323
2710293
2710636
2712283
2712724
2713334
2713642
2713984
2714686
2714798
2715457
2715834
2715867
2716866
2716959
2717138
2719503
2721225
2724115
2724599
2724709
2724776
2725402
2725624
2725660
2725787
2726360
2726545
2726595
2727522
2727849
2728298
2728892
2731076
2731103
2731620
2732133
2732367
2732518
2733152
2733195
2733943
2734763
2734869
2736382
2736617
2737059
2737449
2737462
2738317
2738648
2740333
2740336
2741320
2741413
2741657
2741803
2741901
2743964
2744142
2744565
2745307
2745433
2745812
2746377
2746517
2746526
2746925
2747306
2747973
2748616
2749575
2749778
2750145
2750308
2750501
2750665
2751238
2751525
2752862
2753805
2753882
2753992
2754165
2754557
2754761
2755677
2756045
2756224
2756306
2756474
2756825
2756879
2756997
2757013
2758160
2758884
2759317
2759808
2760034
2760332
2760449
2760508
2760509
2760940
2760947
2761182
2762083
2762766
2762789
2762812
2763371
2763692
2764126
2765627
2766789
2767105
2767458
2768200
2768980
2769322
2769334
2769431
2769594
2769679
2769923
2770012
2770043
2770138
2770325
2772712
2773848
2774240
2774627
2775417
2775425
2775458
2775947
2776024
2776237
2776914
2776995
2777469
2777704
2777908
2778207
2778622
2779869
2780507
2780794
2780926
2781531
2782157
2782388
2782603
2782724
2783076
2783533
2783585
2783771
2784310
2785254
2785507
2785700
2786559
2786764
2786923
2787703
2788083
2789545
2789656
2789764
2790464
2790568
2790763
2791261
2791744
2791828
2792056
2792249
2792461
2792534
2793275
2793459
2794354
2795435
2795791
2795863
2797465
2798528
2800441
2801912
2801937
2803495
2804877
2804968
2805488
2807474
2807978
2808490
2809236
2809571
2810288
2810309
2811083
2811187
2811488
2813502
2813850
2814293
2814617
2814931
2815082
2816390
2816540
2817985
2818374
2819018
2819483
2819542
2819683
2820245
2820511
2821006
2822090
2822401
2823408
2823550
2823836
2823933
2826885
2827182
2827543
2827563
2828993
2829016
2829500
2829756
2830529
2831179
2831226
2831661
2831955
2832369
2834108
2834124
2834280
2835075
2835080
2835301
2835846
2836535
2836610
2838975
2839257
2839641
2840115
2840934
2841519
2841639
2841810
2842374
2842556
2842834
2842861
2843049
2843623
2843773
2843794
2844055
2845382
2845566
2845588
2846704
2847311
2847971
2848135
2848581
2848627
2849585
2849629
2849830
2850729
2850986
2851316
2852283
2852648
2852649
2852880
2852903
2853147
2853155
2853350
2854390
2855600
2856570
2856703
2856901
2858731
2859319
2859356
2859439
2860385
2860948
2861205
2861227
2861429
2861442
2861751
2862556
2863661
2864137
2864436
2864789
2865096
2865949
2866260
2866467
2867301
2867331
2869020
2869874
2870921
2870930
2871335
2872379
2873170
2873901
2873935
2874300
2874517
2874557
2874590
2875278
2875875
2875911
2876976
2877147
2877171
2877245
2879623
2879751
2880318
2881375
2881455
2881497
2881799
2882188
2882191
2882591
2882607
2882620
2882725
2882941
2882961
2883022
2883211
2884195
2885427
2885893
2886100
2886102
2886824
2886867
2887783
2887865
2888518
2888596
2889727
2889928
2890383
2890799
2891330
2891336
2893344
2894925
2894942
2895055
2895059
2895202
2895483
2895485
2896435
2896623
2896642
2896949
2897634
2899397
2899854
2900416
2900730
2900832
2900942
2901460
2901513
2901556
2901717
2902298
2902755
2902874
2902964
2903160
2903199
2903260
2903286
2903985
2906057
2906093
2906839
2907220
2907583
2908623
2909095
2910367
2910954
2911248
2911591
2912103
2912371
2912714
2912765
2913721
2914511
2915788
2916800
2916973
2917391
2917728
2921903
2921920
2922323
2922537
2922600
2923745
2924793
2924863
2925305
2925397
2925865
2926909
2926930
2927215
2927625
2927743
2928092
2928302
2928526
2928654
2928828
2929785
2929975
2929995
2930234
2930565
2930647
2930716
2930807
2931099
2931355
2931378
2931646
2931934
2932502
2932565
2932577
2932912
2933084
2935674
2935690
2936354
2936537
2938303
2938424
2938538
2938795
2939046
2940760
2941273
2942996
2943762
2943836
2943922
2944063
2944110
2944451
2944612
2944738
2944884
2945332
2946383
2946394
2946541
2947014
2947690
2947826
2947895
2948353
2949570
2949920
2949934
2949976
2950341
2950728
2950984
2951173
2951238
2952316
2952395
2952471
2952675
2952984
2953131
2953289
2953290
2953361
2953763
2954045
2954233
2955001
2955103
2955282
2955704
2956076
2956114
2956683
2956937
2957660
2957810
2957846
2957861
2957899
2957975
2958093
2958319
2959425
2959819
2960676
2960809
2961689
2962191
2962366
2963292
2963919
2964915
2965390
2965920
2966243
2966670
2966993
2968011
2968309
2968951
2969107
2969196
2969589
2969667
2970475
2970591
2971362
2971495
2972434
2973527
2973788
2974455
2974781
2975017
2975462
2975804
2975838
2977061
2977436
2977507
2977672
2978387
2978601
2978642
2979849
2979979
2980376
2980495
2980678
2980714
2981414
2981889
2982103
2982113
2982847
2983737
2983840
2984429
2984546
2985358
2985474
2985518
2986254
2986839
2987137
2988343
2988482
2988682
2989171
2989233
2990731
2991258
2991416
2991531
2992010
2992534
2993210
2993264
2993817
2994261
2994463
2994753
2995560
2995796
2996029
2996721
2997310
2997996
2998886
2999531
2999842
2999935
2999992
3001010
3001817
3001880
3002073
3002117
3002194
3002737
3002906
3003458
3006518
3006683
3008455
3008548
3008615
3009620
3009914
3010641
3010737
3011153
3011540
3011703
3012230
3012891
3012984
3013089
3013546
3014003
3014149
3014329
3014453
3014574
3015058
3016111
3016296
3016383
3016765
3016931
3017144
3017718
3018692
3019055
3019411
3020229
3020453
3021602
3022442
3023257
3023786
3024388
3025367
3025893
3026216
3026476
3027381
3027624
3028309
3028924
3029819
3030816
3031327
3031752
3032565
3032736
3033223
3033879
3034152
3034331
3035323
3035662
3035880
3036210
3036588
3037013
3037280
3037486
3037531
3038770
3039505
3040416
3041792
3042214
3042229
3042595
3043978
3045214
3045292
3045371
3045577
3046817
3046843
3048111
3048538
3049215
3049468
3049643
3049712
3051103
3051377
3051631
3052209
3052513
3053921
3054865
3055006
3055741
3057037
3057179
3057533
3057747
3057842
3058178
3058395
3058841
3059216
3059583
3059965
3060498
3061361
3062119
3063100
3063200
3063690
3063831
3065052
3065206
3065763
3065998
3066333
3067069
3067740
3068574
3068906
3069730
3069746
3071293
3071305
3072483
3072489
3072670
3075787
3075795
3076365
3076391
3077501
3078083
3079570
3079889
3080682
3080703
3080757
3081103
3081551
3082699
3083568
3083910
3084056
3084090
3084237
3085186
3085845
3086280
3087100
3087679
3088247
3088364
3088451
3088645
3088917
3088993
3089319
3091089
3091480
3093132
3093544
3094047
3094115
3094945
3094986
3095498
3095969
3096289
3096921
3097489
3098204
3098348
3099049
3099270
3100103
3100448
3100726
3100894
3101963
3102065
3102081
3102915
3103093
3103737
3103838
3104109
3104262
3104742
3105877
3105988
3106131
3106650
3108499
3108871
3109693
3109935
3111051
3111120
3111877
3112222
3112313
3113601
3114379
3114885
3115450
3115704
3116527
3117460
3118944
3120779
3121422
3121643
3122303
3123350
3123567
3124236
3124545
3124956
3125405
3125810
3125872
3125993
3126480
3127042
3127285
3127527
3127695
3128531
3128757
3129105
3129238
3129340
3129649
3130118
3131150
3132763
3133063
3133536
3133607
3133829
3134535
3134967
3137286
3137669
3137846
3137906
3138138
3138374
3140069
3140572
3141053
3141176
3141955
3143823
3143849
3144138
3144263
3144515
3144628
3145193
3145379
3147366
3147628
3148816
3149711
3149958
3150133
3150244
3150272
3150548
3150560
3150799
3151180
3151709
3151888
3152250
3153851
3153912
3153943
3154005
3154435
3156902
3157035
3157850
3158399
3158452
3158770
3159301
3159418
3159651
3159739
3160060
3160394
3160829
3160949
3161657
3163085
3164529
3165110
3166264
3166501
3167081
3167601
3167716
3167820
3167835
3168488
3169381
3169552
3169847
3170291
3170366
3170593
3170908
3171372
3172552
3172682
3173885
3174483
3174523
3174562
3174569
3176360
3176390
3176684
3177122
3177136
3177553
3178230
3179550
3180227
3180773
3183375
3183592
3184434
3184478
3184557
3184676
3184711
3185203
3186167
3186524
3187404
3188264
3188802
3190593
3191620
3191861
3191982
3192139
3192698
3192714
3193157
3193465
3194130
3195000
3195073
3195280
3195357
3195923
3196021
3196502
3196686
3196955
3196981
3197141
3198535
3198829
3200350
3200882
3202894
3203408
3203611
3204029
3204141
3204784
3205166
3205702
3206991
3207016
3207048
3207422
3208156
3208604
3209901
3211097
3211274
3211987
3212140
3212193
3212886
3213014
3214541
3214572
3214608
3215582
3215709
3215746
3216515
3217245
3217585
3217993
3218305
3218350
3218516
3219287
3219641
3219703
3220273
3220319
3221024
3223306
3223859
3224522
3225030
3225322
3225518
3225582
3226364
3226698
3227446
3227643
3227987
3229653
3230185
3230838
3230889
3230910
3231433
3231657
3233376
3233776
3234292
3234447
3234876
3235288
3235421
3235544
3235826
3236021
3236555
3237142
3238649
3238731
3239429
3239984
3240198
3240266
3240339
3240506
3241874
3243046
3243896
3244320
3244464
3244576
3244747
3244956
3245349
3245461
3245654
3246564
3247206
3247486
3247938
3248121
3248614
3248996
3250273
3250711
3250920
3251631
3251714
3252543
3252634
3253004
3253045
3253089
3254131
3254604
3254796
3255387
3255749
3256352
3257195
3257994
3258280
3260531
3260695
3261894
3262726
3262981
3264816
3267067
3267073
3267314
3267360
3268074
3268331
3268434
3268866
3269039
3269471
3269522
3270125
3270544
3270814
3270928
3271410
3272401
3272715
3273431
3273712
3273848
3274641
3274995
3275745
3276210
3276264
3276291
3277785
3278281
3278732
3279685
3279706
3280136
3280636
3281157
3281484
3282006
3282535
3282869
3283467
3283483
3283521
3283621
3285502
3286698
3286800
3287939
3289416
3289425
3289928
3289937
3290671
3290755
3291281
3291944
3291965
3292388
3292648
3293639
3294369
3294463
3294606
3294639
3296721
3297428
3300427
3302005
3302323
3302860
3303156
3303244
3303317
3304330
3304350
3305785
3308123
3308938
3309105
3309775
3310374
3311578
3311855
3313013
3313389
3313556
3314812
3315200
3315246
3315592
3316496
3316548
3316699
3318317
3318475
3318854
3319476
3319989
3320044
3320501
3320628
3320824
3321647
3321651
3321948
3321992
3322061
3322118
3323773
3324189
3324255
3324474
3325036
3325386
3325625
3325629
3325683
3326334
3326946
3326990
3327687
3329234
3329337
3329348
3329779
3330376
3330618
3330648
3331602
3332089
3332775
3332794
3333284
3333643
3333725
3334166
3334851
3335297
3335356
3335858
3336488
3336856
3338250
3338270
3338614
3339786
3341887
3342749
3343097
3343192
3343317
3343517
3344136
3345963
3345980
3345990
3346331
3346867
3347222
3347587
3348606
3348934
3349567
3349663
3350020
3350041
3353301
3354196
3354276
3354567
3354998
3356004
3356158
3357756
3358384
3358903
3358994
3359015
3359416
3359594
3360372
3363793
3363801
3363854
3364092
3364473
3365204
3365322
3365728
3365924
3366197
3366609
3366932
3366943
3367088
3369187
3369260
3370054
3371455
3372246
3372484
3372591
3372902
3373582
3373907
3375041
3377027
3377341
3377400
3378519
3379013
3379634
3379726
3379742
3382560
3384136
3384356
3384842
3385312
3386825
3386933
3387598
3387664
3387978
3388544
3388651
3390045
3390101
3390882
3391838
3391938
3393139
3393411
3393696
3394168
3394500
3395017
3397173
3397292
3398023
3398067
3398381
3398612
3399107
3400259
3400293
3401601
3402326
3402365
3403944
3404168
3405307
3405807
3405986
3406113
3406302
3407199
3407452
3408412
3408553
3408956
3408995
3409185
3409698
3409761
3409796
3410062
3411079
3411638
3412669
3412832
3413317
3414214
3414432
3414526
3415404
3415699
3415814
3415874
3417624
3418039
3418192
3418218
3418871
3419181
3419242
3419928
3420713
3421172
3421966
3422483
3423106
3423424
3423824
3423998
3424003
3424030
3424199
3424418
3424937
3425122
3425174
3425689
3426325
3428403
3428841
3429059
3429500
3430429
3430826
3431867
3432117
3432283
3432841
3433181
3433346
3433768
3433857
3433993
3434164
3434472
3434476
3434619
3435334
3435813
3436069
3436863
3437305
3437624
3437742
3437908
3437954
3438474
3438996
3439084
3439512
3439517
3440788
3441553
3441823
3442429
3442783
3443106
3444364
3445773
3445995
3446889
3447620
3448124
3448700
3449463
3449948
3450455
3450474
3451455
3451672
3452150
3452377
3452904
3453150
3453447
3453504
3453960
3454366
3455334
3455367
3456591
3456632
3457578
3457811
3458664
3459196
3459231
3459315
3459548
3459660
3460126
3460671
3460764
3461271
3462443
3462706
3464371
3465267
3466582
3466756
3466905
3468018
3468271
3468562
3469343
3469473
3470888
3471001
3471244
3472013
3473204
3473387
3475033
3475192
3476674
3477231
3477626
3478282
3478699
3479114
3479525
3479594
3480636
3481274
3482232
3483225
3483416
3483477
3484653
3484965
3485498
3486021
3486654
3487424
3488277
3489136
3489312
3490347
3491129
3491611
3492323
3492963
3493096
3493408
3493654
3494360
3495113
3495160
3495427
3495504
3495865
3496222
3496921
3498179
3498596
3498920
3499128
3499274
3499687
3499905
3500102
3500349
3501050
3501057
3501149
3501712
3502646
3502748
3503082
3503872
3504010
3504184
3504473
3504482
3504742
3504920
3505031
3505068
3505706
3505856
3506380
3506741
3508194
3508602
3508623
3508803
3509169
3509534
3509703
3510314
3510496
3510603
3510791
3511003
3511632
3511984
3512212
3512436
3512711
3514420
3514472
3515621
3517101
3517252
3517922
3518173
3518377
3518489
3519531
3519565
3519964
3520216
3520404
3520414
3521448
3521821
3521955
3522852
3522906
3523663
3525527
3525980
3526326
3527137
3527666
3528144
3528287
3528762
3528977
3529698
3530157
3530252
3530306
3530465
3530554
3531916
3531999
3532215
3532266
3532756
3533516
3533787
3534080
3536280
3536506
3536945
3538728
3538960
3539294
3539992
3540503
3540568
3541521
3542362
3543141
3543301
3543462
3543651
3543872
3544123
3544466
3544884
3545839
3547120
3547718
3547883
3548359
3548361
3548595
3548797
3549209
3549379
3550522
3551053
3551106
3551685
3552089
3552334
3552728
3553077
3553285
3554213
3554890
3555841
3556395
3557425
3558048
3558126
3559132
3559614
3559622
3559805
3559914
3561150
3561266
3561518
3561829
3562304
3564784
3564920
3565207
3565476
3565788
3565945
3567031
3567217
3568243
3569343
3569833
3569965
3570459
3572720
3572812
3573035
3573161
3573930
3574528
3575851
3575866
3576561
3576621
3577070
3577626
3577627
3578297
3579520
3580117
3580240
3580314
3580379
3580982
3581464
3581756
3582497
3583402
3584342
3585162
3585496
3585813
3586087
3586322
3586751
3589078
3589713
3589924
3589971
3590121
3590181
3592013
3593982
3594822
3595226
3595470
3595960
3596194
3596447
3596904
3597231
3597350
3597647
3597798
3598369
3599269
3599963
3600257
3600832
3601064
3601687
3602614
3602780
3603230
3603568
3604725
3604795
3604850
3605249
3605533
3605546
3605628
3606016
3606898
3606961
3607027
3607264
3608661
3609297
3609477
3610133
3610478
3610551
3611424
3611855
3612033
3612606
3612724
3615834
3616224
3617043
3618104
3618460
3618629
3619112
3619208
3619263
3619593
3620310
3620488
3620654
3621065
3621200
3621258
3621683
3623051
3623938
3624530
3624786
3625317
3625368
3625820
3626229
3626554
3627154
3627476
3627487
3627936
3628110
3628222
3628467
3628636
3628829
3629064
3629439
3629685
3630940
3632644
3632740
3632819
3632960
3633662
3634493
3635252
3636298
3637587
3637905
3637952
3638086
3638114
3638941
3639784
3640122
3640879
3641266
3641474
3641582
3641711
3641850
3642223
3642441
3643081
3644001
3644451
3644903
3644927
3645888
3647087
3647793
3647818
3648610
3649074
3651203
3651954
3652211
3653832
3654037
3654078
3654341
3654879
3656374
3656576
3657663
3659073
3659334
3660340
3661125
3662468
3662908
3663359
3663942
3664151
3664852
3665050
3665452
3666017
3666618
3666904
3667251
3667956
3668665
3669047
3669499
3669528
3669967
3670099
3671582
3672663
3672715
3673665
3674208
3674210
3674962
3675191
3675208
3675679
3676586
3677041
3677254
3677352
3677563
3677665
3678149
3679843
3679884
3679937
3679984
3680195
3680724
3680740
3681516
3682048
3682282
3682563
3683615
3684244
3684292
3684771
3684791
3684826
3686050
3686330
3686998
3687243
3687542
3687839
3688112
3689029
3689406
3690393
3690748
3691204
3692213
3692530
3692726
3694675
3695178
3695353
3696740
3696822
3697313
3697932
3698186
3698731
3699715
3700482
3700581
3700726
3700775
3700788
3702182
3702814
3702963
3703766
3703926
3704524
3705185
3705309
3705975
3706180
3706404
3706442
3706560
3707685
3708660
3709008
3709843
3710311
3710401
3710561
3711340
3711678
3713885
3714722
3715185
3715960
3716700
3717297
3717964
3718661
3719226
3719381
3719784
3719839
3720603
3720867
3721943
3722639
3725537
3725745
3725779
3726082
3726120
3726721
3727055
3727150
3728111
3728270
3728291
3728439
3728516
3728564
3728744
3728794
3729074
3729732
3730717
3730931
3731225
3733166
3733413
3735281
3735348
3735566
3736823
3736884
3737007
3737288
3738518
3738581
3739453
3740835
3741140
3741520
3742461
3742624
3743002
3743421
3744834
3744865
3745186
3745522
3746512
3746557
3746558
3746630
3746675
3747128
3747343
3748034
3748584
3749474
3752104
3752570
3752659
3753378
3753601
3754123
3754192
3755803
3755854
3756149
3758414
3759146
3759248
3759540
3759575
3760246
3761527
3762650
3763723
3763987
3764202
3764482
3764663
3765206
3765384
3766301
3767147
3768025
3768159
3768394
3768892
3769142
3769168
3769423
3769670
3769672
3770635
3770655
3770736
3771985
3772189
3772258
3772828
3772989
3773267
3773446
3773542
3773796
3774569
3774757
3774813
3775174
3775201
3775258
3775467
3775666
3776780
3776847
3777167
3777418
3777621
3777624
3779811
3779834
3781330
3781357
3781736
3782076
3782698
3782797
3782823
3783159
3783357
3784182
3784500
3785780
3785785
3786016
3786323
3786351
3786781
3787483
3787632
3787863
3788698
3788777
3789134
3789341
3789536
3790369
3790390
3790905
3791000
3791011
3791737
3792423
3793424
3793439
3793716
3794357
3794374
3794485
3794964
3795136
3795301
3795567
3795723
3796265
3796380
3796643
3798021
3798496
3800677
3801132
3801503
3802417
3802961
3805175
3806580
3806700
3807639
3807688
3807707
3808437
3810482
3811697
3812895
3813013
3813268
3813308
3813326
3813978
3814750
3814999
3816916
3817601
3818328
3818474
3818883
3819289
3819881
3820259
3820513
3820971
3821585
3821695
3821765
3822371
3822875
3824283
3824342
3824589
3824845
3825116
3826142
3826370
3827026
3827424
3827999
3829036
3829294
3829478
3830048
3831242
3831926
3832023
3832129
3833146
3835233
3835354
3836247
3836555
3836775
3838091
3838593
3839167
3839497
3839708
3839789
3840100
3841302
3841369
3841733
3841930
3842338
3842367
3842706
3843346
3845454
3845541
3846644
3846925
3846958
3847135
3847209
3847452
3848163
3848358
3848963
3850088
3850805
3850850
3851470
3851560
3851645
3851673
3852200
3853404
3853784
3854565
3854795
3855018
3855274
3856692
3857265
3857411
3857487
3857862
3858667
3859393
3860472
3860855
3860962
3861007
3861119
3861484
3861811
3861880
3862899
3864264
3864415
3865071
3865504
3866123
3867205
3867239
3867929
3868511
3869261
3869613
3870064
3870158
3870195
3870332
3870447
3870550
3871312
3871403
3872516
3873260
3873411
3873878
3873952
3873954
3874171
3874558
3874905
3874959
3875106
3875311
3875981
3876262
3876270
3876657
3877031
3878052
3878502
3878692
3879371
3879451
3880031
3880335
3880479
3880497
3882492
3883062
3883562
3884280
3885210
3885311
3886517
3887077
3887250
3887753
3888015
3888690
3888963
3889506
3889895
3890072
3891109
3892216
3892528
3892664
3893142
3893478
3894215
3894240
3894355
3895176
3896096
3896463
3896485
3898179
3898768
3899031
3899449
3899477
3900500
3900879
3901113
3901827
3901918
3902019
3902051
3902348
3903446
3903876
3903904
3904046
3904220
3905015
3905491
3905998
3906202
3906208
3906245
3906814
3907515
3907553
3907897
3908042
3909140
3909375
3909979
3910193
3910567
3910692
3911347
3911748
3911753
3911883
3911950
3914626
3915235
3915328
3916432
3917018
3918550
3919147
3919184
3921063
3921272
3922298
3923686
3924411
3924526
3924633
3925393
3926006
3927710
3928549
3929696
3929751
3930044
3930628
3931925
3931957
3932379
3934558
3934604
3934757
3935447
3935826
3936887
3937039
3940244
3940567
3940624
3940884
3942103
3942119
3942176
3942316
3942426
3942778
3943246
3943940
3944053
3944628
3944782
3944901
3945084
3945399
3945762
3945995
3947068
3947856
3947903
3948133
3948273
3948469
3949101
3950140
3950146
3950368
3950374
3950395
3951591
3952262
3952460
3952600
3952644
3952736
3953755
3954293
3954665
3955019
3955329
3955742
3956052
3957488
3958255
3958601
3958774
3958962
3960218
3960296
3960330
3960527
3961312
3961844
3962031
3962133
3962196
3962268
3962369
3962822
3962956
3962968
3963511
3963961
3966212
3966213
3966346
3966417
3966952
3967046
3967788
3968639
3969474
3969492
3969797
3969946
3971105
3972580
3973249
3973322
3973736
3974803
3976759
3977294
3978470
3978482
3978980
3979423
3979938
3980315
3980702
3980716
3980893
3981634
3982250
3983245
3983716
3984372
3984375
3985262
3985418
3986341
3986456
3986763
3986967
3987005
3987154
3987744
3987926
3988243
3988959
3989277
3989627
3990765
3990986
3991820
3991975
3992135
3992364
3992726
3992787
3993535
3993716
3993965
3994539
3994641
3994658
3994738
3994861
3994955
3997527
3998225
3998312
3998365
3998496
3998742
3999216
3999363
4000705
4001069
4001133
4001315
4002552
4002611
4004146
4005103
4005545
4005634
4005707
4006575
4007748
4009237
4009372
4009567
4009988
4012032
4013296
4013306
4014132
4014672
4015284
4015667
4016085
4016153
4016524
4017778
4019336
4019854
4020409
4020527
4020882
4020993
4021715
4022394
4022423
4022499
4022677
4022734
4022754
4023333
4023696
4023823
4024771
4024792
4024999
4025214
4026059
4028152
4030502
4031418
4031982
4031989
4032265
4032293
4032763
4032890
4033018
4034234
4034400
4034838
4035064
4035184
4035357
4035370
4035747
4036451
4038767
4039646
4039752
4039979
4040164
4040765
4041055
4041393
4043275
4043505
4044202
4045926
4046604
4046706
4046753
4047788
4047855
4048575
4048812
4049322
4049513
4049628
4049973
4050337
4050351
4051451
4051949
4052120
4052276
4052806
4053074
4053338
4053625
4054094
4054190
4054430
4054725
4054804
4056413
4056672
4056734
4058025
4058092
4059231
4059341
4059449
4059816
4059915
4060569
4060831
4060921
4061140
4062089
4062727
4062774
4062861
4063198
4063461
4064124
4064396
4065308
4065756
4066015
4066444
4066577
4066858
4067141
4067644
4067783
4067928
4068115
4068507
4069037
4069144
4069388
4071630
4072287
4072483
4072706
4072973
4073689
4073901
4074790
4074990
4075474
4075566
4075943
4076896
4076971
4077523
4077798
4079142
4079565
4079924
4080453
4080458
4080928
4081150
4081181
4081303
4082819
4083008
4085442
4085940
4086304
4086913
4087329
4087413
4088515
4088845
4088972
4090215
4090507
4090924
4091038
4091646
4093385
4093450
4094091
4094376
4094694
4094762
4095488
4096512
4097415
4097582
4097827
4097876
4098372
4098703
4098831
4098859
4099015
4099750
4100942
4101717
4102042
4103026
4103303
4103459
4103461
4103635
4103847
4104384
4105043
4105173
4105575
4106170
4106329
4107235
4107270
4107329
4108233
4108256
4108395
4108756
4108807
4108950
4109080
4109305
4109805
4110155
4110339
4110392
4110689
4110949
4111888
4111912
4112388
4113343
4113889
4115585
4115775
4115937
4116550
4117235
4117385
4117838
4117953
4118268
4118644
4119076
4119524
4119696
4120252
4121221
4121524
4122039
4122433
4122660
4122846
4123092
4123543
4124035
4124038
4124698
4124758
4124996
4125303
4125587
4125700
4125796
4125951
4127242
4127604
4127619
4127901
4128381
4129099
4129401
4129793
4129980
4130218
4130311
4131263
4131294
4131449
4131517
4132141
4132517
4132844
4135115
4135483
4135611
4136394
4137911
4138683
4138912
4139351
4139876
4140002
4140063
4140902
4141091
4141180
4141206
4141737
4142064
4143109
4143165
4143462
4143518
4143572
4143619
4143914
4144579
4144673
4144887
4145152
4145653
4145832
4146172
4147719
4150277
4150321
4150580
4150645
4151187
4151377
4151470
4152620
4153459
4153725
4154028
4154099
4154363
4155348
4156106
4156204
4156943
4157593
4158502
4159116
4159356
4159793
4160331
4160941
4161520
4162617
4163328
4163615
4164135
4165756
4166580
4166598
4167140
4167680
4168085
4168727
4168780
4168855
4169108
4171040
4171647
4172205
4173082
4173154
4174133
4175018
4175373
4175381
4176231
4176375
4176638
4177037
4177150
4177514
4177842
4177967
4178036
4178239
4179209
4179328
4179600
4179721
4180182
4180452
4180626
4181420
4181840
4182946
4182970
4183367
4183387
4184092
4184387
4185689
4186125
4186693
4187322
4187802
4187892
4189128
4189135
4189514
4189585
4189747
4190105
4190980
4191017
4191711
4193012
4193074
4193764
4193913
4196760
4197372
4198498
4198782
4198813
4199088
4200372
4200686
4201087
4201235
4201248
4201886
4202059
4203198
4203241
4204213
4205081
4205185
4205708
4205712
4206090
4206567
4206616
4206640
4206747
4206910
4207388
4207498
4207869
4209287
4210542
4211608
4212360
4212907
4213074
4213203
4213408
4213671
4214055
4215013
4215041
4215127
4215419
4215776
4215854
4217434
4217928
4218753
4219230
4219639
4220542
4221355
4221594
4222379
4223160
4223896
4224371
4224595
4224846
4225584
4225731
4225902
4225971
4226404
4226872
4227386
4228648
4228808
4228931
4229217
4231836
4232809
4232926
4233307
4233570
4234101
4235414
4236037
4236670
4236871
4237418
4238089
4238173
4238177
4238321
4238579
4239665
4240644
4241133
4241454
4241469
4241510
4241749
4242887
4244278
4245143
4245289
4246275
4246558
4246748
4248426
4248534
4249260
4249983
4250909
4251250
4251528
4251872
4252338
4252550
4252981
4254073
4254132
4254293
4255474
4255495
4255809
4255993
4256034
4256405
4256820
4257078
4257154
4257335
4257515
4257641
4257761
4257810
4261762
4261845
4261949
4262478
4262915
4263134
4263212
4263441
4263989
4264321
4264350
4265172
4265247
4266199
4266467
4267399
4267466
4268895
4269047
4269978
4271657
4271855
4272121
4272151
4273480
4273941
4274317
4275351
4275502
4276192
4276285
4277002
4277093
4277672
4277832
4278627
4279124
4279413
4279584
4280319
4280749
4281201
4281322
4282138
4282237
4282685
4282834
4283576
4284609
4284866
4287175
4287557
4288029
4289574
4289999
4290182
4290557
4290733
4291263
4291798
4291923
4292607
4292907
4293469
4293767
4294148
4294947
4295490
4296868
4297269
4298992
4301532
4301905
4302145
4304109
4304158
4305659
4306313
4306753
4307040
4307399
4307670
4308117
4308601
4309146
4310103
4310416
4310818
4311004
4311710
4312200
4312694
4314615
4315146
4316139
4317026
4317261
4317368
4317693
4319855
4320505
4320603
4321169
4321350
4321496
4321757
4321777
4322498
4322806
4323885
4324038
4324127
4324762
4325025
4325226
4326343
4326778
4327097
4327133
4327333
4327758
4328423
4331146
4331160
4333572
4334094
4334283
4335585
4336865
4337804
4337977
4338167
4338920
4339624
4339890
4341283
4342086
4342606
4342810
4342892
4343188
4343275
4344001
4345161
4347128
4347436
4347489
4347502
4347791
4348107
4348322
4348881
4349324
4350698
4350846
4351187
4352712
4352842
4353244
4354362
4354790
4355136
4355330
4356096
4356518
4359851
4360040
4360706
4361293
4361445
4361707
4362091
4362453
4362824
4363210
4363633
4364035
4364277
4365158
4365416
4366188
4368719
4369049
4370038
4370466
4370689
4372517
4372686
4373502
4373641
4373758
4374221
4374516
4375325
4375545
4375610
4375628
4375668
4377668
4378206
4378298
4378448
4379115
4379287
4379780
4379942
4380569
4380988
4381515
4382399
4382807
4383891
4384011
4384219
4384644
4384762
4385391
4386479
4386692
4386848
4387026
4387516
4388305
4389512
4389533
4389844
4391636
4391789
4391839
4391962
4392305
4392600
4393455
4393581
4394152
4394684
4395568
4396536
4397279
4397343
4398080
4399287
4400527
4401390
4402415
4403072
4403251
4403279
4403454
4403665
4403994
4404184
4404440
4406053
4406474
4406493
4406818
4406964
4406981
4407148
4407151
4408549
4409329
4409786
4410173
4410191
4410395
4410592
4413469
4413586
4413747
4414956
4415133
4415985
4416015
4416813
4417138
4417760
4418322
4418876
4419432
4419880
4420281
4423107
4423365
4423911
4423978
4424162
4424460
4426120
4426309
4426578
4427091
4428089
4428810
4429192
4429296
4430204
4431216
4431271
4432001
4432918
4433123
4433233
4435175
4435552
4436203
4436324
4436463
4437080
4438243
4438797
4440148
4440275
4440865
4440993
4441317
4442030
4442820
4442853
4443563
4445088
4445879
4446073
4446805
4446949
4448448
4448521
4448752
4448950
4449031
4449134
4449688
4451625
4452199
4453222
4453356
4453803
4453925
4454005
4454367
4454544
4455584
4455999
4456099
4456734
4457246
4457301
4457758
4458700
4459570
4459627
4459678
4459692
4459778
4461180
4464563
4464752
4465742
4465938
4467454
4468099
4468344
4468421
4468459
4468460
4468523
4468935
4469505
4469559
4470276
4470396
4471048
4471488
4471555
4471834
4472355
4472468
4472515
4472591
4472822
4473433
4473487
4473519
4473564
4473982
4474017
4474206
4474591
4475087
4475681
4476553
4477016
4477388
4477520
4477785
4477869
4478024
4478220
4478581
4478632
4479196
4479208
4480182
4480328
4480537
4480607
4480700
4480807
4481953
4482285
4482630
4483182
4483382
4484560
4485576
4486842
4488180
4488656
4488999
4489534
4489686
4489934
4490890
4490905
4490916
4492120
4493242
4493270
4493381
4493672
4493706
4493887
4494176
4494953
4495251
4495940
4496693
4497582
4497684
4498052
4500319
4500455
4500742
4500796
4501107
4501521
4501959
4502125
4502545
4503988
4504286
4504476
4504638
4504725
4505299
4505523
4506775
4507455
4507744
4508809
4509217
4510493
4511001
4511190
4512230
4512338
4513208
4513298
4513516
4514933
4515116
4515768
4516299
4516323
4516334
4516965
4516978
4517136
4517258
4517388
4517707
4517955
4518180
4518695
4519411
4519600
4519688
4519895
4520298
4520454
4520746
4522096
4522234
4522370
4522623
4523189
4523399
4523461
4523936
4523981
4524352
4524701
4525215
4525221
4526418
4526702
4527939
4529376
4529489
4529806
4530472
4530834
4531178
4531573
4532170
4532769
4533111
4533431
4534821
4535138
4535778
4535805
4535847
4536445
4536591
4536847
4537628
4538013
4538427
4538827
4539328
4540972
4540989
4541133
4541820
4542393
4543121
4544081
4544248
4544744
4545313
4545327
4545620
4546505
4546667
4547453
4547502
4547582
4547640
4547891
4548824
4549021
4549195
4549752
4550200
4551569
4552284
4553218
4553271
4553436
4554410
4554567
4554814
4555021
4555474
4556242
4556453
4556879
4557709
4559134
4560517
4560538
4561129
4561203
4561204
4561425
4562612
4562616
4562740
4562752
4562778
4564281
4565080
4565127
4565193
4565372
4565845
4566134
4566864
4566988
4567050
4567240
4567653
4567768
4567945
4568318
4568581
4568660
4569334
4569556
4571586
4572188
4572228
4572383
4572491
4573141
4573607
4574111
4574126
4574630
4575867
4576065
4576734
4577254
4577459
4577822
4578455
4578489
4578700
4578823
4580301
4583133
4583396
4584314
4585175
4585223
4586279
4587243
4587699
4587957
4589431
4590709
4591472
4592226
4592764
4592805
4593009
4593687
4594237
4594429
4595734
4595896
4596178
4596720
4596788
4597561
4598683
4599084
4599162
4599345
4599519
4599808
4600684
4600892
4601190
4602800
4603079
4603448
4603666
4603703
4603984
4604100
4604428
4605179
4605269
4605306
4605979
4607837
4608109
4608453
4608960
4609102
4609734
4610188
4610425
4611102
4611123
4611751
4613581
4613818
4613833
4614572
4614596
4615444
4616092
4616702
4616782
4616839
4616939
4616943
4617143
4618187
4618462
4618803
4619159
4619163
4619538
4619911
4620841
4620982
4621298
4621497
4621544
4621737
4621965
4622081
4622247
4624371
4626193
4626256
4626330
4627057
4627627
4627750
4628120
4628198
4628273
4629502
4629680
4630357
4631043
4632032
4632332
4632490
4632615
4633142
4633443
4634421
4634685
4635062
4635160
4636170
4637338
4637408
4638388
4638663
4638831
4639585
4639751
4640767
4640816
4640888
4640982
4643469
4643553
4645172
4645196
4645339
4646314
4646644
4646807
4647389
4647557
4647563
4648509
4648910
4649761
4650279
4650456
4651956
4652911
4653211
4653377
4653783
4654968
4655532
4655827
4657001
4657663
4658121
4658214
4658344
4658402
4658425
4659096
4659346
4660494
4660745
4660848
4660977
4661080
4661213
4661288
4661900
4662554
4663205
4663985
4664180
4664807
4665460
4665494
4666279
4666957
4667567
4667821
4667863
4668389
4668836
4669999
4670292
4671263
4671475
4672854
4674168
4674760
4675710
4676061
4676263
4676422
4677799
4678038
4678209
4678270
4680192
4681564
4681895
4681964
4682842
4684871
4684942
4685357
4685441
4685574
4686879
4687361
4688496
4689857
4689913
4690310
4690784
4691864
4692307
4692655
4692696
4693505
4694881
4695239
4697076
4697880
4698253
4698284
4698496
4698567
4699303
4699754
4700906
4701312
4701415
4701801
4701828
4702784
4703082
4703398
4703406
4704213
4704964
4705391
4705461
4705748
4706801
4706805
4707707
4707766
4708466
4708550
4708996
4709131
4709406
4710365
4710793
4711580
4711660
4714542
4715431
4715793
4715796
4716060
4716968
4717209
4717569
4718250
4719110
4719377
4719902
4719999
4722852
4724384
4725016
4725488
4727187
4727288
4728201
4729423
4729497
4729606
4730041
4730354
4730832
4731025
4731586
4731893
4732090
4733208
4733283
4733896
4734991
4735327
4736384
4736648
4737452
4737786
4737871
4737943
4738474
4738570
4738705
4738878
4738879
4739662
4739815
4740048
4740138
4740380
4743061
4743672
4743681
4744687
4744956
4745043
4745440
4745510
4747117
4747209
4747567
4751221
4751222
4751524
4751631
4752496
4752663
4753255
4753712
4753759
4754456
4755996
4756234
4756451
4758416
4758558
4759770
4759948
4759966
4760590
4761248
4761341
4763163
4763370
4763404
4763596
4763621
4764590
4765085
4765446
4765488
4765762
4765921
4766054
4766328
4766784
4767038
4767064
4768175
4768300
4768591
4770392
4770578
4772616
4772781
4775057
4775561
4775750
4775940
4776764
4776844
4777003
4777346
4777926
4777960
4779072
4779099
4779474
4780103
4780361
4780745
4780853
4781241
4781574
4781834
4783543
4783717
4784302
4784303
4784535
4784891
4784942
4785022
4785161
4785346
4786620
4787323
4788134
4788369
4788610
4788611
4789228
4789372
4789449
4789905
4790563
4790576
4790967
4791108
4791240
4791400
4791690
4793201
4793309
4793343
4795984
4796341
4796357
4797105
4797465
4797859
4798080
4798237
4798461
4799675
4801224
4801410
4801499
4801602
4802063
4802734
4803687
4803932
4804566
4804945
4805778
4806007
4806160
4806225
4807015
4807707
4808257
4808329
4808399
4808486
4809329
4810408
4810686
4810936
4811701
4811711
4812338
4812760
4812879
4813727
4813932
4814316
4814397
4814443
4814600
4814647
4815136
4815547
4817639
4817674
4818352
4819322
4820245
4821620
4822207
4822863
4823753
4824448
4825210
4825464
4825699
4825759
4826118
4826284
4826634
4827744
4827976
4828897
4829092
4829509
4829516
4829658
4829704
4831485
4831781
4832315
4834757
4835837
4836286
4836516
4836535
4836719
4837333
4837478
4837479
4837697
4838084
4838423
4839301
4839712
4840267
4840887
4841223
4841560
4842153
4842345
4842644
4842999
4843616
4844054
4844102
4844146
4844246
4844550
4844562
4845087
4846937
4848646
4848702
4849328
4850456
4850500
4851556
4852237
4852261
4852507
4852618
4853364
4853619
4853882
4854428
4854546
4855501
4855774
4855824
4856218
4857692
4857819
4858206
4858591
4858592
4858829
4859029
4859953
4863329
4863703
4864210
4864224
4865003
4865220
4865240
4865473
4865933
4866019
4866094
4866108
4866554
4867087
4867311
4867350
4867384
4868892
4869487
4870298
4871181
4872400
4872441
4872629
4874107
4874266
4874306
4874475
4875364
4875446
4875785
4875947
4876062
4877354
4878074
4878312
4878507
4878848
4879086
4880825
4881074
4881076
4881866
4882152
4882783
4883431
4883658
4883920
4883952
4884776
4885921
4885986
4886045
4886596
4888024
4888374
4888806
4889535
4889744
4889992
4890005
4890944
4891193
4891410
4892318
4892402
4892903
4893278
4894175
4894662
4894780
4896273
4897500
4898980
4900120
4900573
4900896
4901241
4903363
4903891
4903926
4904236
4905648
4905765
4906019
4906949
4907644
4908163
4908411
4908977
4909321
4909336
4909404
4909457
4909766
4912036
4912191
4912730
4912822
4913155
4914755
4914925
4915475
4915506
4915536
4915935
4916608
4917095
4917521
4917537
4917842
4917930
4918211
4919489
4919683
4920121
4921518
4922116
4922223
4922494
4922817
4923414
4924633
4925727
4925760
4926041
4926072
4926757
4926966
4927121
4927205
4928199
4928301
4929225
4929879
4931189
4931246
4931640
4931681
4932782
4933529
4933898
4933914
4934237
4934455
4935029
4935144
4935996
4936789
4938739
4941255
4941682
4941869
4942432
4942677
4942799
4943171
4943351
4943425
4943471
4944649
4944978
4945124
4945417
4945580
4945774
4945998
4946124
4946369
4946955
4947194
4947557
4948412
4949586
4949670
4949676
4950314
4950324
4951554
4952379
4953439
4953508
4953553
4953691
4954680
4954811
4955392
4956117
4957813
4958120
4958225
4958459
4958478
4958787
4959321
4959568
4960521
4960617
4960664
4962328
4962991
4963120
4963404
4963471
4963785
4963930
4964118
4965108
4965122
4965820
4965951
4966460
4966592
4966919
4967188
4968061
4970003
4970145
4970586
4970721
4970733
4971159
4971276
4972305
4972466
4972504
4972959
4974637
4974762
4975088
4975261
4975509
4975972
4976561
4976722
4976800
4977353
4977846
4978024
4978043
4978199
4978488
4979536
4979792
4981330
4981803
4982041
4982964
4984194
4984503
4984728
4985254
4985310
4985436
4986200
4986639
4987081
4987708
4987805
4988284
4988434
4988476
4988490
4988620
4988785
4989126
4989300
4989821
4990252
4990710
4990770
4990914
4993723
4994372
4994754
4995152
4995554
4995557
4995624
4996162
4996344
4996482
4996713
4996757
4997267
4997949
4998680
4998981
4999045
4999326
4999521
4999996
