27249841
26957149
9581339
8935008
25616252
18844312
5914330
15879600
14439143
22877014
16508610
26196986
5756127
15521324
81235
29062595
3439392
10767675
24810888
25189031
22615236
20874738
3336467
26317301
16951193
15770885
19160856
17977026
23494664
10458881
2380714
15465254
24326445
6964522
210518
16190722
27759421
15732801
17824547
5233454
2022748
23582662
28820228
14010187
18745571
17931707
13833767
13643901
15431909
26533158
11805515
11315242
15353560
9450156
21940167
21824038
6346127
19968073
26262566
8675517
6508202
12112835
12733945
16913757
10680978
427274
8746324
27918634
19372867
29111081
22573515
11549056
29828940
3502162
6984694
2482360
420383
8539988
7580438
19920037
30354525
2745542
10683617
19153335
4069694
9100886
16607190
22562709
9482391
2754918
30023422
17294578
15779057
3071591
10794709
13558114
19973299
19114278
19798526
19682566
10780375
1671183
15811572
29626055
25530958
26555868
19616274
21011954
9878529
24735062
4733847
13877010
20519335
27130605
1611311
27346303
22729409
7364657
24704030
20449800
19477325
28434588
15174170
24798390
6455116
25099619
8000377
11138889
329748
12342914
4175884
28342835
14912713
12338305
14495708
24918620
29584285
18830575
12612557
20705831
27219326
14611597
21225025
15890364
22221507
14788573
11378206
5282727
24062300
28159170
8145912
7880124
6437329
14910649
5888412
28578147
15751839
26550747
16857547
22289130
18742248
26606450
13172981
22887760
2579795
5624856
5519367
26650157
14397621
8648181
11088696
11927338
18745034
8862077
10128664
1638929
25514560
10501500
28365677
23830172
25190150
1783440
12421077
21867910
6793088
10176413
13418305
26362011
22942687
2977436
4068306
17312825
3640501
25433055
22348326
14122981
10183839
20794947
29062655
27222771
9392536
16068272
1109552
22432216
13258113
20695596
19999807
26369417
1993377
9712628
9526381
22030560
6534686
15266911
1177909
3113017
2208139
11876579
9947432
6446284
9580585
260997
8292972
4594987
15106730
2528460
22109254
10526245
16475938
19979970
10498525
19813384
22902337
29664715
14969816
29684959
23655057
7890936
5191005
18511082
18843002
22315464
20173491
12596967
2459850
28882252
18888920
19907480
6458994
18062766
21395131
14332259
2789382
6163763
13969226
13075456
24262006
27794716
13056082
9489326
5802041
5457389
27732688
15614041
8114375
267846
10166439
24854498
28147193
3465648
28920703
6148582
24796157
3001119
18717097
2734303
1152112
29190296
14088395
13182421
1532907
23820090
22527569
23665336
19552890
20865889
22149764
4350142
19278405
21815987
10515981
25183805
16704279
14809390
4169337
26474541
19318280
13635679
10519573
21394758
7481985
28821742
23474376
16460739
13220546
27153704
9572094
12378297
17148873
1902591
17194107
13794854
7827562
22451368
15173274
13838539
16114844
3019543
12561248
27900240
27235295
17948371
6171949
7194442
21549502
6405249
9255466
451607
20215883
6774700
18565904
11259164
15599928
24699455
10125399
18221915
17669775
28129710
3144657
7335239
967087
12749228
13418072
5817612
5855907
6445478
8281884
10522973
20125731
18432678
10714510
15036060
10202243
5396485
11553076
13880623
25287735
5688427
9022002
26206908
3977837
17003238
21491995
24737688
7829594
23830544
29955052
10067954
4423579
19458959
24368955
2583328
6292671
11899282
19438016
27131653
13488399
29938783
3174395
10197243
12962224
9589696
7443347
26267722
25203595
8266725
18170292
8280502
9303360
24854721
860012
27017646
2488897
27721956
11123690
28889774
8617317
11937788
4334070
25921665
18945638
8605895
8369632
11925064
8344576
25670673
3384959
11013291
26114284
20327845
7448160
28638221
7466504
28216020
17571186
15754967
14884837
1999777
16741690
346690
21015014
24477860
9374193
23982060
6606889
24908324
2934437
20040728
21962127
3867724
9628392
9634609
5425965
24971934
25967063
11194860
1537020
11500592
27945672
23278122
14928669
9381251
182903
19722095
30202510
8823952
3697099
19208836
21573596
10451989
29876770
18106312
523782
27510423
13890843
14496606
29746025
2832819
4382426
30410463
4297121
29622226
28964635
7938157
13858825
16736519
26265849
7713297
21288271
30333490
7472697
27540965
2177254
765156
23161305
4393799
12543638
5589489
10653859
548505
5052989
13083468
15056080
26088002
3090596
21691625
19977596
24883356
18777705
5937507
29596177
25172058
14072504
10651971
27073533
6750848
1039571
4373606
6990412
13063130
3106292
5184888
28204130
25825813
12936424
26508238
29354722
23842505
26178951
13306413
243687
28112474
19694003
12913962
1604562
25559017
5408337
7546916
11355505
5574259
24884792
5464230
23956611
21776749
18575751
28791048
28840652
6439382
2763657
13463277
5944433
18840307
14417952
10697220
7765352
11841608
17707848
22440164
26808000
23084576
4948089
15662374
6232405
4009991
3477991
28488101
18250836
29782861
13335603
1504958
11983256
14712234
14391697
22920181
1852730
4685315
8985705
27478465
3838613
22452835
1564435
25623356
7181510
18756129
8362542
8678953
5512274
25795367
10468313
19589185
2399115
18547672
5027755
25031792
3668414
11198627
7531481
10964701
2096513
13077382
17651127
30195776
14537239
22623050
19039614
29999925
10692674
10638288
23140563
13837172
4597282
21427656
11385267
22458729
1752625
18794111
26898086
5479499
25574301
7269423
29017350
16654446
1422850
3577825
16703964
17761909
13627816
14918226
6229901
8595672
21515049
12520170
26854684
21390915
13506363
15068493
4006091
23012196
17170557
14103731
14113548
28471318
19231832
20988544
15002661
1160752
11364060
14059452
8470760
18005575
24000263
11819948
6642998
15994451
20347748
29849977
9651612
8862097
24441637
8213474
23443361
9664531
18027810
11294040
20544459
23001014
3631479
12396948
14779261
22214183
5371069
29163936
14486085
23188873
4157781
15629013
5387159
7325806
17605805
24077466
11375027
7126325
26993687
25189756
14512783
9383842
4846471
4114212
26312225
2137348
26416999
20105799
8510765
28339040
19184421
4023437
18294132
12449715
2218218
10424716
2183307
28931357
23716118
10154908
12205932
20575137
15298101
27713527
13830786
24739349
24370584
12109535
8101381
28566842
11393480
1287664
24347462
8703281
13402711
21930621
3543542
3946461
1943156
6908232
7780788
14871864
24606457
12608392
13059915
26065865
8989703
9045485
28291561
9895909
25099911
13158735
1586826
19490934
2208174
26076583
14442528
11060409
21501436
5004088
20473830
1426986
19015395
6879293
10753663
23686636
25491775
12898995
27683021
718747
10022250
26181392
23621845
11107161
26869446
14744513
18103457
18326222
15845326
18795921
12877890
9219601
10163431
897855
13121428
23734001
10618528
17512860
27703265
16554693
24690258
17067654
19695654
23609020
20186640
25591726
18690373
24473375
8919057
27603767
12585797
27796670
2158376
5385866
603691
25156320
6644665
24422878
12509460
1017276
17138627
3505654
2787464
21777453
23068445
18269801
26870290
19811044
18116375
24596982
3101828
6949614
26638875
13195476
19933891
15188214
859477
17477867
382050
27514526
20150809
26918574
21470797
17676253
12977546
5716082
23356438
6317980
11100897
25786384
24431236
12549799
5386783
13131775
23243702
28665229
18199423
9395173
23525457
9288033
18177438
25378991
1144181
21244380
15968913
21350712
16848130
27826804
10997005
26129035
2740621
1647026
19390299
20798293
22002945
15595376
11974953
10798550
12864332
18312438
19053576
11366976
26542025
26274577
1744916
8782681
15050053
2060110
10350300
25092362
20010402
19706376
21401835
1595708
10252408
3596862
9207471
22707423
2301018
823331
18741050
21864844
15273545
5597967
29411103
26216402
30297359
20204455
27851226
28333145
16057911
2214618
15386038
28252708
20541883
11435971
8465086
7636870
4857951
13482936
30369401
24927280
25714561
4137845
11703086
13402939
15726192
20480147
26590077
13803634
19795970
16864968
7456470
17651169
7920403
9094515
13705298
8956873
21539134
28571339
24294446
2786309
20864038
17535576
24934351
4669845
12696981
4303977
9841393
26731102
25203874
23456326
18069925
1023883
17003231
16658436
1472128
8925601
16823402
9923907
29640986
18346626
13615874
24840817
6368878
163847
21080312
29449918
16304413
20563668
23220814
29890691
8213947
1338989
672971
15048662
17967977
20517443
10029865
15119176
26222940
28007297
3423590
11895421
27907572
4817584
17566215
4132940
22124495
9309511
6548063
13538807
6340097
5251800
28684676
164705
20357875
20761713
30219752
2429942
19967880
6805391
28132712
4698287
29182501
22907202
6432798
30305070
17717156
12568297
5052988
13170730
8956925
21464838
2026935
243282
298242
26966780
24861123
13539774
18907721
20866705
27378717
25508102
4450344
17293214
15251669
8057597
22051739
8476062
26285002
15037668
6807158
6532898
20451784
28002657
14628414
5248346
24974434
1986837
22376
10481856
20196637
26566713
7446077
11750521
9917633
16555550
1780751
22661885
14009005
27007032
23289643
21599392
12742728
11148442
8282522
28211787
15828546
29926950
15023580
8484305
6993967
2508187
29524373
25525148
23917949
29419839
17643361
17766655
9830179
3116154
18644536
14547576
12686296
9207208
5217330
14589532
5413215
3540586
20097965
22510372
1335109
28359767
13325711
20419283
21553361
4065538
22599369
2422097
25469882
17362172
26424907
14037361
5397664
239789
3633978
8469701
23394684
23396103
16618044
22879612
8903463
9831751
22028616
2709211
14780392
23421192
12998318
1353560
13999242
30002948
22191765
15806021
10984695
7280079
20837750
17569308
8297237
19495889
4549898
2221066
12801500
17972182
8169741
6860432
12890696
17949675
14085493
27178590
780379
15676150
16474095
21043078
17263787
16046607
19651369
836047
22475354
12083543
26928018
14378705
4173374
3266203
15955889
21882581
8574586
5779954
13292024
25336761
24118513
3035836
27561945
24913947
22099875
15618327
15243145
21213948
6840491
28142551
9432355
26611471
26304483
17012026
16029991
12735005
14646782
25641419
6655294
3989839
5034202
24802189
5847725
137694
2757095
19237285
4084719
9648605
2671930
12217268
24400165
24089810
25118452
30035232
28778998
21106489
19954216
3349216
5153363
10033523
19287027
13636547
13275830
2181048
27515809
26202807
20925416
5248561
29306821
11995386
8931173
18613200
26153285
2496088
24331177
20618171
16726597
8996983
20855575
2516259
10204344
22706538
15919823
27978648
24973148
15331303
16051179
26965032
30235259
27011371
23877567
19459069
7137784
11195281
18001016
4495559
27818432
8158396
30404748
3528474
22968941
28894742
21591295
28088638
24614188
17766772
11182079
18414568
4311565
8321502
3675771
18794441
10019650
17130302
1271962
4105064
13361150
4724025
6157764
4927169
6363254
27835096
9008023
4028942
17471809
22526333
8347069
25830890
21509599
12073377
9780394
10975503
18058056
11383278
29607608
6616531
13899804
3914630
14944327
26361742
5402968
26799289
4884910
20499069
24118759
28617414
1602931
849588
10449424
23506061
29602981
5213470
24429634
23718374
1190939
28868533
6083661
23177673
17801504
19521020
3988455
21357856
23107618
4355182
22965163
24099085
8243246
29979515
19933835
14514045
4305516
28227590
24823709
29855764
21501246
5864598
18171977
21212959
27297895
16857299
1835181
26516750
19157496
28078741
23967657
26347372
26137445
3840047
11600152
16836283
22017377
11324052
26500762
22589261
30065114
28239056
9214227
3230996
22071581
17633384
8187555
3717837
20644776
10249276
14019774
954785
7220236
29767573
28562866
29592688
25787262
16035068
11803327
26398662
7936486
18675608
200230
599649
13752837
5907874
830150
23190389
16139781
22771831
18500973
25176433
12955937
5790627
14288112
21605005
22999110
14954100
26774475
9975185
8364244
14024771
6759259
17550649
19565614
25221049
22677943
25337162
28700785
24236473
19805961
29966068
25440762
29827848
27440407
25094757
24999320
7105102
18952089
17651711
15720534
7668314
16770196
26368144
19780531
15024618
18530488
6318751
24887223
6712480
26188427
13119746
25899997
23935697
22510483
15544849
13015088
10553874
386564
2810746
27304099
27153864
15885731
14350920
30102869
27733850
810170
27548173
10256239
22918493
3385552
4184278
20229243
26207499
24752201
21161465
30402426
19225588
28830186
18961612
1920398
23099793
21022433
29348489
10657440
19446087
7928841
27133836
16751706
30091178
7938724
5447819
24688409
9868593
17427277
21367646
21606048
1504127
29007868
16468447
5073872
4113955
6081283
8459067
16360519
29516454
28664312
10606889
11780748
6438009
15603570
3177994
20660096
21848064
28262431
9009643
10238040
4149472
522598
14331466
9671961
11098442
27065130
20847457
8890997
1619242
26438614
18806649
15265912
5424134
8347481
1117655
18953307
18120602
7526564
3544659
21746916
19265537
9693724
19848329
5522004
23033415
9882529
5819980
454849
28345272
10123343
11263557
2108329
17429312
24630596
5856861
12942317
20371295
18166580
3089350
17408925
3082228
8827548
25121279
4290283
23350970
19278128
16646206
23464607
23715972
25765959
2848061
2271605
4077290
4912816
12276170
13063071
5297457
11610490
10173800
17316976
27267131
7354220
11592549
29972922
1710269
9669620
16731067
9804185
1572486
14439339
189389
15568412
19612399
345456
16160931
29250225
4956355
28214716
6774691
14446553
23566704
19059906
30397331
4251597
5832460
27549166
9903761
9930958
21355029
5360465
4746144
10045769
10399518
23500545
24292515
22792094
28359037
20102669
70199
20489997
12496982
6492717
6684051
26804730
20840445
25548546
903762
6979943
5229162
11468299
20803443
25139639
27303951
14660070
11834381
24162029
19732271
14952375
891783
453709
27900942
17830721
21380181
24694855
8613767
6333085
14054486
21948934
11763044
12481697
29152099
16103608
25983538
29582506
21684912
14315627
20049602
3479198
9389648
8077735
19369268
9752520
14514328
8331168
14260658
16291426
2072687
17757676
3292448
2184734
22323832
8206773
6676463
23755241
19866230
11664987
23586942
29133210
11154505
27664487
1297944
27468464
5932653
13402550
7243816
30274504
29373502
17584008
6594656
29082484
28749561
28557479
16141971
21015679
15644708
28868163
19424189
13359410
21875421
29500418
8613847
10921716
27841384
7724107
27225720
1209015
8618044
6720533
19207184
24697419
4592774
7346162
29382257
25089028
1678366
24167519
18842530
20531596
18671030
17050144
26189474
29627257
4830411
15382857
25016566
3977603
28739210
18951376
5035860
22971162
21346861
7345996
18918876
12036067
15661813
16313762
5649246
26533605
16033138
2783810
12806234
29168988
11299585
7462936
9480987
28381205
11040599
29026412
18141608
5205039
4450014
28920259
5516324
9973081
12310760
11384640
11905977
18675719
22356678
1730269
30252375
600010
3734229
1996291
24909499
5724063
4845748
2209850
21329660
19531903
3720828
19944560
11921383
9937819
17560464
16939571
5136353
30085099
7641092
11524514
2026332
17971037
13040501
24498561
11249524
19611605
27334256
11753902
25680239
28413542
12639534
26864360
11006253
13983072
3011611
22849387
22022113
4933534
20608934
19844829
24940519
15819500
14537072
18083324
29816121
25825277
24393305
5816022
954170
5370452
22128522
1332163
10469214
18807293
13075954
23135965
25177809
7483337
12297189
23687344
15073549
1069895
25023737
29781802
12274651
25632346
10553595
20103196
20315093
3308255
28331981
19473878
1992270
17566801
6730037
22237812
29063403
22764090
15087851
30162174
16872311
13918165
7934537
7978762
10749797
14313670
28222317
15277845
12669593
3918628
6415976
10346538
1291187
13561140
15800981
5692359
27606131
12240897
14727619
2681810
25097977
3155250
3325933
24949030
29249228
18506682
10267913
6179768
15956347
24260262
6340841
21287284
24895871
9359431
19900825
7781328
18149719
7461751
10161219
22537597
10285063
30190818
24386765
17061700
11193607
14856009
22765801
6110613
19692428
17212450
9398771
14686300
13790747
18276732
24116398
13667912
413499
6947915
4179140
24743583
17341781
8750321
3477661
15402069
3988056
28537549
7263618
19486515
21070464
19247994
8444612
22636668
27407435
108188
2442648
1862247
28032649
19169304
3879682
543208
17318812
10808323
2144418
20961954
21545254
14187112
6869237
1939342
6789271
24663630
17508605
11016579
11320326
13205515
29016814
1620780
2887668
19606705
29833490
11259192
21900206
12260508
8694949
7428170
6925082
19419583
13726856
19259519
21701917
26272392
23076421
17794260
22569406
20722433
23725444
2740739
14717998
27242221
4840973
15016544
5911458
16988412
4773807
17194552
25368103
13620684
22485144
8749347
7868285
4963801
9496365
3238219
13539371
16946828
24002251
3578005
20845503
14475066
22281854
1542098
8355250
23217055
6869801
27058669
3134764
26884991
5497138
21329641
11124744
30393606
21472399
25880008
19975813
27315709
10725676
17346642
21494574
3699781
26447248
8427596
10335068
18604156
27185904
5290137
8799556
15685895
6611281
10911146
9013801
12752726
25384660
26308088
23166855
21356719
19907026
8878683
12447403
26274205
7311942
4143803
3952809
18899268
28791571
28307094
27073468
1819324
23934235
19584880
15091780
5104425
17603090
15781387
15872542
29070131
30235104
18214201
29131365
5691584
26713828
18809258
11526743
9479655
19899442
29135059
17747259
3017862
11588371
8747975
27312353
11088774
6186195
13645641
17552806
17111859
4010517
14587701
26186939
19232340
18354640
25167916
9863125
648019
25934500
4141041
8970989
25813424
22366536
6600365
5153603
19908579
10804511
29900949
4178516
27379748
29087070
20542428
13398813
20419601
28255964
3524684
13795699
30215582
19038726
29077590
4621572
1301818
27440705
7399157
21810231
8660667
11223072
23126760
1731497
14185638
3501271
30220591
17948521
29401889
7611084
7960317
983058
29715113
8407912
24720446
3490477
24766172
17443547
28177939
21377118
23289874
2325448
3747005
11445288
20643322
13701190
28597379
10833580
29598667
15377328
9399216
10763615
13501466
12100163
18616809
25306524
29046287
18006274
10861583
5426148
10152919
4124887
8942007
25138131
3437626
23837000
12480381
14726054
25374926
10985470
21716211
17825422
20583671
26697635
18674099
5275116
58891
113938
12642072
8927709
23158889
19500613
25138942
15295120
3237255
15705119
24651826
28176150
3722766
21126861
16939968
7364333
27524737
23459298
18514433
6169677
19218504
15430594
16228716
18784792
5815488
22745489
18432628
25872586
14614334
5421889
5910085
15637669
17634071
11246440
12715132
10282639
28742571
4029872
23366322
24664456
27733476
9879627
20259024
5738662
10846810
11938649
8771348
29065853
29814117
20589714
19371512
22409936
3751969
5927949
8563938
21492952
8753268
8281414
22795010
15732411
20818974
75861
19570415
25232107
7143790
14971744
24727043
28247161
27673843
14569692
18758030
1131864
7605561
13941132
692744
8884253
20253366
13559456
25413085
10484534
5336819
2781578
19579350
28543194
29423519
17092504
19110527
14414440
24776996
30250206
28225938
19197670
7718692
23980799
11121772
20355038
17137962
9685931
9088328
12468881
23045463
29343874
4184535
13377278
9049492
10934803
8457123
9664035
21556485
625820
24341105
26755765
192630
19837020
13665670
18331669
18951207
4819105
28934681
17837692
8990699
25260843
8390539
22859550
7705156
1076779
12844008
25175031
14319140
25165913
29355330
5219870
29842194
16770351
27299257
20602187
25225385
15585675
28989493
4649548
24044632
22932326
9599951
18233718
14155984
19946932
3379325
8349016
2839180
10361751
4523843
1913535
17544854
3304685
24241904
10666600
2197923
2182716
13581405
308894
18676996
22617823
11314848
26631565
17161280
27463871
11428188
29802300
1745169
20862026
11002623
6718248
15109125
8325295
22280829
14927109
22484174
20997382
5613930
27807526
1383092
3937464
5144143
1529187
12686200
3499791
14931925
29555042
23355066
2036437
17747265
18733185
23825925
1540932
3304180
27738189
29556451
26093999
20943558
18228001
9861434
23583964
20828467
27978433
25304275
13509543
12636906
8440940
26907044
20133730
10263425
27339338
8691683
4394166
1785232
3230393
16527318
18928435
14941432
22740714
20604309
1375006
5355080
30056662
2510371
22333057
18940800
2553299
8408885
22668083
26404112
4535808
8740584
4060334
15422363
28914204
1131736
12940447
17603565
12651160
15917933
11770809
21840867
30179595
5789513
29632933
29701202
7377545
21786094
10041641
28833611
29529176
19771025
23724489
14287053
13353417
28610220
2769044
2474322
8652342
16427320
2382950
22247286
9523936
18855951
19618751
2490857
14819835
26522039
7471794
4140623
655959
12724885
2110121
21937242
13785841
4933705
226855
7929119
21657104
14674694
24183921
3940953
10879862
8030798
28026071
26317646
8984585
28212450
4937042
28560279
12015690
15030996
470500
14432782
25356910
7104003
10676080
8919809
10416496
8287388
13531219
2883004
27827135
23486372
25766238
20831293
20156196
7260057
21363260
5420063
20085007
16353308
8633248
2227624
23138488
20959326
1361512
20296870
15931685
28347849
4093560
3018189
10948497
25971267
2529413
23058838
3029493
26480886
4870592
21081469
6539689
22094907
30346633
21990111
722854
8240746
5368335
3900250
5335595
12412547
21603702
8962709
27358492
1496709
20709764
19342085
19717508
27745656
15763747
23192659
4033370
21486033
26488115
1280034
9503336
20434849
29967965
19988209
8811890
21995856
3714536
16210699
13433841
26501397
13358088
9298078
26389393
8965154
22321728
14939497
5082207
7169135
8047444
12684149
6630666
26163661
30190622
13225484
22649852
6890791
13654038
25285004
29100178
14678855
11648816
14450219
15916519
23431866
5402485
11109169
18578158
6473616
12140538
17172492
11490592
6840260
3621205
8065970
27358564
11250914
30348840
6728911
10066222
5226547
20096559
20958244
19630082
19609544
25124469
20134230
21039967
1709650
25037449
23800642
8358927
11616183
30091076
1681685
22208161
8023608
22848200
18638295
3869605
24977724
1741147
15301956
13608920
1172992
23822035
5442750
13789987
26514551
21294818
18117536
6350163
27017767
23456233
10648549
28931805
15652840
20811611
18373878
1728482
4370599
24769011
21820567
9998293
11155582
13480996
25667783
22347667
28616260
3139078
4120590
3386720
10438251
5390493
21873993
26045245
17557020
11556538
27279259
5736006
22528971
2519596
29221780
28342753
21221702
24272098
9131034
25334968
416683
12128348
19757912
24887370
7269532
11105269
18613266
6109620
20492351
24350158
30238659
23546047
19550033
8019159
19983046
7952106
12073466
20020704
17265844
22306557
28431462
21004202
25108281
1524346
20567255
7723530
19789784
4521501
21228406
28811701
3992592
26052159
8804499
23185414
15660949
6924966
26778813
16469978
21341029
23659188
26707635
10068477
16373371
26859352
20616410
13628395
16352060
19804797
28465807
13604661
29527559
18679414
3056389
16559370
27367296
21737309
29157916
248637
16424010
27300780
9153800
21898166
29242768
2262724
23005140
3592154
16624065
1034230
413978
20324283
25388594
13098710
25284142
26693078
13403577
4084918
2426503
12715184
6926601
25582554
3525800
3194051
607859
2952104
22840242
4458537
23732827
10678364
5275436
5625004
18064212
1514239
7237989
10839556
9352056
19896585
1307668
28823395
12229192
11360903
19492861
5877749
6855719
17931810
17898873
5432616
14783914
21570780
6023104
5606396
6947251
22542024
17685905
14577081
25090329
5217952
28176799
25842910
1268941
10681999
19782778
6409541
5706486
24189680
8188105
10402492
23420298
18227552
24176695
28517665
16512056
16778495
29147130
20227272
19289317
5873678
7720868
25671505
26743147
25242163
2816037
11360861
7159044
10690969
7612252
23843868
23045465
14997100
29594676
3901655
18982225
2754420
6394950
22519235
26151819
22874067
13003933
5614476
21150897
20433883
30122051
22692894
15000262
28013110
26183416
5592735
21593108
3739323
28243090
4201654
13508611
26103776
10400350
7563428
948284
30087705
2279656
17470127
5768313
15944174
27455484
7968600
9331404
6060277
8358287
13179468
25261043
10964263
3631877
10007875
16140746
17810823
11584345
6015091
5869759
28332158
8603862
25351349
7456068
10802561
4826362
4945559
1788805
17124076
3041787
2724146
16818718
1644694
10783104
17365003
1670476
13867126
5226873
28509431
20828133
21461466
756526
2873291
8695277
16472457
5399043
2584865
24375199
933548
30258985
20858879
13287369
8766406
4861719
9544576
20949695
29994642
9342852
8023871
1187087
9561630
15800987
23928485
524906
1517878
11215643
7169929
25199841
16098572
14113438
11389972
13713080
468130
8560659
13872731
746230
6099047
19106477
4364450
7159975
28513702
8506201
16838669
9422409
12925678
16552526
27106779
20827221
18272524
13985715
30067897
14481924
13598535
4528859
12985143
22150859
20040165
2281755
14518224
15149452
21753073
29740473
10563856
14664088
15742141
26416411
3702177
30347019
11288358
18671888
22799078
13984044
10916072
25986010
6935002
6376582
17548671
9003184
23889619
12445551
1197795
15478700
17146737
26583294
1308573
22730807
28722083
5483266
7300181
23875644
28322183
22157944
16391732
9950448
6569654
9290768
26319857
14471213
13721580
7233435
26575880
26912513
3198796
7650064
13248755
30218938
4455425
28892467
29303683
7878676
23638010
14343048
28053003
14562863
29155836
19409460
23383966
10856643
4148702
15862745
28050091
29580576
9735488
19251678
29891105
25623562
3745013
29367012
6364116
26624466
2408658
19439472
17914803
10462651
28416859
4800098
18498770
18280867
15139168
12438486
24329859
4306546
14090629
17413315
18403108
27102536
2658760
3827599
2715698
2344814
27960410
6045982
23283847
21607849
13556344
6641855
14093944
16932647
20790876
17238346
10564979
13954740
8861805
1950903
17532363
27790911
15382321
12537073
13295110
19636467
24934295
18950664
17827341
4181689
3600616
1789596
24068492
19691208
12363278
28927573
15826218
17333799
7808995
1444065
18280981
16231430
1630863
28260478
2806789
22189648
11340129
15982136
21305661
561941
28122967
23478770
1565674
29996843
21503300
29771604
26517608
20106689
1273420
20437385
6849451
3768092
16699355
25614894
7983003
15906964
20937287
10062223
25759696
15829461
1515387
10770011
1067140
21297647
862659
26128839
6876836
13958010
20244962
29825126
12094383
18595190
23355726
23439841
29806836
17968836
27557740
17222463
19641663
26381394
12432516
29890031
9815007
11059921
8105037
27778929
29860988
8397227
7399564
25467519
21312466
2910248
28970403
1320621
24404738
3277277
13438645
17438337
11475900
30421341
2126391
694534
19281223
9505286
25675364
21738753
13211829
15105598
1774482
13000827
27552979
13925302
12003359
18897450
3073672
10299528
17816445
29425985
4989290
13589019
29054630
18081101
14990926
425647
29045503
23842035
6855792
16379107
11436602
28694920
3555466
27599388
2742941
18884728
4690102
14702609
23210030
15956242
5495462
20368298
7475311
16188633
7529515
18610690
20399165
24011211
525487
18067689
2963872
477873
7879906
14216347
6392082
12594203
13705131
12179159
16823182
29998577
17851266
12490021
30141648
6664231
1718673
2624543
29511076
1763558
17009003
29590474
21111899
24794059
9003595
1259420
24430327
23750125
10085512
16732162
17007933
14357306
30168910
9643029
15669561
14440948
22173227
19662149
2855181
10017180
5630169
29926465
4072199
26654460
14835232
14499564
6883347
5248767
6954430
27670644
10567415
25622666
5518551
16630595
19889980
12981310
9159023
21161073
17343911
7917423
3212970
23350098
8398488
14464499
18888232
5717788
29228058
30359463
16846455
22844181
14392018
19739274
17836664
12540348
28267324
19966833
9351302
11920829
13471940
11737022
29683799
5515341
13837990
10437869
1162979
19147274
14704221
27148680
19295387
17985191
5853697
2385465
1294655
26620901
25332897
24415054
12391499
18769100
4113716
17534748
13047392
667142
839012
30194716
25075870
13957187
3906567
26724310
8522194
11641724
2211894
8044734
12836308
9802325
18094192
5789973
4728633
27239007
10118797
16115104
26757620
12374616
9317542
7154398
4528793
17568859
12259250
26078143
22385357
6387203
25130029
19705914
16077631
24155090
11407613
5013428
5259468
19199148
2042761
7613161
19577898
4443431
27933373
19275518
30413410
26995678
29377327
2317879
13649504
13345058
9022538
5987727
28014909
26069583
9079381
29199025
15312506
18388908
22199041
13817155
24483952
26215613
1349873
8532765
21608895
13945108
3528355
11266937
29219724
29239520
16157472
23700011
16152626
29062603
16746221
120516
24212461
24738981
5448472
2631681
11772659
12577526
24695828
24837373
24417805
8291210
5365680
17378952
15904210
13314279
16968963
15435142
10229599
737230
26638581
10635933
16515103
29048281
26847648
10893396
25197458
16810647
15269171
17975249
29910716
1182930
16238911
12962980
18348351
25333822
24521074
12045857
303751
29589743
9357468
30149207
10730340
9680765
5867129
19676067
28778576
14030825
30203634
19892477
21711441
11216425
14257733
14821899
15796809
10339383
8189954
3519719
22736710
16613664
16736338
28158376
24234768
28513887
4236941
3316223
4779670
8368148
19742332
8675352
13701963
7167910
7454328
8461946
20026324
28650561
3529187
25740591
21416497
8765758
9390306
26442104
27261042
14008092
15656911
29592373
7347057
30008694
29802933
18571811
10250667
29232323
21321342
15597478
10099372
10433710
28968786
14373762
24916565
19300527
23221381
6073736
14821136
24212348
21049528
28897260
19162903
17501635
20033531
28978030
4665025
14477151
16318246
17641664
3426722
6309722
2554881
3357597
24586140
4664931
8933216
23532585
8751644
21305375
2166953
12118672
2082508
8431917
13843992
23630982
22815076
27642492
27714852
20638408
17689511
8505821
2961104
18966681
15409357
26535557
7094662
23002501
18147871
11190865
26682928
2954589
15739045
12059618
1560987
12178318
16210236
17952421
24289849
9591914
4250672
18255121
26441355
29196497
9458460
15985494
1086265
15687121
23533760
619034
5139841
809512
16120491
7824451
16887816
12569375
93453
18359915
17082566
2403735
29761085
19888444
30107192
7210210
25163520
6988482
3864382
25197819
17890125
20436355
15662977
9420153
29301652
8595440
28466074
13811022
17444728
15779879
2332610
1102912
971286
14753105
2383346
15360476
15109123
19621000
28777344
25817304
30423258
1541985
6405713
25533644
14251846
26158528
17637205
23803027
26739353
10931442
25159772
24614952
10199826
20409447
30115754
29010700
24037312
20529964
27892998
16408672
9257861
24614310
24673865
4597177
2826209
21764905
1935014
512571
26393326
25896244
11401656
512289
15186820
21886177
21141015
18002427
19073413
12324539
19142347
2778678
6274489
6383460
28272657
21285103
2994955
26520387
5866975
2997109
15281272
23486715
27857933
10461688
2561514
7960220
3880403
15804506
2749749
10144744
9555190
1382632
17531531
3823799
9065474
27308014
15187839
20029249
25843575
28969381
10547729
28633951
18761777
18124723
24185355
21241060
21477944
6778885
24075630
633702
14301939
21615207
10170999
19944446
11392963
4737972
23564895
19795222
13376784
3496293
22138653
17875986
27542999
15047038
5563088
15641602
18063757
17478285
26397629
22812734
20512873
21404340
13534360
19445432
4760158
19584932
11384692
28209519
11447186
17446085
3676306
18350244
15189282
29085195
30399942
26798835
21091007
13437864
12829386
27499341
18080238
22192295
5177638
7449125
2374138
2997332
870207
12190881
24996369
14152497
4687219
22748725
21819866
6063241
22162136
7018894
21592316
29242756
21912274
15772895
14770461
13232092
6137716
14118469
3640583
16633239
14439215
26033697
17093536
28852191
19806599
4735548
16699438
19694241
9296975
10361831
26189014
16526273
8589939
7365249
5136966
19907284
16132894
4335615
10647954
18457964
689792
2410842
25600751
27262941
15785413
6887066
17875080
17768576
21770540
22688538
14129134
2675543
11391090
5101598
28356643
6714982
25518076
9268727
7633735
7117254
26309579
17989428
23281325
15022882
20492431
12785940
28929669
12833137
563557
4239513
28382919
22503894
28019919
4278964
9311093
14451628
7660671
29549343
11495839
29657303
26610096
21719861
8759070
29709941
753157
1966436
21417862
18332262
4194087
7613766
12475523
30223110
15591232
4547277
6385369
5654045
7552773
25636794
6413007
14662939
2637562
15129334
10125557
13782767
424495
24855103
22490384
13028851
25307881
13129554
23905022
18730135
21014184
25083840
28435986
15705834
8295914
27422097
27524687
22704829
13009930
20619854
3302316
27139420
1837679
21647707
13970068
26807454
19145378
16957525
21961287
7003507
25271420
29662823
27592912
1142869
17718790
21807402
6872320
11486442
5332185
29763018
11706548
7022128
11874352
13425985
13345017
9332696
10034208
12547394
17014426
14226868
25951838
7481138
6122538
13985348
30026437
27058404
17318889
2518325
11435711
14122064
23443991
24781294
15357893
29838848
28761869
1449313
7321389
23498499
19607264
18338598
10985526
13630111
13926097
9903041
5669000
1336813
16306208
16238709
8013090
2250911
24906704
29314493
14627783
14039014
26830563
1923998
29540706
9476668
30196784
10165861
21814531
22556256
5195678
23717489
8639559
20335090
1725236
6388560
19547541
23390609
12541698
27207694
20347298
8438222
22899635
22836321
17601722
25294604
18666836
14841137
22686326
4761967
21374983
5977794
21463859
6232696
8442793
11524991
4427968
18060249
13571120
6835546
21774935
8889215
23510600
13863386
6061268
4528697
14585942
27332225
22415068
5187174
5422418
22527141
7231525
8127385
19923826
13869458
11267681
17881598
3899611
12906557
14288008
381634
7905185
26640369
27587791
26926972
20876781
497862
8435616
7841936
1401740
10651550
16459361
30415216
11741043
5438059
26544292
6904713
29756393
12350616
29256195
21687785
16078535
1656212
15548641
10596572
5628710
2118339
17528559
8006958
24302337
13702733
1365611
24775277
1670146
29177536
23153445
3286478
8970649
19088925
16797639
10771800
11101950
10713863
17724986
30125650
23459279
2779851
20638186
20640860
17077921
30160598
7512380
14783040
7271377
25377286
28090740
17106965
9468935
4383688
10663946
21412615
24790752
2351833
24396603
15744514
28724994
14770965
17252033
26869748
1928285
6094003
3793058
10524034
26803614
22914322
13561280
23322721
24067827
22355197
18066071
28030377
18585955
11516898
1235922
18542551
28890127
11006311
27812545
12650855
26803200
22036378
1534355
11065416
224484
8156909
221938
13672761
13139311
15643970
2353256
7360159
18974484
16778319
24327307
12895315
9867987
19299190
25529953
8714628
11785405
16650013
7707079
6611887
26267198
14012442
16528472
21096174
27529732
12781309
17610146
15946878
4312201
5874071
10102507
22384256
173115
24823754
10536524
10707603
24173717
28412068
666132
23325020
25548064
21657209
732796
28835965
29916872
11518020
16127361
26436415
21416225
269295
11610273
29412954
2728957
1736393
8361460
2497608
9570310
27223871
15471716
17959687
18441209
20471552
6029785
18662987
12854947
24384367
19595891
2352509
11738578
10755487
2688275
14425021
26142623
10835555
18569170
5630645
11182723
30036938
13863053
28111493
10765823
23596183
1683997
16479580
9479049
10663133
22688708
2979122
2567438
28280110
1162534
21306686
19699567
24688213
22990389
25408673
7910515
10198683
7795180
12513383
26083691
7222059
2058229
11995447
16843976
26723097
13630809
6857612
20712086
10234727
29294005
16727823
7025071
7878338
23610320
13761714
25674535
18509676
20879643
25946932
8384042
17813156
17692475
7382858
26832866
11748630
8835561
15857878
1146315
5561873
6377740
579103
8351300
20583921
16665524
25290420
9012706
12179647
21784372
7404675
8988536
4693406
10801692
11144653
16418201
25811122
24507357
1671699
26435895
23626910
11898904
14146900
4352838
16550761
10641292
11147133
19088181
20845670
14604203
27342355
3531871
10802814
7388176
11135024
3046291
14104494
2709960
17990203
24816316
551652
5189825
2934949
6090668
5479537
28637698
28965355
22599311
19298883
14281658
11192953
11215548
19424271
15037546
136755
5064758
12445819
3825778
9314649
20554356
8345662
9342452
18244251
17408041
14293733
26536276
23022439
2865525
13888792
28557435
19017359
