257
316
577
596
1209
2920
3427
3462
3917
5084
5484
6369
6950
7737
7760
7994
8387
8440
8538
8633
8861
9038
10117
10376
11043
12324
12629
12739
13106
14555
15061
15622
15915
16205
17270
17355
17870
18123
19453
19622
20690
21552
21567
22750
22843
23782
23812
23985
25115
25168
25470
25482
25703
25903
26352
26514
26815
27188
27199
27342
27355
27498
28339
29554
29753
29758
29763
29969
30856
31439
31816
31828
32252
33063
33466
34318
34783
35431
36037
36174
37104
37245
38071
38419
38471
40042
40073
40544
40791
41472
41600
42167
44261
44460
45098
45506
45647
47257
47336
47937
50046
50106
51170
51754
52246
52722
53605
54097
54161
54239
54651
55409
56321
56701
56731
57753
58038
58249
58423
58898
60208
60679
61143
61445
61517
62002
62272
63013
63869
63888
64034
64155
64365
64795
66202
67530
68324
68856
69218
69672
70366
70443
70635
71518
71908
72037
72350
72516
72817
72845
73276
73735
74932
75212
75401
75416
75521
75522
76487
76797
76826
76971
77205
77539
77789
78735
79338
80301
81730
81931
82808
83786
84216
84679
84705
84993
86082
86124
86760
87955
89747
89803
89966
90083
90163
90234
90645
91308
91344
92900
93639
93951
94585
95580
95979
96424
96687
96910
96925
97142
97444
98213
98332
98412
98632
98998
99000
99390
100635
100773
101087
101692
101784
101787
102096
102238
102473
103223
104044
104206
104428
105932
106955
106966
108021
108075
108114
108267
108537
109666
111990
112402
112830
113925
114037
114228
114683
115626
115940
116003
116931
117716
118181
119150
119205
120038
120338
120386
120579
120958
121434
121645
122153
122567
123027
123599
125163
125749
125911
125968
126019
126081
127563
127654
129345
129367
130832
131004
131313
131425
132249
133259
133841
134279
134391
134493
134732
134935
134993
135533
136019
136580
136736
136809
137212
137354
138284
138546
138987
140281
140860
141856
142304
142404
142471
142712
143159
144154
145377
146126
148166
148639
148714
148825
148975
150287
150773
150799
150850
151374
152524
152537
152999
153076
153154
153354
153925
154448
154453
156543
157107
157109
157450
157459
157640
157742
157847
158159
158646
158812
161289
161597
161873
162781
162864
163390
164211
165579
165907
166622
166624
166691
166836
168031
168199
168252
168829
168918
170452
170552
170680
171185
171483
172260
172785
174688
174929
176251
176702
177817
177984
179335
179565
179766
180388
182419
183040
183221
183363
183987
185205
185324
185356
185382
185927
186766
187263
187470
189035
189626
189675
190003
190302
191818
191870
192432
192682
192850
195804
196271
196296
198191
198949
199022
200411
201346
201362
201678
202199
202837
202933
203039
203060
203250
203297
203779
203901
204005
204736
205512
205742
205790
205944
205951
206571
206598
207118
207191
207923
208033
209241
211694
211847
212088
212362
212929
213141
213685
214437
214533
214641
215161
216134
216877
217048
217080
217094
217115
217123
220227
220666
220780
223554
223959
224179
224501
224517
224529
224897
225278
225315
225504
227752
228004
228135
228627
228813
229986
230242
230674
231427
232352
233348
233698
234570
234806
235022
235850
236215
237055
237475
237503
237689
237780
237876
238059
238138
238782
239447
239567
239637
239798
240319
240620
241572
241933
242303
242565
242954
244019
244027
244131
244231
245624
245755
246236
246244
246621
246903
247757
248024
248970
249185
249508
250188
250712
250724
250843
251253
251331
251519
251773
251780
253551
253915
253945
254217
254308
254576
254793
255428
255586
255789
255811
256026
256269
257962
258074
258150
258622
258743
258876
258910
260017
260046
260113
260340
260357
260627
261329
261775
261918
262559
262680
262730
263544
264606
266569
267191
268652
269574
269655
269819
270095
270529
271176
271405
271732
272121
272210
272297
272707
273186
273209
273471
274637
275137
275349
275453
275900
276120
276516
277269
278313
279798
279850
280299
281165
281534
281850
282090
284055
284332
285715
285765
288355
288632
288835
289042
289329
289423
290634
290787
290859
290998
292857
293572
294333
294605
294908
295720
297438
298524
298811
299033
300799
300883
300954
301969
302106
302766
302818
303003
303221
303477
303842
304786
305166
305985
306731
307288
307681
307992
308104
308719
308856
309250
309412
309721
310650
313098
314081
315322
316283
316346
316645
317018
317282
317359
317566
317828
317964
318613
319275
319475
319561
319928
320323
320491
320540
320667
320993
321929
324169
324641
324920
325332
326274
327317
327549
327790
327851
328545
328805
329084
329185
332288
332446
333218
334278
335847
335868
335978
336351
337258
337750
337753
337884
337956
338238
338364
338501
339461
339778
339858
340219
340238
340310
341112
341482
341689
341911
342734
342849
343574
344388
345716
346602
347461
348762
348904
349931
350095
350877
351142
351172
351478
352430
352756
352807
353443
353746
353785
354206
354524
354982
355707
355849
356107
356764
356894
357467
357907
357928
358775
359381
359754
360090
360150
360482
360966
361339
362108
362122
362199
362415
362571
362997
364329
364426
366309
366762
367126
369211
369381
369630
369789
370273
370322
371490
371967
372513
373608
374296
374570
374681
374888
374977
376577
376592
376629
376997
377083
377585
377920
378015
378167
378238
378417
379387
379447
379609
380073
380984
381184
381755
381821
382029
382077
382348
382980
383531
383637
383744
383772
383944
384131
384308
384805
384966
385031
385069
385121
385548
387141
387409
387676
387775
388406
390037
390428
391301
391568
391907
392522
392793
393174
393830
394934
395412
395417
395792
396022
397892
398582
398919
399057
399517
400485
400671
400852
401222
401792
403650
404172
404927
405324
405731
405732
406869
407423
408201
408202
408476
408519
408801
409286
409340
409512
409719
410365
410430
410630
410664
410709
411469
412181
412764
412794
412846
413317
413747
414236
414239
415314
416248
416884
416889
417397
417944
418387
418549
419135
419573
420669
420705
421564
422182
423053
423309
423944
423993
424788
425433
425874
426349
426648
427451
428909
429887
429916
431011
431371
432408
432963
433372
433750
433833
434429
434531
434763
434833
435666
436292
436720
436839
436938
438242
438420
439866
440596
441367
441991
442280
442838
443550
443985
444609
444919
445031
445052
445797
447376
447568
448105
449127
449674
449800
450353
450644
450981
452209
452275
452349
452411
453925
454070
454212
455328
456027
456789
457140
457224
457522
457605
457877
458897
459465
459711
460149
460499
460621
461243
462335
462370
462721
463570
463596
463682
465834
466718
467043
467604
467868
469235
469360
469962
470874
471619
471697
472266
473403
473418
474141
474421
474611
474701
474725
474905
475094
475129
475743
475938
476543
478309
479434
479773
480430
480914
481743
482654
482841
483102
484042
484387
485222
485339
485484
485685
486152
486488
486900
487935
488053
489101
489382
489487
490285
490705
491492
491607
492037
492881
493826
494629
494968
495099
496135
496209
496377
497480
498305
498454
498653
498875
499332
499724
500005
500242
500369
501102
502373
503508
503582
503900
503948
505033
505350
505830
505846
506364
508060
508466
509624
511072
511955
512228
513464
514205
516314
516604
517471
518510
519165
520333
520842
521397
521465
521537
521688
521918
522025
522632
522983
523233
524218
524873
525025
525799
527265
528083
528832
529633
529942
530928
530950
531705
532275
533064
533337
533443
533730
533907
534126
534153
534670
534731
535938
536510
536677
536757
537178
537457
537946
538158
538361
538760
539146
539925
540267
540667
541293
541387
541723
542437
542895
542973
543876
543994
544106
544875
545039
545136
545236
545520
546680
546771
547061
547410
547458
548452
548923
549456
549570
549665
550516
551478
552508
552520
552603
552705
554665
555279
556177
556470
557371
558109
558280
558453
559006
559187
559627
559881
560217
562021
562714
562913
563225
563737
564283
564365
564844
565011
565512
565584
565585
565624
565781
566539
567265
567333
567511
567548
567826
568890
568990
569606
569944
569987
569995
571556
571835
572806
572959
573009
573066
573125
573274
575348
575961
576004
576388
576691
576779
576984
577211
577283
578265
578347
578702
578731
580016
581334
582151
582714
583000
585514
585562
586206
586397
586688
587618
588139
588190
588390
588658
588796
589082
590645
591407
593532
593536
593547
594515
595433
595679
595825
596018
596825
596861
596870
598422
598880
599216
599471
599582
599775
599968
600191
600760
601530
601682
602036
602464
603123
603141
603605
604189
604558
604634
605484
605696
608888
609064
609650
609743
610139
610352
610590
610716
610825
611929
614529
614598
614705
614832
615703
616824
616876
617347
617379
617395
618184
618329
618376
619153
619569
619728
621507
622653
622740
622854
623371
623820
624677
624825
625489
626020
627761
628813
629518
629773
630013
630097
630938
631832
631941
631983
632000
632637
633623
633805
634586
634706
635116
635442
635552
636419
636439
637138
637149
637212
638865
638967
638977
638997
639117
641013
641380
641408
641769
642614
642982
644441
645422
645716
646370
646853
647154
648136
648223
649244
649258
650829
651144
651862
652295
652654
652886
653338
653906
654618
656185
656280
656411
656444
656594
657892
657990
658177
659083
659441
659870
661084
661442
662102
662258
662772
664256
664619
664790
665071
665908
666451
667645
668286
668330
668886
669783
669793
670269
670920
671400
671457
671676
672120
672353
672759
673540
674603
674689
674999
675243
676107
676144
677373
677760
677807
677846
677986
678570
678695
678816
679296
679916
680798
680826
681873
682187
682471
682859
683039
685646
685808
686073
686401
686961
687041
687197
687562
688542
688642
689045
689159
689311
689732
690531
690535
690553
691041
691304
691894
691900
693192
693486
693731
694197
694723
695945
695983
696163
696621
698350
699234
699427
699720
699807
700328
700471
700570
700571
700743
701969
702081
703026
703321
703836
703924
703935
704615
705364
707480
708063
708329
708453
708912
709850
710324
711008
711765
713749
714142
714366
714742
715737
716937
716944
717057
717373
717548
718568
719401
719673
719864
720199
720848
721518
722031
722215
722252
722433
722811
723117
723342
725174
726712
726884
727010
727103
727185
727739
730197
730273
730311
730326
730896
731267
731888
732143
732407
732444
732635
732736
733645
733814
734392
735005
735655
735801
736854
738207
738591
739269
739805
740025
740231
740381
741263
741334
741362
741650
741747
742029
742338
742427
742827
743258
743922
744194
744203
745100
745739
745924
746188
746422
746496
747039
747353
747832
747955
749955
750720
750902
751250
751391
751629
751893
752022
752399
753701
754226
754296
756038
756831
757166
757317
758541
758867
758979
759071
759399
759789
760154
761685
763171
764692
765145
766196
766495
766693
767307
767556
767941
767956
768082
768198
768724
771045
771589
772064
772456
772663
772665
773007
773315
773363
774766
775097
775940
776607
776895
777360
779607
779718
780891
781851
782165
782772
782896
783038
783118
783398
783732
786015
786838
787426
787438
788971
789333
789651
790376
790538
790987
791533
792759
792906
792943
793299
793847
793884
795236
796229
796403
797860
798154
798435
798501
799453
799593
801508
801786
803033
803197
804043
804384
804435
805252
805641
805706
805818
806019
806982
807052
808254
808276
809741
810724
811596
811681
811846
811944
812644
813233
813717
813811
813971
814290
814784
815229
815463
818077
818318
818397
818703
820563
821176
822135
823208
823338
824237
824937
825151
825418
826270
826290
827895
828180
829154
829192
830156
832821
832851
833099
833917
834083
834116
834387
834724
834990
837021
837372
837946
838010
838579
838724
839775
839801
841200
841692
842936
843316
843379
844226
844701
844797
845311
845391
846972
847492
847612
848085
849142
849231
850053
851344
852587
853536
853571
855186
856082
857658
858844
858892
859092
860770
861127
861783
861790
862741
863049
863353
863564
863833
864319
864456
864538
864854
865262
865322
865356
866823
867055
867588
868113
868399
868890
868977
869175
870172
870295
870854
871164
871365
872043
872349
873888
873909
873975
874653
874856
876509
877614
877807
877896
877942
878004
878331
878519
879817
880019
880562
881048
881269
881494
882675
886587
887162
887291
887493
887902
889035
889261
889640
889997
890855
892125
892137
892285
892343
892482
892975
893944
895398
895453
896248
896275
896423
896706
897013
897078
897690
899850
900274
900275
900630
900946
902706
903093
904719
905077
905887
905940
905980
906218
906245
906626
906888
907070
907398
907632
907740
907742
907894
908285
908553
909255
909512
909940
911390
911610
911689
913153
913853
914065
914334
914978
915510
916171
916177
916815
916950
916952
917035
917423
918019
918599
918743
918975
918991
919539
919847
920172
920642
921012
921467
922156
922674
923123
923129
923556
923612
924344
924404
924986
925043
926624
927295
928827
929042
929740
929793
930776
932689
933363
933530
934263
934750
934808
935129
935479
936144
936465
937153
938843
939722
941734
942942
943240
944030
944224
944850
946124
946526
946642
946755
947345
948133
948384
948608
949211
949683
949883
950651
950759
951626
952671
952913
954010
954904
955175
956193
957240
958460
959248
960419
960620
961429
961497
962799
963322
964081
964369
964729
966404
966550
966900
967035
967637
967985
968095
968410
968686
968700
968738
968928
969029
969741
970525
970573
970772
971191
971771
971923
972341
973302
974621
975087
975210
975792
975812
976000
976083
977096
977249
978308
978368
978376
978669
978939
979362
979476
980298
980360
981469
982323
982759
983422
983684
983842
984028
984202
984368
984480
984558
985025
985148
986565
987627
989552
989977
991541
993438
993517
994451
995200
995821
996262
996482
996553
996873
996878
996952
997027
997254
997268
997348
997941
998767
998897
999395
999557
1000494
1000543
1001061
1001991
1002024
1002883
1004696
1006468
1007208
1007511
1007819
1007859
1008205
1008788
1009200
1009591
1010663
1011303
1011416
1012484
1013824
1014186
1014550
1014796
1015316
1015507
1016279
1016561
1016563
1017947
1017963
1018621
1019044
1019060
1019096
1019171
1019699
1021975
1022065
1022349
1023483
1025269
1025371
1025814
1026128
1026232
1026452
1026681
1027008
1027279
1027475
1028470
1029431
1029779
1032756
1032825
1033235
1033742
1033780
1034216
1034266
1034280
1034643
1034921
1035235
1035443
1036586
1037037
1037681
1037712
1038051
1038672
1039934
1040595
1040660
1040947
1041975
1043353
1043437
1043958
1044136
1044209
1044888
1045002
1045671
1045840
1046485
1047099
1047224
1047474
1047565
1050129
1050153
1050877
1051387
1051580
1051691
1052389
1053175
1053299
1053633
1054398
1054703
1054929
1055122
1056066
1057468
1057557
1058033
1058134
1058530
1060619
1060715
1060872
1061001
1061461
1062608
1062715
1063165
1063465
1063476
1064168
1065058
1065447
1065586
1066575
1067437
1068133
1068635
1068638
1069170
1069785
1069952
1070527
1071275
1071868
1071997
1072815
1072986
1073127
1073382
1073777
1074588
1074842
1075220
1076030
1076896
1077152
1077647
1077959
1078000
1078450
1078779
1078874
1079209
1079269
1079684
1079828
1080953
1080965
1081393
1081406
1081491
1081860
1081945
1082116
1082329
1084742
1084900
1085725
1085802
1085808
1087249
1087267
1087414
1087923
1089442
1089961
1090044
1090234
1090665
1091174
1091714
1092275
1092532
1092617
1092890
1094243
1095052
1095294
1095974
1096052
1096677
1097075
1098525
1099273
1099344
1099527
1100669
1101201
1101914
1102046
1102187
1102961
1103492
1103755
1103796
1103820
1104214
1104657
1104836
1105259
1105721
1106611
1107847
1107877
1108559
1108746
1108812
1109090
1109312
1109530
1111432
1111793
1112799
1113606
1113746
1113932
1114521
1114875
1115076
1115398
1115673
1116449
1117396
1117400
1117401
1117855
1117899
1119886
1120124
1120445
1120965
1121513
1123468
1124438
1124711
1124900
1125822
1125999
1127421
1127639
1128454
1128518
1130635
1131054
1131274
1131848
1132626
1132793
1132818
1132847
1133586
1135698
1135968
1136814
1137165
1137423
1138976
1139064
1139505
1140740
1140947
1141585
1142118
1142387
1142966
1144040
1144073
1144204
1144228
1144916
1145392
1146435
1146524
1147203
1148979
1149037
1149445
1149870
1150320
1150592
1150793
1151623
1152036
1152277
1154461
1154698
1155310
1155350
1155780
1156129
1156747
1156874
1157959
1158489
1158528
1159425
1159825
1159884
1160624
1161388
1161525
1162141
1162591
1162623
1162968
1163260
1163342
1164195
1164742
1165181
1166369
1166893
1167460
1172405
1173097
1173658
1174619
1174830
1175032
1175154
1176581
1176727
1177372
1178069
1178358
1178802
1180268
1180526
1180937
1181719
1182993
1183935
1184621
1184710
1184875
1185221
1186001
1186116
1186292
1186968
1187603
1187718
1187849
1188305
1188454
1188658
1189994
1190041
1190044
1190759
1191208
1191593
1191792
1191815
1191947
1192511
1192670
1193021
1193701
1194496
1194789
1194873
1196241
1196281
1196635
1196897
1197014
1197094
1198352
1198796
1198919
1199415
1199956
1200188
1200357
1201520
1201640
1202409
1203179
1203245
1204284
1204407
1204561
1204953
1205724
1208063
1208295
1208392
1210707
1210820
1210878
1211426
1211749
1212271
1212347
1212427
1212521
1213657
1213733
1213781
1214179
1214269
1214452
1214610
1214804
1215026
1215196
1216188
1216376
1216379
1216940
1217061
1217141
1217343
1217606
1218334
1218551
1218892
1218981
1219200
1219325
1219469
1219700
1221957
1222114
1222296
1222669
1222769
1222995
1223751
1224016
1224152
1224790
1225107
1226374
1226755
1226820
1227273
1227721
1228799
1228857
1228883
1229567
1229938
1230197
1230249
1231359
1231429
1231532
1231644
1231815
1231944
1232731
1233879
1234943
1235513
1235882
1236082
1236446
1236643
1237092
1237471
1238696
1238766
1239044
1239534
1239688
1239780
1239913
1240093
1240098
1240164
1240507
1240547
1240710
1240738
1241057
1241165
1241238
1241520
1242285
1243901
1244111
1244933
1245006
1247015
1247060
1247774
1247807
1247829
1248315
1248656
1249085
1249177
1249292
1250104
1250275
1250487
1250495
1250874
1250878
1251186
1251606
1251693
1251781
1252368
1253025
1253663
1253695
1254499
1255114
1255359
1255437
1255569
1256169
1256517
1256563
1256940
1257484
1257567
1258655
1258933
1259178
1259560
1260140
1260575
1260580
1261126
1261983
1262243
1262948
1263526
1264484
1264546
1265981
1266004
1266544
1267011
1267150
1267358
1267482
1267489
1267638
1268000
1269196
1269305
1270915
1270954
1271238
1271338
1272041
1272088
1272434
1272615
1274504
1274526
1275315
1275442
1275912
1276054
1276359
1277161
1277889
1278376
1278538
1278681
1279032
1280579
1280817
1280930
1282099
1282160
1282169
1282432
1283660
1284535
1284877
1284882
1285763
1286412
1286793
1287215
1287614
1288320
1288547
1288898
1288901
1289715
1290357
1290974
1291365
1291625
1292065
1292283
1292852
1293575
1294748
1294921
1294988
1295297
1296535
1296657
1297351
1297816
1298188
1299041
1299127
1299265
1299797
1300966
1301132
1301212
1301661
1301716
1302879
1303195
1303620
1304263
1304305
1304772
1305106
1305175
1305399
1305490
1306746
1307368
1310586
1310601
1311268
1311451
1311940
1311969
1312697
1313549
1313732
1313924
1315312
1316103
1316127
1316853
1317221
1317337
1317938
1318856
1319348
1319976
1322107
1322309
1322490
1322812
1323274
1323349
1323698
1324744
1325120
1325361
1325443
1325447
1325669
1327049
1327346
1327418
1327553
1328200
1328985
1329969
1330088
1330989
1332179
1332576
1332637
1333110
1333314
1333867
1334051
1334491
1334622
1334658
1336491
1336541
1337556
1337757
1338056
1338255
1338643
1338954
1339019
1339342
1339597
1340104
1341777
1341782
1342294
1342800
1343157
1343498
1344093
1344292
1344506
1346994
1347436
1347536
1347702
1347802
1348171
1348465
1348588
1348731
1348820
1348896
1349082
1349584
1349608
1350375
1350569
1351143
1351244
1351603
1351677
1353078
1354392
1355028
1355567
1356938
1356995
1357805
1358388
1359043
1359727
1359931
1360014
1360102
1360485
1360693
1361076
1361990
1362595
1362698
1363195
1363649
1365082
1365271
1365322
1365434
1365967
1367143
1367183
1367792
1368336
1368684
1369618
1369623
1369809
1370235
1370622
1371077
1371495
1373255
1374753
1375053
1377961
1378521
1378565
1379391
1379810
1380624
1380705
1381353
1381809
1383083
1383113
1383318
1383704
1384531
1384712
1386759
1386768
1386806
1387776
1388271
1388829
1389240
1390327
1391503
1391880
1392688
1392731
1393288
1393634
1394478
1395416
1395710
1396400
1396530
1396842
1396902
1396966
1397349
1397702
1398038
1398408
1398494
1398952
1399155
1399488
1399617
1400051
1400656
1402698
1403327
1405105
1405442
1405603
1406153
1406921
1407097
1407459
1407855
1408140
1408250
1408259
1409302
1409920
1410388
1410954
1411640
1413038
1413773
1414265
1414392
1415259
1415353
1416040
1416245
1416505
1416792
1417201
1417271
1417458
1417540
1419798
1419854
1419962
1421247
1421294
1421959
1422124
1422409
1422763
1423301
1423912
1424525
1424876
1424990
1425205
1425229
1425492
1425621
1426736
1427305
1427715
1428046
1428363
1428387
1429037
1430244
1430248
1430351
1431779
1432261
1432980
1433779
1433904
1433914
1434876
1434927
1435991
1437378
1437826
1437921
1437965
1438059
1438615
1438983
1439100
1440216
1440884
1441666
1441755
1442334
1442575
1443313
1443339
1444080
1445319
1446899
1448678
1449264
1449307
1449421
1449486
1450175
1451355
1451830
1451893
1452533
1454124
1454179
1454405
1455469
1455930
1456233
1456245
1456456
1457116
1458003
1458072
1458327
1458345
1458485
1458921
1459719
1460768
1461412
1462614
1463723
1463804
1464267
1465489
1466404
1467004
1467015
1467391
1467701
1468362
1468438
1468774
1469359
1469368
1469480
1470140
1470809
1471480
1471622
1471730
1472693
1473956
1474524
1475818
1476134
1476155
1476778
1478376
1478380
1479158
1479250
1479368
1479596
1479825
1480341
1480344
1480397
1480737
1480761
1483361
1483508
1483914
1484439
1485754
1486373
1486732
1487064
1487619
1488245
1488305
1488618
1488789
1489031
1490529
1490573
1491865
1492578
1493901
1493936
1493997
1495553
1497313
1497475
1498106
1498407
1498901
1501704
1501780
1503328
1503433
1504168
1504320
1504625
1504817
1504950
1505547
1506742
1507211
1507410
1507572
1508152
1508200
1508400
1508824
1508853
1509014
1509249
1509669
1510578
1510754
1510934
1511590
1512059
1512601
1512987
1513073
1513305
1513438
1514087
1514181
1514498
1515510
1517870
1518580
1518867
1519716
1519805
1519849
1519892
1520741
1520927
1521043
1521554
1522859
1523476
1524097
1524302
1525418
1526738
1527197
1528010
1528095
1528312
1528382
1528472
1528883
1529448
1529476
1530144
1530474
1530535
1531273
1531623
1531929
1532099
1532382
1532439
1533657
1533712
1533896
1534814
1534899
1535202
1535376
1535712
1536243
1536721
1536830
1537301
1537543
1537952
1538613
1539227
1540712
1541570
1541699
1542204
1542646
1546073
1546397
1546963
1547441
1547444
1547676
1547804
1547908
1547983
1548540
1548694
1548948
1550144
1550426
1551310
1552621
1553285
1553297
1553358
1553550
1553769
1553807
1554289
1554959
1555135
1555359
1556242
1556265
1556449
1557483
1557877
1558094
1558250
1558789
1558847
1558885
1560465
1560991
1561677
1561938
1561981
1562117
1563097
1564665
1565055
1565187
1565478
1566172
1566191
1566390
1566821
1567570
1567581
1568037
1568080
1568195
1568277
1568984
1569216
1569821
1570922
1572388
1572745
1572771
1572815
1574000
1574454
1575183
1575209
1575417
1575666
1576324
1576587
1576593
1577254
1577397
1577892
1578458
1578465
1578716
1579564
1579585
1579689
1580347
1581602
1582116
1583079
1583159
1585078
1585292
1585988
1586195
1587742
1588670
1588975
1589548
1590258
1591282
1591438
1593653
1593975
1594121
1594474
1594865
1595317
1595822
1596186
1596258
1596568
1596706
1596719
1597011
1598145
1598639
1599051
1599110
1599371
1599841
1600009
1600029
1600768
1601521
1601828
1602023
1602843
1603087
1603450
1603656
1604208
1604874
1604923
1605079
1605082
1605512
1605532
1605810
1605902
1606259
1607458
1608048
1608057
1608631
1609329
1610023
1610487
1610619
1611271
1612366
1612368
1613399
1614779
1616419
1617544
1617880
1619838
1620540
1621132
1621300
1622386
1622427
1622443
1622581
1622822
1623320
1623955
1624502
1624687
1624877
1625253
1625566
1625598
1626253
1628067
1628931
1629355
1629396
1629724
1629921
1629995
1630293
1630757
1631495
1631544
1632345
1632621
1633853
1634471
1634799
1635318
1636647
1636714
1636737
1637009
1637232
1637587
1638106
1638454
1639886
1640212
1640746
1640753
1641062
1641116
1641126
1641136
1641431
1641615
1642751
1643807
1643985
1644015
1644733
1644759
1644960
1644966
1645043
1645550
1646138
1646300
1646413
1647161
1647528
1649603
1650254
1651801
1652215
1654199
1654333
1654666
1655221
1655626
1655821
1656265
1656834
1656862
1657529
1658070
1658265
1658289
1658461
1659439
1659746
1661443
1661459
1661781
1662435
1662511
1662591
1663419
1664320
1664653
1664855
1665206
1665495
1667443
1669083
1669844
1670707
1671147
1671287
1671743
1672296
1672351
1673235
1673381
1673556
1675060
1675210
1675707
1675970
1677497
1677592
1679624
1679747
1680039
1680107
1680302
1682270
1683026
1683183
1683267
1683483
1683817
1684686
1685291
1685967
1686049
1687824
1688102
1688978
1689371
1690422
1690648
1691617
1692078
1692096
1692449
1692542
1693929
1694125
1694735
1695382
1696522
1697156
1697263
1697696
1697700
1697817
1698116
1698221
1698461
1699185
1699492
1699590
1701216
1701261
1701306
1701703
1702265
1702290
1702782
1703456
1703601
1704199
1704495
1705084
1705504
1706080
1706147
1706604
1706874
1707177
1707767
1708813
1708847
1709202
1709618
1710960
1711064
1711078
1711942
1712393
1712561
1713179
1713257
1713455
1713510
1714151
1714195
1714266
1714364
1714497
1714576
1714857
1715056
1715332
1715405
1715412
1715436
1716023
1717685
1718176
1718313
1720352
1720811
1721029
1721169
1721761
1721882
1721903
1721937
1722443
1723216
1723279
1723768
1725086
1725740
1725966
1726774
1727003
1727655
1727825
1728391
1728420
1730405
1731010
1731045
1731610
1731691
1731902
1732263
1732499
1732594
1734878
1736006
1736386
1736390
1737574
1737764
1738183
1738333
1738591
1740261
1740769
1741036
1741100
1741912
1741979
1742065
1742561
1742696
1743197
1743442
1744866
1745726
1746797
1746829
1746952
1747160
1748872
1748900
1748933
1749365
1749371
1749736
1750132
1750157
1750189
1750225
1750503
1750953
1751116
1752555
1752791
1752974
1753097
1753505
1753997
1754923
1755042
1755143
1755751
1755885
1755994
1756028
1756197
1758014
1758050
1758087
1758128
1758904
1760007
1760096
1760796
1761544
1761826
1762481
1762948
1763601
1763665
1763764
1765028
1765596
1766076
1766298
1766940
1768039
1768143
1768257
1769403
1770510
1771671
1772124
1772238
1772273
1772330
1773587
1774170
1775014
1775519
1776454
1777192
1777202
1777761
1778734
1779417
1779903
1779909
1780272
1781119
1781294
1782183
1782537
1782564
1783423
1783458
1784096
1784593
1784599
1786115
1786161
1786547
1787027
1787779
1787922
1788053
1788690
1789055
1789140
1789600
1789830
1790055
1790573
1792299
1792933
1793569
1793949
1794997
1795845
1796174
1796316
1797623
1798225
1799177
1799239
1800142
1800244
1800886
1800897
1801200
1801323
1801364
1801912
1802272
1802737
1803022
1803211
1803345
1804034
1804087
1804296
1804753
1805149
1806766
1807241
1807492
1807704
1807882
1808374
1809382
1809419
1809791
1810518
1811090
1812027
1812869
1813357
1814008
1814364
1815285
1815310
1815457
1815731
1815897
1815969
1817092
1817807
1818458
1818897
1819750
1819863
1820309
1820332
1821016
1821537
1822157
1822452
1822533
1822625
1823393
1823484
1823517
1824374
1825114
1825118
1825239
1826064
1826406
1826786
1827706
1827769
1827905
1828006
1828123
1828420
1829096
1829859
1830513
1830878
1831149
1831170
1831824
1832145
1832232
1832919
1833122
1833495
1833581
1833898
1834657
1834887
1835498
1836119
1836931
1836947
1837250
1837330
1838357
1838574
1839122
1839622
1839721
1841184
1841314
1841529
1841695
1842939
1843151
1843897
1845394
1845557
1845846
1846097
1846594
1846830
1847041
1850187
1850417
1851538
1851920
1852037
1852413
1852924
1852929
1852955
1853168
1853506
1853512
1853754
1854401
1855231
1855245
1855745
1855925
1856060
1856753
1857131
1857393
1858483
1858539
1859208
1859433
1860041
1861378
1861423
1861784
1862005
1862353
1863558
1864290
1864409
1865822
1866749
1867426
1867462
1867578
1867700
1868897
1869501
1869891
1871151
1871780
1872868
1873227
1873336
1873342
1873377
1873456
1873549
1873581
1873948
1874410
1874466
1874472
1874533
1874550
1875666
1875862
1875927
1876141
1876175
1876275
1876324
1877017
1877473
1878208
1878296
1878437
1878484
1878637
1879075
1879554
1879942
1879964
1881191
1881254
1881695
1882063
1883132
1884093
1884526
1884922
1884994
1885811
1886446
1886485
1886533
1886544
1887032
1887336
1888783
1888862
1888898
1888943
1889381
1889880
1891671
1892444
1892729
1892908
1893120
1893563
1894188
1894514
1895652
1895661
1895722
1896011
1896876
1897538
1897813
1898345
1898600
1898687
1898874
1900391
1900424
1901720
1902303
1902543
1902812
1902983
1903551
1904531
1904616
1904753
1904960
1905967
1905988
1907300
1908104
1908405
1909180
1909496
1909497
1909580
1909788
1909823
1910461
1911316
1912742
1914034
1915191
1916377
1917393
1917438
1917658
1917751
1918205
1918547
1919266
1919911
1920695
1920787
1920841
1921074
1921257
1922122
1922856
1923419
1924167
1924601
1924679
1925339
1925426
1926104
1926507
1926661
1927076
1927640
1928037
1929175
1929201
1930734
1930979
1931012
1932851
1932943
1933945
1934259
1934656
1935851
1936425
1936646
1936820
1937398
1937621
1937894
1937959
1939360
1939444
1939613
1940021
1940152
1940194
1940215
1940705
1941846
1942729
1942783
1943466
1944814
1944905
1945045
1946373
1946617
1947230
1947714
1947900
1948459
1949055
1949337
1950123
1950272
1950349
1950399
1951120
1951551
1951761
1953173
1953241
1954468
1955044
1955407
1956527
1956786
1956832
1956834
1958433
1958471
1958881
1959128
1959176
1959206
1959292
1959666
1960205
1960821
1962438
1962596
1962701
1963557
1964110
1964141
1966303
1966722
1967532
1968187
1968473
1968634
1968798
1969264
1969872
1970827
1971384
1971462
1971737
1972287
1972916
1972973
1973067
1973594
1973753
1976746
1978337
1979675
1981030
1981743
1981860
1981911
1982465
1982927
1982934
1983016
1983492
1983863
1984495
1984712
1985062
1985814
1985846
1986529
1986874
1987425
1988450
1988982
1989010
1989415
1989891
1990083
1990649
1990732
1992194
1992778
1992950
1993451
1993796
1994955
1995361
1997092
1997137
1997521
1998334
1998459
1998636
1999934
2000897
2001404
2001459
2001551
2001593
2001815
2002235
2002385
2002675
2002836
2003686
2003994
2005535
2005730
2006031
2006298
2007061
2007106
2007606
2007792
2007917
2008673
2008964
2010176
2011214
2011301
2014123
2014857
2015041
2015238
2015344
2015627
2015811
2016320
2017009
2017040
2017406
2018547
2018562
2018872
2019094
2019267
2020675
2020834
2022143
2022343
2024255
2025155
2025377
2025585
2026132
2026438
2028645
2029401
2029509
2030126
2031146
2031285
2032337
2032974
2033057
2033343
2034022
2034352
2034448
2034483
2034812
2034876
2034979
2035104
2035400
2035901
2036674
2037197
2037551
2038162
2038323
2038457
2038541
2038606
2039043
2039732
2040772
2042191
2043150
2043185
2045636
2045851
2046197
2046343
2047558
2047772
2048053
2048152
2048256
2048343
2048702
2048879
2049007
2053469
2053972
2054010
2054092
2055024
2056228
2056359
2056397
2056717
2057232
2057487
2057531
2057613
2058038
2058965
2059038
2059402
2060096
2060111
2060126
2060370
2060374
2060856
2061339
2061357
2062500
2063876
2065961
2066066
2066068
2066096
2066997
2067081
2067319
2067630
2067701
2067713
2069174
2069238
2069569
2069892
2070065
2072037
2072126
2072659
2074356
2074993
2076315
2076705
2076732
2077142
2078988
2079869
2079906
2080258
2080271
2081398
2082049
2082334
2082451
2082744
2082869
2082919
2083356
2083923
2084836
2084881
2085814
2085827
2085832
2085853
2085923
2086310
2086877
2087400
2087774
2088053
2088426
2090149
2090191
2090247
2090400
2091437
2092380
2092393
2092495
2092852
2093026
2093054
2093544
2094761
2094771
2095236
2095268
2095942
2096304
2096825
2097027
2097196
2097214
2098500
2098785
2098843
2099838
2099869
2100340
2101811
2102329
2102376
2102568
2104609
2105325
2105583
2106225
2106388
2106397
2106947
2107066
2107215
2107340
2107500
2108477
2108602
2108958
2109376
2110367
2111096
2111633
2113490
2113888
2114289
2115482
2116492
2116760
2117045
2118056
2118380
2118951
2119531
2119785
2119791
2119992
2121840
2122183
2122371
2124190
2125162
2125552
2125588
2125716
2126114
2126175
2126566
2126929
2127157
2127370
2127674
2127880
2127938
2128041
2128927
2129207
2129209
2129295
2129457
2130666
2131530
2131794
2132358
2132460
2132587
2132854
2133286
2133404
2133582
2134032
2134092
2134273
2134354
2134645
2135306
2136230
2136268
2136516
2136738
2137593
2138149
2138361
2138741
2138854
2138894
2139027
2139630
2140109
2141362
2141952
2142184
2142834
2143823
2144265
2144477
2145297
2145749
2146381
2147502
2147623
2147989
2149862
2150439
2150991
2151214
2151776
2152024
2152485
2153037
2153087
2153617
2153892
2153916
2154781
2154970
2155090
2155267
2155690
2155795
2156256
2156485
2157618
2159296
2159905
2161094
2161302
2161350
2161378
2161547
2161814
2162152
2162888
2163796
2163859
2164559
2166777
2167223
2167667
2167980
2168259
2168608
2168687
2169301
2169448
2170292
2171374
2171700
2171737
2173525
2174740
2174967
2175113
2175118
2175642
2176649
2176924
2177235
2178254
2178780
2179327
2179533
2179789
2180187
2180713
2180753
2181027
2181157
2181168
2181489
2181563
2182735
2182935
2183118
2183702
2184002
2184144
2185124
2186761
2187050
2187147
2188121
2188363
2188496
2189700
2189934
2189973
2190763
2190832
2191851
2191958
2192811
2193072
2193175
2194512
2194787
2195264
2195751
2196125
2196195
2196708
2197240
2197275
2197313
2198136
2199862
2200044
2200148
2201350
2201688
2202102
2202283
2202499
2202967
2203206
2203791
2204094
2204316
2204344
2205051
2205308
2208151
2208632
2208708
2209235
2209528
2209688
2209877
2209916
2210260
2210426
2210609
2211033
2211098
2211323
2211950
2212301
2213253
2213432
2213750
2213958
2214041
2214458
2214493
2214539
2214939
2215249
2215330
2215350
2215825
2217376
2218255
2218745
2219291
2220457
2221019
2221670
2223987
2224011
2225118
2225591
2226125
2227628
2228561
2229719
2230171
2230212
2231205
2231365
2231368
2231378
2234628
2234645
2234844
2235745
2235849
2236338
2236952
2237398
2237756
2238459
2239382
2240549
2240624
2241679
2242149
2242225
2242885
2244019
2244221
2244321
2244431
2244609
2244653
2244988
2245764
2246600
2247106
2247133
2247275
2249921
2250147
2250279
2250343
2250410
2250485
2250722
2250738
2250753
2251157
2251820
2251887
2252000
2252067
2252731
2253040
2253369
2253645
2253784
2254375
2254771
2255476
2255571
2256205
2256359
2256552
2256848
2257605
2257741
2257774
2257785
2258207
2258582
2261685
2261790
2261859
2262801
2263129
2263214
2264671
2264903
2265699
2266004
2268276
2268334
2268354
2268701
2270302
2270691
2270936
2272326
2273345
2273412
2273995
2274320
2274475
2275540
2275603
2276841
2277677
2277883
2278011
2278412
2278979
2279128
2280104
2280811
2281290
2281464
2281684
2283373
2284001
2284277
2284871
2285273
2286729
2288045
2288280
2288293
2288991
2289055
2289392
2289609
2290557
2290685
2291540
2292352
2292407
2294527
2295892
2296322
2296397
2296950
2297950
2298915
2299996
2300341
2300535
2301982
2302224
2302542
2302592
2304026
2304091
2305758
2306154
2306178
2306594
2307319
2307433
2307437
2307590
2307612
2308536
2310474
2310897
2310946
2311400
2311741
2311852
2311974
2313099
2313154
2313198
2313342
2313982
2314421
2315391
2315610
2316229
2316864
2317064
2317828
2317996
2318223
2318457
2318485
2319912
2320204
2321013
2321052
2321687
2322460
2322536
2322876
2323790
2323814
2323890
2325454
2325858
2326015
2326068
2326250
2326816
2327848
2328538
2328885
2328951
2329001
2329118
2330129
2330905
2331806
2332189
2333466
2333514
2333846
2334632
2335236
2335779
2336628
2337185
2337652
2337883
2338700
2338713
2339420
2339636
2340354
2340693
2341012
2341266
2341350
2341732
2342293
2342378
2342422
2342746
2342755
2342784
2343840
2344011
2345844
2346347
2347247
2347384
2348413
2348819
2350644
2351343
2352878
2353968
2355103
2355156
2355644
2355911
2356743
2358968
2359019
2359448
2359760
2360354
2360696
2361582
2362370
2362475
2362535
2362710
2363239
2363314
2363833
2363864
2364672
2365171
2366400
2366461
2366725
2366802
2366862
2367440
2367787
2368042
2368164
2368570
2369107
2369353
2370432
2370434
2371632
2372893
2373657
2374644
2375276
2375393
2375678
2376223
2376818
2376924
2377921
2378005
2378849
2379605
2379716
2380883
2380888
2381591
2383512
2384624
2384887
2385647
2387011
2387143
2387327
2387772
2387819
2387964
2389122
2389392
2389818
2390184
2390582
2390666
2391007
2392722
2393206
2393717
2393833
2394332
2394767
2396481
2397236
2397904
2397958
2398132
2398155
2398450
2398760
2398980
2399235
2400193
2401189
2401809
2401862
2402291
2402689
2403282
2403849
2404606
2404611
2404827
2405399
2405610
2406182
2406233
2406449
2406700
2407028
2407167
2408000
2408256
2408769
2408794
2409564
2409630
2409828
2410465
2411500
2412682
2413094
2413348
2413613
2413869
2414800
2414970
2415509
2415963
2416225
2416306
2418645
2419049
2419798
2420329
2420540
2422143
2422530
2422853
2424212
2424348
2425241
2425344
2425689
2425762
2426365
2426543
2426647
2427706
2428627
2428928
2429488
2429600
2429626
2429702
2430142
2430684
2430967
2431249
2431699
2432007
2432011
2433106
2434021
2434207
2434549
2435320
2436223
2436230
2436898
2437550
2438152
2438519
2439521
2439959
2440547
2441318
2441581
2441757
2442214
2442406
2442733
2443762
2443880
2444594
2444615
2444965
2445742
2445780
2447663
2448812
2449254
2449543
2449582
2449758
2451009
2451696
2451937
2451985
2452084
2452173
2453735
2453882
2454566
2454784
2454814
2455094
2456986
2457057
2457237
2458915
2460315
2460376
2460439
2460639
2461206
2461399
2461680
2462116
2462661
2462719
2463127
2463455
2463670
2464308
2464831
2465311
2466341
2466645
2468456
2468774
2469548
2469660
2469712
2469784
2470692
2471755
2472363
2472982
2473081
2473350
2474001
2474035
2474784
2475618
2476369
2476370
2477042
2477273
2478120
2478719
2479051
2479606
2480030
2480057
2481189
2481911
2482339
2484312
2485499
2485740
2485759
2486193
2486398
2486745
2487702
2488009
2489108
2490353
2490739
2490793
2491262
2492005
2492402
2492701
2495590
2495949
2498681
2499649
2499726
2499751
2501059
2501758
2502510
2503887
2504005
2504164
2504696
2505477
2507208
2507601
2507627
2508056
2508245
2508256
2509087
2510003
2510454
2510844
2510961
2512551
2512925
2513202
2514047
2514825
2516125
2516899
2517329
2517834
2518036
2518597
2519123
2520434
2521381
2521995
2522188
2522455
2522459
2522534
2522635
2522674
2523446
2525231
2525474
2525601
2525638
2526796
2528553
2528677
2528881
2529098
2529112
2529220
2529344
2529438
2529757
2531932
2531938
2532067
2532739
2532840
2533096
2533558
2533623
2533746
2533978
2534633
2534829
2535362
2535390
2536679
2537990
2539123
2539181
2539239
2540756
2541028
2541173
2541184
2542392
2542681
2544375
2545037
2545682
2545915
2547778
2548793
2549636
2549735
2550370
2550629
2552018
2552112
2552277
2554318
2554340
2554407
2555486
2556931
2557320
2557328
2557438
2557451
2558505
2558632
2558678
2558908
2559768
2560587
2560870
2561262
2561323
2561531
2562679
2563068
2563321
2563322
2563674
2564765
2564944
2565954
2566445
2567261
2568982
2569312
2569506
2570541
2571076
2571093
2571311
2571600
2572738
2573149
2573430
2573454
2573633
2573745
2574638
2575315
2575354
2575421
2575692
2577284
2577394
2577632
2579150
2579441
2579535
2579927
2580436
2580880
2580973
2583754
2584390
2584638
2584824
2584830
2585252
2585420
2585582
2585790
2586105
2586150
2587445
2588882
2589543
2589922
2589982
2590003
2590005
2590024
2590260
2591979
2592712
2596759
2597819
2598154
2598603
2599353
2599449
2601948
2604687
2604820
2604956
2605605
2605759
2606379
2607846
2608540
2608837
2609196
2609567
2609674
2610299
2611466
2611477
2612171
2612560
2613144
2613297
2613543
2613748
2613776
2614991
2615328
2615795
2615827
2616781
2617099
2617131
2617271
2617585
2617593
2618325
2618370
2619469
2620130
2620262
2620309
2622309
2622428
2624516
2624858
2625004
2625200
2628147
2629708
2630029
2630600
2632642
2635066
2635401
2635972
2635993
2636715
2637583
2640068
2640803
2642065
2644173
2644219
2644952
2645820
2646627
2647558
2647948
2648054
2648446
2648612
2648736
2649621
2650198
2650729
2650990
2651467
2651807
2652038
2653488
2653537
2653619
2654363
2655317
2655349
2657575
2660087
2660590
2661999
2662548
2662998
2663276
2663358
2663736
2664850
2665313
2666762
2667228
2667237
2667531
2667735
2667814
2668634
2669062
2669426
2669912
2670840
2670852
2672217
2672322
2672561
2673282
2673406
2673843
2674133
2676303
2676756
2677065
2677112
2677218
2677834
2678034
2678354
2678452
2678727
2679070
2679254
2679504
2680071
2680686
2680963
2681086
2681497
2681565
2681790
2682592
2684648
2685254
2685255
2685788
2685807
2686093
2686656
2687246
2690279
2690766
2690994
2691152
2691221
2691277
2692247
2692463
2692518
2692864
2693089
2693434
2693786
2694091
2694199
2694325
2694722
2694997
2695506
2695647
2697106
2697265
2697324
2697452
2697569
2698116
2698519
2698671
2698742
2698768
2699133
2699191
2699218
2699914
2700009
2700541
2700611
2702159
2702572
2703695
2703738
2703843
2704464
2705181
2705404
2705604
2706494
2706588
2707443
2707485
2707728
2708396
2708504
2708975
2710113
2710213
2710409
2710727
2710739
2711266
2712112
2712272
2712392
2713464
2713703
2713979
2714372
2715132
2715139
2715582
2715757
2716204
2716302
2716620
2717323
2717361
2718714
2718943
2719173
2720401
2721738
2722631
2723118
2723453
2723737
2724448
2724494
2724765
2725380
2725853
2728265
2729539
2730003
2730178
2731107
2731398
2731556
2731982
2732061
2732807
2735057
2736300
2737161
2738579
2739407
2739505
2739999
2741196
2741720
2742541
2742707
2743708
2744342
2745517
2745952
2746287
2746583
2748316
2748765
2748941
2749342
2749704
2749811
2749844
2753131
2753470
2753646
2756107
2756308
2757114
2757532
2757584
2757710
2758389
2758494
2758743
2758772
2758790
2758814
2758819
2758824
2758846
2759245
2759251
2759291
2759525
2759609
2759847
2760164
2760406
2760494
2760520
2760587
2761255
2761816
2762049
2762197
2762820
2763146
2763359
2764195
2764345
2765031
2765693
2766102
2766381
2766892
2767822
2767999
2768303
2769208
2769499
2769859
2770209
2770364
2770607
2772006
2772113
2772231
2772450
2773990
2774077
2776165
2776308
2776425
2776607
2777480
2777603
2777628
2778314
2778507
2779322
2779852
2780882
2781678
2782607
2782753
2782760
2783492
2783817
2783971
2784261
2784624
2784732
2784913
2785789
2786152
2787468
2787521
2787715
2788099
2788762
2788791
2789147
2789934
2790478
2790518
2790602
2790603
2791704
2792061
2792388
2792520
2792676
2792773
2792828
2792989
2794223
2794494
2794996
2795648
2797061
2797293
2798431
2798535
2798685
2800166
2801200
2801322
2801894
2802018
2802292
2802296
2803815
2803985
2804206
2804269
2804495
2804545
2804840
2805635
2806446
2807713
2807911
2808125
2808721
2808723
2808780
2809222
2809302
2809973
2810816
2812150
2812434
2812629
2812804
2813170
2813200
2813941
2814436
2814837
2815333
2815356
2815377
2816669
2817352
2817371
2817440
2817724
2818331
2818549
2819121
2819150
2819945
2820396
2821315
2821389
2821907
2821981
2822238
2822286
2822704
2823044
2823256
2823478
2823933
2826059
2826285
2826604
2826992
2827088
2827817
2827945
2829630
2830018
2830349
2831257
2831835
2832378
2832440
2833299
2834388
2834457
2834834
2835146
2835302
2835303
2835548
2835755
2836346
2836575
2836687
2837469
2838220
2838936
2839822
2840141
2840415
2840832
2841722
2841952
2842161
2842240
2842531
2842704
2843441
2843943
2844422
2845144
2845303
2846350
2846547
2847140
2847790
2847960
2848570
2849317
2849870
2849931
2850234
2850945
2851252
2851319
2851783
2852455
2853034
2853157
2853473
2853938
2854861
2855985
2857466
2857705
2858139
2858232
2858657
2858738
2859192
2859620
2860766
2861059
2861226
2861245
2861602
2862005
2862090
2863248
2863431
2863500
2865536
2866019
2866086
2866277
2866287
2866482
2867890
2868487
2869193
2870322
2870446
2871929
2872155
2872187
2872628
2872930
2873000
2873927
2874330
2874951
2875302
2876135
2876553
2876617
2878119
2878476
2878477
2878508
2879261
2879710
2879771
2880013
2880567
2881465
2881469
2882446
2882466
2882783
2882819
2883370
2884491
2884544
2884744
2884980
2885938
2886097
2886714
2887167
2887489
2887784
2888098
2888507
2889129
2889234
2890703
2891039
2891276
2891718
2892841
2893035
2893309
2893424
2893496
2893547
2893828
2894514
2894834
2894893
2896131
2896778
2897084
2897111
2897331
2897378
2897942
2899109
2899305
2900309
2900445
2900563
2900850
2901061
2901708
2903164
2904251
2904790
2904861
2905051
2905652
2908073
2908521
2908568
2908723
2909413
2909550
2910356
2911468
2912062
2912257
2912354
2912409
2912510
2913566
2913713
2913821
2914078
2914167
2914177
2914449
2916676
2916761
2916985
2917061
2917216
2917678
2918233
2918704
2918790
2919629
2919912
2920589
2920969
2921077
2921172
2921493
2921588
2921816
2922975
2923342
2923595
2923860
2925838
2926059
2926413
2927069
2927183
2927339
2927410
2928706
2928715
2928977
2929261
2930880
2931721
2931988
2932205
2932650
2932896
2933545
2933706
2934331
2934826
2935035
2936291
2936568
2937045
2937653
2937992
2938398
2938907
2939667
2940314
2940461
2941092
2941255
2941656
2941823
2942010
2942497
2942763
2942792
2942880
2943069
2943157
2943763
2943877
2944025
2944156
2944723
2945275
2945524
2946117
2946801
2946851
2947177
2948867
2951946
2952276
2952362
2953270
2953786
2954004
2954401
2955753
2955999
2956129
2956277
2956512
2956579
2957518
2957611
2958088
2958153
2958658
2958671
2959663
2959763
2959774
2960417
2962164
2962798
2962809
2963547
2964102
2964319
2965156
2966356
2966767
2966905
2967711
2968562
2968621
2969342
2970124
2970437
2971087
2971206
2971245
2972269
2972293
2973137
2973182
2973645
2973670
2974893
2974970
2975311
2975596
2976955
2977013
2977509
2979219
2979361
2981353
2981419
2981742
2982703
2982783
2983548
2983561
2983669
2984355
2985043
2985156
2986335
2988213
2988451
2988661
2988780
2989028
2989601
2990456
2990466
2990625
2991084
2991179
2991553
2992051
2992635
2993491
2993865
2993869
