1455542
1458747
1460120
1460300
1461268
1461540
1461895
1461925
1461962
1461983
1462261
1463116
1463401
1464147
1464364
1464821
1465047
1465300
1465518
1465533
1465598
1465630
1465891
1466413
1466415
1466528
1466861
1467002
1467065
1467338
1467660
1467810
1468019
1468059
1468102
1468175
1468205
1468256
1468500
1468509
1468524
1468592
1468626
1468679
1468696
1468725
1468795
1468911
1468938
1468951
1469161
1469202
1469234
1469276
1469288
1469308
1469327
1469372
1469572
1469669
1469801
1469851
1469871
1469923
1469924
1469940
1469959
1470085
1470201
1470205
1470220
1470234
1470371
1470448
1470761
1470802
1470900
1470935
1470940
1470994
1471016
1471123
1471147
1471211
1471251
1471282
1471315
1471320
1471355
1471402
1471500
1471513
1471592
1471635
1471666
1471680
1471725
1471749
1471768
1471775
1471800
1471861
1471981
1471999
1472074
1472076
1472109
1472248
1472288
1472319
1472341
1472416
1472426
1472489
1472505
1472519
1472523
1472533
1472604
1472625
1472660
1472712
1472764
1472803
1472814
1472835
1472919
1472968
1472991
1473005
1473016
1473052
1473065
1473088
1473098
1473171
1473174
1473200
1473213
1473314
1473318
1473393
1473426
1473454
1473530
1473541
1473569
1473597
1473602
1473674
1473681
1473723
1473725
1473757
1473795
1473805
1473871
1473954
1473963
1473972
1473981
1474055
1474062
1474077
1474079
1474099
1474118
1474151
1474253
1474254
1474357
1474402
1474418
1474423
1474447
1474449
1474681
1474697
1474766
1474780
1474845
1474853
1474876
1474950
1474953
1474967
1474984
1474994
1475000
1475002
1475011
1475024
1475071
1475072
1475089
1475140
1475157
1475178
1475243
1475283
1475287
1475316
1475339
1475346
1475351
1475383
1475385
1475393
1475413
1475462
1475484
1475525
1475565
1475583
1475604
1475634
1475649
1475699
1475721
1475723
1475780
1475861
1475884
1475909
1475925
1475983
1476004
1476036
1476063
1476099
1476127
1476131
1476151
1476204
1476206
1476210
1476236
1476316
1476346
1476350
1476375
1476405
1476435
1476467
1476487
1476497
1476523
1476528
1476562
1476571
1476583
1476642
1476651
1476665
1476673
1476682
1476735
1476751
1476799
1476814
1476916
1476921
1476973
1477007
1477033
1477050
1477067
1477079
1477105
1477107
1477119
1477134
1477161
1477178
1477187
1477194
1477217
1477226
1477239
1477286
1477299
1477322
1477330
1477356
1477504
1477508
1477565
1477571
1477592
1477605
1477640
1477646
1477656
1477659
1477700
1477712
1477781
1477794
1477843
1477848
1477850
1477869
1477877
1477884
1477906
1477935
1477962
1478061
1478078
1478094
1478096
1478123
1478124
1478134
1478228
1478256
1478266
1478271
1478283
1478287
1478289
1478293
1478312
1478313
1478323
1478382
1478389
1478410
1478450
1478452
1478459
1478482
1478488
1478523
1478529
1478543
1478604
1478609
1478612
1478623
1478650
1478671
1478672
1478675
1478679
1478683
1478693
1478732
1478738
1478770
1478789
1478794
1478820
1478828
1478830
1478874
1478886
1478891
1478918
1478920
1478922
1478952
1479030
1479032
1479037
1479043
1479046
1479077
1479092
1479093
1479098
1479146
1479149
1479190
1479231
1479251
1479253
1479254
1479256
1479287
1479326
1479347
1479353
1479360
1479385
1479402
1479415
1479428
1479432
1479441
1479451
1479461
1479474
1479504
1479548
1479553
1479579
1479581
1479595
1479597
1479660
1479663
1479675
1479683
1479700
1479710
1479728
1479732
1479756
1479762
1479840
1479859
1479873
1479886
1479887
1479892
1479893
1479924
1479927
1479930
1479957
1479960
1479979
1479982
1479986
1480039
1480048
1480068
1480081
1480102
1480121
1480125
1480132
1480165
1480167
1480178
1480180
1480182
1480216
1480230
1480234
1480257
1480267
1480303
1480309
1480313
1480326
1480346
1480352
1480379
1480382
1480411
1480426
1480441
1480460
1480464
1480467
1480479
1480512
1480518
1480524
1480531
1480570
1480572
1480581
1480587
1480588
1480590
1480597
1480604
1480612
1480622
1480626
1480654
1480656
1480663
1480668
1480672
1480689
1480704
1480718
1480731
1480769
1480788
1480807
1480821
1480836
1480845
1480846
1480847
1480868
1480906
1480909
1480913
1480924
1480933
1480957
1480959
1480997
1481000
1481035
1481041
1481057
1481090
1481133
1481156
1481169
1481175
1481203
1481209
1481216
1481223
1481235
1481241
1481256
1481258
1481267
1481281
1481284
1481305
1481313
1481368
1481403
1481426
1481437
1481475
1481481
1481486
1481487
1481502
1481514
1481532
1481538
1481540
1481551
1481552
1481568
1481572
1481610
1481627
1481629
1481652
1481660
1481672
1481673
1481690
1481700
1481710
1481712
1481721
1481731
1481741
1481743
1481748
1481776
1481781
1481783
1481784
1481830
1481838
1481859
1481869
1481870
1481872
1481911
1481914
1481920
1481945
1481949
1481950
1481952
1481956
1481961
1481988
1482006
1482009
1482015
1482035
1482055
1482068
1482071
1482097
1482107
1482141
1482142
1482165
1482171
1482192
1482200
1482242
1482275
1482298
1482299
1482301
1482305
1482320
1482325
1482333
1482333
1482344
1482376
1482388
1482399
1482406
1482414
1482425
1482426
1482438
1482469
1482473
1482479
1482536
1482545
1482548
1482583
1482589
1482594
1482603
1482631
1482646
1482650
1482667
1482677
1482689
1482716
1482721
1482737
1482739
1482744
1482748
1482758
1482787
1482797
1482805
1482827
1482831
1482840
1482863
1482866
1482874
1482883
1482898
1482904
1482906
1482932
1482962
1482966
1482981
1482983
1483007
1483029
1483033
1483037
1483057
1483062
1483066
1483084
1483092
1483096
1483121
1483138
1483143
1483159
1483165
1483184
1483197
1483216
1483223
1483236
1483237
1483242
1483243
1483246
1483247
1483251
1483254
1483279
1483284
1483319
1483328
1483338
1483362
1483364
1483380
1483384
1483387
1483392
1483397
1483436
1483438
1483449
1483452
1483462
1483479
1483483
1483486
1483488
1483497
1483498
1483509
1483536
1483545
1483548
1483564
1483569
1483582
1483607
1483634
1483660
1483696
1483700
1483711
1483712
1483738
1483739
1483740
1483779
1483787
1483790
1483798
1483800
1483806
1483834
1483854
1483855
1483866
1483888
1483889
1483897
1483921
1483923
1483960
1483962
1483993
1483996
1483997
1484006
1484014
1484033
1484039
1484047
1484057
1484085
1484094
1484119
1484122
1484127
1484128
1484136
1484148
1484161
1484164
1484171
1484177
1484185
1484199
1484207
1484213
1484259
1484270
1484283
1484305
1484312
1484334
1484340
1484354
1484360
1484386
1484390
1484399
1484411
1484419
1484454
1484458
1484460
1484489
1484493
1484494
1484495
1484502
1484505
1484512
1484530
1484537
1484552
1484566
1484575
1484601
1484625
1484662
1484668
1484686
1484699
1484726
1484730
1484742
1484750
1484764
1484804
1484805
1484812
1484819
1484823
1484824
1484851
1484854
1484879
1484887
1484892
1484899
1484915
1484926
1484928
1484944
1484945
1484961
1484964
1484974
1484982
1484983
1484984
1484991
1484994
1484997
1485004
1485019
1485031
1485035
1485052
1485057
1485065
1485066
1485072
1485075
1485086
1485093
1485096
1485107
1485109
1485111
1485120
1485133
1485140
1485172
1485178
1485184
1485200
1485202
1485221
1485234
1485238
1485241
1485250
1485266
1485281
1485294
1485321
1485336
1485357
1485362
1485365
1485366
1485367
1485368
1485369
1485371
1485382
1485384
1485391
1485399
1485410
1485412
1485414
1485418
1485425
1485429
1485431
1485438
1485461
1485475
1485476
1485497
1485500
1485503
1485509
1485527
1485530
1485536
1485542
1485545
1485553
1485561
1485569
1485571
1485572
1485574
1485596
1485616
1485626
1485663
1485683
1485690
1485704
1485735
1485739
1485743
1485750
1485759
1485765
1485768
1485772
1485779
1485802
1485808
1485818
1485828
1485830
1485839
1485851
1485860
1485865
1485874
1485877
1485895
1485915
1485927
1485939
1485951
1485957
1485962
1485976
1485985
1485992
1485994
1486003
1486006
1486007
1486012
1486024
1486040
1486054
1486055
1486056
1486064
1486066
1486070
1486073
1486079
1486085
1486127
1486130
1486133
1486138
1486147
1486149
1486151
1486159
1486165
1486166
1486170
1486172
1486173
1486187
1486199
1486214
1486224
1486225
1486228
1486230
1486234
1486240
1486250
1486257
1486259
1486270
1486278
1486283
1486292
1486308
1486334
1486336
1486345
1486355
1486366
1486372
1486385
1486389
1486393
1486395
1486402
1486409
1486433
1486448
1486454
1486469
1486471
1486492
1486505
1486526
1486529
1486551
1486562
1486590
1486594
1486605
1486619
1486621
1486624
1486626
1486627
1486629
1486642
1486648
1486681
1486689
1486693
1486702
1486705
1486708
1486719
1486721
1486726
1486741
1486776
1486777
1486790
1486797
1486799
1486809
1486816
1486818
1486822
1486825
1486841
1486848
1486860
1486866
1486867
1486874
1486879
1486884
1486904
1486905
1486913
1486929
1486933
1486946
1486957
1486963
1486978
1486988
1486991
1486992
1486995
1487002
1487014
1487029
1487031
1487035
1487044
1487061
1487063
1487075
1487081
1487090
1487098
1487100
1487104
1487120
1487126
1487128
1487153
1487165
1487176
1487180
1487197
1487206
1487208
1487217
1487225
1487227
1487228
1487233
1487244
1487247
1487251
1487258
1487260
1487264
1487265
1487270
1487277
1487299
1487312
1487317
1487330
1487354
1487396
1487406
1487413
1487417
1487420
1487423
1487430
1487449
1487456
1487460
1487461
1487464
1487480
1487481
1487504
1487514
1487517
1487521
1487535
1487546
1487576
1487578
1487580
1487586
1487590
1487601
1487602
1487607
1487646
1487647
1487650
1487655
1487665
1487678
1487684
1487691
1487711
1487714
1487723
1487737
1487743
1487761
1487766
1487773
1487774
1487795
1487796
1487832
1487834
1487837
1487844
1487845
1487858
1487864
1487870
1487872
1487873
1487876
1487877
1487881
1487891
1487898
1487906
1487908
1487914
1487920
1487925
1487929
1487932
1487946
1487949
1487954
1487964
1487965
1487969
1487983
1487991
1487996
1488000
1488004
1488009
1488010
1488020
1488027
1488034
1488035
1488036
1488045
1488055
1488058
1488071
1488077
1488084
1488097
1488100
1488102
1488104
1488113
1488121
1488154
1488156
1488162
1488170
1488183
1488192
1488193
1488201
1488207
1488211
1488222
1488230
1488240
1488251
1488265
1488273
1488281
1488282
1488294
1488304
1488309
1488317
1488318
1488325
1488327
1488348
1488355
1488356
1488367
1488371
1488372
1488384
1488389
1488400
1488414
1488415
1488426
1488440
1488447
1488452
1488454
1488483
1488485
1488488
1488493
1488501
1488533
1488536
1488539
1488544
1488554
1488561
1488565
1488567
1488590
1488630
1488649
1488651
1488654
1488660
1488664
1488691
1488697
1488701
1488702
1488714
1488717
1488718
1488731
1488745
1488746
1488764
1488775
1488783
1488784
1488785
1488793
1488804
1488805
1488817
1488819
1488825
1488833
1488834
1488835
1488838
1488844
1488845
1488848
1488851
1488866
1488869
1488878
1488884
1488885
1488887
1488900
1488903
1488905
1488908
1488914
1488921
1488927
1488953
1488955
1488991
1488994
1488995
1489000
1489006
1489009
1489023
1489029
1489045
1489048
1489052
1489056
1489060
1489061
1489062
1489071
1489072
1489076
1489078
1489094
1489100
1489112
1489129
1489141
1489153
1489163
1489165
1489168
1489184
1489187
1489205
1489210
1489212
1489224
1489225
1489233
1489258
1489305
1489306
1489307
1489311
1489313
1489314
1489326
1489337
1489339
1489343
1489354
1489356
1489369
1489376
1489394
1489402
1489413
1489423
1489424
1489447
1489462
1489465
1489476
1489487
1489490
1489510
1489516
1489520
1489529
1489532
1489533
1489536
1489537
1489541
1489543
1489547
1489558
1489563
1489565
1489570
1489574
1489576
1489582
1489583
1489588
1489591
1489597
1489614
1489615
1489629
1489631
1489636
1489640
1489648
1489649
1489657
1489662
1489673
1489676
1489692
1489713
1489719
1489723
1489728
1489732
1489736
1489737
1489738
1489748
1489757
1489765
1489771
1489774
1489782
1489783
1489789
1489796
1489812
1489813
1489825
1489827
1489834
1489851
1489853
1489855
1489869
1489877
1489880
1489888
1489891
1489896
1489898
1489911
1489916
1489931
1489932
1489953
1489969
1489975
1489986
1489999
1490000
1490001
1490002
1490003
1490005
1490014
1490033
1490035
1490042
1490043
1490044
1490046
1490048
1490051
1490066
1490067
1490072
1490074
1490085
1490089
1490090
1490092
1490105
1490108
1490113
1490120
1490122
1490128
1490138
1490158
1490159
1490161
1490166
1490170
1490171
1490174
1490187
1490219
1490223
1490224
1490227
1490230
1490232
1490246
1490250
1490260
1490263
1490266
1490267
1490268
1490275
1490285
1490286
1490287
1490292
1490294
1490300
1490310
1490328
1490331
1490336
1490336
1490341
1490342
1490347
1490348
1490354
1490363
1490371
1490376
1490381
1490384
1490386
1490390
1490391
1490400
1490414
1490415
1490421
1490427
1490431
1490441
1490443
1490448
1490466
1490470
1490477
1490482
1490493
1490498
1490507
1490510
1490515
1490516
1490518
1490531
1490532
1490536
1490547
1490549
1490558
1490574
1490577
1490579
1490580
1490585
1490588
1490589
1490593
1490602
1490606
1490627
1490629
1490662
1490663
1490666
1490667
1490676
1490680
1490684
1490698
1490705
1490717
1490719
1490720
1490731
1490735
1490740
1490742
1490769
1490778
1490782
1490795
1490815
1490827
1490841
1490845
1490853
1490857
1490859
1490863
1490864
1490878
1490879
1490887
1490898
1490902
1490907
1490909
1490928
1490933
1490937
1490954
1490956
1490969
1490970
1490972
1490973
1490974
1490987
1490993
1490995
1490996
1491006
1491008
1491010
1491011
1491015
1491018
1491024
1491027
1491028
1491037
1491038
1491044
1491048
1491049
1491054
1491063
1491064
1491067
1491089
1491090
1491104
1491105
1491123
1491126
1491137
1491139
1491140
1491147
1491149
1491151
1491164
1491176
1491185
1491196
1491200
1491202
1491204
1491205
1491206
1491208
1491210
1491214
1491226
1491231
1491238
1491241
1491247
1491249
1491251
1491254
1491267
1491276
1491281
1491288
1491289
1491295
1491306
1491309
1491310
1491311
1491312
1491315
1491331
1491338
1491340
1491346
1491351
1491358
1491359
1491368
1491372
1491393
1491400
1491402
1491408
1491414
1491423
1491428
1491430
1491435
1491442
1491450
1491457
1491472
1491476
1491477
1491480
1491482
1491493
1491498
1491505
1491511
1491519
1491523
1491525
1491546
1491557
1491560
1491563
1491589
1491597
1491609
1491615
1491624
1491629
1491632
1491633
1491640
1491671
1491672
1491675
1491679
1491684
1491693
1491714
1491720
1491728
1491729
1491730
1491748
1491761
1491768
1491770
1491777
1491781
1491786
1491799
1491804
1491806
1491808
1491812
1491818
1491821
1491827
1491831
1491835
1491839
1491842
1491845
1491847
1491849
1491850
1491851
1491856
1491858
1491866
1491869
1491870
1491872
1491874
1491877
1491895
1491899
1491918
1491919
1491921
1491925
1491937
1491945
1491950
1491956
1491957
1491966
1491973
1491973
1491977
1491984
1491990
1491992
1492000
1492006
1492016
1492021
1492023
1492025
1492026
1492031
1492039
1492055
1492058
1492064
1492068
1492076
1492083
1492086
1492090
1492096
1492116
1492123
1492126
1492139
1492148
1492151
1492162
1492172
1492173
1492180
1492181
1492186
1492187
1492191
1492197
1492208
1492213
1492217
1492221
1492224
1492232
1492233
1492241
1492243
1492246
1492248
1492250
1492256
1492262
1492271
1492272
1492284
1492288
1492298
1492303
1492310
1492317
1492318
1492320
1492327
1492333
1492339
1492350
1492355
1492357
1492360
1492374
1492381
1492387
1492396
1492401
1492414
1492415
1492416
1492430
1492442
1492460
1492471
1492472
1492476
1492480
1492485
1492488
1492494
1492496
1492498
1492500
1492512
1492521
1492528
1492534
1492536
1492537
1492539
1492547
1492559
1492581
1492584
1492587
1492597
1492598
1492612
1492628
1492635
1492637
1492648
1492652
1492653
1492662
1492673
1492679
1492706
1492716
1492719
1492723
1492729
1492735
1492749
1492752
1492753
1492758
1492759
1492762
1492765
1492767
1492768
1492791
1492792
1492800
1492817
1492821
1492840
1492842
1492849
1492854
1492856
1492859
1492860
1492867
1492868
1492874
1492883
1492885
1492889
1492899
1492917
1492931
1492938
1492942
1492952
1492956
1492957
1492959
1492966
1492973
1492977
1492981
1492983
1492988
1492991
1492995
1492996
1493001
1493020
1493026
1493042
1493044
1493046
1493050
1493054
1493055
1493057
1493058
1493069
1493075
1493082
1493090
1493093
1493097
1493100
1493101
1493111
1493117
1493118
1493122
1493125
1493130
1493137
1493140
1493141
1493142
1493149
1493155
1493157
1493158
1493164
1493181
1493183
1493186
1493193
1493196
1493197
1493198
1493206
1493210
1493219
1493223
1493230
1493242
1493244
1493251
1493253
1493267
1493268
1493270
1493274
1493278
1493282
1493298
1493320
1493322
1493335
1493342
1493343
1493351
1493356
1493357
1493370
1493391
1493406
1493412
1493416
1493419
1493421
1493431
1493432
1493443
1493444
1493447
1493451
1493452
1493453
1493464
1493474
1493481
1493499
1493511
1493514
1493516
1493520
1493523
1493529
1493531
1493535
1493547
1493549
1493558
1493567
1493570
1493577
1493583
1493584
1493590
1493596
1493604
1493607
1493613
1493614
1493619
1493625
1493634
1493635
1493672
1493684
1493685
1493686
1493693
1493704
1493706
1493711
1493714
1493719
1493720
1493733
1493759
1493776
1493777
1493781
1493789
1493801
1493806
1493813
1493818
1493820
1493836
1493851
1493855
1493866
1493875
1493883
1493885
1493887
1493893
1493894
1493910
1493918
1493929
1493934
1493946
1493952
1493959
1493960
1493962
1493969
1493983
1493992
1493995
1493999
1494006
1494007
1494014
1494030
1494034
1494035
1494040
1494050
1494053
1494063
1494069
1494073
1494080
1494085
1494089
1494094
1494096
1494102
1494104
1494105
1494107
1494119
1494124
1494128
1494134
1494156
1494157
1494159
1494160
1494161
1494168
1494172
1494173
1494183
1494189
1494190
1494199
1494200
1494209
1494221
1494224
1494225
1494226
1494229
1494231
1494235
1494236
1494238
1494242
1494243
1494258
1494264
1494269
1494279
1494281
1494287
1494288
1494303
1494313
1494320
1494328
1494329
1494331
1494334
1494346
1494350
1494355
1494372
1494373
1494399
1494402
1494405
1494408
1494432
1494436
1494446
1494450
1494451
1494455
1494456
1494475
1494480
1494490
1494494
1494496
1494498
1494509
1494524
1494534
1494535
1494544
1494550
1494553
1494560
1494567
1494572
1494578
1494580
1494581
1494582
1494584
1494585
1494596
1494609
1494611
1494635
1494639
1494644
1494703
1494708
1494709
1494712
1494715
1494719
1494720
1494728
1494734
1494742
1494759
1494760
1494762
1494764
1494766
1494770
1494774
1494786
1494794
1494795
1494797
1494802
1494805
1494806
1494810
1494826
1494827
1494832
1494840
1494841
1494842
1494846
1494847
1494852
1494860
1494861
1494864
1494867
1494868
1494875
1494876
1494881
1494888
1494889
1494892
1494894
1494895
1494897
1494911
1494916
1494918
1494921
1494933
1494939
1494940
1494946
1494961
1494967
1494968
1494971
1494972
1494985
1494991
1494998
1495002
1495008
1495009
1495014
1495015
1495016
1495019
1495021
1495022
1495024
1495028
1495042
1495053
1495062
1495071
1495078
1495081
1495082
1495085
1495094
1495095
1495097
1495106
1495111
1495115
1495123
1495124
1495126
1495127
1495137
1495142
1495150
1495151
1495155
1495174
1495183
1495193
1495195
1495205
1495227
1495229
1495247
1495252
1495260
1495268
1495275
1495277
1495287
1495297
1495302
1495329
1495333
1495335
1495344
1495350
1495354
1495360
1495362
1495365
1495372
1495375
1495377
1495386
1495393
1495397
1495413
1495429
1495434
1495436
1495446
1495451
1495453
1495458
1495460
1495477
1495484
1495487
1495490
1495491
1495494
1495495
1495498
1495512
1495513
1495521
1495545
1495551
1495558
1495564
1495565
1495567
1495572
1495575
1495578
1495590
1495592
1495602
1495604
1495605
1495617
1495620
1495622
1495624
1495630
1495643
1495650
1495652
1495653
1495662
1495669
1495675
1495687
1495688
1495694
1495698
1495700
1495701
1495703
1495707
1495715
1495721
1495722
1495743
1495745
1495763
1495765
1495767
1495770
1495773
1495775
1495781
1495783
1495793
1495794
1495796
1495798
1495801
1495807
1495812
1495813
1495820
1495823
1495825
1495826
1495831
1495845
1495847
1495849
1495850
1495852
1495856
1495880
1495890
1495895
1495900
1495905
1495913
1495915
1495917
1495919
1495920
1495923
1495930
1495933
1495954
1495966
1495971
1495973
1495998
1496002
1496004
1496025
1496028
1496033
1496039
1496055
1496056
1496062
1496070
1496077
1496086
1496088
1496092
1496104
1496112
1496115
1496124
1496128
1496136
1496143
1496144
1496145
1496146
1496151
1496159
1496161
1496163
1496169
1496178
1496190
1496195
1496196
1496197
1496198
1496205
1496216
1496233
1496250
1496251
1496254
1496263
1496272
1496274
1496275
1496279
1496289
1496292
1496293
1496295
1496296
1496297
1496307
1496308
1496334
1496337
1496351
1496353
1496355
1496356
1496357
1496361
1496366
1496381
1496383
1496387
1496396
1496405
1496415
1496417
1496421
1496424
1496448
1496463
1496472
1496478
1496479
1496493
1496495
1496497
1496502
1496514
1496516
1496521
1496524
1496534
1496539
1496560
1496563
1496569
1496570
1496577
1496582
1496583
1496585
1496586
1496593
1496599
1496609
1496619
1496622
1496630
1496632
1496642
1496644
1496650
1496664
1496665
1496672
1496683
1496687
1496697
1496700
1496704
1496722
1496726
1496727
1496729
1496735
1496741
1496758
1496768
1496769
1496780
1496790
1496798
1496801
1496807
1496810
1496811
1496812
1496813
1496815
1496816
1496818
1496822
1496826
1496829
1496830
1496836
1496846
1496849
1496854
1496858
1496859
1496867
1496881
1496888
1496892
1496903
1496910
1496920
1496921
1496923
1496926
1496927
1496930
1496931
1496933
1496937
1496941
1496945
1496967
1496973
1496977
1496986
1496998
1497003
1497004
1497009
1497025
1497030
1497034
1497037
1497041
1497057
1497063
1497066
1497068
1497069
1497076
1497083
1497088
1497097
1497100
1497108
1497109
1497117
1497129
1497130
1497134
1497136
1497139
1497140
1497144
1497145
1497147
1497156
1497166
1497173
1497178
1497179
1497180
1497189
1497200
1497209
1497221
1497225
1497229
1497234
1497241
1497244
1497253
1497262
1497269
1497271
1497278
1497280
1497281
1497282
1497289
1497293
1497303
1497311
1497318
1497326
1497328
1497332
1497341
1497349
1497354
1497356
1497374
1497384
1497390
1497395
1497396
1497419
1497420
1497429
1497439
1497444
1497445
1497446
1497448
1497453
1497464
1497471
1497488
1497492
1497493
1497506
1497510
1497517
1497520
1497533
1497534
1497535
1497537
1497543
1497548
1497555
1497559
1497561
1497563
1497565
1497566
1497579
1497581
1497582
1497583
1497586
1497588
1497604
1497605
1497609
1497613
1497618
1497620
1497628
1497631
1497632
1497635
1497656
1497659
1497662
1497667
1497671
1497676
1497677
1497680
1497683
1497696
1497701
1497707
1497715
1497720
1497728
1497729
1497736
1497738
1497750
1497755
1497757
1497764
1497770
1497778
1497784
1497814
1497815
1497824
1497827
1497830
1497833
1497843
1497844
1497855
1497859
1497872
1497877
1497881
1497887
1497892
1497903
1497910
1497925
1497938
1497947
1497957
1497958
1497965
1497969
1497982
1497988
1497997
1497999
1498000
1498001
1498003
1498009
1498014
1498035
1498047
1498057
1498067
1498069
1498070
1498077
1498080
1498086
1498099
1498109
1498116
1498122
1498123
1498129
1498130
1498137
1498142
1498143
1498148
1498150
1498161
1498165
1498174
1498177
1498180
1498182
1498184
1498200
1498204
1498215
1498219
1498225
1498234
1498251
1498264
1498268
1498276
1498282
1498284
1498286
1498300
1498301
1498309
1498320
1498321
1498333
1498338
1498342
1498344
1498357
1498363
1498368
1498380
1498381
1498384
1498390
1498393
1498401
1498410
1498411
1498417
1498421
1498424
1498425
1498430
1498433
1498435
1498441
1498442
1498451
1498455
1498457
1498469
1498474
1498478
1498480
1498481
1498505
1498526
1498531
1498550
1498552
1498556
1498562
1498568
1498575
1498578
1498619
1498629
1498632
1498634
1498635
1498636
1498650
1498652
1498661
1498674
1498679
1498685
1498690
1498693
1498694
1498696
1498702
1498703
1498712
1498724
1498730
1498731
1498734
1498735
1498738
1498743
1498752
1498757
1498761
1498765
1498766
1498769
1498777
1498783
1498793
1498803
1498809
1498810
1498811
1498815
1498858
1498868
1498869
1498874
1498877
1498891
1498894
1498897
1498906
1498910
1498912
1498918
1498924
1498927
1498943
1498957
1498959
1498965
1498968
1498969
1498970
1498974
1498991
1498998
1499005
1499014
1499029
1499031
1499034
1499047
1499056
1499087
1499088
1499089
1499090
1499098
1499102
1499106
1499123
1499138
1499170
1499171
1499175
1499178
1499179
1499181
1499182
1499197
1499198
1499202
1499212
1499215
1499216
1499219
1499226
1499234
1499236
1499246
1499249
1499251
1499274
1499286
1499294
1499298
1499302
1499308
1499311
1499313
1499314
1499318
1499319
1499320
1499327
1499330
1499337
1499340
1499358
1499365
1499368
1499370
1499375
1499376
1499379
1499381
1499400
1499406
1499409
1499415
1499422
1499426
1499430
1499433
1499443
1499444
1499448
1499461
1499463
1499464
1499465
1499486
1499511
1499517
1499520
1499521
1499527
1499532
1499537
1499539
1499543
1499567
1499579
1499582
1499585
1499587
1499588
1499589
1499603
1499607
1499620
1499632
1499633
1499634
1499637
1499642
1499646
1499647
1499654
1499657
1499661
1499665
1499689
1499695
1499718
1499728
1499730
1499734
1499741
1499744
1499755
1499756
1499759
1499760
1499776
1499779
1499789
1499792
1499794
1499796
1499797
1499803
1499806
1499807
1499811
1499817
1499818
1499847
1499848
1499849
1499853
1499862
1499872
1499874
1499876
1499888
1499892
1499893
1499900
1499901
1499905
1499909
1499912
1499932
1499941
1499943
1499954
1499960
1499966
1499988
1499991
1500010
1500014
1500019
1500025
1500026
1500030
1500038
1500050
1500057
1500061
1500064
1500066
1500070
1500071
1500078
1500105
1500107
1500111
1500125
1500131
1500132
1500136
1500140
1500156
1500160
1500165
1500167
1500168
1500171
1500172
1500174
1500179
1500190
1500193
1500213
1500214
1500232
1500234
1500236
1500242
1500246
1500254
1500257
1500269
1500273
1500278
1500283
1500284
1500285
1500287
1500290
1500300
1500303
1500314
1500316
1500320
1500329
1500339
1500345
1500346
1500351
1500362
1500366
1500367
1500377
1500388
1500389
1500390
1500405
1500413
1500415
1500419
1500428
1500438
1500441
1500446
1500448
1500454
1500458
1500461
1500462
1500483
1500512
1500527
1500537
1500538
1500547
1500551
1500567
1500571
1500578
1500581
1500582
1500592
1500596
1500600
1500607
1500620
1500628
1500642
1500646
1500653
1500655
1500659
1500681
1500693
1500702
1500707
1500710
1500712
1500728
1500735
1500738
1500758
1500764
1500771
1500777
1500784
1500792
1500793
1500795
1500805
1500808
1500811
1500822
1500825
1500827
1500839
1500855
1500858
1500866
1500870
1500874
1500877
1500882
1500893
1500899
1500912
1500920
1500923
1500931
1500934
1500943
1500963
1500965
1500970
1500973
1500982
1500984
1500986
1501001
1501009
1501013
1501015
1501019
1501026
1501031
1501033
1501045
1501050
1501061
1501063
1501064
1501070
1501078
1501084
1501090
1501093
1501102
1501104
1501131
1501134
1501145
1501146
1501150
1501154
1501159
1501164
1501183
1501189
1501199
1501200
1501213
1501214
1501219
1501220
1501225
1501229
1501233
1501259
1501265
1501268
1501270
1501271
1501276
1501291
1501311
1501312
1501318
1501324
1501352
1501359
1501361
1501369
1501373
1501379
1501389
1501403
1501408
1501427
1501433
1501436
1501451
1501455
1501460
1501471
1501472
1501475
1501480
1501498
1501499
1501507
1501512
1501513
1501519
1501525
1501528
1501532
1501538
1501540
1501553
1501558
1501577
1501578
1501580
1501581
1501599
1501607
1501626
1501629
1501630
1501632
1501658
1501659
1501661
1501665
1501685
1501692
1501695
1501700
1501711
1501728
1501740
1501744
1501746
1501752
1501756
1501765
1501768
1501775
1501787
1501802
1501810
1501816
1501821
1501823
1501829
1501836
1501845
1501858
1501859
1501875
1501876
1501878
1501893
1501895
1501915
1501921
1501933
1501942
1501946
1501971
1501983
1502029
1502034
1502038
1502044
1502051
1502054
1502059
1502089
1502095
1502100
1502103
1502105
1502111
1502116
1502119
1502120
1502128
1502139
1502141
1502142
1502146
1502147
1502153
1502181
1502183
1502186
1502195
1502198
1502200
1502202
1502213
1502218
1502241
1502247
1502257
1502292
1502295
1502306
1502309
1502321
1502324
1502328
1502330
1502338
1502340
1502355
1502363
1502382
1502420
1502423
1502427
1502431
1502444
1502447
1502460
1502464
1502473
1502477
1502488
1502493
1502504
1502522
1502526
1502537
1502545
1502549
1502551
1502561
1502566
1502568
1502581
1502587
1502590
1502596
1502597
1502612
1502623
1502626
1502627
1502635
1502643
1502652
1502658
1502662
1502695
1502697
1502701
1502702
1502713
1502715
1502718
1502730
1502740
1502746
1502748
1502755
1502773
1502775
1502778
1502789
1502792
1502797
1502836
1502843
1502845
1502855
1502857
1502858
1502884
1502900
1502920
1502945
1502952
1502958
1502972
1502973
1502981
1502987
1502993
1502999
1503000
1503019
1503022
1503034
1503055
1503064
1503089
1503099
1503110
1503118
1503119
1503133
1503154
1503156
1503168
1503172
1503173
1503180
1503184
1503186
1503187
1503189
1503205
1503213
1503223
1503237
1503247
1503249
1503257
1503268
1503270
1503285
1503295
1503299
1503320
1503336
1503341
1503342
1503353
1503358
1503359
1503369
1503374
1503383
1503391
1503396
1503412
1503416
1503425
1503462
1503465
1503472
1503473
1503476
1503482
1503489
1503496
1503497
1503509
1503515
1503518
1503527
1503540
1503583
1503584
1503604
1503611
1503613
1503622
1503624
1503635
1503639
1503648
1503655
1503659
1503669
1503675
1503676
1503678
1503680
1503684
1503689
1503711
1503713
1503729
1503733
1503739
1503741
1503754
1503756
1503769
1503772
1503773
1503783
1503786
1503791
1503794
1503805
1503808
1503828
1503840
1503862
1503881
1503885
1503888
1503890
1503894
1503900
1503911
1503912
1503913
1503935
1503940
1503942
1503958
1503964
1503969
1503990
1503992
1504009
1504012
1504034
1504040
1504042
1504045
1504074
1504075
1504085
1504092
1504104
1504107
1504111
1504118
1504128
1504136
1504139
1504145
1504154
1504155
1504171
1504180
1504186
1504187
1504201
1504214
1504229
1504265
1504279
1504281
1504282
1504286
1504291
1504293
1504300
1504302
1504338
1504354
1504364
1504368
1504388
1504389
1504390
1504399
1504407
1504423
1504425
1504446
1504459
1504472
1504477
1504478
1504483
1504485
1504506
1504510
1504532
1504546
1504565
1504575
1504587
1504592
1504601
1504608
1504622
1504630
1504648
1504652
1504654
1504663
1504668
1504673
1504675
1504712
1504724
1504742
1504748
1504755
1504768
1504772
1504801
1504812
1504813
1504849
1504879
1504883
1504887
1504896
1504903
1504905
1504913
1504923
1504929
1504933
1504936
1504946
1504990
1504995
1504999
1505012
1505019
1505048
1505058
1505059
1505063
1505095
1505116
1505120
1505128
1505135
1505165
1505196
1505203
1505232
1505237
1505247
1505255
1505257
1505258
1505265
1505285
1505288
1505290
1505292
1505308
1505311
1505318
1505325
1505327
1505328
1505336
1505354
1505358
1505377
1505381
1505383
1505395
1505399
1505413
1505421
1505426
1505427
1505432
1505439
1505453
1505460
1505462
1505477
1505481
1505484
1505485
1505499
1505502
1505505
1505510
1505516
1505524
1505560
1505567
1505582
1505586
1505592
1505599
1505603
1505607
1505613
1505617
1505622
1505627
1505628
1505647
1505653
1505658
1505659
1505672
1505683
1505696
1505697
1505716
1505720
1505750
1505771
1505783
1505819
1505824
1505844
1505847
1505853
1505856
1505858
1505869
1505875
1505877
1505908
1505911
1505917
1505927
1505931
1505933
1505954
1505958
1505960
1505978
1505980
1505990
1505994
1506019
1506031
1506041
1506046
1506052
1506061
1506069
1506073
1506076
1506120
1506123
1506142
1506161
1506215
1506225
1506232
1506234
1506251
1506259
1506266
1506276
1506284
1506290
1506308
1506325
1506335
1506340
1506344
1506348
1506350
1506362
1506391
1506393
1506394
1506398
1506409
1506418
1506440
1506443
1506476
1506490
1506493
1506499
1506522
1506532
1506541
1506558
1506566
1506575
1506586
1506608
1506609
1506614
1506616
1506623
1506625
1506653
1506664
1506679
1506706
1506708
1506717
1506726
1506738
1506752
1506797
1506809
1506811
1506815
1506829
1506843
1506854
1506868
1506883
1506888
1506906
1506936
1506946
1506968
1506975
1506979
1506983
1507013
1507021
1507037
1507039
1507045
1507063
1507071
1507085
1507089
1507102
1507108
1507113
1507118
1507120
1507136
1507139
1507145
1507155
1507164
1507167
1507175
1507177
1507194
1507195
1507222
1507233
1507246
1507254
1507266
1507269
1507270
1507272
1507279
1507280
1507293
1507317
1507327
1507328
1507335
1507338
1507361
1507366
1507368
1507373
1507401
1507406
1507412
1507420
1507421
1507429
1507434
1507438
1507450
1507487
1507498
1507525
1507534
1507619
1507622
1507624
1507630
1507641
1507644
1507657
1507660
1507677
1507712
1507726
1507736
1507742
1507761
1507766
1507795
1507819
1507822
1507830
1507831
1507832
1507833
1507855
1507862
1507867
1507882
1507904
1507908
1507918
1507920
1507931
1507938
1507940
1507955
1507999
1508001
1508002
1508008
1508018
1508020
1508047
1508048
1508051
1508058
1508059
1508096
1508100
1508110
1508147
1508162
1508174
1508178
1508187
1508194
1508201
1508204
1508212
1508215
1508216
1508223
1508235
1508255
1508267
1508294
1508307
1508313
1508317
1508386
1508413
1508417
1508418
1508424
1508426
1508432
1508441
1508448
1508481
1508486
1508511
1508512
1508516
1508521
1508546
1508552
1508553
1508556
1508573
1508588
1508628
1508629
1508632
1508644
1508659
1508688
1508740
1508757
1508766
1508771
1508783
1508792
1508844
1508862
1508863
1508873
1508880
1508884
1508891
1508898
1508899
1508910
1508945
1508949
1508953
1508978
1509020
1509024
1509058
1509073
1509075
1509084
1509086
1509098
1509108
1509131
1509175
1509184
1509185
1509189
1509225
1509228
1509233
1509238
1509259
1509285
1509302
1509329
1509349
1509377
1509380
1509385
1509391
1509397
1509407
1509435
1509438
1509466
1509487
1509492
1509525
1509545
1509548
1509620
1509645
1509677
1509693
1509701
1509730
1509738
1509742
1509763
1509768
1509793
1509803
1509807
1509864
1509876
1509895
1509981
1509987
1509989
1509998
1510005
1510007
1510023
1510039
1510047
1510052
1510089
1510131
1510150
1510186
1510199
1510206
1510219
1510259
1510265
1510281
1510285
1510292
1510301
1510309
1510327
1510341
1510344
1510362
1510368
1510388
1510390
1510404
1510413
1510419
1510433
1510439
1510452
1510460
1510482
1510490
1510529
1510585
1510586
1510630
1510641
1510656
1510668
1510691
1510700
1510727
1510728
1510750
1510752
1510763
1510811
1510840
1510859
1510901
1510905
1510958
1510960
1510963
1510976
1510999
1511030
1511042
1511072
1511081
1511099
1511102
1511148
1511170
1511178
1511190
1511191
1511217
1511222
1511274
1511294
1511306
1511321
1511343
1511350
1511373
1511421
1511439
1511457
1511476
1511482
1511492
1511535
1511536
1511545
1511595
1511599
1511600
1511609
1511659
1511685
1511701
1511709
1511770
1511776
1511784
1511817
1511859
1511883
1511884
1511900
1511930
1511996
1512082
1512090
1512106
1512125
1512150
1512164
1512189
1512190
1512208
1512228
1512232
1512239
1512255
1512313
1512384
1512391
1512425
1512446
1512526
1512560
1512573
1512598
1512652
1512663
1512690
1512717
1512719
1512747
1512774
1512804
1512821
1512884
1512934
1512938
1513029
1513045
1513070
1513088
1513134
1513140
1513163
1513166
1513178
1513226
1513250
1513273
1513294
1513310
1513324
1513344
1513352
1513371
1513388
1513432
1513497
1513581
1513582
1513587
1513599
1513628
1513668
1513713
1513734
1513747
1513749
1513791
1513847
1513864
1513872
1513893
1513936
1513994
1514044
1514080
1514088
1514109
1514114
1514153
1514196
1514222
1514223
1514275
1514284
1514296
1514317
1514335
1514353
1514378
1514400
1514420
1514427
1514432
1514451
1514460
1514469
1514575
1514608
1514645
1514705
1514710
1514721
1514728
1514762
1514846
1514886
1514899
1514925
1514952
1514962
1514983
1515018
1515029
1515084
1515105
1515136
1515143
1515197
1515209
1515250
1515255
1515281
1515282
1515324
1515367
1515383
1515390
1515433
1515447
1515559
1515563
1515589
1515624
1515658
1515666
1515693
1515694
1515711
1515752
1515893
1515960
1515978
1515996
1516027
1516139
1516173
1516181
1516216
1516220
1516289
1516318
1516342
1516354
1516386
1516411
1516412
1516424
1516455
1516475
1516566
1516667
1516687
1516770
1516779
1516822
1516873
1516879
1516883
1516913
1516919
1516958
1516987
1517028
1517040
1517048
1517095
1517129
1517145
1517192
1517348
1517356
1517368
1517414
1517430
1517503
1517516
1517563
1517637
1517643
1517706
1517795
1517876
1517917
1517960
1518052
1518053
1518054
1518058
1518129
1518193
1518235
1518241
1518244
1518318
1518341
1518393
1518487
1518649
1518697
1518726
1518853
1519028
1519052
1519054
1519114
1519239
1519356
1519495
1519522
1519567
1519606
1519664
1519702
1519795
1519832
1519867
1519906
1519921
1519950
1519992
1520090
1520264
1520275
1520295
1520296
1520352
1520487
1520615
1520696
1520950
1521056
1521108
1521252
1521303
1521325
1521465
1521503
1521589
1521633
1521671
1522162
1522529
1522544
1522699
1522845
1522890
1523097
1523356
1523418
1523912
1524071
1524356
1524400
1524577
1524910
1525070
1525380
1525676
1526840
1527057
1527589
1528297
1528909
1529150
1530250
1530577
1531698
1532324
1533661
1535104
