55190
241402
519233
551288
967275
800441
812026
704168
845415
199434
8956
499008
490746
948689
789806
39835
289346
277913
516609
150729
587430
379358
327404
645735
450837
469764
487694
646961
22788
874928
238411
577396
409531
90807
207216
55475
129819
225171
935157
812697
988239
288133
598562
919369
913667
49120
419972
208338
514750
278314
63370
595763
126248
686408
412267
669442
863873
229586
792012
752599
815300
27565
92037
930442
13732
960704
411278
360503
788572
987582
899985
528639
167733
659419
992565
457212
260108
868125
345503
342832
666217
839861
789451
130889
494383
114990
615676
310276
983154
192839
800347
889397
767515
728711
262555
246230
41811
535893
547656
203759
805294
206735
246834
965783
250110
160822
428749
372860
754257
388968
36574
10251
459011
350611
926612
942369
449768
378652
873037
533497
642599
696020
626571
901553
480366
751117
755949
258313
541965
987081
758710
653555
579617
745277
786582
150759
921341
436448
282320
155282
193581
357889
84835
384465
222892
746401
270397
327723
451343
460429
487378
574542
78093
306821
81714
543911
957632
666656
669905
73816
526338
827813
780813
188422
307864
703563
439872
634725
267597
394057
60772
604789
203071
778262
628138
526021
967169
364768
775917
888496
774688
372043
392811
610371
561559
404389
77952
963943
805038
840617
537532
905974
106814
761221
99785
486652
408485
356048
572333
624086
561994
795931
144287
561747
192570
865386
211875
726488
464526
911676
553353
848567
344495
595715
568515
817033
7324
467326
5385
952211
617650
65218
139471
962026
997226
22109
67310
770567
174712
491306
482882
890145
389543
644074
534685
608807
155108
149512
369297
793932
983076
271015
190853
265832
84046
617999
487320
80701
543437
207529
227688
253126
864744
414153
718191
304173
928173
36067
668273
499606
458190
836567
847864
538698
921161
24290
970635
549223
324826
357056
483770
912270
796583
832744
712118
204192
53832
729311
843487
187013
211088
778832
478786
615141
463897
410755
477128
387604
671113
80093
137264
953790
500565
559796
495478
924830
284667
844785
939938
558125
795744
20351
268673
74547
422339
389332
99498
800027
880132
462791
193515
542557
174000
141022
121025
985016
975132
582278
973408
702547
384715
240250
750438
370785
342357
51233
346007
546761
503887
694400
161686
452490
206164
337253
315231
796277
290574
535119
245396
315315
423752
944530
958208
399036
35823
777496
553953
214706
218874
90925
286297
875181
484590
948523
41660
994386
337694
422078
10712
642002
59868
639769
737254
683282
909068
414582
824593
351863
951298
947344
580239
60726
887287
973733
898968
402864
130570
382118
167740
709391
771899
174561
695319
278468
853170
414374
547687
950418
332843
236258
867034
414286
233623
658289
134700
702623
599538
366986
829995
710730
660081
114394
174272
917164
841915
888776
427422
135265
973667
16015
56670
468199
298810
320003
942734
246866
80088
748948
365664
414823
405855
879962
765647
197156
825129
905745
725859
218337
340917
78535
461942
662817
60406
758596
232806
689991
681408
26726
756093
235275
103913
822354
577890
332307
328337
562447
516736
634044
558467
474637
358124
106811
186785
248589
271397
859322
696084
776113
980648
668888
46992
138495
580920
661345
508436
572279
255571
205450
392091
609837
73214
35026
41821
973701
659839
210267
312560
434264
166494
374878
221615
804724
53896
523794
510253
240225
783919
874697
227019
416645
235971
106792
154774
807245
719990
747469
867489
781075
949868
368409
993354
784768
746186
539797
241364
295830
659133
309116
958238
599876
705701
212062
474387
665428
424823
203575
883660
842146
356735
922955
169383
575700
895199
735445
734588
31897
121566
684810
486649
84753
80563
189281
406687
308180
128625
7274
493967
811393
89711
597805
820452
862736
624173
400457
69882
595592
74784
16173
660830
429919
649964
148245
918549
443952
114730
845659
591057
863212
145669
909693
281145
840313
774566
452398
101151
284102
274098
261023
711865
364054
727853
106218
575161
119286
13111
536982
458124
403333
975873
659902
271710
809953
526470
342895
382992
945469
88856
107995
833864
506120
443171
156247
132809
163083
541288
406544
171619
329999
567546
4426
712916
227065
620329
498130
782090
741459
325787
2522
797826
116120
170191
312453
794875
626688
641136
129200
55533
238603
9008
951949
352041
396959
271540
670653
565858
176740
610254
756541
832602
824714
583383
573260
901028
564631
48872
29921
459376
142139
744105
650147
806898
547080
946903
240281
33760
515010
833645
980832
60900
613978
599445
115466
507839
125518
748053
650002
900027
90635
839043
931501
618723
541338
679514
541178
186290
94211
91230
177644
839499
591633
916891
134942
262153
609225
984416
210623
102873
72040
658219
627076
127660
969995
71026
620717
789266
651785
338148
804817
143496
604946
79535
647450
812789
109715
961357
955214
170736
434207
319628
75789
651620
982875
391665
67200
109945
831580
810135
818140
405878
765344
684476
374402
286292
996253
353083
902877
693772
150829
333383
579750
819542
30674
894725
505208
738357
605958
349714
536390
6041
162148
254916
442893
681574
514219
904900
800618
896920
683347
580645
145998
467909
331905
484421
709595
863498
813872
48663
872663
30918
779326
22393
948857
838085
877880
35462
227388
457749
871322
434645
771594
508509
979599
459062
634410
527775
584720
129468
73486
265944
583278
879393
76451
787395
528366
652343
334958
186396
107916
975470
9140
754253
396142
842248
410090
809280
290519
960358
123995
685254
180089
916482
859343
203802
455827
787346
60639
477851
828439
889019
669277
451208
36292
321402
716831
385018
971511
568056
396813
424897
243318
76932
136799
623182
469029
464439
460877
2255
753180
111896
380422
38970
790781
220726
799790
530539
273657
494966
963752
175661
432983
895113
813263
353542
445727
311688
828171
922382
464398
397904
787284
808161
102169
49111
888148
112022
46460
599909
542972
243560
901969
946747
278518
756232
201880
50843
940890
225125
953728
152349
671010
257737
669171
154549
12056
895202
246868
365623
914268
895473
366577
934383
981331
698317
590877
824296
282199
937019
320935
140269
338377
259824
406737
493999
584419
639544
218603
134982
90255
608676
747800
617624
12597
874229
811560
640550
985361
715798
535757
694203
115857
160766
487041
481982
661113
526218
568544
371816
392968
217911
738492
890567
731330
436854
24909
7442
599514
533562
129421
526644
699975
864704
823520
36989
912996
489869
579053
671355
581805
587670
807256
263232
247665
537817
460552
328034
794204
766983
29060
174652
903880
276212
961224
128163
924425
187419
927954
910499
200990
717092
240598
919523
388361
318863
506814
890460
603976
557551
509698
548451
12958
373953
432721
466938
891641
727204
176403
19908
91992
236969
976524
819815
800200
556487
246328
540256
570172
142053
452995
140695
478347
113934
113489
705737
450545
725242
772756
886084
230885
532383
205014
424421
877401
305335
652817
720127
470485
17634
495792
363792
361892
420949
910477
518555
710765
261191
878315
598665
228054
910938
175551
180516
916625
360584
168504
650353
585813
871359
64750
265730
880195
23962
836260
941356
865287
324770
36275
29811
302454
287727
185522
231840
64776
5491
258723
7665
346801
860176
800089
455622
453332
289136
353801
126295
658179
872775
913956
391753
536033
949626
559591
654451
262986
605574
305313
994676
156179
270359
185047
161088
268412
773041
492460
34778
260856
330970
792175
850325
964011
879983
647908
725776
810629
251285
436481
228575
299223
270462
324292
528016
82239
786301
961697
615571
619507
487900
877558
779174
814252
565281
262303
80750
767830
505758
914501
498236
842282
223602
191581
789993
681646
716735
338872
247225
496751
255408
615507
456770
334737
60121
431616
408459
10172
414803
751442
721644
531276
625389
825891
744282
693301
138948
706213
634521
627664
749200
195385
640315
278754
41513
937130
14383
544338
215937
724828
509262
633056
459453
353371
179093
33445
597607
619136
801458
729887
514265
400365
912067
120932
635454
383404
699302
743287
874163
126962
520122
628500
864884
184105
515773
339761
427173
837974
598407
601133
470692
617864
920988
463620
367792
522177
260451
806032
996810
917945
13820
78471
618946
138758
284113
778012
929466
774833
235637
87962
339594
452597
820741
919420
739289
116271
726852
938890
821634
594767
368396
145739
968349
654541
413392
673927
520542
717558
1166
391293
184369
657459
971562
990792
687093
415906
652588
939780
867513
213082
138737
867069
34051
686760
720447
78659
63724
748732
458746
693146
450216
556413
544070
486736
933823
577189
868358
649640
494266
114819
184177
897131
391993
693343
746769
494836
863324
79817
696432
749349
8399
606782
934606
67171
265991
601819
223555
344419
438995
717824
910176
550449
791721
339325
347985
32089
230404
359436
944696
585734
111616
680963
928680
234794
195684
128003
367639
562270
824291
22042
149933
549493
93528
640982
488344
919089
589532
759877
943273
589231
22162
365695
75180
828465
114200
854665
245287
948576
60446
321636
91170
758226
608263
594208
845204
675722
47873
331867
135707
208711
979149
573341
7188
954339
364740
786203
553955
873204
850526
795615
918398
184024
827886
796837
967282
507629
658842
755162
240431
114136
773655
934796
592361
17304
866343
606052
888093
907144
27534
927615
447551
307446
948221
736950
81065
69641
728144
901673
266652
318164
39117
905697
279982
147478
76899
548518
264664
318562
753207
874048
968472
229058
688273
1385
311614
671517
288914
568063
196205
777813
309697
319333
710877
116770
546997
24243
407524
473436
629308
871609
102595
466640
530737
454786
714358
178920
53861
779322
133807
987031
987814
104927
506224
761236
94197
638133
725979
884131
45846
465650
722563
925223
103342
764430
115213
241235
789536
420670
150997
212238
964257
459974
285041
801315
749480
75739
492912
789807
663358
455497
771262
67742
460638
763003
818719
47743
149780
186231
940719
142619
11347
13210
375124
824755
178296
617261
344507
615750
144459
757469
615294
639093
575016
364864
890589
727283
719123
850228
537306
159328
90612
132590
827103
530513
270230
947075
933499
678556
246094
480419
809400
205582
688220
329386
206804
967602
139496
972818
730576
744463
624107
599329
978030
240488
438605
305160
900419
801919
403535
607343
122277
410512
932023
141179
928328
465584
888427
126600
248459
496861
967437
576214
804130
291783
638592
614793
951757
924385
964583
322906
400916
495217
985970
143269
76740
714322
427086
193707
223670
960115
455442
172161
83871
882217
125970
951270
99771
834357
585461
52347
839470
365247
254479
413338
643370
33502
288066
431941
892525
341710
936453
420737
687048
18895
474716
118218
901002
178884
807267
18048
277761
116608
855708
615010
903760
707512
153015
914667
985525
454512
349106
807665
192678
590359
799387
991677
26154
310392
863721
915845
841993
805193
334239
882444
421985
853973
744647
49150
506125
147891
45000
423604
159894
909736
365984
337786
978612
397156
90772
212696
738260
392015
432266
378329
301487
790799
571781
870827
644869
735630
111314
667571
162248
455210
994896
145626
118382
645580
349137
128553
665969
587926
812717
407836
711903
519478
380313
306578
502355
156614
968158
941208
327254
926896
214222
441818
3539
4794
420326
805571
933828
604371
873852
893743
91793
834075
730410
569258
786906
747651
774771
942990
469997
184305
225065
31363
209754
8478
979225
983162
460861
22309
975265
959245
812808
617664
525942
696803
508098
840259
83967
746983
640577
659540
430107
357892
628367
93193
560594
445853
164536
649682
976123
706548
570835
270185
481003
199571
71365
378999
42810
317597
918667
182076
623593
78736
392367
904842
928702
211517
938807
539957
436419
822120
4068
333382
293272
509702
997192
835139
643261
228450
6255
553306
889527
806629
486449
193652
135977
593571
765148
873990
660489
324034
20967
389666
986888
131378
546445
244657
887128
863862
339211
268638
699752
403594
962278
43681
62821
737401
25458
333416
182188
425952
190843
73195
792165
621898
755117
435170
310960
513101
40970
473924
661092
333353
966861
279202
622165
61786
944139
230692
826533
132481
542368
508709
951847
168516
789336
144621
178346
707583
632417
557392
959332
283504
961622
836303
64982
377274
583445
703746
376570
211358
135867
223294
436910
815905
112189
619712
628828
732889
611298
142750
405119
219362
511666
165437
540469
769625
825636
135065
690444
155531
322905
978888
486294
47587
701957
255826
630777
749856
58997
883816
812470
369956
396869
319155
731712
243964
589027
452338
847671
946892
45737
799384
120021
973024
240663
429156
212325
73371
929296
532292
417972
988943
750287
632122
849179
138342
597085
594955
471755
651271
851692
297960
262539
973923
605929
662437
315330
427511
971680
678862
177361
263224
382032
493495
845639
602093
595737
503289
392853
455628
506368
677607
296367
373590
549741
169482
367500
238758
442706
894460
965157
520633
551878
731548
952731
5320
697844
232966
163915
894340
763876
899362
133171
464331
164270
476826
70542
461043
921951
377789
135302
640398
270281
484012
122716
60820
179439
348673
595396
402807
380373
9481
512779
944584
938696
689536
79919
244324
411361
659308
891685
38807
820684
668189
239169
701520
530855
18348
821199
245182
421828
47267
976417
492222
914238
616350
46747
899775
654815
596036
838718
880932
616231
383666
598322
63682
931275
50344
391352
167689
155599
59282
990098
934802
870481
131012
145506
718003
870169
359402
190894
978884
526040
787150
299487
52872
977080
138911
660608
761060
559525
912461
47999
145939
108215
852947
745892
750293
880764
211828
592667
488525
666585
998883
153334
581423
736376
12674
672794
195004
29229
659840
163745
203827
678205
216190
498771
722885
180654
33376
156347
942767
265923
274950
499174
350422
83016
817701
236893
28421
122645
549643
537422
728133
674316
433505
874902
975840
245365
906785
607226
341237
101144
795771
402190
376770
86597
251361
865918
456156
856787
