6302882
8792388
8831584
8831883
8832376
9371752
9371786
9371895
9574676
9574710
12824153
12824542
12943719
13138100
13138124
13180690
13181197
13572421
13572438
13598654
13598658
13598692
13598695
13777247
13841031
13841038
13841125
13841138
13841536
13841567
13841571
13841603
13841632
13841927
13841928
13841967
13841985
13841995
13842040
13842054
13842064
13906185
14045111
14234751
14234823
14236169
14237324
14239788
14271260
14271290
14309586
14309591
14309592
14316421
14316451
14341144
14341191
14363221
14363227
14363231
14363238
14363258
14363297
14363304
14363409
14363438
14363968
14433846
14453659
14454474
14454476
14454482
14473735
14473739
14473746
14473766
14473805
14473812
14474316
14474331
14474336
14474337
14474437
14474449
14474507
14474515
14484708
14487303
14487306
14487307
14487361
14488545
14498907
14498920
14498923
14508066
14508077
14508078
14508083
14508460
14508755
14508780
14508824
14509008
14509010
14509014
14509033
14509034
14509035
14509054
14509061
14509069
14509594
14509627
14509676
14509682
14509901
14509906
14509908
14509942
14510406
14511361
14544018
14544056
14544626
14544645
14544846
14544912
14545297
14592462
14592473
14592492
14592626
14609408
14609542
14610188
14610228
14610229
14610254
14658437
14658444
14680791
14680792
14681236
14681263
14682468
14718985
14718991
14718993
14719002
14719004
14719718
14720908
14720967
14721010
14721011
14721440
14721447
14721521
14721925
14721995
14722038
14722084
14722413
14722812
14722871
14723276
14734992
14744890
14849202
14849901
14851881
14852346
14853192
14853721
14867618
14869608
14870454
14870919
14870952
14871501
14871513
14872358
14872899
14872971
14922402
14922405
14922428
14922454
14922460
14922539
15045543
15046516
15052132
15081928
15081931
15081935
15081947
15081957
15082059
15082236
15082237
15082255
15082399
15082415
15082462
15082521
15082541
15082562
15082636
15082706
15082918
15082933
15082957
15082973
15082975
15083019
15083038
15083051
15083099
15083103
15083115
15083137
15083179
15083187
15083199
15083200
15083308
15083367
15083408
15083505
15083514
15083586
15083590
15083602
15083632
15083634
15083647
15083771
15083805
15083831
15083833
15083842
15083895
15083897
15083900
15083943
15084163
15084179
15084364
15084464
15084617
15084663
15084672
15084724
15084726
15084790
15084812
15084819
15084903
15084904
15084938
15085002
15085072
15085080
15085081
15085181
15085352
15085369
15085405
15085417
15085421
15085527
15085530
15085547
15085568
15085642
15085707
15085710
15085816
15085821
15085840
15085886
15085911
15085920
15085932
15087594
15087614
15088949
15089125
15089221
15089231
15089556
15089562
15089674
15090666
15090858
15090863
15090899
15091255
15091283
15091767
15092057
15092247
15093065
15093085
15093086
15093785
15093791
15094037
15094094
15094372
15094604
15094960
15094971
15094998
15095196
15095242
15095290
15095531
15095632
15095649
15096380
15096502
15096504
15096676
15096698
15097006
15097053
15097101
15098693
15098697
15098713
15099000
15099912
15099941
15100132
15100263
15100298
15100427
15100453
15100560
15100744
15100835
15100846
15100883
15101288
15101301
15101365
15101382
15101872
15101888
15101910
15101983
15102015
15102042
15102049
15102077
15102106
15102125
15102132
15102332
15102415
15102697
15102740
15103262
15103282
15103425
15103432
15103492
15103624
15104406
15104411
15104653
15104683
15105616
15105638
15105653
15105681
15105684
15105714
15105891
15105987
15106503
15106891
15106954
15107406
15107773
15107799
15107814
15109054
15109081
15109951
15110144
15110342
15111134
15113007
15113228
15113311
15119404
15119426
15131803
15132143
15135982
15136306
15136540
15136550
15136768
15136791
15136793
15136810
15136904
15136983
15137153
15137421
15137554
15137674
15137681
15137967
15138006
15138122
15138231
15138241
15138298
15138444
15138482
15138500
15138824
15138852
15138870
15139710
15139976
15139991
15140476
15140780
15141567
15141872
15143433
15143440
15144057
15144641
15144842
15144843
15145006
15145291
15145389
15146434
15146759
15146785
15146866
15147346
15147964
15148118
15148139
15148210
15148764
15148826
15149245
15149250
15149280
15149304
15149315
15149319
15149354
15149373
15149499
15149508
15149532
15158922
15158928
15159178
15159179
15159192
15159271
15159384
15159402
15159426
15159492
15159992
15160765
15160783
15160785
15160819
15166570
15166592
15166666
15166670
15166672
15166692
15166739
15166758
15167762
15167767
15168244
15168266
15168313
15168332
15169494
15169598
15169786
15170746
15170824
15170837
15170848
15170924
15170946
15171083
15171121
15171130
15171131
15171148
15171284
15171290
15171305
15171329
15171345
15171362
15171369
15171377
15171388
15171414
15171465
15171466
15171470
15171488
15171537
15171544
15171624
15171664
15171672
15171703
15171711
15171763
15171784
15171837
15176677
15176754
15176832
15176845
15176856
15176932
15176954
15177091
15177129
15177138
15177139
15177156
15177292
15177298
15177313
15177337
15177353
15177436
15177545
15177552
15177632
15177672
15177680
15177711
15177719
15177771
15177792
15177845
15177984
15178317
15178444
15178487
15178513
15178682
15178694
15178881
15178898
15179016
15179785
15180888
15183061
15186212
15190467
15191098
15191929
15191997
15192551
15193109
15193173
15193893
15194044
15195095
15195124
15196620
15197388
15197427
15198117
15198294
15198411
15198516
15198572
15198574
15198597
15198630
15198701
15198708
15198711
15198860
15198901
15198922
15198929
15198995
15199040
15200076
15200192
15200217
15200307
15200330
15200389
15200414
15200597
15200633
15200699
15201130
15201230
15201520
15201543
15202207
15202255
15202265
15203254
15203929
15203949
15204231
15204241
15204345
15205749
15205776
15205800
15205877
15205943
15206293
15206723
15206726
15207146
15207225
15207236
15207834
15207839
15207864
15207869
15207870
15208267
15208279
15208288
15208456
15208457
15208961
15221668
15222133
15222158
15222192
15222238
15222337
15222369
15223720
15225254
15225265
15226180
15226203
15227209
15227246
15228300
15232638
15232651
15240161
15242707
15244909
15245229
15245284
15248386
15248698
15248706
15248737
15252986
15252992
15253001
15255311
15255314
15255336
15255353
15255368
15257655
15259806
15260034
15260133
15260331
15260369
15263285
15263322
15264690
15265124
15267542
15267557
15267583
15267591
15267890
15269578
15269710
15270178
15270214
15270232
15270322
15270334
15270344
15270739
15270747
15270758
15273303
15273968
15274457
15274465
15276438
15277400
15277471
15279651
15279850
15290108
15290218
15290228
15290451
15290757
15290958
15290969
15290992
15290993
15291006
15291113
15291146
15291153
15291161
15291172
15291198
15291204
15291562
15291646
15291707
15291715
15291752
15294450
15297940
15298000
15298066
15298093
15299279
15299280
15308438
15311827
15318298
15318313
15318347
15318524
15318643
15318644
15318648
15318688
15319478
15319486
15319516
15319824
15319876
15320032
15320037
15320473
15321188
15326370
15326659
15329915
15329970
15330782
15331587
15331831
15331838
15331843
15334570
15337365
15342216
15342244
15342254
15342353
15342403
15343053
15343370
15343382
15343423
15347078
15347732
15348145
15349645
15350135
15350148
15350164
15350303
15350675
15352663
15353408
15353411
15353433
15353450
15356373
15357330
15357340
15357451
15357499
15357588
15358131
15358145
15359295
15359760
15359808
15359815
15360109
15360126
15360139
15360381
15361382
15362123
15363536
15363822
15363916
15364003
15364021
15364024
15364033
15364071
15364192
15364240
15364543
15365243
15365245
15365280
15365364
15365372
15365379
15365584
15365680
15365681
15365688
15367936
15367998
15368021
15368419
15368441
15368851
15368864
15370856
15371400
15371864
15372065
15372500
15372546
15372554
15372573
15372609
15372627
15372647
15372651
15373146
15373160
15374458
15375508
15375568
15376181
15377753
15378194
15387671
15387771
15388212
15388250
15388255
15388534
15388686
15388841
15388861
15388911
15388943
15389043
15389063
15389073
15389096
15389097
15389110
15389217
15389250
15389257
15389265
15389276
15389302
15389316
15389353
15389354
15389358
15389374
15389379
15389436
15389443
15389511
15389524
15389680
15389726
15389740
15389741
15389842
15390013
15390135
15394868
15395505
15395898
15396285
15396676
15396679
15396710
15396844
15396877
15396908
15396929
15397523
15397552
15397898
15397932
15406478
15406480
15407623
15408040
15408200
15408828
15412350
15422002
15423773
15423786
15424366
15424919
15430113
15430628
15430706
15431277
15434999
15435302
15435311
15436424
15436426
15436744
15436755
15436922
15436932
15436935
15437025
15437062
15437077
15437098
15437179
15437233
15437234
15437240
15437287
15437364
15437373
15437406
15437417
15437428
15437440
15437464
15437485
15437486
15437489
15437492
15437495
15437497
15437590
15437644
15437658
15437664
15437665
15437680
15437703
15437709
15437714
15437732
15437770
15437774
15437791
15437801
15437927
15437969
15437972
15437984
15437993
15437994
15438125
15494618
15500933
15600153
15600162
15655998
15656003
15656008
15656018
15677507
15677511
15690679
15690704
15690728
15690731
15700720
15747693
15747978
15747982
15748016
15827968
15828797
15828828
15828833
15829268
15829269
15830277
15830802
15831171
15833219
15884806
15884836
15884848
15884849
15884863
15884934
15884957
15884968
15884973
15884978
16100699
16190818
16190836
16199857
16206199
16206478
16414186
16414192
16414197
16414206
16414516
16414523
16414528
16433434
16509830
16509953
16509954
16509987
16510101
16510157
16510183
16510334
16510354
16510359
16510513
16510585
16510669
16510709
16510796
16510928
16511094
16511173
16511218
16511243
16511543
16511551
16511607
16511619
16511632
16511814
16511820
16511965
16512278
16512430
16512561
16512593
16512606
16512611
16512793
16512817
16512879
16513046
16513079
16513376
16513395
16513435
16513442
16513463
16513733
16513813
16513851
16513918
16514029
16514051
16514052
16514215
16514219
16514530
16514533
16514581
16514822
16514888
16514921
16515045
16515053
16515070
16515142
16515179
16515210
16515244
16515275
16515291
16515303
16515307
16515320
16515388
16515392
16515509
16515705
16515736
16515816
16515829
16515850
16516015
16516094
16516101
16516106
16516160
16516174
16516320
16516379
16516399
16516431
16516473
16516535
16516644
16516682
16516686
16516887
16516941
16516968
16517149
16517379
16517481
16517544
16517550
16517740
16517745
16517766
16517987
16518046
16518107
16518355
16518620
16518702
16518734
16518792
16518838
16518945
16519050
16519147
16519311
16519416
16519682
16519764
16519766
16519948
16519949
16519954
16519955
16520640
16520648
16520778
16520852
16520855
16521566
16521635
16521652
16521697
16521729
16521747
16521822
16521921
16521984
16521989
16522003
16522043
16522291
16522296
16522314
16522327
16522378
16522600
16522650
16522854
16522855
16522863
16523081
16523082
16523338
16523342
16523425
16523582
16523587
16523757
16523820
16523899
16523906
16524082
16524168
16524176
16524193
16524217
16524265
16524271
16524302
16524333
16524354
16524355
16524358
16524367
16524398
16524402
16524414
16524426
16524430
16524443
16524457
16524515
16524939
16524952
16524973
16525063
16525102
16525138
16525217
16525229
16525255
16525287
16525302
16525443
16525502
16525522
16525554
16525578
16525596
16525616
16525644
16525658
16525805
16526272
16526386
16526388
16526398
16526532
16527265
16527272
16527339
16527424
16527479
16527744
16527924
16528078
16528094
16528675
16528720
16584221
16585690
16737801
16737871
16737889
16738203
16738241
16738265
16738270
16750217
16750249
17136224
17136825
17137130
17137176
17137260
17137335
17137341
17137417
17137420
17137796
17137800
17137842
17138416
17138432
17138462
17138605
17139447
17139452
17140316
17140318
17140349
17140364
17140823
17140829
17140857
17141475
17141574
17141662
17141805
17141810
17141939
17142007
17142008
17142302
17142389
17142407
17142844
17143000
17143542
17143547
17143611
17143741
17143759
17143798
17143819
17143897
17144087
17144229
17144312
17144338
17144372
17144375
17144402
17144889
17144921
17490732
17490759
17695883
18157564
18157583
18599757
19705935
21526319
21608164
21608317
21608372
21608424
21609060
21609588
21610343
21610550
21610640
21610944
24885142
24885176
24885218
24885220
24885254
24885279
24885281
24885287
24885296
24885362
24885403
24885413
24885581
24885614
24885637
24885644
24885662
26375131
26375137
26375146
29300731
29300740
29300755
29300780
29300847
29300853
29300955
29300962
29301060
29301094
29301098
29301101
29301213
29301214
29301219
29301222
29301265
29301360
29301448
29301458
29305708
29305795
29305808
29305816
29305912
29305915
29305918
29305921
29305952
29305959
29306009
1086
1138
1235
1708
1718
2416
2488
2585
2900
2952
2968
3280
9632
9800
10049
10119
10257
10258
14299
14337
15093
15832
47156
59908
2014895
2014899
2014902
2408262
2408286
2453996
2454005
2454035
2498024
2561329
2561349
2561361
2563421
2652757
2652775
2652865
2661734
2682628
2682667
2682673
2878769
2878775
3066183
3066229
3083994
3084117
3084190
3084233
3084286
3084599
3084616
3084653
3086236
3086259
3086298
3086303
3086435
3086446
3086561
3086628
3086658
3086721
3086863
3087077
3087185
3087427
3087457
3087739
3087765
3087867
3087905
3087907
3087978
3088020
3088089
3088143
3088151
3088158
3088183
3088287
3088290
3088311
3088419
3088503
3088518
3088519
3088663
3088741
3088751
3088800
3088853
3088897
3088903
3088953
3088959
3088992
3089121
3089216
3089290
3089395
3089420
3089424
3095013
3096143
3100192
3100211
3100214
3101155
3104235
3104262
3104433
3104442
3104764
3104771
3106404
3106410
3241020
3250545
3255392
3275328
3275330
3281449
3289674
3300946
3315085
3335669
3336026
3338190
3351368
3360344
3362403
3364189
3366079
3377361
3377783
3400045
3423578
3548094
3548332
3548447
3548752
3548913
3549481
3549493
3549828
3550215
3550868
3550880
3550909
3573517
3573541
3573552
3586528
3586543
3586553
3593045
3604292
3604305
3605859
3605933
3605948
3606015
3606146
3606179
3606212
3606241
3606288
3606303
3606321
3606326
3606452
3606471
3606481
3606487
3606597
3606622
3606645
3606758
3606766
3606827
3606891
3606953
3606978
3606984
3607002
3607050
3607247
3607280
3607318
3607326
3607356
3607371
3607389
3607479
3607520
3607528
3607570
3607584
3607587
3607611
3607613
3607658
3607665
3607673
3607713
3607721
3607856
3607906
3608957
3608993
3609013
3609021
3609231
3609269
3609316
3609449
3609757
3609779
3609969
3610049
3610201
3610223
3610232
3610327
3610337
3610340
3610427
3611333
3611336
3611458
3611483
3611495
3611527
3611545
3611547
3611619
3611625
3611685
3611984
3612025
3612489
3612524
3612610
3612682
3612722
3612784
3612855
3612859
3613054
3613084
3613231
3613293
3613296
3613337
3613432
3613434
3613441
3613569
3614165
3614194
3614221
3614539
3614584
3614700
3614928
3615066
3615143
3615235
3615292
3615318
3615330
3615360
3615364
3615441
3615486
3615489
3615495
3615581
3615719
3615723
3615742
3615776
3615808
3615847
3615876
3615931
3615949
3616100
3616217
3616302
3616472
3616506
3616658
3616699
3616751
3616760
3616874
3616924
3616950
3616989
3616994
3617040
3617051
3617128
3617150
3617192
3617436
3617448
3617473
3617557
3617615
3617626
3617646
3617647
3617681
3617833
3617993
3618008
3618034
3618283
3618288
3618316
3618317
3618430
3618442
3618528
3618550
3618553
3618624
3618629
3618639
3618691
3618757
3618834
3618900
3618919
3618928
3619027
3619104
3619137
3619156
3619253
3619269
3619304
3619315
3619332
3619333
3619341
3619348
3619389
3619406
3619431
3619460
3619595
3619625
3619646
3619651
3619653
3619698
3619732
3619777
3619780
3619817
3619848
3619918
3619920
3620171
3620216
3620250
3620270
3620275
3620473
3620476
3620494
3620495
3620571
3620580
3620600
3620604
3620642
3620699
3620812
3621021
3621029
3621058
3621089
3621369
3621386
3621445
3621490
3621514
3621588
3621617
3621725
3621732
3621807
3621819
3621870
3621872
3621949
3622049
3622051
3622065
3622202
3622266
3622319
3622321
3622329
3622350
3622353
3622357
3622362
3622364
3622378
3622397
3622468
3622567
3622680
3622769
3622774
3622776
3622827
3622828
3622850
3622853
3622859
3622928
3622987
3623037
3623277
3623341
3623342
3623354
3623548
3623579
3623689
3623690
3623785
3623876
3623930
3623952
3623959
3624002
3624072
3624173
3624215
3624340
3624346
3624400
3624534
3624573
3624608
3624661
3624722
3624780
3624794
3624812
3624843
3624923
3625004
3625019
3625023
3625054
3625108
3625116
3625242
3625316
3625387
3625396
3625402
3625459
3625497
3625801
3625804
3625816
3625837
3625953
3626015
3626023
3626307
3626357
3626675
3626702
3626741
3626793
3626803
3626879
3626882
3626900
3626901
3626904
3627115
3627116
3627144
3627149
3627150
3627162
3627229
3627232
3627424
3627530
3627532
3627611
3627634
3627644
3627787
3627828
3627960
3627968
3628051
3628062
3628068
3628072
3628073
3628357
3628950
3629061
3629289
3629303
3629375
3629384
3629487
3629500
3629598
3629943
3629946
3630831
3630850
3631080
3631350
3631391
3631435
3631524
3632462
3632765
3632898
3634120
3634646
3634649
3634858
3634910
3634932
3635017
3635054
3635055
3639020
3648320
3661411
3661418
3661432
3661433
3661591
3661594
3662175
3662822
3663031
3663046
3663125
3663705
3663715
3664238
3664244
3664257
3664469
3664471
3664601
3664609
3664613
3664616
3685918
3685935
3685938
3685940
3685978
3697793
3698317
3698326
3698349
3701160
3701193
3701209
3701263
3712597
3712601
3712628
3712644
3712672
3712724
3712731
3713325
3713351
3713382
3713383
3713387
3713392
3713398
3714251
3714291
3714317
3715455
3715611
3715844
3716611
3716613
3716622
3716623
3718157
3718182
3718226
3718235
3718367
3765850
3766357
3766834
3769276
3846037
3846054
3886774
3899156
3899166
3899479
3919387
3920294
3949291
3949780
3950998
3951021
3951189
3951233
3951513
3951545
3951743
3951788
3952016
3952308
3964116
3964121
3965055
3965057
3965059
3965217
3965230
3965246
3966055
3966140
3971743
3971759
4030264
4030891
4030892
4030896
4030931
4030962
4031061
4032015
4032087
4127309
4130381
4130400
4130402
4130424
4130499
4130519
4187737
4189500
4189509
4189727
4190014
4190018
4190047
4190440
4190919
4191373
4191396
4192842
4194067
4194103
4197740
4197745
4238483
4266617
4266626
4266637
4266932
4266986
4267390
4267398
4267399
4267555
4292089
4380000
4381868
4681804
4696484
4774514
4774517
4853181
4853194
4853201
4901591
4902598
4902643
4902647
4904006
4905462
4905990
4907920
4936591
4936740
4957111
4974798
4974799
4974817
5087646
5087656
5089017
5198468
5198799
5198845
5199546
5200339
5200356
5200391
5200398
5200402
5200406
5200708
5201075
5201084
5201101
5202890
5202917
5203133
5203179
5203196
5203231
5203238
5203242
5203635
5204020
5204624
5204670
5204723
5204730
5204734
5205080
5205862
5205902
5269082
5269085
5282465
5282475
5406474
5406486
5406514
5406633
5406638
5460818
5460833
5475183
5475189
5475217
5566513
5566978
5570288
5575928
5578564
5761930
6119091
6119109
6119113
6119184
6119201
6119228
6119231
6119242
6120724
6120743
6120780
6120936
6120947
6120979
6120989
6120997
6121016
6121888
6121904
6121962
6122040
6122079
6124096
6124102
6124135
6124205
6448235
6448916
6448931
6449008
6449010
6449012
6449024
6449027
6449028
6449057
6449062
6449067
6449417
6449447
7005387
7007427
7007835
7081342
12739161
13671704
13671714
13962537
13962547
13962550
13962559
13962579
13964391
13964413
13964415
13964419
16005418
17946219
17946222
17946228
17946246
17946252
17946315
17946372
19697659
19697660
19697696
19697724
19697731
2721303
5278058
5278081
5278102
5278194
5278218
5278367
5279462
5279625
5279710
5279719
5279782
5279849
5280284
5280948
5281087
5282362
5282490
5282504
5282731
5283129
5283425
5285110
5285154
5286402
5286463
5286693
10925535
11354302
11419028
11420912
11420917
12202365
12202388
12202395
12203514
12203547
12203561
12204267
12204337
12209733
12210106
12223124
12244240
12244750
12246111
12247795
12247852
12248756
12250513
12250552
12251537
12251635
12252580
12252590
12252621
12253140
12334054
12711744
12854902
12892974
12893335
12893348
12893369
12893584
12893741
12893925
12893931
12893974
12893979
12987241
12987244
12988975
13148756
13148776
13148785
13189820
13190826
13190835
13191361
13191441
13191482
13191781
13191808
13191833
13191855
13191913
13191914
13191925
13191934
13191973
13191989
13191994
13192011
13192380
13192958
13253268
13253276
13254647
13254649
13254655
13254671
13254675
13254681
13254916
13254950
13254954
13254991
13255960
13280224
13280227
13280236
13280239
13280245
13280272
13280279
13315204
13315211
13315255
13421587
13523719
13548632
13548655
13555161
13563315
13563319
13587017
13587066
13587070
13587091
13587094
13587116
13587136
13587138
13587156
13587157
13587252
13587258
13587260
13587296
13587299
13587307
13587334
13587373
13587387
13587401
13587405
13587416
13587457
13587462
13587486
13587585
13587596
13587654
13587728
13588919
13589004
13589030
13589087
13589121
13589260
13589261
13589446
13589594
13589603
13589701
13589702
13589717
13589730
13589731
13589734
13589831
13589890
13589912
13589968
13590076
13590165
13590184
13590264
13590312
13590458
13590560
13590848
13590858
13590898
13590900
13591094
13591272
13591456
13591657
13591717
13591825
13591849
13591965
13591966
13592043
13592088
13592152
13592320
13592518
13592848
13592925
13593043
13593064
13593096
13593104
13593107
13593216
13593221
13593224
13593253
13593292
13593304
13593321
13593334
13593804
13593817
13593962
13593973
13594005
13594099
13594154
13594430
13594436
13594783
13594861
13594867
13594906
13595184
13595315
13595327
13595344
13595357
13595845
13595873
13595886
13595904
13596354
13596355
13596363
13596381
13596411
13596415
13596513
13596559
13596783
13596808
13596886
13596901
13596996
13597116
13597122
13597478
13597670
13597710
13597794
13597804
13597865
13597870
13597871
13597882
13597906
13598073
13598127
13598138
13598221
13598247
13598256
13598625
13598721
13598738
13598929
13599033
13599082
13599087
13599548
13600053
13600489
13600514
13600520
13600545
13600553
13600564
13601654
13629128
13633176
13641017
13641069
13641247
13641486
13641497
13641545
13641930
13641999
13655303
13655306
13655679
13656694
13656897
13656900
13657184
13657326
13661876
13669935
13670793
13670800
13673695
13673701
13674130
13674131
13674187
13681822
13681875
13681952
13681957
13681974
13682014
13682023
13682033
13682295
13682384
13682539
13682872
13683257
13683265
13684024
13684054
13684136
13684418
13684419
13684478
13684492
13685786
13686075
13686298
13686309
13686325
13686365
13686755
13688187
13690324
13690371
13690390
13690391
13690396
13690548
13691959
13693191
13693206
13693246
13697031
13697229
13697234
13697390
13697832
13698069
13698183
13698469
13698520
13698530
13698554
13698711
13698726
13699032
13699059
13699061
13699067
13699073
13699080
13699082
13699579
13699603
13699612
13699744
13699807
13699986
13699993
13700000
13700005
13700201
13700202
13700204
13700392
13700407
13700442
13700527
13700538
13700664
13700733
13703152
13703182
13703183
13703188
13703428
13703454
13703713
13703890
13703934
13703937
13703955
13703959
13704228
13704488
13704498
13704553
13705024
13705065
13705068
13705345
13705380
13705423
13705424
13705454
13705717
13705718
13705732
13705813
13705955
13706298
13706309
13706389
13706489
13706490
13706637
13706750
13706792
13707022
13707097
13707293
13707414
13707490
13707505
13707508
13707802
13709617
13709775
13709833
13709858
13709924
13710024
13710025
13710041
13710172
13710252
13710260
13710281
13710347
13710509
13710537
13710827
13710837
13710857
13712049
13712206
13712214
13712256
13712293
13712414
13712441
13713391
13713432
13713585
13713915
13714478
13714502
13714517
13714613
13714617
13714661
13714814
13714817
13714835
13714839
13714858
13716550
13716628
13716873
13716897
13720065
13720131
13720143
13721120
13721124
13721179
13721616
13721625
13722520
13722539
13723414
13723418
13723437
13723485
13723644
13723653
13725081
13725088
13725102
13725135
13725559
13728396
13728403
13728408
13728830
13730386
13730412
13730453
13730457
13732901
13732945
13732949
13733897
13733959
13735505
13736598
13736636
13736644
13737029
13737069
13737103
13737486
13737572
13737606
13738026
13738079
13745677
13745685
13745693
13745701
13745707
13745743
13745758
13746318
13746325
13746329
13746361
13746833
13746837
13747430
13747435
13747441
13747549
13747598
13747615
13750083
13750208
13750223
13750226
13750491
13750520
13750590
13750712
13750814
13750817
13750839
13750841
13750966
13751020
13751050
13751056
13751129
13751172
13751173
13751203
13751466
13751467
13751481
13751562
13751704
13752143
13752144
13752200
13752531
13752585
13752624
13752682
13752713
13752729
13753004
13753050
13753051
13753139
13753159
13753171
13753202
13753210
13753874
13753948
13753953
13754200
13754208
13754497
13754960
13754974
13755033
13755034
13755035
13755131
13756676
13758005
13758008
13758036
13758050
13759128
13759440
13759480
13759485
13760924
13762604
13764574
13765881
13765887
13768496
13768499
13768554
13770762
13770767
13771133
13771149
13771202
13771223
13771469
13771470
13771489
13771553
13771558
13771559
13771722
13771738
13771808
13772097
13773038
13773093
13773111
13773205
13773215
13773243
13773488
13773521
13773534
13773968
13773986
13774749
13774766
13774767
13775184
13775479
13776300
13776408
13777208
13777215
13777240
13777616
13777625
13777700
13777990
13778033
13778044
13778553
13778564
13778565
13778666
13778675
13778715
13779056
13779116
13779253
13779275
13779316
13779327
13779348
13779403
13779844
13779907
13780375
13780380
13780390
13780804
13782321
13782604
13782629
13782650
13783610
13783644
13784188
13784189
13784221
13784227
13784335
13784621
13784655
13784672
13784682
13784706
13784905
13785066
13785508
13787885
13787942
13787943
13788863
13788885
13788931
13788933
13789206
13790132
13790515
13790536
13790561
13790571
13790588
13790613
13790730
13793165
13793172
13793194
13793233
13793247
13793497
13793513
13793526
13793529
13793552
13794284
13794332
13794468
13794505
13794970
13795283
13795294
13795296
13795301
13795341
13795352
13795359
13795650
13795680
13795695
13795700
13796408
13796414
13796740
13796760
13796772
13796810
13796811
13797532
13797544
13797560
13797801
13797809
13800493
13800513
13800521
13800814
13800834
13801019
13808056
13809421
13809526
13809531
13809538
13809542
13809646
13809787
13809851
13809996
13810403
13810431
13810462
13810506
13810551
13810650
13810736
13810740
13810750
13810758
13810762
13811093
13811095
13811110
13811129
13811269
13812129
13812204
13812242
13812271
13812275
13812299
13812310
13812353
13812798
13813105
13813107
13813137
13813282
13813286
13813321
13813343
13813346
13814079
13814089
13814092
13814106
13814113
13814115
13814278
13814330
13814331
13814754
13814759
13814775
13814802
13814827
13814855
13814881
13814910
13814944
13815243
13815259
13815260
13815265
13815286
13815383
13815430
13815585
13815781
13815825
13815826
13815901
13816299
13816317
13816365
13821335
13821338
13824220
13832314
13832731
13834938
13834978
13834996
13835187
13835285
13835316
13835504
13835516
13835521
13835527
13835566
13835661
13835678
13835737
13836360
13836649
13836666
13836908
13836943
13836966
13836988
13837000
13837008
13837033
13837054
13837121
13837134
13837136
13837182
13837754
13837769
13837773
13837985
13838010
13838019
13838031
13838048
13838087
13838183
13838471
13838681
13838732
13838786
13838792
13838827
13838832
13838841
13838865
13838927
13838956
13838988
13839014
13839039
13839487
13839499
13839517
13839521
13839734
13839735
13839772
13839777
13839791
13839797
13839805
13839807
13839812
13840023
13840267
13840531
13840566
13840570
13840581
13840719
13840768
13840807
13843517
13843585
13843945
13844181
13844195
13844223
13845187
13845419
13845579
13845587
13845644
13845785
13845815
13845832
13845861
13845872
13845873
13846051
13846193
13846196
13846222
13847463
13847485
13848151
13850366
13850376
13850442
13850627
13850631
13850990
13851011
13851029
13851034
13851044
13852753
13852972
13852973
13852974
13852979
13853755
13853795
13853800
13853879
13853893
13853976
13854073
13854746
13855008
13859370
13859387
13861181
13861208
13861292
13861606
13861947
13861977
13862017
13862059
13862101
13862109
13862115
13862235
13863007
13863073
13863209
13863505
13863523
13863539
13863540
13863545
13863563
13863585
13863605
13863843
13863886
13864072
13864280
13864360
13864615
13864623
13864749
13864751
13864797
13865368
13865383
13865387
13865848
13866084
13866322
13866750
13866788
13866844
13866951
13868468
13868478
13869634
13869645
13869651
13869659
13869661
13869673
13869674
13869716
13869888
13869939
13870269
13870295
13870348
13912407
13927703
13927704
13938557
14030368
14030383
14048487
14048494
14079117
14130173
14157227
14158633
14158653
14158694
14158695
14158701
14172384
14172409
14172508
14172582
14172591
14172617
14172801
14172905
14172953
14173065
14173219
14173318
14173355
14173412
14173424
14173459
14173862
14173971
14174141
14174142
14174176
14174351
14174384
14174406
14174437
14174545
14174759
14174831
14174895
14175113
14175127
14175134
14175180
14175340
14175359
14175428
14175445
14175504
14175516
14175576
14175640
14175687
14175837
14175886
14175897
14175929
14175954
14176040
14176085
14176090
14176246
14176840
14176923
14176931
14177216
14177742
14177767
14178205
14178221
14178461
14178465
14178578
14178590
14178611
14178613
14178952
14178954
14178977
14178992
14178997
14179022
14179068
14179069
14179160
14179220
14179279
14179697
14179710
14179880
14179905
14179942
14180222
14180253
14180303
14180497
14180545
14180582
14180609
14180792
14181002
14181026
14181027
14181062
14181096
14181225
14181230
14181231
14181241
14181252
14181364
14181395
14181402
14181408
14181445
14181452
14181575
14181622
14181668
14182417
14182421
14182546
14182932
14182961
14182973
14182979
14183172
14183176
14183272
14183280
14183283
14183666
14184066
14184099
14186292
14186347
14186382
14186417
14186423
14186557
14186932
14186953
14187059
14187066
14187196
14187204
14187238
14187338
14187347
14187362
14187372
14187726
14187731
14187741
14187781
14187935
14187955
14188453
14188478
14188510
14188521
14188661
14188674
14188720
14188890
14188940
14189090
14189101
14189111
14189192
14189227
14189248
14189835
14190546
14190572
14190588
14190605
14190610
14190625
14190649
14190652
14190689
14190717
14190737
14190833
14190862
14190959
14191095
14191121
14191125
14191129
14191710
14191725
14191854
14192268
14192350
14192440
14192565
14193272
14193321
14193389
14193438
14193449
14193520
14193531
14193613
14193720
14193745
14193972
14194005
14194175
14194364
14194375
14194390
14194933
14195015
14195105
14195230
14195675
14195685
14195933
14196383
14196455
14197251
14197405
14203603
14203681
14203730
14203798
14203847
14203858
14203929
14203940
14204022
14204129
14204154
14204222
14204223
14204381
14204493
14204584
14204772
14204783
14204798
14204861
14204862
14204863
14204927
14205513
14205716
14205763
14205784
14205827
14205887
14205899
14205958
14206044
14206063
14206748
14206755
14206763
14206827
14206962
14207027
14207252
14207259
14207299
14207331
14207466
14207579
14207599
14207659
14207661
14207703
14207761
14208082
14208090
14208138
14208151
14208269
14208323
14208355
14208380
14208440
14208461
14208477
14208509
14208569
14208570
14208588
14210018
14210072
14210077
14210098
14210181
14210189
14210191
14210202
14210458
14210460
14210473
14210485
14210628
14210633
14210723
14210724
14210821
14210847
14210968
14210992
14211232
14211324
14211367
14211414
14211441
14211448
14211521
14211573
14211587
14211590
14211594
14211624
14211643
14212101
14212117
14212169
14212173
14212175
14212182
14212183
14212207
14212221
14212232
14212237
14212304
14212377
14212389
14212464
14212601
14212708
14212719
14212729
14212740
14212780
14212794
14212804
14212856
14212883
14212914
14212937
14213113
14213143
14213159
14213163
14213205
14213497
14213512
14213673
14213704
14213955
14213976
14213980
14213998
14214003
14214010
14214011
14214077
14214124
14214132
14214247
14214270
14214287
14214378
14214405
14214419
14214436
14214583
14214635
14214665
14214675
14214681
14214685
14214727
14214742
14214753
14214768
14214798
14214825
14214854
14214924
14215031
14215050
14215177
14215205
14215225
14215342
14215372
14215384
14215421
14215447
14215459
14215480
14215498
14215513
14215524
14215612
14215652
14215678
14215700
14215701
14215708
14215902
14215928
14215932
14215933
14215952
14216080
14216098
14216110
14216120
14216123
14216186
14216204
14216254
14216291
14216294
14216449
14216518
14216534
14216539
14216562
14216586
14216859
14216902
14216918
14216935
14217230
14217327
14217425
14217444
14217623
14217658
14217727
14217763
14217888
14217903
14218266
14218354
14218433
14218444
14218465
14218472
14218509
14218522
14218541
14218547
14218550
14218573
14218585
14218598
14218599
14218789
14218835
14218873
14218882
14219070
14219833
14219863
14219924
14219946
14219982
14219986
14219993
14220011
14220012
14220036
14220037
14220364
14220658
14221667
14221674
14221722
14221727
14221818
14221834
14221856
14221886
14221915
14221931
14221938
14221969
14222186
14222371
14222543
14222645
14222884
14222892
14222925
14223058
14223111
14223139
14223186
14223193
14223242
14223272
14223312
14223323
14223518
14223522
14223523
14223524
14223671
14223702
14223725
14223773
14223803
14223811
14223813
14223818
14223824
14223846
14223878
14223935
14223962
14223989
14224000
14224116
14224134
14224161
14224174
14224214
14224283
14224414
14224536
14224550
14224554
14224560
14224603
14224943
14224963
14225087
14225099
14225143
14225171
14225193
14225208
14312998
14313767
14313913
14313914
14314077
14314084
14314110
14314629
14314641
14314664
14314666
14314669
14314679
14314725
14314747
14314775
14314784
14314851
14314912
14314988
14315000
14315037
14315116
14315137
14339002
14354019
14354024
14354063
14354865
14392067
14392078
14392080
14392113
14392114
14414437
14414453
14434340
14439718
14439722
14439735
14457092
14461736
14461740
14474744
14474746
14474786
14474799
14474854
14474867
14475550
14475573
14475792
14475799
14475800
14475873
14475939
14475959
14475994
14476007
14476522
14476557
14476573
14564301
14564306
14573258
14586714
14587126
14587135
14587143
14587191
14587197
14587412
14587429
14587435
14587451
14587464
14587626
14612656
14612671
14612675
14612709
14612712
14612727
14612733
14612750
14612773
14612775
14802998
14814086
14814560
14814584
14814593
14814598
14814634
14826324
14978879
14978880
14980357
14980373
14980406
14980442
15040132
15136317
15140297
15140300
15140355
15140388
15140395
15140923
15140986
15141144
15141151
15141159
15141163
15141179
15142043
15142565
15142577
15142578
15142592
15142609
15143192
15143226
15143255
15143260
15143285
15143290
15143680
15144533
15218433
15218445
15218447
15218450
15255541
15257624
15257625
15257629
15257648
15258015
15258026
15258185
15258196
15258203
15258236
15258294
15258347
15300800
15300806
15300816
15300829
15300851
15300923
15300926
15301156
15301684
15301755
15301769
15301780
15304588
15305365
15305389
15305431
15305434
15413788
15413810
15413815
15413824
15413825
15413831
15414774
15414806
15414851
15414893
15414904
15414913
15414919
15414929
15415232
15415581
15415590
15415653
15415656
15415671
15415928
15415941
15415962
15415963
15415967
15415980
15415985
15429368
15468866
15629388
15629418
15629420
15629424
15629426
15629435
15629436
15630059
15630080
15649491
15649634
15649658
15715481
15716070
15716561
15716686
15716758
15716890
15717090
15717464
15717846
15718192
15719045
15719178
15719271
15719274
15719357
15719536
15720810
16995272
17227132
17227165
17738263
18652255
18652258
20259670
1230802
1683145
1683147
1683151
1683153
1685861
1685866
1685878
1685879
1685919
1705824
1713651
1713669
1714214
1714216
1716873
1726934
1732461
1733359
1739337
1739338
1751975
1753925
1753962
1753973
1754115
1754121
1754130
1754138
1797326
1797337
1797338
1797415
1833681
1833683
1833691
1833698
1845063
1846404
1846437
2057139
2057169
2057171
2057299
2057426
2057432
2057480
2057481
2057486
2057888
2058096
2058112
2058134
2058261
2058264
2058285
2058293
2058312
2058338
2058346
2058370
2058706
2058780
2058837
2058868
2058901
2058945
2058959
2059097
2059100
2059151
2059159
2059160
2059367
2059666
2059671
2059694
2059698
2060988
2061028
2061031
2061997
2062740
2062763
2069101
2069223
2069868
2070066
2070126
2070261
2070291
2070321
2070758
2070926
2070946
2071001
2071049
2071058
2092299
2363263
2916986
2917030
2920835
2920886
2922383
2938375
2938400
2938405
2938406
2940126
2940142
2953626
2953734
2956071
2956918
2956920
2956922
2956927
2956960
2957357
2957361
2957375
2957380
2957407
2957408
2957639
2957643
2957655
2957696
2958034
2958750
2958767
2958771
2959941
2959951
2959986
2960865
2960868
2960877
2965105
2965138
2967198
2967261
2967481
2968390
2968398
2968411
2968422
2980841
2981611
2981724
3012865
3013188
3015709
3025955
3025957
3025962
3025963
3025991
3033972
3033988
3033995
3034006
3034007
3034274
3034311
3034325
3034335
3039002
3039004
3039011
3039014
3039050
3039054
3039076
3039122
3039272
3039712
3039724
3039731
3039785
3039788
3039803
3039808
3039829
3040346
3040632
3040743
3040790
3041518
3041547
3042224
3042232
3042274
3042278
3044652
3044661
3045657
3045669
3045684
3045712
3046281
3046806
3047314
3048794
3054320
3054334
3054677
3054975
3058158
3058204
3060920
3061120
3061320
3061416
3098842
3173826
3174372
3175420
3180281
3180323
3182710
3217276
3217288
3217295
3217296
3222148
3230284
3264471
3280695
3281042
3281043
3281397
3352300
3376439
3376485
3456281
3506384
3506530
3506829
3506930
3507548
3507596
3507609
3507645
3573726
3573741
3585234
3587289
3595670
3596196
3596228
3603785
3654040
3654084
3654086
3654126
3654137
3671480
3671495
3671545
3671570
3671698
3671708
3671781
3734428
3737269
3737634
3739894
3739898
3739997
3742586
3742587
3753841
3754040
3754131
3754144
3822880
3840797
3840865
3840887
3840902
3841934
3843181
3849121
3849276
3849292
3849304
3851470
3851500
3862603
3864996
3867850
3868726
3871924
3871954
3872312
3872332
3872523
3872807
3872886
3873512
3873612
3874776
3876646
3876653
3876675
3950685
3950757
3950768
3950813
3950978
3951093
3951097
3951101
3951112
3951118
3951146
3951150
3951171
3951235
3951297
3951298
3951379
3951382
3951472
3951728
3951735
3951925
3951969
3951973
3952023
3952041
3952047
3952102
3952126
3952146
3952164
3952180
3952343
3952485
3952490
3952877
3952887
3952892
3952926
3952930
3953056
3953202
3953258
3953259
3953410
3953430
3953607
3953608
3953775
3953845
3953863
3953870
3953952
3954001
3954002
3954006
3954035
3954046
3954143
3954149
3954237
3954245
3954478
3954620
3954625
3954846
3954893
3954971
3955012
3955027
3955155
3955189
3955205
3955279
3955296
3955337
3955344
3955381
3955395
3955428
3955547
3955619
3955733
3955787
3955811
3955942
3961616
3965585
3965669
3965678
3965725
3965739
3965758
3965889
3965902
3965965
3966101
3966110
3966117
3966122
3966173
3966174
3966269
3966270
3966337
3966465
3966515
3966584
3966693
3966704
3966719
3966863
3966897
3966906
3966982
3966983
3967061
3967065
3967098
3967163
3967262
3967369
3967450
3967487
3967488
3967490
3967521
3967533
3967617
3967735
3967778
3967927
3967974
3968081
3968096
3968167
3968251
3968259
3968273
3968411
3968422
3968431
3968439
3968589
3968595
3968613
3968626
3968630
3968634
3968750
3968763
3968771
3968910
3968946
3969063
3969088
3969089
3969094
3969127
3969141
3969156
3969160
3969161
3969171
3969274
3969281
3969310
3969564
3969585
3969595
3969596
3969599
3969618
3969623
3969637
3969638
3969678
3969682
3969740
3969800
3969802
3969805
3969808
3969821
3969833
3969872
3969938
3969990
3969991
3969997
3970082
3970110
3970189
3970208
3970222
3970224
3970226
3970291
3970297
3970467
3970480
3970556
3970559
3970578
3970585
3971085
3971574
3971579
3971636
3971663
3971895
3971907
3971991
3972249
3972267
3972293
3972298
3972313
3972331
3972638
3972639
3973118
3973135
3973138
3973203
3973250
3973264
3973288
3973359
3973363
3973435
3973501
3973517
3973620
3973628
3973790
3973817
3973833
3973868
3973871
3973928
3973968
3974032
3974039
3974096
3974173
3974262
3974265
3974284
3974290
3974291
3974359
3974367
3974600
3974603
3974652
3974665
3974676
3974869
3974903
3974912
3974919
3975081
3975458
3975474
3975483
3975519
3975531
3975543
3975544
3975580
3975636
3975639
3975725
3975765
3975777
3975800
3975838
3975885
3975912
3975955
3975966
3975974
3976028
3976223
3976335
3976351
3976352
3976368
3976526
3976574
3976620
3976635
3976672
3976719
3976732
3976812
3976820
3976824
3976845
3976881
3976884
3976898
3977049
3977054
3977056
3977094
3977132
3977517
3977537
3977547
3977597
3977612
3977638
3977750
3977758
3977790
3977858
3977911
3977912
3977913
3977949
3977952
3977984
3978079
3978091
3978114
3978209
3978210
3978218
3978248
3978258
3978363
3978580
3978608
3978611
3978748
3978776
3978801
3978803
3978853
3978862
3978977
3979137
3979179
3979198
3979212
3979324
3979331
3979366
3979372
3979460
3979502
3979585
3979626
3979638
3979649
3979679
3979727
3979742
3979762
3979875
3979916
3979934
3979988
3979992
3980040
3980043
3980099
3980113
3980154
3980170
3980224
3980239
3980247
3980255
3980258
3980264
3980417
3980512
3980568
3980643
3980823
3980825
3980858
3981138
3981164
3981323
3981507
3981511
3981531
3981602
3981711
3981715
3981826
3981891
3981926
3982433
3982480
3982502
3982561
3982574
3982581
3982634
3982637
3982658
3982673
3982683
3982691
3982695
3982716
3982752
3982755
3982768
3982944
3982949
3982968
3982974
3982982
3983014
3983016
3983072
3983079
3983185
3983189
3983251
3983280
3983381
3983396
3983435
3983480
3983494
3983568
3983571
3983605
3983641
3983644
3983655
3983911
3983940
3983975
3983976
3983985
3984001
3984176
3984684
3985067
3985094
3985107
3985344
3985422
3985540
3985544
3985659
3985694
3985732
3985813
3985891
3985916
3986069
3986070
3986172
3986252
3986256
3986295
3986409
3986413
3986415
3986491
3986566
3986569
3986584
3986622
3986660
3986681
3986695
3986739
3986754
3986758
3986768
3986782
3986790
3986866
3986932
3987116
3987284
3987299
3987302
3987359
3987365
3987366
3987470
3987544
3988665
3992828
3992851
3993014
3993021
3994088
3994091
3994379
3994542
3994665
3994738
3994842
3994991
3996234
3998017
3998070
3998098
3998297
3998311
3998443
3998454
3998573
3998616
3998664
3998692
3998693
3998795
3998807
3998828
3998880
3998900
3998903
3998935
3999041
3999064
3999102
3999149
3999176
3999248
3999260
3999364
3999569
3999590
3999599
3999632
3999703
3999722
3999768
3999838
3999899
3999938
4000030
4000168
4000265
4000472
4000504
4000523
4000526
4000610
4000647
4000680
4000778
4000870
4000872
4000874
4000902
4000908
4000909
4000924
4000950
4001104
4001116
4001117
4001142
4001146
4001157
4001214
4001217
4001397
4001403
4001444
4001784
4001837
4001865
4001958
4001975
4002053
4002086
4002094
4002136
4003109
4003192
4003202
4003203
4003236
4003264
4003289
4003436
4003503
4003576
4003584
4003587
4003681
4003721
4003767
4003914
4003939
4003952
4004062
4004214
4004633
4004892
4004902
4004929
4004972
4005033
4005156
4005331
4005367
4005370
4005395
4005475
4005550
4005580
4005690
4005750
4005823
4005918
4005921
4005926
4005928
4005993
4006001
4006092
4006097
4006137
4006301
4006305
4006327
4006346
4006377
4006862
4006899
4006902
4006914
4006965
4007004
4007005
4007115
4007234
4007267
4007386
4007557
4007617
4007644
4007647
4007691
4007704
4007744
4007957
4008357
4008424
4008452
4008562
4008640
4008713
4008723
4008724
4009032
4009067
4009070
4009080
4009081
4009114
4009128
4009196
4009224
4009381
4009421
4009426
4009453
4009454
4009462
4009465
4009490
4009532
4009559
4009570
4009608
4009630
4009632
4009639
4009931
4010069
4010083
4010148
4010158
4010657
4010690
4010716
4010810
4010814
4010820
4010830
4010937
4010949
4011007
4011269
4011433
4011435
4011511
4011513
4011519
4011708
4027309
4029609
4030462
4030511
4030519
4030524
4033222
4033236
4060222
4060233
4060239
4209840
4209850
4209851
4209857
4209869
4209892
4241780
4242271
4243302
4243889
4244864
4244893
4244896
4274956
4282571
4282730
4354857
4383748
4383770
4387857
4392430
4392437
4459536
4459619
4459686
4473020
4558288
4558293
4565539
4566760
4601787
4655092
4655122
4721662
4721668
4721673
4721681
4721727
4721734
4722306
4722319
4722321
4722395
4722396
4722426
4722430
4761592
4761715
4762213
4762443
4762651
4762661
4762672
4762694
4762716
4762911
4762912
4763035
4763042
4777230
4777232
4777263
4777375
4777390
4778348
4778359
4778361
4778382
4778418
4778573
4778621
4779843
4779915
4781531
4960359
4963064
5139226
5139233
5139237
5139238
5139270
5139428
5139429
5139441
5139469
5139472
5139482
5146221
5146358
5146815
5146854
5146862
5146930
5472367
6701067
6701094
7578664
9186204
9186208
9186212
9186282
9186297
9186304
9762136
10532166
10928369
10928385
10928389
10928419
11048132
11049578
11093088
11750318
11750684
11750691
11755450
12122787
12129456
12131348
12131381
12131382
12131437
14216551
17361274
18585018
18585039
18585046
4002412
4002457
4003685
4003995
4003996
4004001
4004028
4004042
4004048
4004049
4004135
4004323
4004341
4004355
4004445
4004458
4004510
4004608
4004890
4004899
4004907
4005028
4005302
4005335
4005347
4005349
4005359
4005375
4005406
4005407
4005416
4005422
4005453
4005454
4005465
4005470
4005575
4005581
4005586
4005751
4005752
4005759
4005766
4005775
4005781
4005886
4005888
4006064
4006084
4006091
4006274
4006302
4006348
4006369
4006428
4006438
4006444
4006456
4006465
4006628
4006646
4006728
4006730
4006919
4006950
4006988
4006993
4006999
4008335
4008359
4008365
4008458
4008532
4008567
4008804
9751408
9751449
9751450
9812345
9812352
9812382
9812391
9812393
9812408
10086965
10087191
10087213
10087226
10087235
10087264
10087280
10087288
10087312
10087354
10087363
10087365
10087381
10087393
10154998
10587908
10730296
10732016
10732047
10832875
10832877
10832888
10887324
10916641
11050206
11050212
11138314
11138339
11181437
11181679
11186060
11188340
11188815
11188829
11188913
11213188
11217314
11217356
11217533
11217545
11217744
11217750
11231063
11235177
11235178
11241182
11241192
11241207
11319175
11319233
11327795
11330042
11486274
11651289
11651291
11651305
11651313
11651326
11651633
11651634
11651665
11651672
11651680
11651713
11651717
11660527
11660528
11660538
11660603
11660623
11660634
11660872
11661042
11661045
11661083
11661090
11661091
11661118
11661453
11661544
11661572
11661573
11661580
11664721
11664860
11664899
11665108
11665436
11665444
11665592
11665598
11667349
11667415
11667512
11667557
11667567
11667768
11667926
11667971
11668467
11668479
11668853
11668854
11668863
11669104
11669107
11669142
11669145
11669155
11669161
11669589
11669595
11670046
11670108
11670121
11670534
11670739
11670812
11670871
11670895
11670896
11670912
11670919
11671297
11672205
11672209
11672333
11673046
11674663
11677411
11677486
11681179
11681200
11681201
11682172
11682177
11682207
11682224
11683035
11683038
11683050
11683061
11683063
11683076
11683098
11683105
11683140
11683171
11683556
11683564
11683631
11701595
11701640
11701665
11701667
11701703
11701818
11701937
11702011
11702046
11702056
11702090
11702161
11702174
11702189
11702304
11702361
11702422
11702456
11702465
11702487
11702503
11702713
11702724
11702773
11702774
11702779
11702806
11702859
11702900
11702946
11702955
11702973
11702980
11702989
11703008
11703020
11703160
11703168
11703172
11703198
11703202
11703205
11703206
11703222
11703245
11703321
11703324
11703383
11703384
11703400
11703412
11703425
11703443
11703524
11703543
11703564
11703585
11703648
11703894
11703912
11703947
11703992
11703999
11704026
11704054
11704123
11704202
11704203
11704245
11704263
11704300
11704301
11704345
11704420
11704464
11704480
11704527
11704536
11704638
11704657
11704672
11704711
11704716
11704766
11704778
11704786
11704868
11704925
11705025
11705027
11705057
11705059
11705069
11705135
11705141
11705142
11705157
11705159
11705209
11705216
11705223
11705225
11705226
11705282
11705319
11705438
11705442
11705479
11705496
11705590
11705600
11705653
11705661
11705664
11705714
11705724
11705749
11705758
11705976
11705981
11705990
11705992
11706030
11706053
11706184
11706282
11706366
11706377
11706384
11706386
11706425
11706456
11706460
11706533
11706539
11706543
11706555
11706562
11706615
11706683
11706686
11706688
11706693
11706702
11706704
11706742
11706765
11706859
11706860
11706885
11706894
11706902
11706919
11706954
11706958
11707027
11707060
11707080
11707230
11707236
11707295
11707297
11707313
11707331
11707377
11707382
11707432
11707477
11707570
11707628
11707631
11707635
11707717
11707728
11707775
11707778
11707779
11707810
11707836
11707840
11707851
11707865
11707879
11707883
11707911
11707912
11707916
11707975
11708010
11708039
11708154
11708294
11708334
11708429
11708462
11708476
11708479
11708490
11708491
11708553
11708566
11708643
11708644
11708715
11708740
11708962
11709165
11709192
11709429
11709442
11709462
11709471
11709621
11709623
11709867
11709897
11710028
11710030
11710039
11710077
11710098
11710194
11710225
11710316
11710410
11710646
11710719
11710861
11710868
11710882
11710902
11710911
11710992
11711005
11711025
11711075
11711109
11711252
11711266
11711306
11711329
11711334
11711361
11711401
11711415
11711435
11711444
11711523
11711642
11711809
11711815
11711819
11711835
11711839
11711896
11718483
11719062
11723224
11723320
11723365
11723389
11723400
11723434
11723469
11723542
11723611
11723631
11723683
11723698
11723793
11723858
11723870
11723883
11723952
11723962
11723977
11723989
11724015
11724023
11724026
11724035
11724111
11724120
11724195
11724213
11724216
11724309
11724335
11724407
11724410
11724449
11724603
11724607
11724705
11724729
11724822
11724984
11725011
11725018
11726039
11726055
11726062
11726123
11726157
11726161
11726168
11726242
11726440
11726473
11726479
11726568
11726572
11726585
11726852
11726872
11726909
11726975
11726987
11727047
11727149
11727228
11727291
11727301
11727505
11727530
11727610
11727619
11727656
11727666
11727687
11727691
11727751
11727770
11727939
11728008
11728216
11728238
11728276
11728347
11728355
11728397
11728467
11728482
11728499
11728508
11728527
11728532
11728576
11728637
11728638
11728647
11728715
11728784
11728836
11728878
11728973
11729046
11729061
11729072
11729115
11729122
11729141
11729207
11729326
11729388
11729416
11729421
11729463
11729465
11729523
11729626
11729674
11729681
11729682
11729799
11729813
11729845
11729860
11729884
11729962
11729985
11729989
11729999
11730040
11730287
11730290
11730345
11730393
11730521
11730531
11730607
11730609
11730625
11730709
11730710
11730909
11730917
11730987
11731076
11731130
11731164
11731210
11731220
11731222
11731243
11731244
11731273
11731275
11731280
11731399
11731400
11731432
11731577
11731701
11731767
11731803
11731820
11731836
11731854
11731874
11731897
11731926
11731927
11731985
11731998
11732005
11732108
11732170
11732179
11732190
11732208
11732468
11732564
11732645
11732698
11732877
11732892
11732919
11732937
11732940
11732943
11732985
11732990
11733004
11733051
11733190
11733200
11733215
11733278
11733328
11733358
11733466
11733490
11733493
11733607
11733696
11733830
11733868
11733900
11733915
11733917
11733924
11733927
11733932
11733934
11733944
11733959
11734061
11734090
11734340
11734371
11734439
11734444
11734446
11734513
11734630
11734662
11734669
11734682
11734716
11734838
11734840
11734970
11734978
11735040
11735046
11735047
11735054
11735128
11735129
11735140
11735150
11735181
11735196
11735216
11735246
11735279
11735281
11735300
11735351
11735372
11735384
11735411
11735414
11735524
11735535
11735558
11735604
11735609
11735615
11735623
11735690
11735709
11735711
11735741
11735742
11735760
11735763
11735861
11736018
11736081
11736202
11736211
11736218
11736271
11736303
11736826
11736904
11737086
11737366
11737396
11737400
11737472
11737731
11737739
11737756
11737801
11737831
11738109
11738130
11738167
11738177
11738184
11738266
11738267
11738296
11738322
11738328
11738372
11738503
11738507
11738520
11738521
11738538
11738539
11738542
11738550
11748511
11749480
11749670
11749996
11750865
11754027
11754052
11754080
11754125
11754454
11754466
11754484
11754561
11754586
11754764
11754824
11754833
11755192
11755442
11755448
11755475
11755487
11755512
11755517
11755549
11755556
11755570
11755864
11755925
11756214
11756291
11756801
11756806
11756844
11756853
11756860
11756871
11757575
11757682
11758392
11759056
11759063
11759065
11760216
11760246
11760249
11760483
11760531
11760534
11761864
11761892
11761899
11761901
11761937
11762885
11762898
11762904
11762907
11762966
11762972
11763043
11763048
11765492
11765705
11765713
11766177
11766183
11766205
11766254
11766999
11767006
11768142
11768177
11768378
11768393
11768541
11768545
11770114
11770139
11770503
11770758
11770850
11770852
11770881
11770930
11770993
11771007
11771032
11771062
11771376
11771575
11772589
11774181
11774499
11776491
11778490
11783689
11783704
11783713
11787216
11787217
11787328
11787541
11787552
11787553
11787602
11787611
11787853
11787859
11787863
11787938
11787973
11788933
11788995
11789460
11791067
11791088
11791125
11791871
11791873
11791892
11793253
11793301
11793330
11794334
11794354
11794375
11795324
11795370
11795371
11795409
11795416
11795417
11795421
11795433
11795447
11795448
11795690
11795708
11795753
11796083
11796121
11796124
11796615
11796617
11796689
11802245
11802251
11803099
11803128
11803190
11803212
11803223
11803230
11803278
11803526
11803541
11803586
11803908
11808322
11808329
11808365
11808396
11808398
11821820
11821844
11821848
11821895
11821899
11821900
11821910
11822076
11822087
11822145
11822776
11822795
11823142
11823210
11823332
11823351
11823399
11823749
11824098
11824100
11824101
11824921
11824988
11824989
11826409
11826880
11826937
11826940
11827928
11827932
11828155
11828188
11828227
11828234
11828462
11829308
11829320
11829324
11829340
11830227
11830644
11830645
11830654
11830674
11830684
11834198
11835211
11843795
11843822
11843966
11845437
11845473
11845702
11847054
11852247
11853480
11855214
11855218
11855219
11855230
11855254
11855256
11855257
11855261
11855280
11855294
11862134
11863505
11863553
11863561
11867003
11868805
11868932
11869705
11870708
11870727
11870731
11870813
11870953
11871677
11872563
11872565
11873352
11873359
11873391
11873407
11873416
11873453
11873464
11873474
11873772
11873857
11873860
11873865
11875050
11875052
11875053
11875057
11875076
11875090
11876652
11879333
11879941
11882123
11882135
11883106
11883118
11885365
11885444
11885446
11887162
11887170
11887202
11887248
11891317
11892550
11893968
11893970
11893981
11897309
11897327
11898094
11898101
11901691
11901748
11901751
11903353
11903364
11903374
11903514
11903524
11916604
11916607
11928461
11928468
11928471
11929430
11929453
11929536
11930325
11930462
11930487
11930496
11930498
11932291
11933157
11933191
11934793
11934797
11935171
11935177
11935181
11939262
11939548
11942054
11948337
11950663
11950672
11950902
11950904
11950907
11950912
11950926
11950929
11950964
11952929
11952986
11953017
11953023
11953427
11953445
11953694
11953697
11953705
11954797
11955780
11955865
11955870
11956173
11956192
11956454
11956601
11956604
11956708
11956785
11956895
11957779
11957784
11957838
11957855
11957858
11958196
11958226
11958591
11958891
11959169
11959189
11959190
11959200
11959245
11959266
11959283
11960001
11960013
11960036
11960072
11960088
11960450
11960786
11960791
11960803
11960850
11960855
11960866
11960877
11960881
11961336
11961471
11961530
11961619
11963233
11963239
11963316
11963325
11963393
11963732
11963735
11963803
11963827
11963844
11964198
11964559
11965220
11965225
11965336
11965388
11965520
11965525
11965579
11965599
11965796
11965799
11965967
11966015
11966606
11966628
11966986
11966993
11967007
11967024
11968902
11968918
11969337
11969374
11969381
11970004
11970026
11970382
11970384
11970391
11970404
11970405
11970422
11970660
11970700
11970721
11970726
11970749
11971725
11971757
11971761
11971782
11971802
11971902
11971912
11972225
11972242
11972246
11972272
11975226
11975285
11975289
11975301
11975773
11986000
11986050
11986641
11988821
11988933
11990211
11991145
12008600
12010306
12010525
12011454
12011467
12011474
12011972
12012065
12012091
12012095
12012435
12012473
12013445
12013457
12013462
12013608
12013703
12015436
12016743
12016790
12026575
12026812
12026918
12026939
12026957
12026960
12026967
12027198
12027201
12027276
12027295
12027300
12027319
12027325
12027904
12028018
12028289
12028319
12028607
12028685
12029040
12029041
12029048
12032657
12034204
12034230
12035386
12035455
12037589
12037595
12038793
12039020
12040053
12040585
12041472
12041483
12043594
12043611
12043628
12043919
12043950
12043958
12044198
12044215
12044218
12044220
12044338
12044551
12044554
12045153
12045155
12045196
12045783
12045792
12045798
12045879
12045884
12045943
12045963
12046491
12046532
12046538
12046539
12046547
12046566
12046576
12046794
12046854
12046894
12046904
12046918
12047141
12047144
12047420
12047427
12047454
12047697
12047707
12047722
12047783
12047804
12047821
12048038
12048227
12050865
12050878
12050896
12050931
12051222
12052164
12052170
12052211
12052218
12052236
12052245
12052447
12052477
12052529
12052533
12052566
12052567
12052994
12053011
12053046
12053067
12053100
12053101
12053111
12053560
12053592
12053594
12053595
12053599
12053603
12053665
12053671
12053684
12053950
12053979
12054651
12054653
12054659
12054700
12054725
12054734
12055015
12055058
12055063
12055092
12055679
12056436
12056438
12056453
12056477
12056509
12057112
12057119
12057158
12057164
12057812
12057817
12057824
12057840
12057845
12057862
12057889
12057892
12057899
12058393
12058429
12058431
12058438
12058439
12058443
12058926
12058965
12058972
12059460
12059499
12059520
12059816
12060068
12060517
12060519
12060525
12060566
12060587
12060591
12060600
12060929
12060939
12060949
12060951
12060958
12060984
12061188
12061190
12061195
12061202
12061240
12061294
12061771
12061807
12061809
12061816
12061817
12061821
12062121
12062132
12062162
12062164
12062171
12062267
12062325
12062343
12062350
12062622
12062837
12062858
12062892
12062935
12062938
12062947
12064701
12064792
12064817
12064869
12064887
12064892
12064900
12065166
12133821
12134406
12134428
12134964
12144372
12144396
12146652
12147536
12147538
12147554
12150104
12166183
12246439
12284572
12284574
12284580
12284583
12284589
12436203
12486771
12487494
12487532
12487540
12487548
12487567
12487639
12487671
12487696
12487709
12487855
12487904
12487907
12615117
12615208
12615210
12615233
12615244
12633139
12633144
12715526
12768493
12803788
12803814
12803847
12803850
12803858
12804176
12804526
12804531
12805405
12805427
12805438
12805548
12806044
12806094
12806119
12806486
12806492
12806495
12806520
12806533
12806567
12807690
12808784
12811003
12811016
12811080
12811099
12811128
12811139
12811140
12811141
12811142
12813341
12814955
12815530
12816328
12817311
12824750
12824755
12824777
12826836
12848489
12848502
12848536
12848550
12848976
12848995
12852751
12852752
12853068
12853097
12856810
12856887
12863695
12863943
12864642
12866043
12870436
12870449
12870472
12870594
12870724
12870735
12870766
12870767
12870769
12870782
12870797
12870803
12870847
12870950
12871111
12871121
12871242
12871257
12871260
12871274
12871288
12871319
12871332
12871373
12871394
12871414
12871427
12871464
12871477
12871730
12871777
12871780
12871795
12871802
12872122
12872135
12872146
12872147
12872160
12872163
12872175
12872181
12872348
12872440
12872449
12872460
12872461
12872482
12872523
12872569
12872619
12872663
12872708
12872715
12872903
12872969
12873036
12873074
12873086
12873335
12873370
12873376
12873478
12873560
12873564
12873565
12873566
12873863
12873915
12873916
12874015
12874135
12874480
12874513
12874642
12874695
12874830
12874831
12874844
12874847
12874868
12874896
12874909
12874932
12874961
12874974
12875030
12875042
12875215
12875372
12875397
12875401
12877421
12877432
12877479
12877490
12877503
12877510
12877516
12877579
12877602
12877616
12877738
12878049
12878050
12878105
12878122
12878303
12878488
12878987
12879068
12879356
12879369
12879384
12879410
12879451
12879464
12879501
12879514
12880656
12880745
12880752
12880818
12880832
12881159
12881372
12881394
12881407
12881413
12881439
12881446
12881515
12882735
12882754
12882998
12883011
12883067
12883079
12883200
12883408
12883433
12883479
12883835
12883838
12883853
12883860
12884193
12884204
12884205
12884221
12884507
12884518
12884519
12884540
12884724
12884728
12884729
12884730
12885027
12885079
12885080
12885179
12885318
12885389
12885504
12885521
12885649
12885667
12885686
12885921
12885989
12886011
12886026
12886060
12886073
12886107
12886114
12886128
12886184
12886327
12886429
12886442
12886461
12886512
12886514
12886523
12886541
12886544
12886582
12886591
12886665
12886775
12886878
12886884
12886902
12886905
12886926
12886934
12887015
12887147
12887199
12887203
12887222
12887295
12918197
12918220
12918316
12918338
12918357
12918571
12918577
12918865
12918894
12918907
12918922
12918942
12918995
12919020
12921410
12921426
12921428
12922178
12922209
12922868
12922887
12926381
12969272
13009297
13009306
13157556
13201358
13201724
13226147
13226294
13226439
13226462
13226961
13261847
13270048
13326265
13326289
13326292
13396707
13396906
13396940
13396951
13406266
13406299
13442184
13455886
13455892
13472382
13472386
13472413
13505301
14324663
14339519
14377349
14389589
15671939
15672265
15678824
15680028
15685688
15686567
18980824
19153056
20277869
20277876
20277893
20277921
20277927
21315193
21315275
21315314
21315365
21315399
21315594
21315730
21317223
21318450
21318465
21318473
21318488
21318522
21318748
21318825
21318828
21318837
21318850
21318974
21318997
21319023
21319078
21319139
21319279
21319306
21319329
21319340
21319345
21319354
21319355
21319413
21319426
21319578
21319753
21319784
21319792
21319795
21319801
21319873
21319889
21319899
21319977
21319987
21319988
21320023
21320418
21320450
21320458
21320519
21320549
21320578
21320581
21320606
21320632
21320637
21320640
21320844
21321174
24018134
24028481
24028831
24028834
24029223
24029370
24029417
24029451
24029612
24030030
61698
189882
217646
249567
255689
255690
255691
255692
262819
282913
284069
286261
300111
302325
306063
306331
308173
