12180115
12205522
12227817
12230455
12261972
12268224
12294453
12304274
12327977
12337726
12365314
12375783
12384613
12401151
12412487
12430976
12440825
12453028
12465938
12473897
12484325
12496692
12511490
12517917
12528703
12535617
12538151
12552497
12553026
12569977
12571825
12592733
12595234
12602436
12603423
12620355
12629736
12637057
12642707
12645928
12646524
12665295
12669459
12672856
12681540
12688431
12688560
12699978
12704793
12711415
12714862
12720973
12733834
12737433
12741141
12745306
12749947
12755659
12766400
12767986
12777418
12779320
12782039
12793625
12795628
12800285
12804264
12811625
12814906
12820430
12823532
12825944
12839078
12839306
12841399
12846106
12847384
12850187
12850873
12860366
12863106
12871949
12874705
12879130
12880737
12884755
12889386
12895293
12898841
12902479
12903183
12910728
12914971
12917883
12918109
12924113
12930812
12931420
12932497
12933770
12939547
12941599
12942241
12944375
12950286
12951531
12959554
12961573
12964272
12964834
12968526
12971304
12972477
12977770
12979082
12980061
12981776
12990168
12990504
12994588
12996438
12997696
12999462
13002585
13008642
13013401
13014132
13017719
13021254
13022387
13024727
13030535
13030871
13032552
13037336
13041140
13043696
13044231
13046276
13048118
13050831
13055604
13057431
13060826
13062467
13067524
13074562
13074706
13075042
13075585
13081710
13084609
13084816
13085198
13088203
13091797
13092103
13095525
13097096
13097460
13103652
13103697
13108153
13108892
13112844
13114151
13115330
13116654
13118773
13118814
13125482
13128517
13129163
13129179
13131973
13134923
13135483
13138915
13139861
13142313
13144582
13148193
13148885
13149514
13154685
13156641
13157543
13159325
13160082
13160481
13162737
13163462
13170909
13174110
13175324
13175874
13177613
13179489
13183026
13184618
13184807
13189650
13191079
13191202
13192836
13195891
13199523
13200179
13203460
13207208
13209820
13211266
13213427
13213770
13216989
13218248
13218795
13220791
13221633
13223274
13224756
13224788
13226664
13226666
13234381
13235867
13238046
13238304
13240487
13241101
13246649
13249187
13249701
13250296
13250990
13254072
13254268
13254696
13255454
13257000
13257987
13265092
13265923
13266221
13266937
13269887
13273240
13275628
13276080
13276374
13280373
13280893
13283361
13283469
13284665
13288136
13288671
13289465
13292636
13294587
13298637
13298843
13299043
13300486
13301827
13302919
13306123
13306258
13306874
13311396
13312033
13313186
13315471
13316338
13317550
13319270
13319744
13319948
13322011
13322330
13325336
13326960
13330360
13333258
13333589
13336518
13339555
13339636
13339896
13340372
13341703
13347000
13348542
13350625
13350740
13352085
13352354
13352794
13352867
13356131
13356704
13360145
13362477
13363133
13364198
13364550
13367781
13367862
13368112
13370260
13370671
13370729
13370934
13372081
13372495
13377283
13377604
13378988
13379007
13383145
13383551
13383897
13385360
13387635
13390013
13391267
13394219
13395808
13395819
13399301
13401976
13404502
13405620
13406290
13406427
13406973
13409013
13409561
13409964
13410772
13410988
13411008
13412853
13414724
13415184
13416408
13417609
13420410
13422472
13422699
13423286
13423688
13426557
13427138
13428849
13429207
13429321
13430002
13430694
13433457
13433639
13434889
13436519
13436643
13438069
13439770
13439945
13442418
13445187
13445665
13449964
13451052
13451761
13452131
13453856
13453960
13454261
13455230
13456504
13457224
13460658
13461029
13462748
13463750
13465127
13467018
13467231
13468554
13469286
13469643
13469808
13471272
13472069
13473366
13474026
13474034
13476897
13476909
13476984
13478004
13481827
13482116
13482355
13483292
13484454
13487074
13487770
13488335
13490993
13492436
13493012
13493138
13495464
13496623
13496740
13496958
13499244
13499966
13500370
13500899
13501451
13503810
13504315
13505541
13505775
13506087
13506320
13508809
13510628
13511068
13516589
13518072
13518375
13518619
13518769
13519411
13519461
13522352
13522577
13523213
13523313
13523496
13525951
13530353
13530930
13531439
13532304
13532723
13534099
13535135
13535157
13538373
13541831
13542455
13542474
13543738
13543946
13544030
13544171
13545368
13547337
13550172
13552744
13553480
13553785
13555225
13555714
13556114
13557306
13557377
13557631
13558249
13558861
13559174
13559452
13561394
13562622
13563029
13568160
13568359
13568817
13570349
13570462
13570793
13572743
13573021
13573079
13574006
13574525
13574670
13574950
13576076
13577904
13578959
13579127
13580161
13580393
13580973
13581425
13581670
13583991
13584946
13585449
13587814
13589709
13590847
13592745
13593218
13595148
13596117
13597166
13597176
13597222
13597680
13598385
13599034
13599251
13601490
13602468
13602872
13604491
13605781
13606531
13607613
13608273
13608561
13608740
13611635
13611644
13612680
13612730
13613516
13613539
13613685
13615860
13616052
13618241
13619377
13619724
13621904
13623832
13623834
13623841
13625758
13626239
13626265
13628665
13628841
13629291
13630859
13631831
13632538
13634012
13634575
13635420
13635429
13636154
13636384
13637663
13637858
13640930
13641249
13641917
13642140
13646101
13646497
13646722
13649171
13649686
13650097
13651229
13651932
13652156
13652325
13654020
13654675
13655116
13655136
13655389
13656149
13657321
13658554
13659691
13660170
13660425
13662430
13662858
13664004
13664455
13665600
13666008
13667111
13667349
13667887
13668764
13668861
13668984
13669090
13669688
13673377
13673791
13674962
13675335
13675601
13675650
13676363
13676748
13676985
13677316
13678313
13680412
13681347
13681910
13682990
13685029
13685166
13687029
13687222
13688542
13688804
13689256
13689826
13690602
13691429
13692654
13692946
13693546
13694308
13694699
13697678
13698052
13698963
13699356
13700294
13701065
13701407
13704061
13704500
13704766
13704986
13705438
13706162
13706864
13707876
13708466
13709423
13709976
13712404
13713232
13714417
13714486
13715286
13715431
13715821
13716350
13716369
13716372
13716957
13717627
13717808
13719496
13721682
13722720
13724405
13725764
13726169
13726891
13727112
13727779
13728772
13728962
13729543
13729723
13730443
13732268
13734704
13735579
13735755
13736327
13736332
13736452
13737206
13737348
13738465
13739611
13740619
13740945
13741073
13741125
13742736
13742778
13743224
13744549
13744656
13745092
13748039
13748632
13749770
13749934
13750990
13751309
13751710
13752826
13753265
13753791
13753957
13754197
13754575
13755829
13756053
13756437
13757589
13758042
13758511
13760027
13760694
13760970
13761508
13761638
13761696
13762573
13765208
13765686
13765866
13766626
13766781
13766792
13767723
13768201
13768280
13768787
13769131
13770553
13771669
13772423
13773048
13773693
13773700
13775694
13775822
13776124
13776606
13777845
13777950
13779347
13779716
13780395
13780973
13781721
13782352
13783472
13784847
13785520
13786225
13788179
13788680
13789634
13789749
13789937
13789969
13790375
13790522
13790628
13791693
13791869
13792011
13793607
13794490
13795822
13797085
13797706
13798295
13800142
13800553
13800719
13800764
13801169
13801357
13801953
13801963
13803009
13803391
13803590
13803675
13804498
13804857
13804987
13805640
13806261
13806482
13807556
13807679
13808242
13809172
13810928
13811852
13814044
13814398
13815056
13815868
13815995
13816138
13817525
13817923
13820626
13820974
13821830
13822666
13823355
13824638
13825423
13825665
13827503
13828321
13828906
13829549
13830088
13830367
13830404
13830772
13830856
13830881
13831600
13831675
13832320
13832478
13832925
13833240
13834189
13834801
13835308
13835965
13836241
13836421
13836778
13837552
13838235
13838693
13839837
13840447
13840914
13841864
13843028
13843033
13843250
13844343
13845278
13846016
13846024
13847635
13849716
13849892
13849971
13850250
13850902
13851114
13851448
13851555
13852523
13853740
13854235
13854675
13855585
13855741
13856131
13857092
13857468
13858018
13859220
13859903
13861353
13861965
13862195
13862587
13862981
13863043
13863261
13863657
13863968
13864036
13865352
13865510
13866532
13867344
13867426
13867435
13867590
13868655
13868792
13869372
13869459
13870824
13871090
13872319
13873673
13874715
13875088
13875203
13876561
13877085
13877156
13878715
13879894
13879938
13880492
13880740
13881551
13881766
13882053
13882437
13883153
13883484
13884721
13884822
13885142
13885367
13886436
13886976
13887505
13888207
13888262
13888501
13889628
13890675
13891477
13891945
13893306
13893637
13893817
13893835
13893918
13895240
13895268
13895571
13895742
13895921
13896072
13896562
13897932
13899242
13900429
13900714
13901022
13901220
13901295
13901673
13902272
13903537
13903990
13904103
13905244
13905284
13905938
13906608
13906979
13907800
13907833
13907948
13908304
13908639
13911005
13911266
13911492
13912776
13913347
13914384
13914423
13915004
13916792
13916792
13917303
13917608
13918172
13918222
13918758
13920011
13920079
13921731
13922593
13922703
13923352
13923791
13924101
13924206
13925036
13926811
13927082
13927288
13927583
13927596
13928095
13929479
13930265
13930751
13931806
13931976
13933159
13933551
13933918
13934276
13934781
13934911
13936064
13936069
13936102
13936184
13936226
13936658
13937176
13939259
13939895
13940973
13941246
13942020
13943467
13944730
13944986
13945248
13945501
13945791
13945906
13947022
13948673
13948714
13948775
13949294
13949470
13950250
13950319
13952031
13952074
13952164
13952287
13953063
13953252
13953281
13953740
13955583
13956548
13957777
13958009
13958454
13958580
13959155
13959436
13959880
13960177
13960815
13962185
13962525
13962627
13962984
13962991
13963669
13964294
13965485
13965563
13965567
13966044
13966317
13966892
13968159
13968643
13969229
13969451
13969515
13970926
13971270
13971526
13972378
13973016
13973597
13973610
13974037
13974475
13974651
13974910
13976282
13977106
13977744
13979262
13980621
13980922
13981036
13981678
13981836
13982024
13982634
13982869
13983705
13983858
13984100
13984574
13984591
13986485
13986770
13987566
13988017
13988113
13988146
13988340
13988556
13989045
13990233
13990284
13990564
13991304
13991504
13991549
13992837
13994407
13994670
13995397
13996397
13998981
13999125
13999322
13999773
14000067
14000334
14000636
14000650
14002731
14003014
14003793
14003795
14004460
14004574
14004930
14004934
14005696
14005714
14006445
14007291
14007863
14007868
14008119
14008896
14009026
14009726
14010009
14011279
14011755
14012024
14012191
14013069
14013075
14013202
14013534
14014140
14014538
14016398
14016504
14016757
14016923
14017998
14018011
14018356
14018392
14019402
14019481
14020445
14020571
14021905
14022306
14022633
14022723
14023834
14023961
14025567
14026141
14026222
14026733
14027441
14028457
14028691
14029736
14030184
14030780
14030804
14032878
14033247
14033554
14033714
14033716
14033940
14034412
14034465
14034499
14035413
14035603
14035800
14035851
14036332
14038090
14039320
14039489
14039813
14039859
14040330
14040360
14041177
14041245
14041372
14042046
14042346
14042633
14042937
14043806
14044003
14044329
14045287
14045478
14045539
14046112
14046754
14046981
14047235
14049552
14050200
14050201
14051583
14052019
14052029
14052926
14053897
14054342
14054601
14054793
14054989
14055195
14055255
14056658
14056707
14057570
14057892
14058153
14058224
14061000
14061630
14062583
14062857
14062954
14063189
14063472
14063638
14063694
14063871
14064592
14064865
14065018
14065183
14065948
14066295
14068787
14068917
14069813
14069895
14070199
14070250
14070954
14071620
14071833
14073689
14073725
14073789
14075162
14075471
14075728
14075817
14076168
14076522
14077146
14077295
14077317
14077861
14078776
14079121
14079156
14079203
14079406
14079508
14079589
14079911
14080683
14080876
14080982
14081260
14081724
14082517
14082989
14083864
14084169
14084608
14085307
14085669
14085830
14086027
14086874
14087291
14090031
14090838
14091173
14091398
14091603
14091647
14092849
14093620
14093627
14094841
14095592
14096156
14096677
14096881
14097149
14097911
14098065
14098265
14098506
14098514
14099124
14099301
14099855
14100116
14100852
14101388
14101925
14102763
14103136
14103142
14103176
14103399
14104476
14104599
14106222
14106396
14106878
14107116
14107906
14108223
14108497
14108841
14109497
14109731
14110251
14110809
14111703
14111729
14112152
14113427
14114620
14114666
14114741
14115394
14115596
14116138
14117816
14118027
14118126
14118282
14119045
14119885
14120092
14122545
14122555
14122786
14122995
14123122
14123427
14123869
14123993
14124083
14124122
14124611
14125026
14125033
14125805
14126106
14127496
14127521
14127859
14127902
14128719
14129001
14129641
14129996
14130484
14130529
14132249
14132250
14132305
14132896
14133765
14133973
14134170
14135440
14135622
14136288
14136785
14136800
14138079
14138830
14139600
14139873
14139895
14141146
14141211
14141321
14141719
14141887
14142239
14142603
14143038
14143218
14143395
14143486
14143492
14143638
14143794
14143904
14144286
14146852
14147378
14148129
14148191
14148195
14148231
14148239
14150937
14151046
14151075
14151119
14151183
14151819
14152204
14152965
14152998
14153383
14153639
14154488
14155009
14155029
14155480
14156076
14157316
14157931
14159557
14159725
14159905
14160661
14160944
14160978
14160990
14161019
14162204
14162522
14163200
14163314
14163788
14164147
14164700
14164923
14166053
14167061
14167152
14167858
14168180
14168493
14168865
14170000
14170047
14170228
14170737
14171117
14171522
14171782
14172555
14172638
14172648
14172653
14172898
14173348
14173765
14174226
14174802
14175237
14177044
14177053
14177155
14177246
14177468
14178110
14179920
14181108
14181275
14181457
14182077
14182298
14182365
14182578
14182617
14182642
14184034
14185088
14185193
14185419
14185675
14185920
14185996
14186998
14187190
14187283
14188454
14188492
14188629
14188630
14188669
14188943
14189222
14189674
14190471
14190598
14190881
14191476
14191598
14192084
14192692
14192812
14192881
14193538
14193945
14194041
14194152
14194312
14195029
14196114
14196523
14196582
14196707
14197648
14197805
14198139
14198581
14199084
14199214
14199369
14199579
14201247
14201873
14202260
14202903
14204127
14204161
14204803
14204937
14204975
14205160
14205366
14205736
14206341
14206777
14207447
14207937
14208052
14208199
14208616
14208711
14209126
14209833
14210039
14210713
14211028
14212135
14213147
14213315
14213962
14214008
14214202
14216066
14216081
14216284
14216353
14216464
14216656
14217175
14217221
14217874
14218135
14218671
14218684
14218904
14219022
14219734
14219738
14219864
14220161
14221287
14221415
14222039
14222224
14222436
14222878
14223387
14223535
14223889
14224018
14224366
14224419
14224587
14225018
14225298
14225347
14225943
14225982
14226176
14226730
14228983
14229300
14229774
14229972
14231568
14232656
14233639
14234308
14234341
14234707
14234722
14235042
14235371
14235425
14235853
14235875
14236090
14236328
14236729
14237136
14237322
14237462
14238437
14239318
14239389
14239543
14239625
14240086
14240433
14241723
14242501
14242852
14242935
14242965
14243673
14244375
14244939
14244980
14245231
14245768
14246325
14246527
14247731
14248070
14248375
14248405
14248833
14249157
14249202
14249779
14251029
14251290
14251784
14251989
14252165
14252220
14252328
14253479
14253613
14253639
14253838
14254026
14254462
14254762
14255093
14255432
14255989
14256414
14256778
14257008
14257083
14257628
14258115
14258657
14258855
14259042
14259085
14259434
14259644
14261523
14262014
14262276
14263652
14263790
14263837
14263908
14264669
14264706
14266180
14266390
14267384
14267580
14267615
14267992
14268899
14268993
14270078
14270131
14270208
14271471
14271676
14271759
14272211
14273479
14273749
14273777
14274630
14274850
14274960
14275241
14275409
14275651
14275992
14276646
14277041
14277395
14277472
14277541
14277965
14278139
14278972
14279873
14279986
14280587
14281139
14281145
14281437
14281786
14282281
14282367
14282509
14284061
14284476
14284536
14284544
14284775
14285251
14286032
14286252
14286642
14286871
14287118
14287320
14288117
14288405
14289872
14290033
14290138
14290197
14290367
14291085
14291198
14291771
14292002
14292896
14292993
14293051
14293092
14293460
14293664
14294231
14295894
14296329
14296344
14296372
14296378
14296421
14296518
14296562
14296920
14296967
14297223
14299249
14300273
14300360
14300618
14301057
14301238
14301513
14301731
14302605
14302793
14302999
14303233
14303469
14303533
14303968
14304548
14305809
14306705
14307298
14308046
14309105
14309201
14309279
14309407
14309581
14309584
14309645
14309775
14310054
14310123
14310186
14310496
14310624
14310672
14310916
14311973
14312293
14312502
14312673
14313402
14313612
14314006
14314167
14315405
14315510
14315810
14316951
14317948
14318058
14318731
14318861
14319321
14320145
14320446
14321117
14321175
14321211
14321319
14321933
14322176
14322276
14322814
14323284
14323355
14323548
14324507
14324987
14325176
14326094
14326301
14326592
14327033
14327787
14328822
14328865
14329977
14330060
14330113
14330922
14331093
14331305
14331481
14331688
14331906
14331932
14332473
14332711
14332754
14333654
14334384
14334713
14334730
14334975
14335498
14335516
14335640
14335815
14336255
14337048
14337340
14337661
14337985
14338416
14339041
14339137
14339138
14339545
14340089
14340430
14340669
14340848
14341149
14341387
14341694
14341723
14342937
14343511
14343725
14343836
14343849
14344089
14344161
14344312
14345457
14345976
14346177
14346496
14347250
14347434
14347567
14348156
14348386
14348900
14350106
14351249
14351479
14351813
14352760
14353082
14353161
14353329
14353965
14355622
14356368
14356390
14356836
14357390
14357550
14357728
14357971
14358037
14358556
14358758
14358834
14358903
14359214
14359477
14359883
14360056
14360992
14362406
14362947
14363046
14363205
14363918
14364448
14364686
14366154
14366205
14366408
14366420
14366742
14366863
14367080
14367118
14367260
14367352
14367566
14367754
14368884
14369038
14369490
14369852
14369945
14370052
14370910
14371054
14371246
14371446
14372949
14373037
14373269
14373787
14373804
14373950
14374560
14374593
14374694
14374758
14375150
14376185
14376343
14376597
14376705
14376961
14377294
14377349
14377378
14377423
14377644
14378283
14378685
14378852
14379920
14380185
14380966
14381844
14382048
14382049
14382584
14382787
14382831
14382883
14383263
14383265
14383666
14384212
14385566
14385747
14386289
14386464
14386550
14386664
14387662
14389339
14389477
14389611
14389837
14390523
14390551
14391350
14392119
14392752
14393204
14393359
14393862
14393965
14395011
14395190
14395301
14395499
14395646
14395718
14395825
14396770
14396884
14397448
14397509
14397541
14398194
14398301
14398598
14398900
14399077
14399297
14399820
14399856
14400448
14400966
14401322
14401606
14401661
14401801
14401840
14401994
14402154
14402219
14402327
14402454
14402482
14402969
14404452
14404931
14404935
14405215
14405434
14405522
14405820
14405903
14406131
14406395
14406701
14408312
14408926
14409956
14409981
14410129
14410305
14410589
14411360
14411635
14411799
14411832
14412548
14413616
14414116
14414615
14415496
14415667
14415855
14416257
14416353
14417211
14417929
14418533
14418645
14418758
14419376
14419892
14420020
14420054
14420438
14420827
14421059
14421451
14421911
14421966
14422032
14422626
14422760
14423006
14423565
14423680
14423789
14424063
14424490
14425063
14425099
14425100
14425416
14425640
14427570
14427896
14427965
14428047
14428414
14428805
14429201
14429442
14430288
14431358
14431383
14431589
14431979
14432159
14432285
14432391
14432680
14433173
14433342
14433529
14433645
14433776
14433950
14434208
14434301
14434633
14435102
14435202
14435283
14435710
14436227
14436378
14436582
14437264
14437386
14437427
14437902
14438316
14438387
14438603
14438687
14439007
14439797
14439799
14441144
14441553
14441786
14443779
14444269
14444279
14444529
14444834
14445437
14446374
14446806
14447696
14447832
14448076
14448364
14449727
14449794
14449919
14449976
14450087
14450320
14450467
14450477
14451325
14452125
14452544
14452679
14452744
14452984
14453247
14453815
14454202
14454272
14454899
14455098
14455208
14455454
14455677
14455846
14456779
14457021
14458083
14458121
14458820
14459476
14459628
14459654
14459973
14460471
14460476
14460566
14460953
14461109
14461119
14461359
14461713
14461937
14462041
14462643
14462818
14463375
14464306
14464362
14465387
14465413
14465415
14465444
14465621
14465997
14466103
14466452
14466489
14467699
14467902
14468668
14468819
14468865
14468925
14469225
14469449
14469933
14470224
14470451
14470558
14470675
14471063
14471477
14471687
14473514
14473593
14473687
14474195
14474676
14474923
14475616
14475907
14476138
14476779
14476840
14476974
14477016
14477531
14477591
14477728
14479400
14479827
14479945
14480798
14480836
14481063
14481114
14481268
14481338
14481526
14481907
14481940
14482419
14482442
14483398
14483908
14484232
14484596
14485469
14485778
14485951
14486274
14486941
14486958
14487386
14487575
14487607
14487630
14488050
14488125
14489354
14489525
14489560
14489771
14489885
14489940
14490364
14490820
14490948
14491042
14491398
14491619
14491978
14492301
14492572
14493242
14493315
14494813
14494870
14494882
14495012
14495032
14495520
14496621
14497944
14498407
14498744
14498821
14498874
14499254
14499384
14499952
14500123
14500348
14500371
14500467
14500954
14501652
14502268
14502417
14502561
14503135
14503164
14503807
14504087
14504551
14504628
14504761
14505538
14505826
14505876
14505907
14506027
14506454
14506663
14506767
14506800
14507030
14507203
14507236
14507691
14507827
14508255
14508533
14508775
14508818
14508861
14508986
14510504
14510575
14511340
14511373
14511532
14511891
14512654
14515024
14515579
14515819
14516074
14516611
14516734
14517040
14517267
14517334
14517417
14517422
14517684
14517872
14517946
14518304
14518307
14519136
14519300
14519651
14519667
14520362
14520736
14520839
14521333
14523434
14523588
14523619
14523967
14524482
14524522
14524623
14524767
14524918
14526802
14526883
14527047
14527337
14527481
14527770
14527801
14527963
14528134
14528244
14528725
14529465
14529849
14530133
14530522
14530553
14531384
14531434
14531529
14531820
14532469
14532731
14533085
14533478
14533487
14533580
14534300
14534585
14535424
14535514
14535537
14535858
14535921
14536132
14536893
14537692
14537919
14538009
14538364
14538459
14538690
14538753
14538943
14539197
14539370
14539608
14539986
14540057
14540983
14541078
14542470
14542803
14543039
14543170
14543784
14543941
14544041
14544169
14544324
14544962
14545350
14545586
14545646
14546476
14547311
14547448
14547703
14547725
14548610
14548976
14549055
14549189
14549391
14549617
14550625
14550760
14551042
14551121
14551189
14552046
14552352
14553094
14553346
14553642
14553689
14553953
14554644
14555278
14555454
14555829
14556140
14556185
14556909
14556918
14557159
14557483
14557985
14558260
14558864
14559290
14559585
14559665
14559710
14560241
14560287
14561075
14561079
14561525
14562061
14562319
14562486
14562664
14562891
14563034
14564882
14564970
14565128
14566041
14566167
14566853
14567766
14567978
14568618
14568679
14568931
14569071
14569350
14570445
14570791
14570821
14570858
14571255
14571404
14571470
14571718
14571761
14571904
14571920
14572339
14572494
14572560
14573297
14573374
14573375
14573533
14573589
14574062
14574208
14574757
14574974
14575118
14575238
14575248
14575280
14575746
14577150
14577235
14577441
14578082
14579150
14579721
14579815
14579990
14580319
14580471
14581003
14581234
14581573
14581777
14582624
14582733
14583478
14583713
14583814
14583862
14584292
14584349
14584857
14584959
14585176
14585482
14585771
14586863
14586942
14587071
14587175
14587183
14587207
14587613
14587986
14588149
14588347
14588498
14588860
14589095
14589138
14589162
14589208
14589429
14589920
14590008
14590158
14591038
14591823
14592227
14592657
14592994
14593231
14593609
14593623
14594653
14595197
14595296
14595648
14595659
14595753
14596087
14596822
14597067
14597098
14598059
14598466
14598486
14598929
14599169
14599586
14599857
14599859
14600315
14600688
14601507
14601788
14602011
14602049
14602177
14602465
14602549
14603366
14604588
14604785
14605222
14605524
14605537
14605612
14605623
14605793
14607042
14607356
14607711
14607911
14608117
14608163
14608652
14608690
14608842
14609077
14609169
14609460
14610263
14610609
14610689
14610720
14611137
14612073
14612116
14612403
14612501
14612782
14613152
14613167
14613544
14614114
14615065
14615764
14616152
14616630
14617031
14617379
14617608
14618251
14618258
14618646
14619002
14620302
14620375
14620685
14621085
14621525
14621586
14621684
14621709
14621947
14622183
14622190
14622576
14622615
14623021
14623237
14623385
14623834
14624309
14624658
14624726
14624998
14625085
14625108
14625758
14625852
14625864
14626187
14626256
14626311
14626791
14626941
14627737
14627789
14628238
14628399
14628604
14628851
14628907
14629242
14629539
14629805
14630579
14630659
14631069
14631955
14632171
14632831
14633161
14633356
14633781
14634804
14634807
14634936
14634959
14635110
14635326
14635557
14635626
14635901
14636027
14636125
14636214
14637292
14637312
14637794
14638003
14638127
14638248
14638645
14639660
14639760
14640146
14640383
14640752
14641154
14641395
14641657
14642081
14642463
14643226
14643247
14643306
14643953
14644136
14644310
14644562
14644796
14644933
14644990
14645290
14645729
14645881
14646021
14646139
14646644
14646721
14647012
14648164
14648624
14648803
14648915
14648963
14649309
14649361
14649381
14650373
14650486
14650975
14651261
14652050
14652598
14652788
14653118
14653149
14653382
14653596
14654251
14654813
14654842
14654989
14655521
14656281
14656586
14656984
14657089
14657157
14657343
14657446
14657831
14658254
14658600
14658684
14660360
14660537
14661201
14661293
14661431
14661655
14661664
14661758
14661970
14662198
14662423
14662452
14662881
14662957
14663185
14663563
14663796
14663988
14664077
14664161
14664621
14664915
14665522
14665621
14665647
14666606
14666745
14667006
14667413
14667419
14667503
14667734
14667751
14668921
14669569
14670524
14670600
14670609
14670727
14671279
14671324
14671882
14672163
14672294
14672326
14672511
14672861
14673092
14673375
14673576
14673702
14673828
14674066
14674096
14674632
14674921
14675720
14676010
14676285
14676577
14676695
14676813
14677739
14678208
14678415
14679113
14679425
14679476
14679567
14680464
14680734
14680753
14680873
14681007
14681417
14681698
14681737
14681771
14681951
14682225
14682434
14682766
14683113
14683147
14683270
14683589
14683608
14683951
14684864
14684945
14684963
14685680
14685763
14685928
14685969
14686008
14687276
14687509
14688165
14688856
14689451
14689675
14689866
14689974
14690286
14690309
14690519
14691634
14691652
14691748
14691782
14692286
14692803
14693602
14693843
14693889
14694160
14694418
14694537
14694587
14694681
14695368
14695539
14695824
14695883
14695930
14695997
14696218
14696261
14696493
14697614
14697732
14697967
14698157
14698873
14698915
14699372
14699407
14699409
14699416
14699466
14700140
14700477
14700478
14700736
14701050
14701051
14701242
14702243
14702355
14702776
14703107
14703669
14703815
14704057
14704140
14704267
14704328
14705019
14705313
14705491
14706528
14707310
14707621
14707771
14708267
14708666
14709187
14709492
14709699
14710551
14711226
14711507
14711802
14712028
14712194
14712435
14712483
14712750
14713413
14713419
14713476
14713857
14714422
14714444
14714571
14715111
14715241
14715316
14715452
14715830
14715901
14716409
14716554
14716736
14717032
14717682
14717842
14718000
14718151
14718248
14718439
14718702
14719001
14719618
14719813
14719820
14719837
14719931
14720989
14721606
14721612
14721996
14722203
14722299
14722311
14722545
14723285
14723294
14723798
14724082
14724301
14724821
14724923
14725243
14725285
14725289
14725964
14727123
14727671
14728116
14728252
14728606
14728609
14728969
14729342
14729487
14729604
14729605
14730540
14730607
14731047
14731050
14731201
14731418
14732108
14732997
14733488
14734106
14734253
14734373
14734557
14734849
14735290
14735351
14735394
14735646
14735653
14735658
14735705
14735719
14736126
14736266
14736803
14737194
14737280
14737442
14737760
14737874
14738518
14738634
14739493
14739859
14739900
14740446
14740501
14740595
14741276
14741476
14741647
14741870
14742231
14742244
14742290
14742620
14742645
14742758
14742987
14743375
14743700
14743847
14743893
14744335
14744863
14745047
14745380
14746413
14747191
14747369
14747456
14747722
14747727
14748424
14748558
14748581
14748584
14748702
14748959
14749626
14749716
14749850
14750147
14750382
14751502
14751755
14751987
14752052
14752114
14752259
14752739
14752961
14753833
14754006
14754033
14755145
14756029
14756084
14756332
14756599
14756648
14757007
14757655
14757666
14757702
14758048
14758483
14758602
14758704
14759219
14760125
14760756
14761217
14761296
14761684
14761967
14762101
14762927
14763397
14763886
14764314
14764582
14764833
14765048
14765327
14765560
14765568
14765759
14765917
14766897
14766913
14767017
14767207
14767717
14767775
14767848
14767931
14768099
14768107
14768178
14768252
14768275
14768490
14768602
14769035
14769110
14769435
14769667
14769779
14770083
14770088
14770970
14771066
14771343
14771421
14771584
14771827
14771890
14772347
14772961
14773208
14773209
14773442
14773606
14773696
14773709
14774466
14775744
14776191
14776628
14776916
14777005
14777121
14777188
14777325
14777512
14777830
14777962
14778383
14778586
14779360
14779489
14779973
14779989
14780628
14780718
14780799
14780858
14781025
14781565
14781843
14781996
14782463
14782579
14782810
14783655
14784146
14784207
14784236
14784484
14785084
14785257
14785377
14785380
14785395
14785432
14785529
14785791
14786527
14786609
14786611
14787908
14787936
14788544
14788588
14789074
14789200
14789948
14790074
14790094
14790676
14790757
14791184
14791673
14792067
14792450
14792721
14792793
14792967
14793164
14793176
14793307
14793520
14793891
14793910
14794038
14794104
14794107
14794872
14794909
14795351
14795360
14795542
14795623
14795894
14796152
14796168
14796467
14797064
14797258
14797370
14797432
14797674
14797799
14797849
14797863
14798426
14798605
14798853
14799304
14799845
14800540
14800615
14800743
14800798
14800901
14801617
14801904
14802030
14802072
14802298
14803052
14803457
14803539
14803567
14803998
14804154
14804777
14805000
14805158
14805193
14806642
14807321
14807642
14808198
14808370
14809098
14809136
14809207
14809496
14809673
14809702
14810374
14810514
14810616
14810935
14811096
14811664
14812095
14812691
14812897
14812944
14815234
14815393
14815497
14815701
14815948
14816027
14816196
14816409
14816713
14817112
14817789
14817904
14818023
14818096
14818234
14819077
14819145
14819658
14819788
14820060
14820589
14820968
14821237
14821342
14821397
14821558
14821637
14821743
14821805
14822036
14822280
14822357
14822495
14822623
14822885
14823132
14823225
14823805
14823996
14824066
14824117
14824269
14824457
14824680
14825210
14825721
14825969
14826942
14827075
14827155
14827387
14827411
14827798
14827911
14828210
14828385
14828490
14828962
14829008
14829225
14829898
14829899
14830337
14831408
14831718
14831729
14832058
14832236
14832308
14832385
14832563
14832609
14833528
14833899
14834085
14834100
14834956
14835103
14835522
14835841
14835981
14836092
14836118
14836155
14836272
14836557
14836861
14836976
14836982
14837089
14837229
14837251
14838357
14838403
14839518
14839625
14840189
14840289
14840534
14840581
14840763
14840875
14841109
14841212
14841279
14841383
14841921
14841986
14842709
14842789
14842809
14843002
14843665
14843853
14844493
14844612
14845251
14845306
14845548
14845550
14845642
14845822
14846043
14846271
14846444
14846835
14847058
14847225
14847278
14847343
14847648
14847837
14847884
14848263
14848658
14848684
14848721
14848916
14849192
14849621
14849819
14849950
14850226
14850745
14851273
14851383
14851746
14852434
14852875
14852958
14853266
14853294
14853649
14853801
14854143
14854946
14855622
14855894
14855962
14856184
14856216
14856321
14856620
14856698
14857008
14857032
14857106
14857798
14857981
14858075
14858116
14858248
14858949
14859032
14859033
14859036
14859362
14860133
14860905
14861096
14861168
14861286
14861560
14861756
14861782
14861962
14862399
14862661
14862765
14862993
14863603
14864383
14865144
14865651
14865840
14866281
14866364
14867054
14867795
14868519
14868731
14868802
14868968
14869103
14869399
14869619
14869790
14870303
14870398
14870551
14870585
14870676
14870743
14870854
14871088
14871246
14871614
14871891
14871909
14872701
14873142
14873166
14873197
14873401
14873746
14873774
14873832
14874083
14874866
14875196
14875862
14876005
14876276
14876791
14876812
14877319
14878107
14878413
14878784
14878852
14878999
14879030
14879134
14879577
14879678
14880001
14880303
14880365
14880611
14880839
14881331
14881357
14881486
14881903
14881974
14882073
14882975
14883225
14883346
14883684
14883893
14884156
14884161
14884330
14884473
14884583
14885356
14885615
14885729
14885929
14885974
14886183
14886412
14886515
14886817
14887423
14887630
14887737
14887794
14888042
14888270
14888874
14888883
14889387
14889828
14889860
14889937
14890337
14890982
14891156
14891992
14892243
14892914
14893956
14894001
14894507
14894706
14895324
14895613
14895623
14895834
14895943
14896221
14896311
14896498
14896717
14896796
14896899
14896934
14896969
14897163
14897325
14897461
14897847
14898134
14898708
14898906
14899413
14899437
14899753
14899770
14899864
14899887
14899889
14900175
14900339
14900358
14901125
14901908
14901925
14901943
14902178
14902200
14902314
14902374
14902827
14902861
14903177
14903655
14904317
14904384
14904443
14904805
14904835
14904898
14905124
14906020
14906143
14906655
14906715
14907008
14907335
14907405
14907564
14907570
14907581
14907748
14908084
14908097
14908144
14908218
14908452
14908583
14908624
14909101
14909663
14909948
14910034
14910181
14910228
14910418
14910584
14911050
14911241
14911260
14911796
14912406
14912542
14913347
14913609
14913674
14913971
14914219
14914292
14914357
14914379
14915211
14916389
14916755
14917076
14917505
14917892
14918125
14918145
14918244
14918553
14918776
14918932
14919258
14919271
14920075
14920173
14920664
14920811
14920834
14920973
14921384
14922019
14922301
14922361
14922555
14922610
14923076
14923363
14923424
14923718
14923789
14923912
14924178
14924276
14924287
14924513
14925068
14925490
14926080
14926122
14926296
14926670
14926755
14926784
14926805
14927059
14927119
14927465
14928078
14928211
14928747
14928898
14929180
14929588
14929833
14929851
14929912
14930332
14930530
14930556
14931317
14931401
14931480
14931569
14932097
14932117
14932298
14933336
14934168
14934506
14934713
14934881
14935185
14935673
14936263
14937316
14937694
14938145
14938605
14938625
14938768
14939381
14939490
14939995
14940101
14940164
14940656
14940907
14941086
14941323
14941331
14941557
14942244
14942250
14942759
14942939
14942970
14943209
14943457
14943560
14943647
14944257
14944509
14945204
14945310
14945508
14945587
14945688
14945936
14946002
14946369
14946680
14946737
14946931
14947258
14947629
14947683
14947953
14947969
14948382
14948418
14948468
14948819
14948821
14949970
14950035
14950351
14950352
14950488
14950629
14950653
14950706
14951091
14951201
14951205
14951917
14952003
14952134
14952462
14952486
14952540
14952738
14952772
14953298
14953389
14953481
14953814
14953821
14953956
14954496
14954959
14955417
14955610
14955836
14956098
14956199
14956234
14956466
14957146
14957186
14957293
14957343
14957945
14958811
14959061
14959595
14959777
14959854
14960041
14960362
14960566
14960789
14960878
14961457
14961459
14961508
14961646
14962450
14962809
14963014
14963099
14963266
14963434
14963673
14963686
14963776
14963948
14964595
14964758
14964931
14965027
14965926
14966278
14966429
14966741
14967168
14967312
14967783
14967858
14967919
14968248
14968255
14968283
14968568
14969178
14969271
14969634
14969672
14969862
14970193
14970230
14970281
14970468
14970575
14970720
14970789
14971245
14971944
14972029
14972216
14972433
14972749
14973148
14973177
14973530
14973725
14973878
14974160
14974208
14974962
14975431
14975496
14975529
14975548
14975808
14975809
14975991
14976089
14976241
14976856
14977265
14977295
14977804
14977960
14978026
14978459
14978555
14978776
14979091
14979151
14979333
14980104
14981022
14981052
14981801
14981825
14981885
14981902
14981927
14981946
14982281
14982431
14982849
14983056
14983475
14984347
14984885
14985139
14985188
14985245
14985369
14985585
14985644
14985800
14985941
14986161
14986234
14986404
14986535
14986783
14986923
14987289
14987431
14987562
14987819
14988113
14988671
14989564
14990254
14990479
14990621
14990720
14990963
14991614
14991808
14991860
14991976
14992414
14992510
14992623
14993260
14993435
14993476
14993816
14993933
14994132
14994268
14994660
14994669
14995094
14995492
14995623
14995798
14995822
14996020
14996024
14996026
14996730
14996965
14996995
14997093
14997274
14997569
14997863
14998057
14998275
14998512
14998695
14998781
14998789
14998889
14999084
14999229
14999664
14999992
15000668
15000707
15001432
15002018
15002996
15003223
15003421
15003486
15003708
15003781
15003792
15004015
15004162
15004853
15005268
15005622
15005849
15005875
15006076
15006394
15006506
15006935
15007245
15007359
15007701
15007769
15008155
15008313
15008518
15008697
15008887
15009383
15009801
15009838
15009955
15010103
15010393
15010656
15010871
15010884
15011259
15011578
15011687
15011878
15012180
15012573
15012952
15013270
15013712
15013970
15014411
15014424
15014700
15015261
15015549
15016455
15016612
15017087
15017276
15017318
15017455
15017508
15017659
15017784
15017886
15018072
15018567
15019566
15019577
15019629
15019780
15020104
15020156
15020250
15020409
15020420
15021098
15021202
15021219
15021900
15022018
15022397
15022405
15022670
15023186
15023212
15023295
15023318
15023380
15023421
15023423
15023761
15024281
15024875
15024887
15024997
15025281
15025323
15025685
15025981
15026870
15026904
15026939
15027242
15027682
15027902
15027903
15028178
15028592
15028790
15029384
15029731
15029769
15029999
15030006
15030391
15030479
15030752
15030828
15030973
15031270
15031746
15031878
15032265
15032682
15033168
15033351
15033469
15033513
15033804
15034091
15034282
15034451
15034926
15035174
15035265
15035435
15035586
15035604
15035943
15035944
15036310
15036444
15036592
15036855
15037115
15037692
15037779
15038160
15038667
15038697
15038720
15038778
15038986
15039300
15039339
15039736
15039874
15040823
15040924
15041187
15041518
15041575
15041854
15043170
15043347
15043402
15043766
15043772
15044279
15044347
15044640
15044888
15045091
15045249
15045586
15045657
15045807
15046363
15046781
15046897
15047100
15047272
15047761
15048244
15048365
15048505
15048515
15048549
15048576
15048668
15048792
15049234
15049256
15049782
15049843
15050203
15050288
15050869
15050918
15051034
15051382
15051560
15051897
15052358
15052389
15052900
15052920
15053191
15053242
15054016
15054387
15054645
15054781
15054824
15054936
15055047
15055259
15055443
15055553
15055580
15055910
15056918
15057131
15058261
15058322
15058814
15058922
15059075
15059173
15059361
15059445
15059695
15059795
15060143
15060171
15060293
15060449
15060485
15061038
15061112
15061387
15061634
15061762
15062100
15062229
15062403
15062405
15062519
15063216
15063420
15063500
15063588
15063641
15064005
15064091
15064116
15064905
15064993
15064997
15065553
15065661
15065912
15066625
15067059
15067199
15067243
15067730
15067753
15067865
15068406
15068684
15068725
15068862
15069182
15069462
15069611
15069756
15069945
15070033
15070062
15070081
15070685
15071122
15071141
15071146
15071689
15071708
15072218
15072287
15072466
15072982
15073036
15073237
15074478
15074729
15074880
15075353
15075403
15075554
15075677
15075696
15075762
15075771
15075776
15076075
15076093
15076233
15076869
15077147
15077978
15078200
15078503
15078544
15079323
15079372
15079551
15079740
15079973
15080324
15080383
15080622
15080670
15080953
15081209
15081223
15081235
15081495
15081733
15081960
15082049
15082465
15082558
15082581
15082622
15082933
15083450
15084455
15084620
15085102
15085265
15085307
15085309
15085467
15085524
15085904
15086051
15086450
15086569
15086655
15086811
15086937
15087710
15087736
15087759
15088376
15088557
15088774
15088812
15088929
15089000
15089998
15090071
15090570
15090758
15091073
15091088
15091705
15092026
15092508
15092512
15092619
15092799
15093088
15093105
15093266
15093476
15094843
15095205
15095322
15095434
15095535
15095579
15095986
15095998
15096097
15096311
15097015
15097089
15097368
15097496
15097567
15097706
15097798
15098276
15098313
15098453
15098582
15098760
15098843
15098871
15099161
15099238
15099513
15099903
15100192
15100565
15100875
15100881
15100980
15101025
15101212
15101232
15101560
15101737
15102195
15102264
15103016
15103050
15103352
15103859
15104023
15104142
15104154
15104278
15104485
15104601
15104605
15104994
15105163
15105251
15105369
15105508
15105949
15106110
15106673
15106737
15106967
15107155
15107197
15107273
15107590
15107706
15108123
15108598
15109834
15110007
15110157
15110401
15110676
15110706
15110914
15111622
15111799
15111952
15112120
15112220
15112623
15112793
15113154
15113181
15113215
15113790
15113876
15113889
15113933
15114596
15115017
15115080
15115158
15115484
15116006
15116057
15116197
15116370
15117064
15117275
15117423
15117447
15118090
15118109
15118272
15118873
15118936
15119324
15119371
15119575
15119677
15119687
15119774
15120081
15120284
15120521
15120541
15120977
15121089
15121298
15121353
15121817
15122658
15123514
15123585
15123705
15123916
15124056
15124166
15124753
15125784
15125910
15126100
15126127
15126371
15126849
15127058
15127115
15127129
15127217
15127430
15127608
15127740
15127979
15128054
15128616
15128731
15128742
15129084
15129312
15129325
15129596
15129707
15129943
15129963
15129985
15130358
15130401
15130657
15130666
15130915
15131154
15131275
15131308
15131389
15131885
15132065
15132269
15132520
15132945
15133236
15133455
15133538
15133618
15133775
15133790
15133895
15134234
15134451
15134561
15134649
15134654
15135169
15135309
15135457
15135808
15135809
15135959
15136157
15136285
15136381
15136538
15136539
15136863
15137084
15137380
15137559
15137594
15137663
15137895
15138291
15138395
15138474
15138919
15139141
15139256
15139758
15141004
15141077
15141501
15141619
15141627
15141687
15142379
15142773
15143195
15143866
15143951
15143998
15144058
15144163
15144217
15144747
15144774
15144788
15144826
15145110
15146342
15146975
15147033
15147172
15147249
15147286
15147297
15147317
15147470
15147533
15147633
15147832
15147955
15148383
15148847
15149455
15150081
15150200
15150447
15151393
15151665
15151671
15151702
15151829
15152845
15153239
15153468
15153497
15153708
15153752
15153890
15154005
15154014
15154016
15154066
15154299
15154375
15154481
15154656
15155222
15155766
15155819
15155819
15156116
15156162
15156255
15156455
15156565
15156665
15157168
15157274
15157537
15157833
15157998
15158076
15158106
15158119
15158227
15158451
15158496
15158592
15158942
15159209
15159400
15159906
15160334
15160485
15160783
15160876
15161267
15161352
15161514
15161530
15161773
15161780
15162287
15162510
15162530
15162715
15162990
15163195
15163623
15163687
15163756
15163813
15163876
15164153
15164379
15164404
15164635
15164746
15165234
15165585
15165932
15166034
15166251
15166731
15167290
15167858
15168225
15168439
15168746
15168787
15168928
15169159
15169415
15169443
15169710
15169754
15170019
15170277
15171260
15171574
15171628
15171826
15172110
15172167
15172261
15172433
15172625
15173510
15173523
15173662
15173786
15173792
15173917
15173933
15174267
15174632
15174725
15175222
15175280
15175682
15175959
15176061
15176120
15176234
15176312
15176512
15176752
15177000
15177032
15177082
15177309
15177467
15177846
15177933
15178122
15178477
15178614
15179275
15179280
15179367
15179564
15179726
15179737
15180311
15180800
15180826
15180847
15180954
15181158
15181436
15181489
15181496
15181530
15181655
15181667
15181801
15182640
15183312
15183394
15183439
15183747
15183770
15183872
15184050
15184591
15184782
15185312
15185610
15185796
15185921
15186280
15186308
15186441
15186451
15186494
15186655
15186859
15187111
15187495
15187753
15188155
15188342
15188383
15188402
15188597
15188863
15189021
15189427
15189566
15189576
15189631
15189850
15189994
15189995
15190552
15190920
15191054
15191130
15191506
15191571
15192202
15192275
15192383
15192553
15193383
15193395
15193771
15194330
15194356
15194366
15194400
15194534
15194821
15194884
15194928
15195035
15195170
15195890
15196000
15196018
15196633
15196755
15196761
15197055
15197440
15197485
15197699
15198200
15198413
15198425
15198821
15198900
15198952
15199796
15199952
15200136
15200241
15200454
15200513
15200697
15200706
15200730
15200761
15201275
15202240
15202764
15202937
15203050
15203064
15203072
15203185
15203364
15204163
15204304
15204324
15204524
15204646
15204705
15205069
15205100
15205210
15205638
15205719
15206114
15206143
15207051
15208082
15208155
15208237
15208649
15208661
15208880
15208962
15208968
15209164
15209266
15209380
15209706
15209726
15209757
15210019
15210080
15210097
15210099
15210222
15210367
15210373
15210464
15210519
15210566
15210595
15211040
15211354
15211467
15211839
15212355
15212360
15212517
15212880
15213071
15213089
15213098
15213111
15213154
15213444
15214495
15214841
15215298
15216082
15216149
15216218
15216430
15216487
15216575
15216931
15217114
15217155
15217225
15217349
15217522
15218378
15218612
15218974
15219297
15219514
15219561
15219582
15219606
15220419
15220494
15221029
15221200
15221612
15222064
15222132
15222293
15222637
15222638
15222658
15222709
15222898
15222937
15223264
15223551
15223749
15223898
15224134
15224598
15224696
15224895
15225021
15225189
15225471
15225485
15225489
15225524
15225871
15226024
15226114
15226221
15226354
15226476
15226607
15226673
15227774
15227787
15228254
15228409
15228435
15228500
15228669
15228748
15228835
15228836
15228856
15229299
15229349
15229370
15230034
15230396
15230522
15230549
15230748
15230798
15230842
15230909
15231108
15231245
15231318
15231384
15231675
15231930
15232507
15232741
15233674
15233697
15234394
15234529
15234926
15234934
15235160
15235203
15235210
15235308
15235458
15235769
15236191
15236479
15236525
15236688
15236781
15236805
15237098
15238192
15238205
15238442
15238535
15238690
15238979
15239199
15239253
15239552
15239600
15239617
15239770
15239904
15240126
15240164
15240412
15240737
15240887
15241079
15241093
15241599
15241669
15242164
15242321
15242466
15242609
15242725
15243097
15243131
15243156
15243175
15243382
15244355
15244485
15244563
15244667
15244820
15245240
15245551
15245655
15245824
15245856
15246028
15246225
15246660
15246995
15247168
15248285
15248440
15248527
15249003
15249010
15249068
15249076
15249765
15249803
15250177
15250199
15250448
15250489
15250973
15251084
15251771
15252160
15252368
15252684
15252733
15252766
15252893
15253055
15253314
15253494
15253648
15253878
15253883
15254318
15254348
15254673
15254912
15255028
15255110
15255312
15255397
15255502
15255698
15255774
15255986
15256829
15256878
15257354
15257579
15257598
15257668
15257898
15257986
15258361
15258517
15258577
15258650
15258697
15259326
15259344
15259619
15259780
15259945
15260034
15260329
15260689
15260813
15260940
15260951
15260980
15261374
15261403
15261705
15262189
15262226
15262351
15262534
15262672
15262735
15263467
15263655
15264273
15264667
15265435
15265536
15265831
15265942
15265993
15266262
15266524
15266552
15266895
15267095
15267389
15267434
15267798
15268294
15268389
15268789
15269044
15269641
15269712
15269822
15269939
15269990
15270364
15270443
15270524
15270961
15271155
15271228
15271284
15271368
15271381
15271925
15272327
15272630
15272880
15273137
15273812
15273966
15273996
15274014
15274254
15274364
15274539
15274670
15274977
15275515
15275985
15276159
15276307
15276802
15276849
15276959
15277019
15277402
15277442
15278072
15278151
15278256
15278351
15278649
15278892
15278943
15279439
15279532
15279688
15279850
15279985
15280214
15280509
15281063
15281319
15281616
15281696
15281984
15282180
15282351
15282552
15282633
15282650
15282946
15283041
15283042
15283043
15283636
15283658
15283783
15283903
15284037
15284304
15284310
15284829
15284899
15285112
15285318
15285321
15285456
15285683
15285812
15285849
15286080
15286168
15286172
15286304
15286377
15286390
15286619
15286690
15287481
15287488
15287856
15288155
15288479
15288482
15288646
15288805
15288821
15289239
15289419
15289599
15290650
15291795
15291807
15291962
15292110
15292454
15292464
15292801
15293353
15294207
15294713
15294877
15295122
15295175
15295254
15295433
15295669
15295744
15295762
15296118
15296510
15296531
15296645
15296949
15297123
15297675
15297727
15298334
15298470
15298657
15299344
15299468
15299609
15299698
15299717
15299929
15299934
15300060
15300072
15300449
15300935
15301116
15301473
15301530
15301649
15301707
15301729
15302913
15303140
15303672
15303689
15303743
15303845
15303968
15304043
15304247
15304515
15304518
15304558
15304766
15305727
15305975
15306429
15306764
15307030
15307052
15307353
15307655
15307759
15308141
15309130
15309310
15309592
15309920
15309981
15310001
15310156
15310377
15310669
15311182
15311268
15311471
15311881
15311927
15312216
15312508
15312613
15312811
15312860
15313013
15313169
15313226
15313244
15313831
15314137
15315024
15315098
15315189
15315459
15315460
15315665
15315674
15315744
15316014
15316319
15317074
15317302
15317590
15317980
15317997
15318130
15318178
15318427
15318438
15318510
15318645
15319323
15319329
15319433
15319459
15319692
15319790
15319821
15319988
15320433
15320472
15320508
15320605
15320848
15321050
15321432
15321528
15321534
15321954
15321960
15322458
15322613
15322731
15322900
15323159
15323193
15323201
15323594
15323795
15323870
15324432
15324455
15324496
15324506
15325238
15325470
15325678
15326114
15326202
15326714
15327018
15327034
15327059
15327654
15327690
15327763
15327788
15327993
15328277
15328379
15328885
15329164
15329360
15330108
15330259
15330274
15331071
15331813
15332285
15332358
15332547
15332884
15333459
15333770
15333895
15334515
15334522
15334551
15335051
15335075
15335109
15335696
15335745
15337001
15337259
15337269
15337479
15337663
15337671
15337822
15337887
15337961
15338046
15338070
15338205
15338439
15338578
15338993
15339072
15339216
15339561
15339633
15340917
15341302
15341587
15341624
15341956
15342255
15342275
15342827
15343122
15343200
15343400
15343615
15343893
15344259
15344578
15344596
15344723
15345146
15346321
15346444
15346483
15346542
15346640
15346683
15347190
15347249
15347328
15347381
15347401
15347678
15348026
15348175
15348211
15348253
15348446
15348739
15348805
15349182
15349381
15349431
15349672
15350129
15350786
15351263
15351551
15351614
15351958
15352010
15352011
15352179
15352282
15352983
15353015
15353745
15353966
15354162
15354372
15354460
15354745
15355065
15355095
15355517
15356032
15356276
15356434
15356733
15356839
15356916
15357506
15357912
15358029
15358056
15358272
15358358
15358379
15358434
15358461
15358797
15359021
15359061
15359213
15359217
15359360
15359702
15360013
15360053
15360390
15360436
15360976
15361095
15361356
15361661
15361854
15362230
15362483
15362634
15363195
15363458
15363861
15363867
15364525
15364685
15365065
15365894
15365906
15366423
15366542
15366891
15367425
15367685
15367774
15367893
15368014
15368075
15368191
15368227
15368483
15368673
15368798
15369541
15369810
15369826
15369863
15370055
15370062
15370962
15370983
15372003
15372030
15372080
15372436
15372525
15372606
15372849
15373148
15373189
15373493
15373562
15373786
15373953
15374417
15374431
15375262
15375462
15375751
15375858
15375891
15376123
15376135
15376535
15376727
15377076
15377946
15378096
15378334
15378388
15378499
15378778
15378949
15379568
15379846
15380865
15380955
15380979
15381302
15381414
15381808
15382067
15382330
15382406
15383055
15383143
15383950
15384072
15384769
15384855
15385080
15385344
15385354
15385598
15385615
15385639
15386002
15386015
15386021
15386208
15386337
15386769
15386873
15387032
15387330
15387344
15387659
15387664
15387743
15388292
15388395
15388571
15388674
15388740
15389491
15389519
15389803
15389869
15390549
15390745
15390777
15390838
15390985
15391431
15392439
15392952
15393083
15393086
15393101
15393859
15393933
15394150
15394188
15394360
15394436
15394898
15395116
15395492
15395611
15395626
15395635
15397108
15397313
15397625
15398309
15398681
15399156
15399566
15400302
15400753
15400945
15401303
15401314
15401366
15401642
15401688
15402205
15402543
15403042
15403119
15403266
15403643
15403725
15403739
15403782
15403894
15404407
15404433
15404707
15404857
15404890
15405002
15405018
15405135
15405470
15405642
15405756
15405853
15405918
15405946
15406113
15406382
15406421
15407020
15407371
15407575
15407845
15407954
15408051
15408420
15408470
15408925
15409378
15409637
15409688
15409705
15409866
15410547
15410594
15410675
15411212
15411469
15412018
15412162
15412451
15412648
15412702
15413008
15413795
15414319
15414562
15414971
15415246
15415590
15415600
15415641
15415663
15415752
15415793
15416180
15416213
15417520
15417725
15418034
15418118
15418160
15418540
15418722
15418823
15418931
15419543
15419566
15419957
15419974
15420120
15420576
15420621
15420622
15420948
15421366
15421700
15421841
15422073
15422230
15422313
15422392
15422912
15422968
15423110
15423526
15423587
15423791
15423876
15424404
15424433
15424666
15424790
15425046
15425460
15425528
15425533
15425869
15426048
15426727
15427183
15427702
15427703
15427964
15428165
15428219
15428373
15428484
15428514
15428841
15429715
15429784
15429986
15430806
15430832
15431119
15431366
15432038
15432117
15432629
15432638
15432894
15432991
15433104
15433145
15433511
15433715
15433996
15434073
15434337
15435045
15435056
15435287
15435724
15435856
15435963
15435969
15436471
15437290
15437926
15438008
15438033
15438038
15438152
15438523
15438614
15438831
15438948
15439070
15439300
15439871
15439919
15440412
15440492
15440632
15441003
15441403
15441643
15441749
15442019
15442165
15442173
15442175
15442975
15443058
15443120
15443608
15443710
15443898
15444100
15445085
15445115
15446254
15446501
15446661
15447089
15447314
15447436
15447551
15447780
15448148
15448369
15449043
15449135
15449472
15449727
15450002
15450517
15450665
15450675
15450691
15450801
15450870
15451068
15451243
15451545
15451760
15451854
15451975
15452928
15453100
15453306
15453739
15453942
15454003
15454041
15454259
15454361
15454680
15454837
15455368
15455819
15456156
15456167
15456309
15456522
15456656
15457226
15457522
15457529
15457564
15457626
15458104
15459572
15459729
15460351
15460970
15461061
15461174
15461234
15461496
15461531
15462243
15462544
15462669
15463173
15463276
15463309
15463669
15464010
15464142
15464252
15464317
15464428
15464508
15464963
15465416
15465849
15466407
15467363
15467629
15467882
15467946
15468058
15468140
15468220
15468338
15468463
15468702
15468742
15468772
15468844
15468971
15468979
15468984
15469396
15469819
15469911
15469950
15470013
15470016
15470229
15470784
15470827
15470853
15471570
15472425
15472642
15472768
15472906
15473503
15473677
15473809
15474175
15474533
15474737
15475003
15475203
15475340
15475533
15475997
15476319
15476367
15476412
15476731
15477023
15477329
15477814
15477994
15478099
15478212
15478520
15478890
15479152
15479311
15479340
15479530
15479531
15479625
15479815
15480155
15480453
15481114
15481253
15481301
15481441
15481578
15482549
15483250
15483892
15484857
15484919
15485036
15485098
15485195
15485205
15485260
15485481
15486243
15486264
15486722
15486761
15487085
15487809
15487863
15487908
15488882
15489098
15489407
15489662
15489663
15489785
15489805
15490012
15490046
15490394
15490545
15490587
15490790
15491308
15491414
15491847
15492026
15492731
15493166
15493390
15493576
15493722
15493958
15494052
15494341
15494493
15494865
15494885
15494952
15495435
15495576
15495626
15495818
15496230
15496976
15497209
15497217
15497692
15497770
15498194
15498782
15499338
15499897
15500666
15501041
15501460
15501503
15501640
15501692
15501768
15502102
15502229
15502264
15502750
15502877
15503001
15503035
15503193
15503392
15503410
15503709
15504043
15504396
15504418
15504528
15504579
15505094
15505141
15505307
15505345
15505669
15505674
15505882
15505890
15505904
15505988
15506037
15506145
15507719
15508052
15508346
15509261
15509386
15509854
15510050
15510084
15510278
15510759
15510835
15512230
15512412
15512446
15512499
15512522
15512691
15513248
15513536
15514193
15514477
15514761
15514770
15514792
15515410
15515832
15515882
15516055
15516127
15516755
15517019
15517187
15517262
15517464
15517514
15517586
15517694
15517777
15517890
15518160
15518335
15518608
15519183
15519273
15519495
15519540
15519892
15520278
15520530
15520602
15521103
15521165
15521281
15521343
15522232
15522247
15522263
15522646
15523770
15524044
15524104
15524281
15524407
15524943
15525243
15525427
15525429
15525554
15526026
15526849
15526991
15527558
15527567
15527595
15527702
15527794
15527806
15527945
15528069
15528130
15528482
15529733
15529880
15530385
15530622
15530719
15531214
15531566
15531728
15532021
15532438
15532799
15533131
15533140
15533227
15533288
15533331
15533438
15533600
15533758
15533853
15534101
15534261
15534894
15534996
15535217
15535338
15535600
15535789
15535860
15535890
15535996
15536238
15536298
15536436
15537243
15537371
15537534
15537808
15538266
15538668
15540371
15540814
15541059
15541070
15541128
15541173
15541343
15541628
15542478
15542896
15543369
15543988
15544292
15544696
15544711
15544743
15545008
15545237
15545591
15546371
15546435
15546785
15546812
15546991
15547207
15547495
15547535
15548021
15548045
15548161
15548328
15548443
15548636
15549005
15549199
15550144
15550498
15550617
15550890
15551100
15552294
15552366
15552429
15552503
15552551
15552892
15553349
15553655
15553887
15553971
15554335
15554436
15554707
15554929
15555011
15555157
15555262
15555274
15555648
15555804
15556159
15556177
15556293
15556769
15557614
15557907
15558181
15558556
15558581
15558602
15558927
15559605
15559910
15560171
15560237
15560689
15560805
15560940
15561723
15562011
15562153
15562346
15562352
15562397
15562676
15562927
15563028
15563491
15563728
15563958
15564537
15564905
15565146
15565252
15565623
15566216
15566366
15566576
15566782
15566883
15568120
15568180
15568201
15568237
15568478
15568575
15569104
15569794
15569804
15569876
15569909
15569998
15570178
15570401
15571703
15571842
15572019
15572162
15572712
15572793
15573027
15573204
15573207
15573378
15573490
15574022
15575232
15575412
15575586
15575687
15575768
15575909
15576200
15576678
15576806
15577081
15577161
15577599
15577644
15577788
15578146
15578229
15578277
15578577
15578853
15579419
15579667
15580099
15580139
15580203
15580560
15580706
15581024
15581232
15581319
15581573
15581603
15582719
15582875
15583385
15583824
15584091
15584100
15584312
15584496
15584615
15585374
15585451
15585565
15586068
15586527
15586777
15586848
15586879
15586880
15587100
15588408
15588424
15588460
15588625
15588713
15588811
15589056
15589224
15589564
15589614
15589726
15590100
15590126
15590176
15590320
15590357
15592049
15592564
15592584
15592974
15593131
15593560
15594035
15594061
15594090
15594160
15595039
15595589
15596084
15596299
15596354
15596803
15597042
15597708
15597871
15598686
15598943
15599033
15599232
15599305
15599458
15599506
15599685
15600510
15600633
15600990
15601097
15601110
15601489
15601568
15601630
15601813
15602602
15602696
15603200
15603288
15603416
15603505
15603786
15604385
15604678
15605008
15605467
15605759
15605824
15606071
15606084
15606289
15606459
15606719
15606998
15607181
15607907
15608217
15609387
15609430
15610146
15610237
15610499
15610612
15610674
15610779
15611157
15611166
15611632
15611659
15611788
15611791
15611905
15612004
15612562
15612948
15613047
15613296
15613401
15613633
15613762
15614788
15615277
15615721
15615974
15615976
15616117
15616141
15616567
15616596
15616765
15617072
15617110
15617113
15617394
15617458
15617501
15617744
15618735
15619099
15619450
15619458
15620586
15620982
15621054
15621269
15621436
15621817
15622250
15622754
15622762
15623542
15623559
15624298
15624340
15624492
15625807
15625874
15626226
15626323
15626327
15626782
15626830
15626880
15627261
15627403
15627803
15628040
15628144
15628552
15628593
15628992
15629210
15629224
15629484
15630900
15631041
15631136
15631712
15631780
15631858
15631966
15632276
15632316
15632969
15633372
15633628
15633997
15634580
15634668
15635238
15635447
15635458
15635611
15636108
15636290
15636371
15636669
15637090
15637599
15637758
15638261
15638391
15638420
15638585
15638730
15639166
15639297
15639355
15639377
15639688
15640073
15640366
15640384
15640483
15640611
15640784
15641003
15641743
15642163
15642660
15642952
15643513
15643603
15643638
15643707
15643855
15643872
15644093
15644511
15644939
15645149
15645206
15645210
15645628
15645922
15647214
15647374
15647993
15648162
15648671
15648830
15649558
15649745
15649943
15650531
15650885
15650934
15651117
15651423
15651627
15651921
15651974
15653274
15653405
15653527
15653765
15653830
15654014
15654463
15655126
15655557
15655667
15656204
15656266
15656963
15657096
15657119
15657503
15658076
15659053
15659302
15659809
15659879
15659988
15660495
15660528
15660607
15660638
15660739
15660750
15660863
15661135
15661280
15661305
15661750
15662624
15662767
15662911
15662951
15663174
15663177
15663579
15663971
15664179
15664507
15665322
15665903
15667078
15667360
15667400
15667862
15668196
15669024
15669240
15669318
15669378
15669639
15669783
15670329
15670332
15670557
15670570
15670731
15671044
15671124
15671267
15671275
15671432
15671471
15671528
15671632
15673110
15673170
15673264
15673522
15673667
15673712
15674666
15676145
15676250
15676620
15676672
15677174
15677454
15677616
15678100
15678393
15678938
15678952
15679221
15679461
15679697
15679750
15679906
15679926
15680022
15680023
15680267
15680512
15680716
15680981
15681011
15681189
15681875
15682535
15682730
15682827
15683107
15683280
15683436
15683737
15683774
15684530
15684961
15685166
15685778
15685813
15685964
15686276
15686298
15687085
15687352
15687366
15687367
15687563
15687669
15688773
15689187
15690032
15690220
15690305
15690433
15690725
15690728
15691292
15691609
15691752
15691846
15692749
15693263
15693303
15693328
15693494
15693534
15693577
15693670
15694653
15695209
15695279
15695485
15695905
15695978
15696366
15696580
15696783
15697049
15697310
15697459
15698180
15698684
15698725
15699185
15699564
15699672
15700112
15700275
15700302
15700360
15701023
15701195
15702067
15702185
15703071
15703150
15703167
15703432
15703845
15703991
15704003
15705471
15706154
15706598
15706663
15707009
15707092
15707118
15707154
15707213
15707578
15707915
15707922
15708262
15708417
15708430
15708439
15710139
15710375
15710598
15710900
15711530
15711682
15711774
15712552
15713065
15713198
15713272
15713439
15713657
15713901
15713993
15714007
15714076
15714191
15714230
15714844
15715369
15715560
15716209
15716212
15716323
15716357
15716630
15717213
15717795
15718297
15718594
15718817
15719297
15719883
15719886
15720314
15720361
15720543
15720698
15720701
15721007
15721692
15721820
15721939
15722835
15723265
15723281
15723587
15723669
15723669
15725007
15726089
15726339
15726348
15726437
15726490
15726532
15726949
15726991
15727267
15727380
15727608
15727610
15727816
15728413
15728692
15729052
15729345
15729810
15730150
15730314
15730670
15731831
15731836
15731926
15732098
15732177
15732553
15732683
15732856
15733047
15734017
15734111
15734560
15735151
15735224
15735344
15735362
15735438
15735677
15736129
15737083
15737425
15737488
15738376
15738665
15738710
15739156
15739211
15739444
15739528
15739889
15739999
15740017
15740329
15740902
15740976
15741153
15741283
15741591
15741656
15741728
15742315
15742863
15743549
15743974
15744163
15744664
15745286
15745412
15746038
15746395
15747282
15748041
15749166
15749261
15749596
15750866
15750883
15750933
15751114
15751116
15751292
15751295
15751462
15751493
15751552
15751686
15751979
15752374
15753067
15753208
15753383
15753469
15753570
15754140
15754258
15754621
15754741
15754806
15754897
15755059
15755157
15755940
15755951
15756677
15757183
15757228
15757329
15758198
15758327
15758358
15758511
15758899
15758948
15759016
15759349
15760192
15760880
15761048
15762042
15762194
15762309
15762391
15762766
15763037
15763588
15763963
15764159
15764606
15765038
15765337
15765383
15765582
15765618
15765872
15765942
15766469
15766979
15767166
15767703
15767809
15767956
15768144
15768611
15768785
15768824
15768956
15769248
15769334
15769700
15770306
15770473
15770571
15770600
15770730
15771743
15772586
15772788
15772920
15774079
15774224
15774322
15774654
15774821
15775033
15775137
15775239
15775309
15775335
15776136
15776694
15776762
15777360
15777853
15778182
15778603
15778692
15778885
15779379
15780789
15781652
15781802
15781807
15781899
15782239
15782433
15782491
15782834
15783320
15783504
15783757
15784016
15784302
15784462
15784621
15784996
15785220
15785756
15786216
15786369
15786878
15786902
15786996
15787423
15787497
15787566
15787930
15788693
15788847
15789232
15789257
15789718
15789760
15789816
15790317
15790394
15790853
15791030
15792337
15792351
15792879
15793008
15793315
15793418
15794225
15794607
15794706
15794756
15794972
15795168
15795789
15795941
15796168
15796695
15796800
15796868
15797231
15797333
15797877
15798015
15798199
15798555
15799013
15799275
15799405
15799421
15799721
15799734
15800023
15800118
15800234
15800587
15801172
15801338
15801380
15801884
15801912
15802103
15802647
15803222
15803231
15803451
15803502
15804211
15804784
15805149
15805755
15805898
15807828
15808270
15808645
15808669
15809206
15809332
15809923
15810169
15810309
15810483
15810647
15811201
15811297
15811765
15812099
15812102
15812693
15812866
15814069
15814095
15814492
15815130
15815212
15815366
15815737
15816088
15816114
15816137
15816477
15816600
15816775
15816998
15817902
15817984
15818222
15818264
15818719
15818971
15819238
15819503
15819709
15819746
15820325
15821229
15821926
15821963
15822069
15822640
15822945
15823753
15823830
15824207
15824409
15824431
15824707
15825071
15825411
15825474
15825477
15825846
15825906
15826198
15826420
15826733
15826830
15827781
15827943
15828108
15828276
15828642
15829038
15829327
15829665
15830100
15830338
15831114
15831759
15832038
15832147
15832255
15833105
15833693
15834712
15834810
15835085
15835188
15835529
15835573
15835578
15836286
15836767
15836882
15837074
15837100
15837369
15837930
15838089
15839122
15839177
15839371
15839735
15839858
15840265
15840552
15840634
15840686
15841055
15841414
15841768
15842027
15842313
15842318
15843463
15843726
15844063
15844203
15844274
15844290
15845476
15846574
15846986
15847250
15847437
15847501
15847907
15848666
15849150
15849276
15849607
15849747
15851620
15851692
15852145
15852226
15852274
15852683
15852774
15853225
15853685
15854097
15854300
15854980
15855005
15855048
15855353
15855368
15855781
15856666
15856920
15856937
15857497
15857554
15857564
15857649
15857884
15858040
15858284
15858381
15858491
15858534
15858692
15860012
15860683
15860741
15860764
15860839
15860840
15861424
15862447
15863121
15863294
15863480
15863533
15863664
15863762
15863772
15863800
15863829
15863993
15864121
15864167
15864561
15864627
15864953
15864970
15865501
15865941
15866298
15867008
15868004
15868287
15868745
15869226
15870871
15871266
15871302
15871589
15871635
15872072
15872151
15873513
15873706
15873918
15874341
15874707
15874924
15875626
15875772
15876130
15876289
15876457
15876894
15876952
15877001
15877045
15877190
15877776
15877963
15878235
15878566
15878904
15880127
15880232
15880348
15881031
15881145
15882154
15882783
15882829
15883157
15883324
15883994
15883995
15884236
15884322
15884633
15884751
15884808
15885800
15886069
15886227
15886377
15886612
15887012
15887037
15887810
15887981
15887997
15888001
15888604
15888865
15889516
15889556
15890005
15890474
15890807
15890810
15890897
15890903
15891055
15891178
15891782
15891909
15892517
15892588
15892980
15893885
15893934
15894194
15894977
15895477
15896239
15896268
15896535
15896744
15896903
15896965
15897199
15897762
15898149
15898172
15898308
15898312
15898637
15898956
15899293
15899959
15900031
15900483
15900535
15902166
15902225
15902255
15903076
15903608
15903808
15903981
15904074
15904950
15905538
15905868
15906090
15906347
15906520
15906641
15907626
15908047
15908056
15908605
15908997
15909516
15909570
15909849
15909881
15910237
15910477
15910682
15911536
15911865
15912183
15912257
15912652
15912682
15912774
15913074
15913489
15913834
15914469
15914473
15914866
15915236
15915821
15916114
15916557
15917574
15917769
15918007
15918456
15918525
15918760
15919336
15919497
15919783
15920969
15921107
15921274
15921473
15921645
15922321
15922704
15923132
15923167
15923543
15923617
15924339
15925033
15925264
15925680
15926235
15926331
15926442
15926552
15926790
15927365
15927492
15927748
15927797
15927871
15928394
15929004
15929234
15929472
15930282
15930637
15931109
15931486
15931621
15931905
15932013
15932324
15932579
15933111
15933276
15933312
15933457
15933602
15933708
15933761
15935647
15936032
15936035
15936121
15936253
15936307
15936388
15937730
15937814
15938078
15938192
15938226
15938451
15938496
15938525
15938657
15939542
15939555
15941579
15942140
15942753
15942914
15943069
15943133
15943458
15943537
15943637
15943876
15945060
15945265
15945366
15945935
15945940
15946619
15947390
15947412
15948728
15948825
15949150
15949338
15950172
15950258
15950547
15950795
15951533
15952030
15952504
15952796
15953786
15954265
15954670
15954984
15955012
15955079
15955438
15955636
15956075
15956213
15956733
15957231
15957504
15957523
15958092
15958181
15958676
15958804
15959117
15959275
15959500
15959534
15959741
15959902
15959912
15960031
15961406
15961454
15962236
15962840
15963059
15963240
15963813
15964242
15964487
15964547
15964570
15964774
15965325
15965812
15966589
15967526
15967659
15968062
15968247
15968331
15968567
15969058
15969568
15969577
15969696
15970015
15970618
15970926
15970954
15971011
15971322
15971735
15972079
15972590
15972688
15972886
15973070
15973183
15973709
15974366
15974769
15974970
15975241
15975400
15975603
15975762
15975924
15975965
15976430
15976740
15976861
15977201
15978268
15978391
15978492
15979364
15980176
15980336
15980374
15981255
15981695
15982170
15982884
15983133
15983294
15983520
15984358
15984453
15984972
15986046
15986391
15986631
15986817
15986948
15987460
15987572
15988712
15988729
15988785
15989142
15989758
15990008
15990097
15991600
15992008
15992210
15992771
15992965
15993281
15993507
15994105
15994370
15994433
15994765
15994889
15995340
15995463
15995574
15996442
15996556
15996936
15996964
15997562
15997563
15997964
15998464
15998555
15998762
15998873
15998893
15999014
16000282
16000855
16001343
16001580
16001793
16001841
16001900
16002106
16002396
16002787
16003371
16003449
16003491
16003525
16003930
16004467
16004673
16005234
16005260
16005760
16005861
16006638
16007123
16007654
16007867
16007879
16007949
16008468
16008844
16009443
16010009
16010298
16010782
16011658
16011963
16012755
16012800
16013308
16014539
16015317
16015651
16015675
16015681
16015844
16016521
16017503
16017563
16018020
16018109
16018386
16018396
16018612
16018725
16018913
16020423
16020589
16021284
16021691
16022155
16023744
16023990
16024489
16024758
16025368
16025468
16025473
16025618
16025830
16026850
16027080
16027504
16027874
16028992
16029368
16029653
16029676
16029757
16029780
16030045
16030201
16030351
16030362
16030444
16030476
16031498
16031681
16031699
16031930
16033073
16034333
16034598
16035068
16035083
16035678
16035877
16036028
16036312
16036350
16036613
16037298
16037302
16037588
16037651
16037766
16037945
16038045
16038698
16039412
16041511
16041821
16041973
16042042
16042404
16042423
16042807
16042902
16043027
16043251
16043277
16044047
16044216
16045575
16045655
16046858
16047134
16047575
16047592
16047947
16048056
16048297
16048314
16048349
16048495
16048635
16049084
16049662
16049696
16049966
16050414
16051003
16051264
16051665
16051978
16052317
16052355
16052538
16052921
16053264
16053459
16053981
16054335
16055072
16055298
16055452
16055599
16055820
16057000
16057158
16058038
16058266
16058408
16059354
16059865
16060142
16060221
16061196
16061280
16061405
16061757
16062699
16062801
16063048
16063345
16063503
16063953
16064057
16064432
16065209
16065391
16066150
16066237
16066242
16066334
16066440
16066734
16067209
16067279
16067634
16068509
16069122
16069275
16069284
16069423
16069989
16070493
16071658
16071701
16072134
16072145
16072264
16072614
16073058
16073623
16073678
16073991
16074144
16074248
16074868
16076734
16076781
16077042
16077084
16077497
16077591
16078207
16079812
16079823
16080706
16080946
16081589
16081802
16081891
16081943
16082275
16082450
16082846
16083261
16083291
16083951
16084049
16084551
16085630
16086547
16087035
16087088
16087300
16088433
16088615
16088641
16088658
16088800
16089480
16090111
16090173
16090754
16090988
16091048
16091807
16091816
16091936
16092051
16092307
16092783
16092917
16093123
16093162
16093197
16093290
16093664
16093920
16094287
16094998
16095326
16095463
16095700
16096070
16097231
16097952
16098005
16099623
16100097
16100283
16100714
16100948
16101021
16101171
16101265
16102023
16102443
16102461
16102711
16102931
16103392
16103444
16103586
16103861
16104016
16104198
16105075
16105159
16105511
16107165
16107396
16107633
16107797
16110065
16110305
16110358
16110657
16111067
16111100
16112306
16112420
16114175
16114509
16115470
16115576
16115592
16116081
16116124
16116359
16116424
16116531
16116596
16117078
16117113
16117191
16117548
16117843
16118176
16118705
16119053
16119072
16119719
16121127
16121442
16122177
16122636
16122932
16123081
16124050
16124913
16125106
16125255
16125833
16126048
16126246
16126650
16127014
16127341
16127623
16127749
16127762
16128075
16128493
16128710
16129836
16130168
16130197
16130510
16130639
16131030
16131039
16131840
16131987
16132967
16133029
16133123
16133273
16133393
16133622
16134175
16135004
16135125
16136411
16137474
16137711
16138117
16138207
16138572
16138674
16138787
16140121
16140345
16140984
16141392
16141521
16141524
16141736
16142669
16143278
16143577
16144050
16144064
16144145
16145347
16146370
16147018
16147230
16147767
16148180
16148252
16149431
16149470
16149545
16149599
16149906
16150318
16151263
16151768
16151770
16151871
16152157
16152294
16152511
16152772
16153051
16153155
16153447
16153775
16154295
16155663
16156256
16156670
16156684
16157273
16157354
16158822
16159116
16159169
16159984
16160568
16160667
16161330
16161430
16161589
16161793
16162415
16162495
16163309
16163580
16163779
16164243
16164628
16165330
16165999
16166056
16166111
16166264
16166293
16166325
16166419
16167898
16168443
16168910
16169701
16169846
16169905
16170266
16172857
16173277
16173573
16173761
16174434
16174768
16175510
16176095
16176096
16176353
16176367
16176404
16176754
16177291
16177567
16177662
16177927
16178759
16179439
16179891
16179905
16180452
16180577
16180943
16181161
16181489
16182859
16183025
16183835
16184026
16184247
16184518
16184744
16185244
16185510
16185976
16186963
16187987
16188258
16188829
16188872
16188950
16189252
16189286
16189621
16190721
16190890
16191747
16191877
16191903
16192761
16193418
16193564
16194155
16194242
16194500
16195188
16195556
16195834
16196232
16196436
16196553
16198263
16198294
16199043
16199867
16200017
16200196
16200516
16201317
16201352
16201673
16202052
16202057
16202335
16202640
16203260
16203458
16203885
16205430
16205636
16205804
16206393
16206449
16206906
16207576
16208434
16208540
16208590
16209399
16209487
16209617
16209710
16209964
16210125
16210230
16210932
16211792
16212240
16212902
16212939
16212997
16213037
16213291
16213500
16213941
16214052
16214130
16214233
16216021
16216243
16216628
16217028
16217067
16217318
16219017
16219381
16220243
16220731
16221426
16222334
16222491
16222651
16222779
16222965
16223020
16223569
16224303
16225304
16225459
16226028
16226033
16226121
16226391
16226396
16226533
16228495
16228807
16228972
16229070
16229927
16230363
16230436
16230723
16230883
16231152
16231386
16232195
16233065
16233171
16233325
16233757
16235404
16235984
16236267
16236511
16236809
16238329
16238567
16238594
16238907
16239097
16239799
16239824
16239973
16240181
16240681
16240933
16242644
16242714
16243341
16244327
16244469
16245056
16246126
16246854
16247000
16247058
16247269
16247462
16247827
16248201
16248438
16248762
16248993
16249204
16249602
16249993
16250152
16251079
16251671
16252531
16252818
16253124
16253329
16253414
16253513
16253551
16253794
16253974
16254066
16254276
16254663
16254705
16254798
16255129
16256199
16256535
16256611
16258163
16259128
16259361
16259433
16259581
16260250
16261064
16261412
16262396
16264202
16264397
16264476
16265767
16266377
16266469
16266732
16267211
16269613
16269962
16270266
16270364
16270799
16270906
16271813
16272522
16272983
16273099
16273548
16273803
16274301
16274399
16274492
16275108
16277550
16278044
16278088
16278545
16279086
16279193
16279529
16279769
16279885
16280060
16280635
16281758
16281779
16281878
16283138
16283280
16283511
16284439
16285243
16285848
16286227
16286951
16287718
16288613
16290079
16290293
16290598
16291845
16292104
16292632
16292765
16293211
16293320
16293464
16293669
16293718
16293814
16294044
16294135
16294689
16295135
16295337
16295557
16296052
16296659
16297010
16297654
16297968
16297988
16298688
16299764
16299861
16300008
16301066
16302271
16302347
16302628
16302988
16303131
16303440
16303526
16304784
16305019
16305535
16305654
16305689
16306213
16306560
16306661
16306816
16307367
16307870
16308530
16309370
16310032
16310594
16312165
16312525
16313230
16313851
16314228
16314674
16314734
16314863
16315304
16315326
16315619
16315708
16317160
16317685
16318020
16318636
16318805
16319043
16319941
16320300
16321623
16322457
16323527
16323694
16324183
16324335
16324573
16325034
16326363
16326388
16326986
16327025
16327151
16327568
16327777
16329216
16329377
16329471
16329556
16329713
16330084
16331440
16331485
16332328
16332740
16333835
16333964
16333975
16334091
16334686
16334772
16335767
16336054
16336298
16336394
16336805
16337062
16337278
16337439
16337849
16338276
16338952
16339475
16339742
16340057
16340262
16342087
16343455
16343866
16344188
16345400
16345418
16346018
16346068
16346345
16346701
16346793
16346819
16347026
16348031
16348351
16348771
16348815
16348933
16350040
16351429
16352575
16352888
16352950
16354048
16354360
16355096
16355651
16356295
16357488
16357556
16358101
16358734
16358972
16360238
16360964
16361324
16361584
16362177
16362906
16363166
16363239
16363468
16363908
16364701
16365062
16365303
16365323
16365591
16366497
16367227
16367237
16368717
16369507
16370161
16370617
16371054
16371265
16374070
16374124
16374835
16375141
16375160
16375279
16375713
16375938
16376143
16376350
16376542
16376633
16377371
16378155
16378389
16379412
16382099
16382728
16383473
16384337
16385533
16385979
16386070
16386872
16386879
16387080
16388464
16389114
16389307
16389402
16390003
16390269
16391688
16391753
16391838
16391934
16391988
16392059
16392063
16392956
16393084
16393178
16393264
16393922
16394566
16394699
16395004
16395864
16396126
16396250
16396536
16396844
16398266
16398819
16399214
16400145
16400545
16401985
16402833
16403019
16404194
16404561
16404588
16404735
16405328
16405420
16405940
16406297
16406954
16407222
16407782
16408284
16408757
16409451
16410340
16410393
16410716
16411359
16411753
16411911
16412482
16412531
16414076
16414360
16414838
16415387
16415979
16417348
16418590
16418881
16419197
16419277
16419442
16419604
16419615
16420508
16420512
16420721
16421175
16424193
16424362
16424623
16425047
16425214
16425775
16426382
16427343
16427465
16427745
16428293
16428446
16429384
16429463
16429648
16431309
16431840
16432134
16432206
16433926
16434565
16434614
16435234
16435511
16435562
16437119
16437452
16437934
16438325
16439114
16440167
16440226
16440979
16441183
16441653
16441787
16442473
16443631
16443640
16444250
16444830
16445057
16445247
16446150
16446551
16446905
16447892
16448128
16448779
16448883
16450023
16450798
16450830
16451238
16452301
16453527
16454397
16454600
16455638
16455885
16456109
16456866
16457091
16457111
16457623
16458077
16458431
16459068
16460813
16460946
16461127
16461847
16464080
16464470
16464491
16465112
16466049
16466535
16467254
16467600
16467728
16467817
16468493
16468801
16468935
16468958
16470125
16470739
16471332
16471368
16471662
16472023
16472165
16473308
16474527
16474743
16474797
16475302
16476169
16476679
16476898
16477443
16478640
16479298
16479707
16479773
16480747
16480787
16480855
16481372
16482627
16482952
16483511
16483725
16483753
16483783
16483823
16484132
16484151
16487110
16487531
16487968
16488414
16488644
16488776
16490464
16490697
16491754
16492229
16492975
16494080
16494313
16494564
16494899
16495351
16496090
16496712
16496773
16497964
16500075
16500230
16500531
16500609
16500880
16500893
16502066
16502333
16503363
16503805
16505734
16505967
16506003
16506238
16506457
16506982
16507102
16508228
16508328
16508467
16509186
16509740
16509744
16510250
16510323
16510602
16512521
16513027
16513715
16514793
16516102
16516194
16516200
16516820
16517686
16518416
16518861
16518945
16519484
16519675
16520960
16521372
16522106
16522359
16522900
16523016
16524757
16525915
16526745
16527501
16527729
16528459
16529339
16530211
16530223
16530404
16530600
16531615
16531641
16532465
16532660
16533447
16534778
16534895
16535019
16535335
16535874
16537245
16537351
16537520
16537557
16537994
16538510
16538533
16538572
16539503
16539581
16540615
16540680
16541199
16542367
16543001
16546192
16547331
16547503
16547603
16548247
16548877
16549734
16551373
16551387
16551663
16553043
16553649
16553723
16553882
16554361
16554522
16554559
16554803
16555581
16555954
16556016
16556663
16557097
16557852
16557905
16558034
16559660
16560801
16561595
16561962
16563682
16564145
16565374
16566344
16566637
16567488
16567559
16567574
16568179
16568756
16569716
16570066
16570269
16570565
16571099
16571389
16571502
16571607
16572196
16574369
16574597
16574643
16575871
16576084
16576642
16579336
16579418
16580587
16580626
16581354
16581547
16581634
16582162
16585101
16585451
16586300
16587579
16588334
16588845
16589156
16589289
16589634
16589890
16590779
16591181
16592185
16592770
16593458
16594113
16594304
16595489
16596055
16596069
16596104
16597341
16597529
16597899
16597917
16598535
16598619
16599863
16601604
16602100
16603012
16604192
16604668
16605078
16605462
16605760
16607986
16608096
16609842
16609924
16610202
16610674
16610739
16610791
16611381
16612378
16612385
16612460
16613525
16614307
16614779
16615071
16615424
16616698
16617423
16618108
16618256
16619475
16619589
16619864
16620107
16621019
16621465
16623305
16623663
16624278
16624908
16626117
16626161
16626742
16628412
16628777
16629123
16629433
16629875
16630039
16634804
16635412
16636944
16637276
16637368
16637756
16638019
16639087
16639091
16639294
16639324
16639794
16640314
16640585
16640726
16640932
16642362
16642803
16642878
16643955
16644797
16645598
16646052
16646227
16647177
16647365
16648714
16649024
16649048
16649564
16650138
16650418
16650801
16651368
16652263
16652805
16654473
16654841
16656422
16657872
16658001
16659349
16659874
16660090
16660514
16660928
16662963
16664045
16664140
16664390
16665096
16665850
16666842
16666846
16667279
16668862
16669071
16669587
16670652
16671127
16671834
16672363
16672894
16673695
16673839
16675062
16675758
16676068
16677569
16678936
16679503
16680037
16681029
16681623
16682730
16683235
16684113
16684830
16686207
16687361
16687616
16687718
16690023
16690310
16691171
16692193
16692527
16693033
16695068
16695074
16695151
16695700
16696145
16696279
16696754
16697714
16699454
16699794
16700810
16701228
16702324
16702480
16703872
16704494
16705181
16705586
16706003
16707063
16707155
16707926
16711651
16711906
16711988
16713736
16714779
16714874
16715524
16715671
16716199
16717001
16717269
16717306
16718449
16718595
16718983
16718996
16719260
16720957
16720987
16721423
16721502
16722054
16724174
16726121
16726660
16727093
16727136
16728487
16728932
16729013
16729242
16730342
16732415
16734539
16734812
16735619
16737047
16737336
16737577
16739004
16740199
16741223
16741496
16742293
16742632
16744464
16744696
16745828
16747686
16747844
16749165
16749771
16750243
16750575
16751829
16752995
16753058
16753958
16754230
16755800
16756612
16757869
16758078
16758710
16759009
16759986
16760457
16763699
16764092
16764866
16765000
16765087
16766153
16766250
16767513
16768883
16769492
16769848
16772325
16774237
16775751
16775783
16776041
16776428
16777387
16778680
16778698
16779421
16780893
16781460
16782112
16782497
16782513
16782623
16782798
16786632
16787567
16787947
16789966
16790480
16790755
16791369
16794528
16795150
16796369
16796424
16796755
16797510
16798503
16798730
16801570
16801828
16802316
16802818
16804921
16804939
16805209
16805673
16807835
16807960
16808974
16809038
16810293
16810698
16811194
16811647
16811696
16812887
16813336
16813338
16813976
16816573
16819483
16820066
16820710
16822954
16823393
16824003
16824110
16826315
16826761
16826986
16827400
16828296
16830445
16831328
16832320
16832592
16832732
16833459
16833743
16836167
16836615
16837991
16838530
16840950
16842290
16843371
16845075
16845783
16846027
16846581
16847195
16847903
16848967
16850254
16852310
16853525
16853819
16853941
16854290
16855032
16857234
16857907
16857918
16860705
16862466
16863469
16863960
16864750
16865832
16867234
16868160
16871544
16872228
16872653
16873901
16874634
16874758
16874944
16875150
16877334
16878525
16878568
16878932
16880790
16881811
16883200
16883470
16885283
16885404
16885457
16890904
16891411
16891787
16892636
16893440
16894290
16894821
16897779
16898507
16898849
16899073
16901981
16902584
16903884
16905384
16906956
16907075
16907890
16909192
16909676
16910257
16911961
16912006
16912900
16913022
16914996
16916360
16919049
16921227
16921279
16923206
16924311
16924498
16926103
16926825
16927332
16927394
16935786
16936656
16937020
16937085
16938372
16938417
16939172
16939634
16940594
16940827
16940922
16941540
16942657
16944590
16948108
16948376
16949397
16952004
16952162
16952450
16954498
16956049
16956998
16957137
16957594
16958089
16960277
16961327
16962269
16963285
16963554
16964037
16964658
16964838
16965004
16967399
16967960
16973154
16974446
16974565
16977164
16977485
16979500
16979864
16979982
16980305
16983404
16985517
16985671
16987904
16988047
16989531
16990160
16990216
16993105
16994865
16995720
16997209
16999692
16999886
16999987
17000561
17002590
17003125
17006007
17009325
17009462
17009871
17010045
17011463
17011849
17013220
17015059
17016400
17017747
17024547
17025307
17025367
17026116
17026274
17026326
17028226
17028641
17029605
17030529
17031185
17034419
17034707
17035603
17039573
17040091
17041802
17042430
17042855
17045197
17045619
17047226
17047679
17049947
17051291
17053885
17055428
17055810
17059120
17059719
17060301
17062275
17062373
17063062
17063588
17065788
17065902
17071920
17072104
17072218
17076433
17077818
17078498
17079576
17081582
17082775
17082959
17084098
17085766
17086361
17087133
17088262
17089058
17090018
17093986
17097628
17098312
17101745
17101977
17101986
17104314
17104899
17107754
17110381
17111383
17112420
17116230
17116905
17119912
17121033
17121296
17122247
17127291
17127681
17128226
17128904
17130281
17132243
17133996
17134098
17136843
17138286
17138850
17139880
17145174
17147798
17147911
17148483
17150060
17151069
17153156
17153300
17161230
17161435
17161822
17162135
17163058
17163910
17167691
17169478
17171196
17174071
17175276
17176679
17178499
17182788
17184014
17184527
17185391
17185540
17186896
17190773
17191624
17191697
17192352
17196123
17196908
17198970
17205265
17210538
17211341
17211943
17214635
17215505
17217062
17218321
17218713
17220613
17221168
17221785
17225979
17228028
17233683
17236627
17237258
17238975
17243267
17243758
17246994
17248074
17248692
17248779
17249496
17257341
17266817
17266974
17267307
17267452
17268390
17269053
17272795
17276971
17277202
17278852
17279132
17282054
17283866
17284169
17287575
17287579
17288486
17288668
17299851
17300776
17304685
17305636
17307390
17308157
17310873
17311242
17312940
17313613
17315578
17322587
17323535
17324074
17324639
17329734
17332020
17339371
17340048
17343270
17346904
17348102
17349934
17350237
17353937
17355457
17357025
17359296
17359993
17369499
17374475
17374669
17380013
17380323
17380899
17382905
17387298
17392803
17396063
17397540
17398915
17401105
17401475
17401661
17401839
17411057
17411558
17413396
17413659
17420875
17425498
17425569
17431697
17431815
17436409
17438999
17441629
17447609
17448838
17451930
17455727
17456375
17459152
17460743
17461054
17463678
17464865
17466600
17479315
17479395
17480467
17488869
17490203
17495958
17496332
17502205
17506086
17511184
17517568
17518083
17520280
17523730
17526435
17530920
17540416
17541723
17544460
17550341
17551020
17560718
17561168
17561339
17572000
17572284
17577474
17586848
17587084
17588383
17594161
17594986
17595335
17601075
17620723
17621369
17626595
17627661
17630135
17631091
17640951
17641684
17641819
17656134
17658152
17665274
17679530
17682610
17684106
17684989
17699723
17705958
17709744
17717563
17718330
17736357
17736756
17744458
17746605
17747202
17759966
17770153
17772625
17781602
17797948
17797958
17801861
17809811
17822545
17828331
17833428
17849047
17859448
17862234
17873446
17884972
17887567
17893166
17915158
17916060
17931621
17943280
17951391
17970285
17978435
17989854
18010313
18026424
18040642
18053447
18061869
18092775
18106527
18110661
18140157
18152168
18175552
18190491
18213992
18223292
