1640723
29003298
30364262
5251008
72892
12105819
4885889
23944061
16184859
8713008
7066148
9741818
2565468
16970874
17422842
24290266
10661396
27922776
16894699
19634721
28540058
11063450
1594491
28358551
26876132
12801531
15733496
10855863
12751010
19374131
8519614
21079940
6491100
24206737
29298265
506846
18259510
4657363
19827672
28654895
18810047
15339956
26391423
18814283
28087374
30274468
11898577
21920241
25528918
15662006
8570618
10911657
9366999
20038218
11668006
12124296
18864270
28363651
15767370
14665890
21827123
23691014
8609555
22674785
8089547
4364321
2802866
21630081
5825092
6033799
18745048
28659761
25335826
9873402
4124314
7728977
14161743
6665668
3210115
15228281
16870822
11814105
1790516
26177730
22035557
27215847
3794692
23460807
20962685
2975606
14356829
17344576
26168967
154305
12479612
9867222
28125420
19023980
19456075
9778656
13416841
5592664
25158753
4948767
23363643
15297020
19738341
5334136
19697509
3985391
14045466
21444138
15341931
27245711
5373916
15661286
8118499
3564695
17325217
12186807
24455575
16750273
25779815
23303532
16056990
27802447
15594964
1730108
15839117
20941331
5384813
1884225
9089979
15922308
21951440
19257030
245065
674601
13293468
14919197
10420761
24377714
25124174
22358188
27148015
26235312
11688110
23489883
12002771
19006106
12720105
20850799
25278342
19294455
8001763
16220896
17636201
24023240
14300572
21847276
10970538
26355134
18398270
25338758
25521567
9226485
15776486
17075429
26871011
29942004
12478919
19638106
8191959
3867504
13686877
4146859
12901082
22432573
12367123
18457323
26913895
23413992
13519603
11452830
18205835
26133369
18414844
18298334
381448
20300038
26516265
29674059
7308467
5428455
22566206
23267036
22417628
9409987
7937085
14629706
14646225
10390270
1048444
8251151
4700544
1345408
16602316
91534
17337438
21999553
26909937
30271507
3860778
2407503
25617944
5170512
19907103
25743514
15899178
15225485
29890468
10359216
29452809
24720127
20097563
29019913
9302491
10152445
3911941
4194143
12994207
13880424
28582664
1197587
18204512
21631277
19332523
20445929
22335584
30374670
30021086
1207546
317706
8888074
7334406
1083775
12351385
12037395
1021251
16078583
5080591
20257423
27771500
3485513
29944904
25272407
25642170
8467411
15975014
16222390
7980180
27965002
17004089
23693005
12482524
26743029
4070766
27174271
27529634
7358952
16528468
3915868
10413505
3915640
1059268
4613133
14825154
18893243
25877133
15360423
123980
28166324
369530
19113159
24183620
24001469
6873636
19610402
17264645
16497174
17179984
19668639
8056045
16295751
12650179
2835112
29289843
27431417
27773151
28205887
30338826
55334
28976289
10364411
18575100
21732062
19634213
18305218
25919422
25646898
472952
23931962
6577124
20601285
23716604
29758772
16072688
2964822
23582723
22709270
18054985
22577164
11298490
22081121
22365926
4067990
9158142
17656728
15532996
19420212
11009958
30315082
11494447
3220046
7518508
20753457
28576666
3822169
9819142
9190844
30102739
13456948
547044
3343909
18116408
21794512
13087593
23194576
15565977
13619882
27724568
1440119
7492530
18173377
18570328
3096107
20373707
21090618
14272376
6763516
2816518
14069445
26350360
6110402
11085508
23077419
13518137
5619135
26748862
3421496
7707762
18324170
23947355
29795671
11726619
16213904
4549118
15094039
13633474
4223463
16651328
30314174
20364342
10421926
11167378
14656211
14472777
2830809
11968339
6231139
3241390
419215
1029679
28015053
20134923
16136014
6056185
3847285
4473044
7135169
21684059
7573500
7100995
3277247
22156171
28295103
21335239
29757510
12260564
13103367
20753139
28920979
18128788
7683609
13326874
5921187
15807439
15234933
15757129
13795560
2445493
4555380
13201583
17543154
29360707
12929534
15098070
8372054
13958396
24130198
19934645
7315336
24590591
14020970
19809598
29077383
5026757
17865049
24808586
25525844
27514954
9036883
10418179
29479682
21951747
19214482
3066330
22511182
22152676
28836193
316562
22659228
27976160
16630630
28526380
20644801
19168610
1332651
2909787
16323140
24620774
26864847
4207911
5489442
2160604
28820072
1514164
6150821
11084366
19788074
8191107
22372644
22644578
27921814
195604
13867958
21331355
6888794
16508031
20185187
23000204
8320185
22187699
24483586
28660744
26580926
26256787
6781158
12352847
12778159
8491373
7035074
21378743
7926005
11045645
21118979
16035790
29120694
15059131
26596717
23825840
8770815
27741790
15682400
28740662
24676492
25737318
13849583
10169424
17819083
8366317
27894319
15748117
26768270
20009100
17156073
19996510
22068913
28055098
5588265
569331
25667968
16383666
21388448
6753337
2239984
7435055
23051789
25338649
13251226
26722112
23822342
3381341
1213337
19070169
27484537
17971778
26468549
19902418
2678468
28869110
21519424
1155895
10658138
19649280
13325672
6759312
8889853
27078196
7029100
15594643
3919564
27258178
26747763
15835495
16192778
23921160
2438262
22210790
24650714
21394606
27375650
1801953
19373469
6690920
5697692
14159377
5412137
17464131
17187865
27370948
11627693
26914064
12909651
17399977
4130025
6756244
21465101
25045962
22123499
21739935
22526830
18539370
17547549
7910655
3641382
10418487
8369255
25219353
11835397
2427581
5966641
20686999
15491451
22331581
27357531
23045046
21624119
18573823
29941109
18047212
2554471
5378863
24623530
15437437
19238572
19899865
545598
17930481
6655489
21115119
24334718
16463909
20673803
19887062
11099591
10446981
8534133
14018309
3126106
27604717
10633480
14047687
18926885
13050587
19651745
27098561
1816294
15388866
14136666
29250004
6920513
14774489
15368518
17945737
16701686
17370540
26268889
19537830
6270714
21231705
1462767
21484279
2063299
1703396
26731204
17251823
15976264
15092145
8878706
22937689
25942355
13933998
14604283
6022460
26312598
16211147
10577412
18441732
80836
30043460
23253321
2156327
24218616
27894238
3572904
25601429
19927062
11187623
7587757
5928305
21708050
558470
27935669
15347715
19351665
18952856
9045685
20818373
11074245
17484124
2701316
7750005
12343425
29342061
2434373
28664753
25084453
26271457
13118389
29564240
27089121
17330142
14195481
13913177
2039415
684816
11416818
9570973
80730
26367424
28370904
3277173
20070025
1627353
24329654
20697156
5320845
3677192
18479356
6292165
21699714
15043201
25199255
741043
9803211
20380872
20588031
7618015
1588377
16805142
8062069
8558242
16208565
11686906
17962698
3081309
13533970
7433514
27336456
28475369
18394332
5886939
19234453
4643897
17261028
1141448
15008108
16493428
8530826
25675380
29130883
16182937
12229767
26189105
13899737
28479389
3957357
29302722
5582263
6191365
3161582
14863975
27971133
286088
7510635
23423835
7396602
20829040
17508657
26477579
23096647
2525720
19372167
12533066
4044074
13914926
17400048
22955700
19861227
29098346
5423161
18765261
29662444
29958271
10141915
26468567
7193470
12629707
1124803
29143321
12994315
19565207
9969491
15962628
24721816
3475458
25443928
25182745
24527621
5594206
2598592
17606351
2663792
25048682
22138875
14257408
25544413
21734078
24819060
3058339
6466621
19658260
3305592
20741545
29889771
23701546
16686319
3752703
13141387
7994266
27642946
10925694
11445576
16137762
23162734
1411867
29426531
9080151
29037676
21354764
5753290
24696339
5282536
15309397
25693954
4755818
10319316
2136276
26136992
17319793
14248857
28758131
4353708
10756035
18192966
13970185
2624629
3293339
638523
9440607
23010202
76932
26773705
17437191
17447358
25305958
4774543
3784945
3937758
20111273
6655806
29834540
11315524
4811803
9594422
28613628
25825117
27076914
29087620
28427480
26312780
28879163
26783003
2533545
12850157
16750677
24304464
19634739
17583135
17469931
26938703
11582903
14390173
8392295
1307834
18202521
23521898
23877821
775916
28482008
25921146
28994004
1679127
28410125
29769739
7523757
17401089
25846634
2387013
3724217
19750659
26694246
17016004
27342128
29510199
23547177
3513036
11833844
2404969
25227005
18106050
18377790
17165477
11883373
13990140
1399424
19599036
9007168
4412377
28150886
3006788
18008205
2807078
23999716
18351933
26714036
21706274
22892803
11563133
6330174
8585552
21138824
16392418
22223437
17163667
955336
9144443
22371146
1516194
29713963
3175729
9471557
2308089
2773909
17412499
5510180
17943159
3699390
26965025
7976530
27126353
21318231
13203192
18618208
26365435
26345156
22579586
16715678
8504923
29752588
15532999
21503
16486068
27190137
7137415
25905396
2641634
2972201
4551973
4822890
14947653
6929336
9622190
24615261
15166013
30382270
3359150
11123596
20379247
855346
24693163
20470324
13899267
1317089
22104524
22731231
1536459
25787396
25537106
19422828
17981170
8822816
3689183
12516457
10472618
210777
20094930
22489867
25467835
11200446
22945030
5527423
19186090
25002247
16868643
28247696
25830173
17298988
27285252
12428278
4035679
26754431
9704969
29572068
15870265
4229518
10435737
5299927
28545013
29547362
25553092
27189055
22562375
1568233
12968707
20363612
17793688
18873348
26572581
11704978
9813101
22223505
18862788
24505859
19021827
25309491
15430373
4829953
2156317
14204926
604351
14063115
29459723
25818369
3931108
23749712
23427790
29820958
8609525
9970877
5777652
2751300
2251283
29000836
24386850
6046204
8134069
13137300
28027240
17618787
28835663
22415592
8775098
21162371
22755274
27205028
1032775
27819344
14624792
22642766
3723260
21238302
25387814
22633849
19704523
1174733
11042617
202875
17571985
21766814
10267151
9987511
3864806
21818832
27865383
16871049
7737992
1775527
14222834
14389244
17369318
8820654
8083139
2685751
13759938
4877560
6353384
4037648
10592625
26016993
27972279
14934637
25954385
26231805
20629402
21162532
24336695
30224833
25159811
3348745
18179590
29026952
5084364
3696121
14758391
4334930
24286908
1171460
22488186
6349118
943622
9023081
13735956
17701850
21350760
21749055
4494992
22963987
17066866
17245151
18235702
26983709
21343506
6435777
1175858
22194055
6872513
20089150
3026481
23308335
5996609
18084092
3323481
7659864
5507375
3185116
26523920
25957075
29272893
17863790
11818078
21814963
17773232
11124452
11614455
17627103
12535766
28521444
28926166
11270357
23993479
26860900
1670528
12577167
20459114
954869
25459226
500406
19746889
18098095
30421837
1029512
7417263
8274791
16104656
4681432
19249390
5586499
1457974
18866796
23109022
26337333
1065261
6496822
8375082
1531410
13264786
3696194
8268791
7339540
13589281
11207407
5536967
18063545
7463201
7307495
22882905
4427389
20066425
26772628
1371728
11145676
23164334
15285039
18352676
22729142
18921188
3275051
25235363
1627779
6547709
21143734
266702
14012407
18331724
3242176
25412618
1034084
4076480
7914728
7240214
25946789
7509163
10998971
16654093
9459514
3023395
27439588
16107846
8775102
25286328
15850556
23670441
4478755
4313226
9861811
25585974
5009842
16296082
15850056
17051390
8477955
23964749
13447693
2828605
7624374
24143545
11074920
30356392
6214807
26498599
28701345
10950691
14717429
18447621
8956294
20359632
345748
20317595
14609647
6915042
4030663
13304308
13348040
24647512
12410565
23503512
7991335
3535478
24469193
25991591
19365950
26230188
27899347
17353167
14391949
643688
25758655
28817324
24498187
22091537
9799428
27914162
8650013
6056487
14492673
26694430
23950820
5378717
18624287
20152503
19907072
15339810
29754026
1940441
24055357
2098856
20660762
9310910
26784056
25531227
23488408
29394726
18203570
5160533
2620477
17036188
2020196
24016423
16285124
24421743
4520604
16180336
24630984
25953982
25408603
28546525
22104475
13113099
13786106
2648225
24601516
15004061
10496712
18376603
17086420
4446476
6162445
17050136
21097322
4714105
2862374
98221
22262738
13594502
26664156
23820679
8765790
944022
10078155
27740199
5620690
12610334
25005441
21857874
15737757
14217617
29999296
9264318
4412991
22282756
23142383
719629
23724206
20154514
8454743
13731728
17040991
27657743
27499769
17798809
763897
6320969
28029498
5339123
16953014
23248614
18842840
5826573
4033457
29033544
10112511
7784243
178929
29451219
11961227
28906789
4738630
14879417
6466522
10945788
21689791
3677773
18091646
11775117
7981210
23927589
11608782
4762348
19408883
13086724
22414360
1531871
15272869
22962843
2766324
26339039
13798837
5341806
23721523
1785581
2328541
18514372
2842108
26961715
5930990
20209139
19989160
6325892
20166397
3133136
2072614
23873941
12897359
2240333
18075988
27294393
18757350
25707077
7099088
10051935
5746347
10918715
17286772
21518604
4883664
25634798
13601198
27569229
11339017
16291370
920423
14356121
19603466
5817703
26988788
4288070
6448032
24249987
20041372
21465993
12350453
11421623
4121483
8253805
18879787
24934469
26701352
25688762
2194504
273321
21304262
19010518
2528807
23882969
2842047
3321883
3918796
20195020
4310271
14587642
4942987
11975052
15681582
27281650
1048757
7584238
21826657
8731168
29440232
8554463
26148948
20234002
22534361
19089934
22406113
25527582
11055720
14276338
72499
20113466
20866930
25138674
13447556
20977566
1012772
190155
26802678
10095158
20191515
18090528
27279736
29732953
18666905
24052963
20649717
17450572
26743663
11477896
5491925
27068639
7264585
360621
23719188
14745807
15112494
9400429
14731768
12340208
22270814
28137224
27567973
24790571
2644350
10424336
8292382
21866092
30109174
25034613
23836236
20212591
14732418
21074707
5154085
25666089
21013153
10572543
26363193
27096049
7340262
15002040
19243024
19477637
16669646
257375
29046079
9335887
7931461
18994689
18406880
15834310
21975002
12530416
1134799
14956227
19544330
21022654
12825024
4666733
18898221
26524137
27583706
10488
22682518
17273483
17921868
24719158
17302883
8718335
8968748
963492
27070136
17460957
6605953
13761819
1387187
22964882
7799135
5870701
14173376
9381519
25758130
24737578
22176711
12535141
9199498
1275049
877265
10414769
7142782
19658463
23113141
14071594
8525126
5240212
24334048
1674254
19857264
22455437
6416580
7490590
20784161
20250646
668406
17929997
20720472
22378585
25666026
14161593
17142456
7306473
6767907
12257670
19658867
11588377
19387121
27430090
20197842
23950567
26892128
10695087
13932459
19807025
22936260
16804536
13590795
15604020
19093622
852960
15039768
28102484
29215450
24790039
8059302
14766614
21374724
30223613
13785943
19996528
25992274
10536112
5670955
25631275
7147574
8552322
23062419
23321683
12797452
11943959
22435699
6177238
19040271
3951967
7950110
3263764
18428649
29107443
19322672
29154342
11495575
1275400
5870002
22065683
5541076
24573755
5303286
4494521
5402232
11173413
6999956
17926759
14482762
24726781
11387807
12317581
9200662
24727418
10445596
7622492
300474
16732286
15541951
5208411
10144795
730177
23217000
28505706
27072364
18298093
16537374
3266164
26574460
22256129
20458596
1208783
11813841
102727
18363518
28068792
18493272
15111857
1718902
28679338
7567774
22058627
3755518
15061871
12007327
13399648
6488941
8774886
21672706
9808044
5130144
13876450
29927826
7588531
11707158
24754591
29984672
20201337
7400803
9163383
23440473
10907005
23282531
11743461
18172684
2311785
27815659
17920836
27172127
14128166
16396895
17402116
23375096
5341920
9424786
9988195
1824337
7709713
4555979
926317
19022376
7899006
17866115
12473568
1962014
22748471
788929
26663937
13707756
7202643
22331115
26718446
21990170
9965452
11896566
19295776
6639725
22241577
4699331
19819142
4929527
27731223
11661953
5580063
21484860
8707043
354724
19482817
3063653
18297840
8751733
2985479
23184221
15705554
22942201
21434815
13518005
12758061
28641559
20461378
14988575
19549002
8161438
21220821
16371439
5876249
18550241
28020437
26457002
30138528
17458589
14428521
5861735
528022
21848205
18136697
2823050
22827745
7479990
27066962
27623327
2479190
9329556
27153237
22101575
625219
28096579
2413147
10780984
10637035
30160379
17123070
16988422
16394545
25585310
16806523
20590553
2050669
6228728
29304851
19011068
2774586
20534562
26639057
6876271
24566679
11904735
243643
20234519
3508683
8568459
6919203
4404647
14707599
17915192
24500730
22404729
18241381
17080134
16339074
20190464
11722046
6982316
8724303
25955610
3346520
9017378
10068072
20913390
3310125
2427229
16988409
1038907
16278368
29304961
14004991
17377323
15803041
17027798
19006656
191892
6843667
18216427
18572712
29265925
19712929
6096202
5402487
21967895
21597501
10643877
17466162
30155673
21204465
2419837
10840555
1696020
20218697
27292801
8577636
4319393
3196146
20617646
26687636
928497
24949242
29424847
20877189
11381489
2196643
3155727
7028101
16564188
27648189
14652404
25226450
5229765
29967111
14664231
2918206
20788437
11902122
9050759
30003389
9639649
27359813
10403470
27246974
11344251
24203355
19498677
23669035
27698013
24157534
20124154
4886749
25656829
15294860
6149396
9938946
22032728
15749622
8319654
7525799
21222166
5467286
8302594
17985412
28359492
24577758
27359986
2276709
15166135
21833913
29668369
25159170
28457305
22037168
16686580
13939584
388365
9222885
16983907
14467428
6934575
22728886
19841763
9961951
16824241
10800815
1225712
26795226
20892907
5755956
14005831
13961511
19368460
29101029
13731510
5107188
27193254
24162467
2571718
10221794
22731064
23286830
7812005
8849990
3719061
27793694
14085827
21513820
24523362
21879290
1051821
5097231
22206145
143654
7888775
19472907
11880571
2510561
2511015
8456172
12186266
15837394
9082644
22048174
7507822
14723201
10133707
24503792
23895766
3730383
16299845
28007344
28456123
13445564
13457558
11008652
25320889
6447350
249104
4220110
12991856
8123677
13158955
28524235
21637118
19891083
24367586
21988377
17675073
30178018
24413203
1869937
720269
2747953
29414140
7678573
16389126
25495254
17892507
658056
20044093
12780768
20512608
11577772
11274847
8205674
14683023
9600499
21196269
12525602
17858442
11673482
17877688
14629433
16140320
19626785
12753933
6685642
5963948
26288684
20129278
15868506
18124261
26325498
28511108
10008329
17157035
13931788
23558336
6576265
16834112
7325712
24627879
28674624
22776025
375100
20967716
11521429
13983773
22569893
16147514
3843411
980517
16375486
13168928
12930587
7213550
19088129
7446014
2684758
6147639
24317144
8801705
2473153
20100514
21420308
9784933
12862229
29644409
3443198
13820951
7431034
6576016
23860948
10905000
29334069
29972871
2987497
14478487
4441236
13539801
24067860
13118622
13678769
25321402
22689031
18265931
19028836
15461750
12807658
25744112
23622382
16432604
16473510
8480890
9712083
19352223
11997877
23681121
13956103
161819
8867176
16554370
28229479
4495056
22748332
18802707
10169206
17158046
3755151
1344983
27362809
26377083
27947158
26159781
24344111
23382421
2133315
13100166
5066684
1336709
3557903
22515291
4827898
11829987
16155407
26149985
3802336
25651182
21573692
28719576
20271932
3950524
20409829
6838960
1801896
24615969
9293144
27416776
4587262
1884920
28854537
21555038
29496648
776662
1640917
2719271
12415213
25679238
10780581
3540215
4330960
20456743
4380078
9498064
1471100
17917270
5968625
13865681
8610966
27258378
6425985
25770407
10779991
1003195
29847978
18916995
24029984
21942704
14772425
29598224
10616360
26034306
22404067
17822445
14161619
19146379
12569489
14010824
17372651
17282196
14383479
13074445
20937434
11849700
2505289
17008654
7130876
15715412
28354319
23870873
13651316
9579546
25226905
19387178
11803186
30316046
16024410
25899267
3569196
24964142
6122323
406340
25359218
19733232
16160744
6806906
14370692
13040093
7030464
19093185
1107795
13295843
15577953
15832277
14784403
27634779
22962870
16131302
17976652
10280960
10122531
10093247
25103089
2222637
13226304
26082591
19418571
14888927
2440236
613128
8767476
20784201
7882625
890914
7942910
27873260
10272981
25813447
18444888
29766839
973529
11996381
13430087
15643964
4398999
4575605
12150201
2655115
22615510
11683249
29763083
13192128
22078340
17228627
8155005
2224496
13841165
22365323
25039272
23262496
24677379
19106254
23839504
5396406
28286526
7684080
8746117
24165265
18603284
8724128
6048345
21413560
13604312
19308449
21080793
5426450
21056597
3599023
14404730
9669456
17339105
2454093
18193851
26087898
15340904
1106263
18532255
16755689
21452158
15589593
13767084
19472723
27189058
22381736
9453570
21396085
8236970
7705685
2488355
23828092
14055821
2601603
24271329
14737531
26691791
17364474
29187509
29866919
4201678
23477739
25119988
9248190
20667309
16522489
27042634
26569615
20510942
21565540
19356630
12331243
1080263
7271397
1637312
19332383
9267729
1116815
1167294
10619763
14402764
15008812
19489299
25485556
13740843
17416049
30153491
6553728
4423656
54858
3281674
24198819
30079616
29825273
26234396
12982570
9479591
28231683
19268118
5327695
30013653
14582255
1382129
4144763
13709116
27854048
27427499
19105336
11820028
21637466
29174499
15693077
8110511
26181910
28743238
25797118
9803518
26193400
11526402
29859444
7030646
29196340
21465975
27453210
20211427
18692767
12977340
16266784
7867782
15804807
15449525
5300320
28899192
11569193
15910094
28399695
17788207
13347851
17697695
23533051
23651668
25408232
5938045
4802548
14477092
4037934
11432105
16399339
13476702
2968253
20571661
30223915
8726743
4619934
18421041
5854266
15106006
19074286
3598251
17524971
19535489
15250782
26213610
23183676
25159158
12207980
22383552
26857167
4524720
22924062
27435401
18351180
16098018
15728252
9883194
27325990
12197882
11765253
2471760
24479054
24116050
24759437
19808348
16523967
27162547
26175484
6777982
1584756
21203264
4102428
15163384
5916931
8900397
24028555
253407
7338594
28581998
7673211
17814409
21830431
17207193
19199504
16175579
25921442
2535196
6938878
23183074
15571514
3142441
9212235
342918
7900520
10985125
8296820
29422341
26343954
17469849
11928421
18496393
26291304
27445137
20849863
2145182
21769674
29506292
28557258
12840322
12528519
199386
23829156
12668549
23837887
595852
5443686
9470783
26698829
24214345
27344224
21327741
28092620
3065648
5844264
18707098
1391539
13182867
8608837
3280489
16443514
25721791
3257442
4485892
3047371
29867558
8843754
7661000
10139979
15332283
15276883
21152269
11804596
8592988
10454745
30087845
22324209
1462931
15898771
22076258
20889594
13020775
28074388
28286675
24459753
6547323
15955342
30091661
8786039
27431175
28773076
25242603
4339937
4213419
30422740
22450657
2434918
28035889
14925615
16367913
6797185
8496699
16984597
12224892
28920421
23480161
1474825
25190373
24067086
23052571
12487033
12349835
13338648
3916939
612576
7131995
26935607
28119635
10128340
20963149
3923677
12817186
22265621
10340327
22788966
10051369
12148750
22591314
20922255
29082615
12384192
19426860
18846270
9756113
19502767
13753734
10566217
1778746
23647831
9621350
18100941
777204
11906794
471097
10328531
9168299
22127372
21791671
16725265
24611098
20333033
8699077
16321475
2393858
5905085
10218416
21474632
4885332
29662740
1579847
13395091
4056981
5024271
24925647
29768793
15298494
27737360
9125786
2044326
19663694
12493896
19165904
30039877
20116521
26829592
2653702
26968131
8408034
10808668
22402439
3945387
11909439
27244732
1780375
26101632
7461856
18511367
26472991
29117352
7980081
22991106
21045467
26263762
4172802
1226710
5927130
26922902
19958622
3445051
1028501
18538331
21688190
25101377
14818634
3854421
20738412
30208534
863281
13137282
8758831
17164107
7218841
3955237
20794676
10070159
4248324
11413566
11825198
26326657
14264890
1077596
26273789
9033901
1879377
10376638
4814365
2486659
25202120
4483949
29448997
15186694
19570714
7386840
11337574
24853687
27042143
23540944
15103963
26071752
29309865
7873189
19147697
19037234
11915754
5085355
25012583
313407
8674825
15135253
10879864
30370585
20465501
2299357
4524618
24716226
8818442
24029617
12442674
3726398
28813486
26393722
22754636
16136743
2094268
5044400
29920249
12224336
26275274
28243177
792160
24870140
1784773
22773660
504814
22992311
1158494
18793540
24411303
19217526
23091114
25489390
29939820
15028079
27684639
22322323
18609651
14896061
25363784
8282932
15059989
1130905
20713408
8868799
1759491
9791517
503203
4909508
29547033
20749456
21263103
856031
26693807
20191664
5655054
3928720
13061539
15913245
19825685
14021555
17029750
6857648
27888426
30349254
14061452
9019692
27177700
22560328
15544773
4416122
27479438
15315334
20036901
4884580
16573899
19318413
23760534
1497126
10056028
1739145
1073472
20165855
3798429
21766214
21239404
12113214
17812860
3344732
4420494
30391156
16398183
18534414
20116891
314233
20278963
21604251
27421424
23032641
13279743
23748995
5406017
21391172
5505280
6966409
19661611
26524293
12554936
16944840
361326
18138814
13039348
9022413
12505517
25772412
17420986
26186466
24591920
14173191
1138207
7018013
18162405
28804110
1107798
8151392
13280655
4501492
3791148
16657661
26338483
19737717
25316347
20565859
5141478
5962022
12786634
21848296
8937362
9807264
10681316
4942617
24989229
23212965
2753263
16904452
28525412
29265043
28222359
2611981
18815745
947137
27123708
26210968
13391420
21352272
13928729
13770510
8710543
22836112
16380688
1684430
28168261
14928983
21406303
11619424
13866143
25725014
379744
8074183
18224293
4195705
24455634
22404377
1557453
13485553
16808825
20615478
26902256
9611558
1245603
10176809
23452175
3008077
10791555
21978645
9160564
11229114
7047542
22872010
4347737
16540309
12250959
1069142
8389808
15240153
3243296
22852868
5922847
18581173
21674140
15232529
7824055
7998122
23103010
5073113
13621973
8859890
9188722
20222441
26399963
20312634
1980534
3399689
20466734
3510946
12943036
19651013
6903085
21502692
16512656
18036733
6757615
30183850
7416449
1580774
16905216
24227808
24667326
27695156
12204889
15893318
20618624
28985513
12980586
9641003
401088
29442952
11899873
14685860
28710625
254133
19840108
25273945
726108
30227204
15515816
21037027
17043052
12735306
24040427
16419962
22036966
27476793
11654844
11189270
20169954
16794426
4379569
20122731
17920056
12747780
10206956
27321942
9408093
6291642
29282559
21495947
26179321
11674238
29780574
6849381
8748595
2730157
2884843
18278213
28821121
12295884
11107945
24778882
22765335
27830501
4490959
26364676
20962493
10530720
10591626
23373472
26467144
20401629
907833
24929720
25203144
10910258
13433345
26238242
30134193
12138594
22005261
5742625
18911971
22392513
18515905
1288950
4280320
9671997
14891238
13294003
29141952
93702
5811191
20733926
5923279
8937408
3491080
26146897
8628379
26613416
27718808
27009062
22373
23580631
5051873
23186749
19118320
11291372
11773232
2213250
8491164
17882788
17330177
11209981
10119652
28683796
8287782
23656225
27274052
14840452
13613472
2623066
16061118
20232419
4849936
15307931
26469935
22139484
6307579
11759214
9189027
15599264
7048971
29738793
17549927
26821420
16435905
5591983
15441564
8160367
6827891
5277844
6526749
1270583
1162903
17968418
17520003
2196971
16865970
14720555
19128774
5971856
17031991
9466827
7037836
29823452
25869066
26275180
26390336
25608787
348091
24705294
21823072
3823320
25141088
17369382
13872236
15026947
25097493
12359056
10950439
9898648
2344944
13752816
20776750
15382452
1411092
22542166
11166790
30209133
28319715
21351635
13787008
7348275
22451692
27362026
18147295
14419887
25739102
16355667
5547451
2612632
12006086
5947468
25422597
979314
13208359
12505712
23741053
25357431
3033895
12626783
387466
28049003
25561665
17165633
26600392
18642947
20925286
18442287
1072432
20305968
23738539
27798302
11167044
17565733
27790663
22758899
25389729
18913891
24978727
14503981
19510071
8594795
21903415
13140079
18359004
12398004
5771277
24244954
7389493
5719183
11179699
30356717
13570093
30406262
21078225
15811377
29989584
23444507
24760812
20841242
13063497
14064070
17934580
20273588
21249849
29258425
3475830
1570842
22135520
2730055
7177141
30138856
17076953
12760545
16055634
6499714
7639444
29210660
25944607
8540067
10789498
6728905
22539151
30013611
19948610
677619
2627283
13487453
20422609
11941938
25494377
20876859
28789205
24913424
22661308
25920734
25337328
3556225
17407222
20233476
27353743
1240300
10499136
30199714
19400332
20990880
10295674
9204283
15543342
22988849
9884939
22295123
20206383
12992182
7290479
17914634
24116792
21971469
20809605
6208243
367206
22376972
27830706
25295088
21525572
21862877
27410874
215644
16527553
5324084
7792396
1823249
2288763
6841577
26405585
15057419
24008550
20352796
2778146
8549366
26786679
18897149
15970847
8301710
7054859
16148439
16522963
13249797
23306267
7139245
28819573
30039934
18940252
18693247
23884278
20340435
68577
7470847
470333
22134748
3512030
30387904
28799431
19671422
26809198
4057909
5062353
5869184
18987499
18941982
3305390
26341754
7032076
28462324
6114671
28433005
29005916
11553873
19938500
26820090
19423361
3591699
16107388
15756970
20700644
17815085
11276295
14875778
29432503
3390509
7123944
25999601
26734595
5602997
2039031
11814760
21994612
17420180
19868291
4639044
12151893
15172250
29928414
29202089
6288922
21374049
7997592
1320761
6106891
18560338
17150244
7672337
8731640
5194704
24913974
9422763
16485960
11371992
27505604
13283274
16720370
29363805
27259121
21760315
22043714
8115716
1489339
6292410
18204654
29987594
5268815
7765895
8376559
1526484
11283747
25439287
22671442
20700109
5183570
19719719
959767
20945700
20530645
22762114
12513904
16092925
9942890
24037271
7999417
17485741
19380191
13205302
10810609
16959878
4644973
23976164
28832140
9293691
19699327
15396254
10750689
19621455
3706975
1506849
1852130
28156431
12178742
22392099
17930680
26943859
7841831
3315400
22790845
17830073
22685090
18388597
5776875
28859049
18784451
23176816
28542246
17498321
23600566
25583148
879693
27676285
19239212
17005991
23525849
11660361
15717618
4348021
730003
28854180
13475510
27004595
21167517
8933399
13830965
4264333
15046189
11258701
22418251
29009706
17731141
28704420
1024501
26231252
3487679
21834520
28548571
27892042
12887226
4588834
4138350
19746339
18191940
8180619
12045006
28590026
8702668
20531978
20863272
16157078
227340
3657421
26908606
16216491
26643758
8493085
20164557
11590538
24766699
13880605
18914736
29893966
19830902
14796517
25630339
8240450
1462237
2524645
742278
11131163
10206694
25480558
4084369
11680880
21800807
4010981
5992211
29799428
26500845
23604789
21566628
24060305
28567736
27902112
28229142
9629563
10941602
17996367
5269659
26220030
24941607
6643509
9480981
15584580
8236607
22331632
11367351
10315734
11120043
7730109
9878433
22039281
9318906
5028233
20501745
23941538
18107725
12854383
17960690
5266559
23030094
17085665
29451580
17500544
20353760
4061962
21262480
6838529
22856089
27609185
24289119
16075115
3246226
27161547
12215402
2967043
20433974
18968314
22362727
29664644
1682885
19666406
5468029
704397
12727651
21815340
27096042
19096016
188695
23332635
19545730
2029025
5600995
3912670
7471657
607379
29271610
12962509
13228406
25255696
17634914
21654183
24062706
21291449
7159432
15826337
14108250
215497
28764041
10406127
11303265
27714333
7578011
24591080
15220359
21576677
2044528
18291271
6017821
19038903
1580147
23146885
29306780
21548073
16191212
21720412
10960290
2848352
3588950
27910681
2512561
25151948
24304373
15606851
2302418
27981896
13647554
5315117
16389593
28804040
19521189
550565
27523035
21286393
5853848
26487962
19883925
11154044
26573553
20009493
282639
6934157
16482310
6091976
18154281
30158027
3842379
17546804
27825116
25668981
6674096
28870025
19405451
27993014
13115467
9046553
12898827
21244399
10986731
13113881
24731882
3932688
5520312
11838987
10202447
24061545
3135911
5798180
7723549
26347419
24860549
18861336
28917505
1623622
21076397
8063853
21539399
26561072
16154422
10294757
26228688
1066403
23221023
28145547
8553446
13272275
11643260
25211580
24882350
19455880
22890530
13808950
435938
15325034
28920177
29165685
9875421
20179914
26894454
8488225
5684055
22035136
8131633
21959788
2879500
11464054
1441552
13891238
22192174
27116929
29900694
11695700
22405621
1022129
8663696
2002282
30320252
16271983
25164165
9542979
18366121
14706414
15891528
26537202
1392233
14815200
240365
20541120
15008230
12117804
6617991
3031671
18045980
1629163
14992649
18123392
30283597
12305815
4174754
22555024
22834990
22025816
27682539
4765012
15089110
1232688
3771835
29366763
22176946
27740157
15294756
12905089
362926
28678489
29681353
1480888
7703190
20874255
1102504
5612547
26807301
7835662
21440730
6884539
13515817
21035418
9491624
26080310
20339568
3183842
29341055
15634323
17979204
8674663
23590320
13029866
16159758
7859367
7103303
28452320
9532465
13354093
29917769
27772031
21543691
26997343
14193193
2585193
15887281
20054545
14476656
2542762
5509035
17478714
13459956
25641376
10661226
26648708
29510936
10772451
19826355
21700925
5200076
25069238
18864585
15758976
3321863
17499289
27318781
7676653
29974151
11297873
11905339
15210604
23670257
28908624
7516504
26851317
4681973
25254280
13816193
28288968
16387033
14565264
24496298
3497383
20677740
21127362
24309018
29899383
24560373
6291966
18287342
20897591
21671166
30254391
1339524
9871735
4268464
22498180
6627582
8798334
14933036
29581341
11597950
28907017
14557677
10005916
26618317
8002866
4065808
4420246
12322902
17164710
22256148
24548971
20651123
12400409
12471588
23877089
7797205
18485797
26599747
20920282
8817064
17468903
27268284
29345065
3615742
27089840
12523929
16605834
3634514
2069718
25146983
2076333
25744662
28423651
4003596
17925035
17349703
3399456
18898664
26065850
20369899
28945912
14422561
4458562
10462864
26221847
25780356
17069913
25856808
1458306
22038504
1802731
20027500
3649884
1490588
17533827
18930167
919635
28255878
1032005
29530655
1896860
21062494
16602376
12506211
29729463
22953284
16905535
19547658
26607014
28640321
1465112
25105979
19669547
2807501
26299528
2515643
11603021
3844381
27871962
14705596
9362262
23309495
8989512
23004175
3821726
1974299
21652154
17751204
2717531
21618092
484812
13218865
27645389
7457566
6000096
28738136
17291842
28981848
3204043
6560263
10929425
20255749
24876567
14071723
14246437
21398476
19583798
16343431
17973555
25931482
14473129
25482207
524682
27153580
9580780
26469313
21356977
25736789
24900700
2008022
27344464
2754684
19236098
3804213
22968962
12617172
13761983
1170482
21542363
29866209
18717501
13868631
20351300
453141
16311598
28876572
5338281
10147519
24773766
4899671
21793915
8257599
7346917
8374443
2526463
6344941
29149405
9832244
14764626
3190296
11417105
907613
12563537
11477320
4832679
8594899
7624172
13105632
4784560
25153993
16614026
4744094
10584969
25241261
13626303
7019853
14435424
4148067
29726064
17049425
18421253
14645977
8929664
6887800
18000620
2691970
10402062
1935465
26604264
26447778
371687
18715799
5004236
24791427
22145967
13504082
1074315
28756456
726316
28203526
1880991
1531007
2724560
20078649
18178004
5558514
17587596
5737138
10598555
22368100
20238330
17141591
457594
8363719
3365066
15705241
24229799
14179803
26677259
2104605
10061218
20475777
5299168
2218294
13978444
20706437
26584974
20641225
13423114
16257691
9342954
14789337
498985
1883654
9367436
9755082
27262528
15790982
17431794
26473392
13622683
22512562
5752889
1431013
13938844
6776196
5394658
26805889
2436811
1539082
10145582
448713
27885004
9679651
4286035
30126665
24123817
1751068
5122087
6044838
4543029
12940775
28112114
13109210
5440840
7363177
16774048
18139336
25477117
14984757
27139825
22275947
24012396
5586714
17845862
10413746
6286182
7457542
26941943
6139290
4865406
20427245
20619927
15991779
25145738
8146692
28565331
3861154
5174057
21306069
23864091
19697682
24085516
27595651
13649630
19771880
20379736
1908029
4366083
29881074
6622219
1254222
197541
27521345
11613792
4346557
10538918
28436714
21483519
2088411
17673361
12887591
25953673
26480848
10909197
20428995
28164335
634703
9046007
15550372
10078739
23322301
24944706
12801014
7542433
9580117
11415545
5947988
532263
9587793
22915505
28295223
18821219
24091495
24421932
16525132
20475518
17148620
19567382
8228258
20426108
2145785
12043655
14430333
10358686
27295228
19145790
7877070
8173361
10903916
27543022
7108517
4242031
4335193
29122106
28137598
19650913
15788604
11631341
11353530
13093241
7798590
5018672
20936504
10733652
25400544
17827255
27568640
8018497
13938405
19674999
21740296
3591898
3233082
1915633
18995702
9674895
19154956
12682341
167314
30215184
15249824
5988083
5696781
6152364
8654588
18316062
7970583
15127281
28533120
27277261
29561525
16455048
8927766
14911104
9880969
9890321
17544787
3590770
5595073
12093254
14500988
11301946
2676733
29139192
20699000
10566579
22946718
6936161
3977958
15116193
3806069
26582857
7978862
1562324
674393
21528950
20419891
19385976
21978717
24765806
1608288
22043656
26849590
3327815
14045791
21902403
30390246
26699015
7095936
18367998
27076689
21659253
16824447
27893372
5529754
9940818
19960509
13994221
20620449
26326536
28919617
21582347
21800993
29060888
14504527
2591719
20666099
2917401
2678515
18284657
26468685
1919914
16076622
6705835
5887331
28220441
17624834
23024788
305401
21409740
5881281
9888971
18277450
9431703
14591788
3101179
29460889
20167335
15189848
8683252
25893988
22515025
13192656
20905827
29967687
697916
29489941
1984631
14505474
3637536
18717016
20676212
29201867
16043553
25248843
19172483
25048502
7873932
356893
8398007
27386031
8483000
12341707
453747
18223716
19168394
15334669
27314015
2458312
19587801
18049258
23034891
22326257
20649454
13141591
27873280
12025774
1412125
1429269
22544695
13519060
15513002
22637880
30149220
28329728
4939852
1769466
1232163
9426144
10314333
28651899
23067148
12029635
7433160
1783732
25613497
4534726
22860730
26105630
10072366
15013192
7313206
17115788
14190457
24828909
6875140
24343532
24023501
8740734
1374159
30393944
24829820
19568594
28591519
26161281
9839809
15794007
4370026
17352314
3842930
26389024
2484901
7122805
6261296
19978753
3019862
6712137
22655886
1384806
23299614
7739347
4085662
16835669
27365401
2393223
11535005
23554698
30368512
29168944
18606112
48749
24987203
15904265
7780707
25369016
5735083
29135343
28983419
14051666
23702927
20739499
29882538
29488324
9155072
12860258
18892523
20121972
7193537
9637117
7371085
13339539
19962851
29658239
19627618
17215586
9929753
22468578
28241778
16039827
28697141
3725412
24134316
20466475
17155327
24692514
29695609
20436322
5871125
16517560
13280832
27691212
19955190
8834546
23828090
13076875
14715530
17183794
16620383
11707699
15457843
6680463
28251377
15059629
23860362
14152886
22764230
21573927
3915729
5193761
2418618
29862175
19834030
21533177
29150101
17140548
25214712
15522565
23439321
3375026
14537242
20717724
17888285
22098547
11040249
3148704
9769468
30291896
7055647
25517042
15744638
18981725
26437082
19018686
10370741
20435825
25889354
1435308
14259560
9767769
18138637
2496520
27938215
5966860
16639823
19731021
2741477
16485046
15472180
12401442
27725458
15705439
26313867
4276058
25143646
30319547
30026835
14793205
1399583
15143144
5874848
4130407
19737703
7913679
25558331
17782179
8168786
8587607
5388349
23567928
2339784
29970842
5884158
4182400
28508208
7308206
12547430
18717945
18082631
8224095
3667866
7678888
29805296
28576951
24974973
14723871
12174091
19905135
23193773
2253867
28620926
12451782
26028587
6668738
26401661
30031696
7451599
9409030
13544911
2985773
11379345
24717950
3873623
8179125
14505937
18362608
8457210
30392188
8457173
11553801
4434077
18289436
26972646
19222238
19165383
12309442
16698452
12530090
23146608
28837837
14693117
7436657
28268467
2478177
3763371
3827563
10623982
27261896
19870298
6038058
11879988
20046797
27369296
17666161
9807149
1951187
1590334
5949900
14186202
13809990
25746621
2585331
22144193
5257354
24169437
5618308
6071054
22694164
3824184
7982647
2766452
7347333
16182261
30181379
11761163
21742140
2483030
22052709
8020691
8835761
21433814
20180585
1308214
7145299
19057040
23666540
25542777
23988726
7379115
25980235
30029346
4116555
15695271
20789562
29596060
5499668
930335
7198853
23709036
1459658
4106170
13482601
13493725
2343091
17027986
27869147
2691258
21106103
24216034
10513526
15446675
3284724
28209695
18434677
17577425
26669971
17083711
20638350
28634473
29439085
25758984
7072573
4109042
13506280
2071609
452917
27876642
9452215
13607248
20481018
22393713
748117
6806585
4254064
27069190
30138270
17462466
9418665
20218443
11153319
3426034
26634054
25275157
26771794
23775794
24029369
8027040
2131488
20787038
805115
24785981
4979116
20196260
10235614
20973686
6489400
3285871
4147340
28839414
4862971
2773509
12734459
2267932
19284399
1448520
11493658
29113944
8465836
18532044
29631894
5788123
15765866
20067887
16364335
29609688
20012093
8814112
24022976
9879304
30240671
17187759
6290928
1806477
25687739
26016798
11676424
15408439
9268603
29769715
3395038
24986411
29509935
24146652
6435239
8875169
2029313
6281756
2806840
7004488
19566682
28558350
8719728
22207828
27222270
4555578
7183636
13371500
4020027
6781028
21005016
9546814
20614290
3799056
16976473
9059254
11234476
19029063
9450971
16860326
17102634
1231125
7793999
11126387
16963648
14011876
29030397
10516950
22021935
19398514
13873339
18749281
6567775
1908369
4191723
12149439
14070383
26054776
28781559
13734527
18094957
9447150
14719088
25991467
20918735
13465462
20668047
7858192
9742719
17259498
19896120
7605451
28729979
6829870
24837413
26375634
9581592
22785136
17767413
8502934
27410765
29937594
11360862
12686296
54634
26985086
24659309
14577298
9683100
18737924
2057885
20191150
25326647
9429703
24555206
21492243
28045620
6038709
25612665
25205209
9973356
23981096
22138080
7114501
6625746
1272343
11377403
28418953
8124483
29860028
17166300
10985284
1988201
10364338
2543160
20980877
17538233
21803465
23675382
22767298
2055692
9720454
30058842
19586211
28208466
1172925
15202862
25104033
12120642
6443503
14499587
11149388
16027868
9549016
18264186
12610826
26441989
24536699
25887340
25685263
18828579
435913
8142240
17473249
25182045
3111091
22602541
2168921
18505753
21612236
28372561
5704726
8339234
25463874
26195708
14912345
8916045
24271293
22585542
11791892
14342443
3081204
4275424
580259
17789501
19455414
13124262
3160318
7078492
24584217
4056554
16664356
16787345
5857869
4236872
12340829
22185878
14585138
19978701
14808607
4341450
4259511
1505448
30283409
16181710
6561760
14972616
25463576
26916026
16517815
10109330
29898752
27322709
9480888
2460246
16814993
17938744
29654628
1547185
3370893
5742604
27169912
25923177
6351149
19615111
13925273
20705597
14826343
1315793
5754642
189508
22399374
22182737
18816397
15857302
10067894
22565336
1385608
8607698
16158262
7519576
7767102
28760115
287873
2813716
16046922
9316142
15792927
21628565
954973
3126989
30372371
18960142
25783888
11867462
14824573
6942048
8550557
4641041
30076217
29099450
9266291
23980366
3465986
29273970
6717623
28418533
5795304
29358
1544444
9457711
4302236
349151
14430944
21359827
11608320
6706271
12864140
19091614
25002926
18301078
12759004
26107672
18312891
10434355
23349889
19233525
2314282
28148319
24796167
5500195
5313164
30285127
14085536
140796
20822118
17367102
21018800
15460232
10785874
22445806
12698275
9058357
10770419
9102743
10983715
23364346
571904
826428
7634848
3997335
21154233
29865624
7910238
17827861
18991284
24490376
21334052
16744317
20544620
8549916
18087089
6434127
10180180
29867593
24960982
18703954
18041999
14067820
624470
19183655
10376286
9178853
23356963
24184542
8557062
20400330
8724439
29705799
28808049
106052
11722598
5440988
18661464
30064402
30293542
5558651
12963955
13652541
14891652
15917777
24200331
22554245
25955063
22994788
6950720
11741472
24551618
22279090
20254134
17411401
14899425
30061225
25001890
26766464
29725293
1087594
23436419
8733032
29062391
3461504
25193402
5313378
13272233
11558090
10719429
3583277
26233071
18528983
4924018
25440218
29814524
4486449
18451241
6370493
3839847
17694784
29423163
27082926
2041642
12024660
1866761
4806926
13922197
8485741
17570266
9426365
13445483
20062399
23247002
9387561
5876544
2154306
25150401
23614738
9765247
17616938
19843121
9273838
13035083
15531557
17758638
662123
6771024
8678668
1905252
11009258
1407795
30405047
15017344
14996858
25605821
28156620
4863624
7487831
27049109
12068881
9577630
6915333
8008226
29742013
25953528
8295030
5390124
11707680
17185082
4896846
25798105
5226979
29914969
296938
9175083
18836485
9171005
7623042
29672052
25720782
22642294
21991597
18931385
26223194
16436081
28648010
26197033
29893675
28460939
29442456
2377245
6045918
19169458
20900879
28578015
25180941
21605046
12408536
15455639
5660332
17085250
3985404
19881963
5553825
14831967
10379973
1482847
1807378
18942370
5869750
1997126
9972786
9347323
20027334
29605248
7435124
2674480
4780688
16961233
14579464
23236797
20374196
13865581
19544597
29110582
14023545
26440544
26887307
3001435
26399097
28906457
716533
13674356
15266497
13246771
6038027
5353754
9908929
13736271
6196971
13480789
3666988
6973771
1681499
23443415
11785486
17077298
29177352
30084860
8420639
5474670
1567894
18558970
29067302
4975161
19315800
5613166
29736800
3033086
25122022
6098825
4526788
13252003
22826638
6510137
27606668
27167320
3883593
23417229
5935579
18699940
9166168
17141304
5007627
19073808
832712
11272517
17193323
29751662
10730200
6854129
29100016
3023615
16410031
5355592
1941720
22107550
21796689
14602192
21677294
906382
27761242
5134324
23003763
28325624
14301404
30039784
16743736
20531784
2094230
25113674
28892437
2929364
9818922
15530314
23822044
30218574
6845301
17796311
5335003
2024576
22347625
1713101
24600265
10260506
30395423
5034593
22528635
26944018
19436957
27202571
16082898
28420064
968645
1775339
11319984
13439941
11353114
20630006
22490345
21360528
13295561
24232111
21200221
6854658
9771789
30104023
1459750
29811536
5747717
16347763
10530573
23831067
25829534
16682553
9633676
29390423
16441249
27156209
13309883
8780308
6726208
4722021
10111964
14724140
11918751
24121653
13293310
5963703
25229206
18937750
12054083
7138504
11703210
12660908
27326732
25659470
30346769
25657373
16240750
1330507
24077959
13618829
13050246
24806141
28181213
23611325
3604141
15459674
15909991
4814063
22904364
24846264
1106872
2504531
6030437
9388935
3323349
4919153
10058983
4311871
15209054
24546262
27977916
21403662
4424639
16909236
18795455
21783582
28467794
18104185
23838659
13815746
24537627
9251492
30224354
23939029
5736896
9752713
16834754
10795801
11804393
4702172
13929724
27544168
21348654
4440962
11986829
11236604
7424161
8489252
28151912
4376215
16521966
10020324
4074456
28831656
17050762
19780176
20281249
880530
22935830
11484941
19325609
14923911
26156454
8222376
27288849
26189
26447951
26845444
430495
13599036
12157606
3309907
16001549
330171
21264279
29588644
8348357
19277548
15474058
25754067
1469909
686056
18440466
25666143
7126747
28927217
6130852
11889904
246271
21921810
21044782
4238162
28306363
24886374
14395727
23213430
25840354
29833819
18471196
26218128
14014243
16607968
13472124
19601531
20594685
17792369
24395779
15849594
21693284
1747205
29050551
16716576
6149799
27413944
24354940
1216973
5487108
13616729
29792076
1754907
9096033
2666850
15536897
25655987
11118919
3194017
8477380
12545465
4723322
5419438
9989453
23825471
18264505
26248947
30021757
4369380
6414211
21871916
29403743
28361116
23888947
22657470
12407438
12657862
10268167
16504401
12483495
6871240
1929407
9858109
24263910
28464626
23406513
23334104
24645907
20088217
29031846
24614837
29217226
9810695
25972361
20796065
29216995
30361866
21080722
20316199
1500040
14424980
21122096
14754389
2626515
86810
7211411
23856642
20585751
4454653
10916261
8828145
1226020
5807735
8798567
17719559
18296537
12462525
14771975
17907451
25520646
3393123
3895858
24199463
8659676
17455230
8458162
30399820
9755821
20145547
6475457
6871666
12792752
15874823
15654493
27544860
2923640
12251582
7964292
26470818
12111408
28773331
26990717
514280
22933137
24778301
1500497
23140782
18103456
6799378
17747672
17663970
2922764
17382402
28237577
22744533
30257232
10071411
16165981
25530870
26219333
10138954
6675905
24547285
1946993
28435108
20946641
3625886
25676487
13745131
18399283
18029506
7447769
7325043
10748948
17045889
12357233
9831343
5799805
11677402
5199209
14961412
18391182
29294556
24250406
877056
21749671
7639564
13570980
21997904
2755861
8792833
10853142
18994931
20857125
18603942
12533266
14955883
15760680
7872079
18095991
8021198
2468258
28726052
15148731
1531850
29970232
3055530
10999758
21584577
353909
24991710
4090341
23528112
4046380
19429509
6755989
18562588
15719990
26511184
4892537
136230
15654533
12608360
27212974
11885295
28225725
27830882
3172204
15141181
6761722
3921755
19359696
21222944
21589961
5965700
15978476
12306804
3702201
17705343
14244851
1124444
15683329
5931986
1508845
8232868
14987004
3920881
16408930
8091403
25433179
16467606
26693968
2090962
13073080
5976141
10826246
28632459
6018150
16617867
7149991
17840328
2544528
26465585
26549863
334879
2243343
15310576
27404863
20641365
13245429
4679968
419387
25007853
21754920
17590214
26796486
3057461
25796360
18472860
7678180
7247255
10720285
15258615
5124453
10841131
17225713
20142335
27925494
17562
595335
26434678
15462662
923629
13355216
8663826
16279242
3796005
16767479
9546396
24257630
13042889
22078818
3571611
17618971
15263217
22068987
13635335
20046446
22485729
6913789
6997390
13060841
22440003
6872739
12356661
1293548
19999226
1428222
580143
11572161
1132378
19547805
5484924
23272673
24964757
7842420
24864778
21019485
13417243
5064303
5401890
14077483
13253740
8961800
11326172
23053488
7953174
12299547
24093413
1937048
28775530
205532
12267088
10126980
586895
24293011
22353049
5349370
5834164
5798941
18150022
20583157
22729417
391608
5215245
13140841
18043506
9532560
23377332
1578460
12013145
15789619
14056877
6018641
20145462
9252318
18812240
30042786
25080015
16430509
24980486
14891517
13962259
25977659
16864273
14279360
1378477
6060473
28925328
28197924
21458262
24034301
25740753
6270697
27282075
3778866
29639285
2010240
24233428
17308848
15865563
29690639
24915035
21713154
2004259
23540534
9081724
17653634
8674119
30012971
13866467
27074710
15443995
12994099
6940247
3116826
15747615
5302278
19887522
22221666
30321265
2031187
4170211
28784788
5337527
21033213
29552860
17858044
20913629
10784656
6094211
23484060
310349
27467381
550852
24200495
978459
20080429
2007400
13263038
2528202
1257898
13389805
13689454
18910008
2781991
23793658
660941
22996414
9607483
26315127
183305
27098082
22031506
3102382
25082167
2403547
18150015
29231207
7337834
713871
16841694
7749708
18908286
29813587
3277562
21023608
9562885
28943350
3608963
2133538
10325262
4955086
26386464
7154628
339370
22426103
19217718
27710783
3746743
20691166
23247959
5388930
14106657
26357277
16077553
9171714
13903221
8412830
18365760
14341050
24821167
7108926
16404556
11618059
13373839
26503240
14399325
18624933
20579672
13013762
11207944
18105248
4426270
17450497
68388
880824
22397197
18672219
12294233
27370388
9149900
23070788
11500854
17124892
13212094
19511302
18322245
8713236
25234475
7757293
30311056
29572871
20718597
1722295
2381976
21608113
30393772
28657407
9273221
26395167
17319599
28800344
19834681
9035777
27044363
22205455
23047491
23684517
9982280
242418
29775384
17613717
27188228
6127052
3912045
21195667
13007900
27425304
12363035
19219285
23363610
27580526
12917709
29885417
7847910
5517074
28849775
11404411
12776714
24850576
12377310
6287432
26221445
6028999
7024204
2207444
28657764
20490641
2273710
11376168
954683
27437892
29171446
18413522
1001817
25019470
12794977
3380683
17101222
25875340
4701794
11728814
17430504
13321206
22943264
8213088
22151521
5738564
2121791
29993401
26913938
20761692
12302863
30030807
4946873
6748439
22856646
15134937
25675159
7354385
7073829
20277018
6875606
3331962
26491622
7613394
3331209
19385447
24453970
17103002
859811
16545189
16493771
9676747
28351099
15285919
8270741
5497623
15669232
27606204
24833278
29755599
4304474
13299087
11009014
8872295
19757098
14654401
15024539
2733589
21040257
14028260
19524752
22898970
4565775
11452952
21585774
28273944
14633239
10898100
10776085
14002968
2413287
3537639
15680512
19898972
18309603
24348284
29736865
3935690
9587354
16462069
21563177
9846692
19060260
556320
7202048
25075296
12761487
3581269
14739205
13501764
29593824
24047774
1666783
1653777
18037507
23021727
8477514
5860055
22224306
26775311
15350029
19359752
22442226
15828045
20068444
18169735
25348010
9261423
19702882
7344569
19664480
24146201
5424890
12176333
21625768
1171057
8646547
10861969
23924208
13160796
14301173
15040660
4845688
16382752
21733913
7412966
4645163
9298768
12917777
15416929
856198
2525037
10087023
5824073
8548931
3805239
7830047
19412377
28275312
20087409
19009073
25669679
5315449
14742585
16962286
2347030
28454647
21211148
28932526
8356074
2400420
23422203
6023699
16810064
7896747
11727477
24423943
28055533
8759595
14903878
5060874
24156443
18014733
11287302
4094568
25668871
6404054
18950472
24734274
4457495
23386766
29115345
28458106
2580832
27289511
6324170
10670478
10054550
13447732
956487
15441545
13100094
12550484
26629304
9827338
23906127
17343542
11786578
21363934
22993103
29363974
8775540
14729335
22090173
1251587
9842451
1568524
29302122
11370167
2443353
30217233
4242222
13205598
3172403
270948
16414011
21522808
23422073
20871407
939036
23515642
21659552
20898835
12825704
13644472
13854038
17507755
16417714
19083545
27221210
13523456
14147471
1249030
29988896
10962901
21976180
27917918
2031101
17857322
22429827
10643627
22622609
27341977
25221478
10989167
18980795
4613001
804153
12300347
18460123
23602501
21715392
2706978
4815571
24570326
24366280
11223788
1831207
2959204
1075089
12577904
1438284
20234185
18884130
5099200
23972484
9507584
18835719
980695
9939530
941830
7055638
30080850
18033968
27779152
3690302
19882684
12341136
5020057
1735390
2230203
26990478
728472
10807722
20993911
26518370
4075534
2074424
11120734
9094928
12834370
15189604
1118942
21388197
3737159
14923581
15268466
10297507
4274983
27736979
16358131
27459550
10978206
7632550
29168475
14720526
8490032
21704806
8113
28042994
28009220
13313035
18841642
20088322
2886182
5027823
9524707
3788634
7694886
21280968
5856479
16653983
8958758
27468522
28874047
27069108
23420817
2703087
2183214
29377360
29570161
24000131
22525646
1742026
5426492
15565994
14396398
26377321
30282751
21239096
2990077
24097627
23095933
29805991
3827359
12960549
24752741
23402302
17779007
2013081
1708777
27228824
7682253
22599736
17832397
233872
778076
20411716
6586994
28997095
14760343
21866766
27129022
18894792
27091927
30234955
24115057
30336419
29600271
7708649
23266501
18519449
18411077
1326477
24910303
21141774
5980392
430038
8704827
20358244
11599194
23322807
2746635
10093650
21428072
11325089
24768124
4409504
18929317
10988411
14231246
22828162
8636840
22352698
23770041
19375567
9832634
26928004
21022983
5202637
5406861
24759102
13656773
21838488
22347353
23507290
24557787
8276814
23345102
14854162
24622006
19819368
30127884
559925
19963798
5735626
26736398
3771426
15380712
3069469
628982
3025370
20898973
11681675
12440283
1094785
12040036
29949205
21939505
27533081
17854146
10453748
21791114
10226169
13761857
14544876
29902756
23548262
6002331
15083583
17197190
2678958
23798188
19562208
9150668
5808296
7238257
21922334
681022
15730334
4247750
16597472
25980120
15829027
19789484
29829207
26824977
6616978
7646142
27084734
23406637
26792198
5434490
27829670
13025232
398997
12879365
15398775
26310300
15193849
22743797
23809059
8798391
21130946
14757369
22071347
160660
26702048
2962831
19721987
15931692
19166254
25254375
11889050
939509
272472
13850443
29811360
6071991
29646601
6027437
17801819
21038539
2714409
13275772
11377475
4376152
8700752
11595853
29127810
8183601
26231566
6821957
13784657
14244985
18698236
3972991
1761755
7819756
19420055
8515337
11325779
21369065
21344370
20602073
15108367
21547829
8305808
11020074
18361996
13572092
27890291
13284480
26533496
27549856
15057852
6279291
20602109
9621502
12858431
1918321
28686350
21288803
20414538
27158707
3874243
13386448
28911479
20667044
21032612
14534339
7727496
8063120
21124801
20973152
11559447
130811
20551168
27666137
16189677
29006546
27130969
21851643
27167859
22094748
16397684
12205338
4735776
21987613
16916221
22787803
27718635
4559677
26085199
25733072
19604135
3592072
27120132
7281536
29427125
1537312
25273495
468783
8504406
2915610
1374892
4908030
23192040
21687973
8796544
26896955
9782295
24482506
12075549
17348603
22127474
11501124
16449332
9185707
27034319
20701430
16452195
464439
27540106
13708496
11867681
26031941
6183888
14234280
8001643
11441438
8513668
17607474
19430084
18360015
19290326
22518721
10179218
17629385
28473491
7232800
14990824
28591274
5302715
4031436
11736786
26989412
16902281
24890566
12981371
385427
1729990
7875409
25028888
15258918
24204557
29847110
19098232
27502287
18126847
16752719
18698802
22304898
22377790
21678291
12254441
1592310
17076685
16221704
20268009
13504938
12335610
15918587
14805271
20988344
14151367
19729168
17057447
18603596
5072194
4762392
7661962
29531212
20785729
8519645
11143830
29538270
12289902
28414550
25050592
652688
29241856
27500614
199575
262216
3739607
2702910
25857298
1581064
2506278
15436716
3742007
2932228
21664290
17846811
27268792
28591188
13125592
2503862
11323543
8660287
5615838
29044987
27255150
27249562
26000649
29046192
17656167
21489973
26327922
3558765
14141439
1842864
24759982
11145769
5852105
96850
3571666
30140303
13023091
19100761
27067065
21452862
11565750
8963056
5102157
22787598
3950684
17269935
26273594
21928436
11170391
2369484
17489821
23065471
27709375
8257576
4702002
26356378
15149843
17872077
22800840
2901489
17615975
10148666
20141838
28125042
24223133
6841127
15218901
1293424
20250888
704361
282482
3859912
5010075
1327604
14877248
11700213
20612201
18748883
5907700
29970122
30067186
24938572
4290589
26750719
28970925
25665310
26240869
17107315
16267957
18884797
29989298
5769569
6442308
14541348
20686387
23372801
18536941
20598562
17874563
25441455
123237
19508708
11043417
17467656
11441452
11488484
10975643
19125165
30370482
11559395
12344274
20276099
8250248
9925438
7217104
6004344
15329728
30095200
28465300
14939071
13668755
16369783
15432170
27334769
25466121
1737092
7173899
10175477
25516682
5645818
29737173
18252791
26034402
543727
6442022
7757926
4437375
20881405
25191608
231551
13389079
5230230
26488992
24962993
1786005
20396513
3368844
1575960
17982730
24168461
11766697
586334
3274286
28611491
15972877
2937829
19258324
26241046
14982504
24230510
25878742
19610098
26581763
22764968
23138464
5636304
301723
10260024
21854100
14636626
21530873
13907633
5985046
19904551
19599652
2862224
967940
27716430
418969
13424196
7230258
8017086
6525686
26967248
27674819
134563
14407726
204116
18957769
12917557
17409461
28456383
8397773
5199027
12038049
10050869
3425730
19260431
30295819
16609315
22030708
20620066
8793117
556791
3933848
27267413
22700943
12353462
16867032
29477035
14267501
25803047
27351080
1540810
3696345
24019598
16091628
19786130
27123212
7499648
2305031
14136737
29204621
7730200
7907599
27317846
6209722
27535553
21050262
19712086
1873133
17315562
17141217
22419991
25610305
3393312
17974007
20077845
22530653
13695888
6517537
17461984
21947303
5633262
17278506
25006735
22225948
26751518
15176990
11871649
14742265
8103861
28487669
19338010
18119073
11536912
10647960
13494787
4246668
4110530
7674381
16285028
2479650
19720118
18310947
25446912
6372444
16913050
13732101
8147726
18167274
27117285
6595174
5880139
3604458
13770273
27033758
27506746
14509348
8388979
4067312
14750479
15573272
10506877
4916189
22837813
18560218
26863902
25530484
8273073
1373440
8000638
4219553
8079332
23289792
11128844
21089442
6253272
24851496
13430443
5118202
9627781
3374994
20761794
19060526
954573
554626
15841786
15752711
169469
14035682
16840896
25747821
1552928
7624931
2085406
2402825
301668
9916724
22069598
13193657
5944238
19352603
27762678
10504707
10382863
16610481
25978488
13591265
26595388
19733917
19588196
1066362
5113150
22953174
12820435
22860161
13387481
17551396
16576173
5572863
23572092
20834098
20071149
25498392
7331665
4543680
30165628
9449663
2903045
11561492
21094055
24807705
4499237
13525595
7250630
29713941
12073723
4317796
4709778
21893938
524573
4022237
8183654
27135534
17263124
28917576
6330294
20027785
12237868
28212474
11459000
1517133
51625
1696144
25093605
269805
3497517
19751212
23758615
23293544
23640671
2600151
20319161
26127120
22055691
8650892
28865514
18154306
28167969
23001956
7777070
2460916
12704486
4669646
4353894
26112732
8963603
26428600
2445644
22084478
5675836
25518208
3561820
14703044
3170995
29425141
12623315
16571902
16402840
20756556
23572284
17694735
10654516
16372527
23405350
6611928
15867766
25980087
8615484
16878595
20240586
1082999
25742156
13048100
24646480
14789702
20241755
11838453
16952817
24320938
27314340
12520787
20191195
10895168
11217458
17938548
19127476
13304740
11521067
29800167
523985
6216327
17747974
8206433
14789578
29091981
24565184
14667642
19049458
14947304
26929605
17568131
25361471
11290370
16759243
8583423
14499627
28688846
1408340
10276495
19498565
8929319
27134268
14658524
20496218
15362784
8326390
17854216
6385843
23116427
2797542
2978018
10946334
27314873
29486369
15445417
5810466
6337308
11790334
17105203
16396045
25522756
19577729
12700823
4844789
18267132
6131056
21544964
7113577
4313291
27769223
10770296
24955781
21660451
20758700
13037612
28364934
15574438
14073848
24567991
29892613
23863358
27304889
24657883
26502122
14729787
23684038
6990803
10887307
15777416
14653901
8680573
19892170
18507560
1560261
6844043
5494540
11660509
7291331
17379281
25256821
29056681
15652214
29710938
13905173
3107661
26878172
19740350
4884762
23869667
27506700
10275468
14939713
12445245
21267141
3237363
7884441
15905289
22505674
23834009
28828575
14591320
10590392
1337785
8115886
8688110
29144995
2814913
26690557
29257014
6970690
24222377
15491581
21340316
18500090
7967460
16199113
15243596
22165320
9473208
22021171
16775197
26092364
1866000
24445639
20686534
13411006
29101823
13211771
2892826
24871385
2300049
25768610
13784353
24758300
29861215
19156650
8910300
3871858
22868701
15178691
2139297
27938152
1046720
29735438
28967546
23240250
582487
23786151
12029438
12253672
9073671
10361199
21127379
29134063
20796068
26875535
29219046
5890067
2384080
19567607
22979106
3055894
3068519
11947442
20017877
15885754
11449520
29224405
17412494
25173272
28316289
27935897
9055304
9357429
29930727
17203365
4662817
18336380
19545509
27314883
12636826
13598072
614931
30009262
646815
22659068
12888377
6615943
1739766
3396037
26158144
2882664
17415155
21797258
24524124
17950437
21900166
6333932
19003457
18562278
28380091
13852483
24405817
19768680
29392828
5442522
13736805
18103418
25908222
9203299
28269906
24044166
4794294
22906169
15128815
26134550
24847373
3482170
13187770
14749809
25683806
24669358
25284613
16692751
25084839
15229949
13097722
17288778
9828122
21016648
28684089
11543975
184079
24274258
18800633
19292529
9616111
22989036
18218643
3045992
29035944
2600628
16134370
17442496
5276060
26433912
8802761
29969737
30009472
3475114
26222900
23790142
18803473
15801417
16433681
15213889
16884152
13452675
16758204
4778762
14003714
6811193
17703590
6704247
22942371
17538888
26355098
5057552
2305590
28477622
30322139
13896283
19011606
13967642
99824
23891674
12799898
12322268
4815771
2808877
12657043
22725324
23476298
19032767
3281574
6566505
28116200
3241302
24715748
13871903
3331322
17154728
28098870
1819647
24796018
2757598
29156381
29441696
8898640
11777442
4414471
6250273
1566235
12432753
21856685
25671427
8175187
21407547
5171986
13283242
26356108
23105033
5831856
26485181
24545669
13029043
8828301
9088761
9159545
17067236
4723988
25830393
4580170
16030688
25061552
5728311
14993315
18348599
13271795
29699820
17982884
4020788
29518824
15623237
12508952
27387212
4661197
24955463
11240453
7597076
3760192
26877054
26471868
6441448
28335875
25754967
8379249
13551820
6127198
15119366
837894
5922303
27704872
8323437
15890945
17519597
29889361
20306780
15362147
2659906
19426648
9231144
14328565
223079
5020539
6697207
86483
12557851
16933833
10180257
13928678
23116735
30235038
6829705
19017490
8680651
14232218
27461210
13550805
26474164
2142172
26477618
4316483
15804257
14650473
10228813
6576504
16787736
7397902
2907121
7141891
7758221
23194210
30095230
24457266
27851765
14822133
27130361
13230053
27005997
10601165
19503335
20529111
24384809
27739470
19582352
28647170
24726208
9779584
20301956
25154113
22246651
25200866
4283198
25607001
9211932
24803814
29905847
15456592
20419236
7958079
27845507
21801617
5808422
4233730
9707486
5430510
3760508
16742695
22384417
9969518
10580700
2007507
12077887
13677099
8517528
25140064
1952967
6851369
21055710
6920564
1669345
22889412
2515337
29392692
24641703
30213576
21873971
18677561
20796588
13902504
4568934
18133122
1169268
8290042
17794865
2656000
9464547
3518771
17410121
11109513
28321736
5073077
23251376
24369035
29735601
16789709
29586192
19108954
25663969
16002279
20182751
27126449
13844406
7104751
22084733
27462982
4466695
27835353
21170243
29976840
11385781
26570383
18164242
2158575
20747080
22981692
23733603
19203107
5153651
20372504
15170118
9002706
16279862
14512955
12311337
19642562
7794241
4441591
1526437
26178499
15287914
21468580
12637870
25055148
20888207
20155085
29897023
20908878
22314370
12919693
3895679
28370121
16816470
17274262
13559003
13664907
11087704
15731754
12998393
15732929
7504434
29071629
16923229
1431540
23638031
29637948
16766402
5424585
11083504
12720573
21916910
10613054
3317761
18080884
21229682
25926328
21675982
24737753
25325947
313419
3477938
24871186
1878316
23288272
29056471
16490977
20289929
17025592
24968602
7111486
28133484
18211555
17188691
4202184
23024562
18834067
29552208
463563
28454350
1687382
24363823
27722610
1904326
26788251
29299997
20232280
745862
13623786
2878039
14626405
26101951
6271066
8795491
9700771
22192836
10834679
10811146
29224220
10677719
19616234
1988246
24241652
21337181
15692733
7433799
9568873
15347252
14166862
13175794
15333035
5402887
11139224
6196729
19192353
17080204
5229590
1894729
6374313
20042267
9248517
16832091
18447296
6862284
22515049
19193631
15279805
5224099
29811393
3006638
11503849
17027611
26999448
26517093
27812599
27151885
27054048
28401291
3311678
15138067
21663318
20306054
22221423
27089019
3511409
26801836
23323983
13768782
20326615
25335010
30069238
21429801
25926114
16318853
18108678
20549440
5644710
9271153
19591135
13953360
29061714
29096749
17841269
11336785
9909517
5168517
26188698
12858674
24466282
13054207
16544825
285228
26020754
3502882
4885547
27366403
24805013
15259035
17131807
20801674
216137
25159635
3949593
20247990
15570624
3590843
29687665
22635978
10406064
23788690
18103370
1091117
14264435
28116771
20281123
2723370
10467091
10385205
18512448
10293414
9873106
10722597
28265372
28037945
26399396
10663934
5667763
18509468
24705840
17386725
4695529
2757563
22940557
7879866
15892309
1563505
11041831
7183032
24859132
24646017
20628104
22343579
1324118
5474861
19928684
10129493
25678701
29956601
13449294
14562859
7397759
9514337
8519389
4502340
3718742
5759335
9241332
6571113
13804216
25413493
14498498
19318697
26040802
29210060
3659262
22899095
21628727
24072497
9470046
14124560
27216630
23006576
6958466
4611579
6502257
16314819
11371003
26864179
4909252
5119240
5676911
28062641
11712727
6057420
17522963
26831682
11378859
24227338
29484072
19266500
7933192
22755285
8212987
5840013
8831771
3784706
14236967
13445584
26941980
6649178
1501418
10774232
4337998
28776846
600965
29289714
18400111
10730829
24783714
8977072
20062698
15709705
20632043
9321727
16812936
1715436
17060605
17525622
16987446
7387490
29390568
28220995
10314811
7567384
29335677
18108648
13134419
2735305
16051240
15180874
5074488
14851992
16991304
21030057
21923420
2780910
478307
26088302
17039495
10093641
21947516
12478462
17959148
2553909
23435002
13891234
16995482
28531547
5607143
11742945
28124710
28721187
14638202
20888211
16989626
9126872
13937051
7064534
18261014
22523010
1679333
22962550
5647509
7680011
9936647
4075842
2598763
24202606
9538743
18255352
21641820
1574774
16509431
10562463
13462173
25654467
2909204
267064
16199436
11386847
17951170
11254254
3318953
19474806
23023172
3787360
14353916
3977975
29243989
5840471
2455851
3960082
7104340
7416628
12478249
3540392
25857898
14477604
12114229
12963656
26801122
10929241
22197735
10672907
837770
13339977
19966082
24622794
5518648
11184761
14119147
14958362
23995053
19278017
5664719
16936169
22124703
15430254
7412461
27815290
26136760
23414548
19072517
9350741
12828559
13223092
9967622
15933487
11330943
24064146
12502403
12143656
14863277
15103442
4759812
7139763
16279756
3817820
30354514
26669512
29965696
7228579
28439219
6727233
8980460
4552345
1700431
8027869
18867576
9300138
2534170
11050114
17203710
5658984
5216003
11196693
4706695
27127071
26468868
19374981
29238546
10347174
20221620
13253116
19533881
29884940
14352711
5287427
28925762
28408821
25666417
12092032
105646
28942549
8588160
1550174
5009801
15825175
30059403
8432312
26819417
12560237
10127566
18537342
16021977
17816856
16002327
15948026
28783825
23050595
2828205
6233524
12809321
5672723
24994141
20846009
4541714
21791962
4283326
12320830
10506170
21106308
17025515
18540618
625636
15176270
21754312
17614855
10849732
330644
18574374
15732299
23944190
12883194
27954272
26716406
10270332
26190112
28256399
19350743
3501017
27752895
914647
22187749
25290772
10982964
20397420
20559263
16570055
2061696
27192060
11367950
22914944
19676751
8278307
535876
24047189
28459560
24219214
28468274
19601197
10309227
12544175
10924383
25314833
17323329
5241391
19679261
18882937
3649554
5999554
11937494
23296874
20838818
18367673
7189170
25013769
24080500
29317360
11534718
26028844
25963054
7762870
16661646
26209982
21625199
21765675
30168326
24144495
8536441
16323393
29954839
2398719
10442996
4137385
20698975
5737451
4993996
22895694
18765502
19127986
18386491
29517483
12160801
10310883
17223660
98833
3600913
26771381
24246174
22514900
1959384
20271413
10086118
13586915
22323214
16226403
3140352
14892518
25952480
9430908
6353265
20879564
10516178
21878895
4422661
3840107
8286221
20422996
1941863
823399
14809957
7389040
6048739
19066280
3335264
5173547
5069487
2314331
10945636
18273757
9837440
2155374
19480437
28534168
2138662
25072749
12468359
22779465
23802654
12188906
19615084
29189062
20109625
23374185
5445217
834784
3179632
18156873
12922794
3777382
19960637
15294895
26106105
16731046
4404678
16167379
17839923
19061800
5666795
5216681
18451266
2036670
11909028
16325887
8085003
20464191
25530358
18762429
7216067
24131313
13834359
26385291
21771582
15885380
16262554
13891638
823211
15266550
10034226
23283399
28939868
8733993
2990902
8232267
24652137
14187461
28901580
11405385
5562938
20683932
25489434
9707220
5269435
10614581
29382502
8420118
21479387
2329337
2157684
22596280
9190676
24596410
22945993
18342179
6938916
8393481
2921780
15672438
8088396
25423440
28616711
27452838
3878184
5085938
27764046
28246414
8763464
13895767
25181317
15963875
2271802
1924565
2392128
15110646
19416816
17429776
21042518
16642235
19260185
25779006
11268600
5289047
11587040
17391550
9889351
14413670
9982988
27420949
1869186
6149287
28641569
6487925
14352824
25015740
13792582
26759477
7922504
4500446
27946127
2749313
5432512
10056932
13429252
18225941
11656536
10366298
16077710
4225694
1493833
7272438
27461122
5538680
5637768
14482036
19311110
4084411
18456401
19790378
2941375
9603787
487755
12005451
8419711
28113506
24500647
26398370
10425916
10788973
12842726
19736667
16813973
23510039
8800953
6872751
8595302
6179061
21559121
15317614
28206577
29938241
7706805
10280185
22908500
11083774
30128543
3230417
24439717
8910852
265044
23369669
2823971
16039472
26224621
21912023
7929523
1664559
10697310
25998848
22021877
3411205
884275
22194356
9930716
15764114
9744672
18102818
24178020
16114913
7698842
15622099
14831935
8872741
10006834
19397261
14671347
12471985
9607349
27311068
3688009
24958480
20008661
4708742
15555430
7033323
14463584
1924476
30279911
12227041
403238
744604
8037893
9133681
30379490
16718688
13317886
9186404
8681441
26907592
26726492
7745556
12895870
29722048
4994348
10919220
2724059
11745813
29974646
20099120
25506821
12321561
30092181
10335207
23687476
7210452
4020879
1118381
6017540
14661042
27492
6049275
180953
17283241
19205896
28571537
10768358
17375558
28260254
12907980
18474129
20420638
25470254
26815391
19808349
9036206
12204384
14858628
238341
1062846
14011191
4969610
9041110
21579040
8378064
15382466
18064047
25849087
16262993
20178225
11561877
12726189
16826697
27696041
8724837
15474890
5379673
22948562
18762481
25995077
11593138
7636081
15783556
7893460
1313351
25178943
24548063
2520447
28329342
25120740
23640357
20676581
1560001
17762308
19203245
18959684
18208525
2801963
19372392
12428597
5980108
1078265
23470086
12014420
23477248
3732534
13357248
21221533
12867966
7370574
6155241
16234793
3518114
24732806
7944817
20787839
25323130
24529435
21621533
23851238
19489723
2948339
12135428
28353277
19309948
28058493
8127366
3434120
22278972
5178750
2362597
2586460
19505678
4480085
30106091
14745501
23438627
4786468
18751627
8008384
14228309
11542259
21269557
13481003
17626315
20101059
12522074
7182057
3475934
15383391
28877471
19497669
5042655
17304391
6046867
17829755
13146163
23498209
4218432
2694670
22058453
5148538
23814165
15347924
2274586
18675351
23972001
27258073
19431519
9588495
13931762
21555806
29744288
2500802
11736825
14219875
1862275
16108220
21031477
18732736
18189351
27077480
4692517
3663267
15840906
22972054
17045237
14225693
22240337
3907121
25026747
13802317
14239668
15224648
3486959
6484544
2140619
9129674
6554753
21929823
15374769
14843057
12838286
20132665
29804921
17756623
21003478
22243996
9873645
12835756
28470239
19650412
18474095
28690428
29486485
457694
29421995
26307871
898959
23393119
10693060
12710316
3348754
27804370
25388566
29119518
4326268
11878247
19538575
21550409
23604059
13499407
2611604
20525207
20595614
27310722
23799279
27133840
6674402
17193017
13086355
21650431
24781334
21290367
12905926
25212693
2722543
29390598
20429245
28133964
23436816
25479606
27881383
18478284
14901755
11413687
13152555
17504822
14001890
19423753
24471062
1179781
608322
9017452
17638267
22268787
15966859
20384112
5205283
12198779
22631621
11238753
5336919
19891302
17057578
10471062
25915801
1050574
10126494
13775518
17206656
7582875
7950189
6353854
948521
6655623
22359106
26665131
26520736
20027938
28592355
2446795
14309874
13168847
27237261
4913834
10614487
25630021
25624613
4421143
3913278
19237642
11481113
6875625
18150745
1867189
25715361
6785706
4147424
11521618
14479968
15484320
10483310
14866414
1931460
24394479
16279738
30115646
3078756
25831397
18311091
23817392
4360761
27707856
22828977
19702505
391686
29749038
21860456
19209584
17511406
22773963
21872371
18727141
5731795
17757024
1778039
29966338
18393094
19677323
25299634
23671398
8173339
11775050
14747501
20972381
6024842
22647993
23915832
2248929
9420590
17248573
1181650
29575925
11289741
12788746
15775445
15864073
11883446
221983
4071609
8169830
17934454
14116555
7869198
5975408
29242032
29045651
15546629
11816433
6158183
18160138
22858183
12488071
30067471
7229886
21272525
30267448
8958377
9091702
11231931
1681286
24002989
15546035
22227096
27919033
15920902
25747263
8970694
18753697
7602480
21325278
21155807
6488305
18287325
23430087
11679017
6693458
11163082
24750725
29515938
12541594
1960420
25135452
24341283
7178118
4108850
2399916
12019500
22656490
18877446
8206453
17494066
11811695
12356250
20961290
28706345
28976895
21237782
28245767
13817416
11675415
14286098
29096618
7063359
5501649
25744375
10582955
921474
18786168
11132433
15360531
3818965
16080917
26803618
17157271
21825249
28738056
10689476
12792781
20925159
19977851
11758267
19406668
12191621
16167215
16066084
27296291
23606274
22965579
17524522
21496549
30276320
6231694
15201428
14645720
25578129
14379358
9388721
13338806
318308
15000813
3291948
17241448
7457883
18929464
25557830
9634538
28839228
9107368
11268464
1446419
21564052
22689765
24349324
29265171
816901
2945087
8824536
17480319
8615059
13166343
3980028
11779973
25208397
4931306
5155399
28699191
24849033
29288302
26035398
11381855
1508528
14397962
1400924
4022003
29563805
28830989
20487919
11709133
3819050
24727198
24156059
2571441
19344858
9907710
26587710
17602532
8832758
28612691
29447390
3701572
27218417
1615050
21065778
7285825
21622139
12827871
8410522
15858049
2927502
2389840
19013118
23708925
10890630
21409970
1784883
11715973
11398496
15898991
6060966
23959469
10657652
588584
18833690
19391803
3896010
15224151
10862363
14117713
13257721
12425259
22844778
4228954
18267169
22167376
22741423
10948685
7266706
19857307
12089430
1742001
8878475
8582947
7119042
1843633
7697895
1340363
23985121
30000138
19088787
12515706
12180311
13556926
26684496
29982710
21689385
9650827
7554361
4723361
4141149
4239741
24764332
23101834
29064245
20096257
16539375
18258539
30175996
22156790
27162600
11064933
14610976
25506404
10728619
18053352
21397851
4916174
18256785
20949145
6403899
28644402
29892068
22607053
28917143
10884721
27526655
17407652
6489584
3208992
21485483
20702644
3391841
4214578
15939149
15332019
30034388
12668230
30079340
11348182
22596005
16055495
8734135
21098727
3196426
10301695
7852602
15704330
18996399
29036580
20415805
4092331
29438395
10780736
334619
27554261
1305675
13264595
9352125
19339266
15558157
9238156
19342945
7873869
20486363
29475283
24807092
18836490
25864805
20208759
15530325
6930446
25379039
25838723
17429983
9681457
6978629
15329397
13702418
4347826
29910845
27336239
13056290
65084
21156313
1384489
14217767
8336741
266636
4666015
12734130
24896530
5453706
179023
47239
25166898
4969506
162263
11150357
26313267
28539310
28057737
7887304
23517299
9420008
6048790
20363819
28523371
24205917
16731010
1237456
22255462
3469045
6522831
14941938
20693697
1487689
15439287
24375627
13058333
3140048
897061
21297904
20696258
9574005
22253476
27689523
15724760
23000128
11171696
23429389
27008724
21209697
2186721
10022257
4033468
16895616
27907211
2181286
29759559
16995368
27505878
22835348
29561148
28953927
16933721
7978954
10839385
18633552
28418679
1113638
8115140
29499019
29177696
17219781
9541658
1693647
958263
27484075
9580331
25263019
7042035
8731624
11415786
6276670
28956179
25247544
19110434
16200009
17009729
26275750
3347229
17440027
17407569
9443404
17197410
28976876
27460436
5220162
21426478
8598039
20034967
28730691
12112574
2216106
5441167
12876305
781320
13199760
15178788
6766219
25766564
25422560
15679230
3783172
1657932
29273503
21030824
26522614
29316259
17639702
26735305
14220993
17731051
13807982
12429969
14277507
2090571
1886128
7117732
191032
23939069
5673117
16367084
17521801
16695560
25786702
18499703
11039670
12724242
24656767
9660736
23770879
27826747
25611034
1290719
10785953
19866342
13292830
3246101
11587289
5120331
8442748
11276078
26150050
14329675
7788699
2318975
25821443
29201249
20054316
23834034
17541251
24656701
15496042
22756761
11132295
9573483
8672299
726600
21436966
26114475
17696973
2920200
7932131
19301766
14822866
8577503
30079502
335093
17056532
5967983
22258138
25753380
23958529
26792179
30004759
6942978
28991847
27513146
4696403
4952774
16063734
24612409
16663012
9316995
16580581
14427635
27324075
29940106
10020254
27186026
239587
7044930
8488436
696936
27227556
10270795
28711282
6110414
20513582
20706501
28014036
3383368
22585327
22303410
412617
20013458
11318779
12655018
245807
8127680
1561440
786370
9887004
22317473
3222279
29578203
14758961
11865610
7505605
24740097
29216436
1406103
11231075
3523434
30046027
6925244
26996631
10434366
21087435
16970535
16618754
26143839
13573906
15966715
17336013
19392200
4842176
28642869
2836752
2378625
24708605
21008950
6473250
27103759
19702582
9521669
27283619
22325590
3751039
27560758
30426892
13256889
23330990
12424362
17371805
24661193
25045068
17271258
2945819
5224412
24366126
20329162
14195313
8822271
10191171
15909194
23009025
28035872
1492220
3930676
1120609
24346893
3250607
19045223
29030933
11775214
20613047
29315656
12396346
15884739
23034862
14483245
13695592
10914169
29999595
11436082
16811623
7450245
26030979
14412588
2778790
25793222
9212337
15424943
10431111
11232892
554744
27065906
19322279
2328839
3894865
884713
25652048
19115243
27599786
29178772
14197928
12891082
18374324
28983505
25821790
23818767
13704515
22586225
15827817
23168719
19183490
12994791
2184164
17782836
2618910
17326556
24566340
19576735
14658175
2577772
24788609
865299
9542773
8208948
4046320
4184559
4897120
11396287
12972142
22876304
18750553
13210692
4189902
558475
4823386
6173134
19856247
18602234
22710551
1619648
14640390
10199476
19208019
14247774
10072920
17587337
3811110
14275540
10143503
21314100
25041829
9704008
27258089
18556352
20306455
15951013
3229195
6189580
216501
24867242
17880767
22568295
985030
28394483
22537077
22757877
28838462
29218981
755526
15941446
4969778
21121533
17012348
26466586
27266571
14891962
22635007
12179666
17068551
3743045
9539010
11577757
20154227
12129711
16878019
19315227
8817603
27160545
27230403
14583228
8758467
18244032
2958413
3634167
17778277
8297079
8581367
19559879
26696869
15918619
29227373
25649134
16988756
12128706
13475033
29185066
23740589
26007114
23708750
7177426
5177685
26976027
12436324
17564341
6102764
775645
18416421
3134371
241024
19710348
19564075
14006032
14483542
22149085
4681458
9973333
15396020
10496446
22774247
16117173
9655810
12778081
21816394
8920619
18965796
3248864
29253986
9784317
21196697
16359574
826576
5204603
8297316
1751691
14764280
17729574
14720412
22422940
7693181
325213
3852313
10982808
10554015
19446491
497709
21776923
16908421
1755742
15732033
6165034
5434709
26089471
7418152
15863087
16120931
8431146
13796626
18664746
30197086
9717374
25634737
7454785
10822918
7361128
22752736
27549838
6890089
20229357
19883930
20684369
14405725
796473
723006
21144496
17249942
1430049
1447056
14497793
1061509
19491716
22281408
20972848
24004999
23895544
29873468
762824
8587066
12380164
25334265
7158518
26746166
1903842
7240952
6137848
14526483
2437558
4161964
13240843
7719347
3128036
21981119
3048347
26917207
7173070
19745778
12670659
19392827
25597032
22916515
6759285
20674371
2055956
23920112
6930267
4080867
11651355
10032242
13091172
17040628
19230008
27797165
26286208
1558578
13324676
16388850
7266709
7579766
22138860
22116381
14714055
15323838
6559944
7141437
18855655
29439480
3487604
27905213
26599625
27722105
16026
24890201
16771427
448818
11328782
15981474
30287663
4162876
10933998
6042302
19914514
27560350
12167250
16564870
22010960
21938649
1042882
4888715
21806885
4448591
11891385
14326143
11901764
30292305
23180337
2691441
3340081
28121437
2834756
5996321
25188529
25605950
21164724
28404308
21905084
8493106
24516365
1961271
12986162
788274
5064627
22108989
10073105
10201601
28561823
9138733
18436758
20574781
9660273
10722406
20348604
26730545
21312938
22478467
16859097
17314792
22683677
21859261
26258173
18701954
28514931
24921132
20837395
12641259
18703912
7122381
25400648
6665013
4642362
8004711
27735696
2054747
12246638
21244047
21953249
15650598
16913910
2584624
17414894
4182266
15910528
12290714
29228826
3657035
10453421
5112905
19484786
25938259
18519256
9878093
7317660
24846355
12168312
10895863
20912612
26217990
419561
5990120
29585958
29384
3181998
20122425
18446951
24445723
15535593
12397386
26656873
26019365
20557185
26425900
26255316
21845335
10413404
3387021
21042402
24709922
26018958
21231847
7350384
3445974
27047890
17596240
14833810
23641494
13167703
20395595
3983118
12250352
1216139
5207172
22507037
472867
21412962
5837770
11664837
27478743
25007315
29212519
96722
1736663
29449931
6545144
20517576
18952694
29608495
26532386
21829286
11023179
25601676
6548163
9158268
26007574
15061501
26691953
5747929
11881296
16875012
863840
398196
6689193
132103
28967995
14594193
18110987
18479644
21141167
13833999
22863111
10291503
165064
30091447
15654457
23311887
27419751
7304236
4443770
25622895
26798952
4224169
4261295
19224194
18525038
20997194
20184570
10686456
8772440
24076055
15630982
14907601
21996040
2719595
18191258
17580600
17657490
28712102
14274553
26575037
4087296
27081270
14609398
5149296
1436796
6264894
7048753
19643879
10745846
18923901
18354036
24476795
6231310
21796094
6011881
28110456
23962716
26206022
29225870
9667160
2943693
25588229
25229855
445249
25570392
25956194
10572443
24948524
3881069
24892729
18071432
27672043
13659385
17923859
16571992
18969179
25020922
26020887
30406934
14589820
27398181
27973626
29000848
6411950
28854887
18316242
16128867
15402551
22729980
28780470
16287627
5319578
3096395
18790318
14293286
17454047
786724
4822619
8990816
1100775
18179777
5351260
30378418
20228906
25149693
19196400
3293209
1172718
21421461
19701319
23167398
28949949
12279665
29942267
22279036
8206403
23510667
5602454
19422039
17066888
24600480
20721773
18953668
7239828
22745908
12208952
20059192
9950761
5114921
5450455
26364070
16315900
1653883
19051028
21918035
26808403
21007494
12236116
25302960
26736773
19215128
10759137
3997427
26029603
1786432
12398867
26091556
14604322
24773605
13451183
9701564
2607744
2462787
1233888
1769770
25319093
23337700
18392722
9868348
17698994
22909360
23821124
20868294
5799996
1971111
812242
3200384
14468016
16720854
24024709
23840748
13692205
19207656
4830426
23160030
17517539
272219
24269224
1252720
10930571
11778346
29783911
19160774
16877214
15812223
10473560
11582032
7660307
21642781
719973
9528806
18733474
12037918
9029381
29885207
13803191
2943552
24572046
2828504
26058690
5785357
29227598
27536171
11230646
4885470
16001008
8819176
10849450
23387957
1186363
4873780
20410994
11333672
19335957
1492092
19632339
6711427
14903908
27626204
21449950
9480676
8933812
28011180
4457881
7654064
17013204
21040584
23213992
17197132
2236737
4975005
27088231
29944510
8771963
4890294
148311
4187297
18836115
26540334
16724483
20363395
29065150
21765158
4238743
11123421
7510603
25493659
8860300
20208981
6938417
3640128
12802289
24096530
12969364
28854205
21506020
2170421
21865028
2431309
8193816
15312879
20709135
26666402
10053793
14356098
25292557
24151370
2038712
25177828
15341832
20067071
24911147
7064855
4662051
1450388
25522946
19721955
10398819
3496951
17274182
25547982
12201349
8051057
3272064
5956652
13463533
26902869
17037665
2146950
20278893
20374509
2753164
14077462
20653094
15152558
23824789
29235471
1817800
23685506
21707472
17448527
9556056
12955729
11516525
26616267
4175285
17878700
26987091
23726543
8598790
18184571
11576330
14827880
14106517
19823456
11490506
13283271
11813647
11791752
18631160
21908911
27176613
17804442
21572268
27093387
13331076
11994374
18279902
8132663
26456148
4429237
1216490
21522904
21306249
11239609
1403992
16483646
28826370
28054557
19357159
22593966
18300190
29820601
7527854
11012225
12599520
18389715
15311171
21011699
3700863
8371051
12877890
4387069
27724496
25416385
28176802
12522375
328135
26786082
5898025
13833943
2817937
2209482
5578846
11679703
19907929
11558416
6662159
3792816
1268749
13765106
26931589
