302138
661050
871709
927865
424945
79976
638300
759911
126960
641697
55595
157205
961509
107499
951103
35645
187674
459290
851910
76701
578234
530192
204928
754089
271575
443271
660529
16533
815792
919782
4190
497513
754944
685966
821957
185068
507442
957681
642521
759797
613310
276704
353507
288049
121898
719431
139960
495388
848785
551907
918597
201231
337103
928875
337189
113041
776161
291147
745646
174761
496199
749435
168861
84970
478840
294213
541218
430508
330224
159217
572087
417811
479073
999512
238013
936791
631139
672911
367570
833736
213560
59491
528831
614577
861179
78541
627374
659636
581458
849234
437496
230400
215466
325501
302899
579045
89026
842488
566365
844601
374357
419136
245755
469397
40303
10865
68922
580244
285138
782937
352726
503217
408055
982856
846063
283614
84662
198145
124973
282431
28120
357303
731631
340543
386626
640251
957077
167656
854615
265464
116714
721058
738778
997285
319810
412778
457510
469400
832435
330114
533285
990938
272363
571785
707264
722431
296572
118879
171917
933976
482424
64283
566146
673376
683097
276563
55286
951096
266018
404197
793591
986024
485092
709600
853031
814380
164742
650404
649463
140155
732085
526643
108864
568600
420830
91148
480471
980757
12859
421697
473429
989558
518603
198037
312178
858946
698650
88641
453434
48940
727140
11399
886113
300619
590815
659249
716892
104639
347547
977488
927167
830963
63672
566011
438577
879700
783866
820398
862838
55812
364366
172748
374484
411503
998365
892908
667104
852274
563918
491713
732195
836326
796875
972436
394996
821412
496818
284527
327984
365493
660163
611337
331733
978382
666532
456390
711669
578635
71017
922368
569822
690455
822726
800720
352371
1514
805777
630419
761082
568307
185225
986282
947131
14529
541810
311080
29277
142957
343937
502281
593913
147583
807388
564122
834709
15023
560113
678353
205266
428614
69722
24526
962334
626936
269303
929771
286499
236868
52891
441694
807816
997486
859937
966975
568579
686841
15603
414878
744603
909831
23962
833890
670976
752215
133281
894452
858846
988196
253387
995383
463207
426936
723551
64293
942742
933686
655740
365758
566521
429238
676993
243729
878779
492151
585708
37160
967481
29255
761099
518176
673972
666578
938351
478523
957333
630048
819491
174015
756258
9768
64361
320595
923203
269856
952027
510047
153098
767488
54999
512381
45728
885925
282276
455853
61032
96275
176053
882866
917999
550831
607955
698586
382433
295478
925049
980125
462355
250959
512559
245474
317338
614567
598121
24031
352426
652932
480786
479990
427106
295020
636403
276972
976825
50126
358446
167519
36000
373759
696640
761890
405369
821861
309885
821071
655460
135106
127014
390466
727874
778713
507287
234380
331904
856577
246799
527116
128156
444323
672529
336913
686688
72939
736431
834578
660956
855394
18821
440597
122646
935479
235573
135829
893757
512487
194794
299446
213492
506289
542001
408540
588987
97382
736341
634557
674262
731341
180239
83836
455017
68412
611223
297259
409584
204473
170261
591724
461166
477912
929500
682447
793249
518415
658578
234065
488397
675102
372591
132815
553439
156948
479413
241288
558890
570147
67118
577223
771072
20181
454304
749145
508765
346838
772292
267352
188350
497562
687162
965573
649009
470126
444881
233769
70382
337265
798333
956111
611373
727493
309301
937006
851569
677182
813581
844114
732359
871424
385773
82044
815061
606839
853895
94728
729252
703870
106610
72672
717916
990532
742872
786014
948514
944861
398614
308707
524517
654907
321009
247913
286333
1762
941327
676262
373391
311533
351926
826516
481391
21445
978810
459086
359219
784814
70890
629375
523656
14636
28802
345555
201022
263495
528990
914459
390390
14319
404998
378760
707383
225708
227830
843650
214606
117024
557075
420772
649335
246468
919425
932632
550048
119244
541949
604806
289920
67618
219368
475100
153284
529075
703243
270320
713996
728826
608204
991977
487909
353332
875786
484937
264253
636626
458719
816550
911642
72497
605533
63160
302556
68357
632097
874177
189128
91411
100489
545163
851331
595512
369575
249207
878391
16598
544550
663490
943286
798252
409146
820192
342135
182709
833776
502093
553987
862074
410795
357292
768460
731444
349669
841038
6733
508692
669527
359562
273607
729506
223656
851673
45627
359126
420231
85122
685500
687053
247489
73580
367082
813663
199200
362449
62112
758065
265309
828186
232435
744965
489528
254139
987460
908345
100088
893271
501611
962097
480532
429250
783773
191274
850262
466083
508803
452841
78207
467643
745113
520509
899722
921133
159967
343287
920151
678383
791270
529247
41205
509230
620337
35173
214278
527444
453941
231242
69325
432881
974401
720246
665692
737169
773727
427939
648705
122649
724258
74170
338659
633937
879939
646017
784754
807999
44322
988993
576343
400630
945162
377044
979733
9280
246535
276173
479113
101894
230461
391786
336317
579837
14462
169480
603791
1338
300807
479802
946048
682326
729683
45120
399438
660887
403449
808630
716527
860384
116674
999171
602922
224073
566210
400415
4255
489409
78350
706968
364697
713836
610113
14259
988400
141291
176221
996526
302994
886764
212063
464646
246393
860997
928596
520967
551475
291691
770979
730476
540877
428387
757711
826765
476373
819931
687025
661795
574525
347047
126590
295255
395817
974192
809456
760082
907376
83742
479475
525932
663473
56630
953533
576575
241144
840447
681298
513545
59681
16802
802209
134816
675435
93216
228638
309299
874323
439729
946010
303791
710266
502273
568189
852028
817581
118512
116264
573484
203074
74553
28971
548238
667420
559361
823393
229602
154353
331168
286271
623494
404575
556955
606071
848892
101171
434534
916545
736010
548507
179576
25749
757532
408203
12369
844188
188835
862377
390454
773967
333464
145473
723824
594000
157254
868145
648644
921611
774976
856561
696722
657593
747465
574486
591813
623200
649988
446153
680414
545709
8407
131332
236990
115219
664164
840233
705727
50236
783519
14223
983547
219486
121939
519977
431112
407914
306772
790251
966259
36397
476410
230826
902205
612821
248336
570837
168973
63359
266120
465069
586426
711307
564693
496879
358507
820936
42340
69373
571970
839504
330485
347363
507634
113061
932006
55703
891163
394764
691008
788109
311635
465302
372112
32514
429303
803800
8284
624357
436561
608278
542909
921811
674278
643483
711575
330448
591318
192906
71371
811789
595165
519246
973461
354040
924915
165500
46237
427023
703498
997289
808078
249645
158136
283615
663756
230054
774133
967535
343930
313775
144753
313
527101
188400
288867
968518
591738
85844
440043
670914
778172
296649
321548
348881
853923
559164
371505
660983
249917
977612
29357
298571
682273
426929
624602
943130
216452
228507
439411
290244
48487
267278
904001
108096
214597
929045
429120
782162
385319
286392
53914
792791
458382
759074
491052
616990
549678
356649
247882
405654
83860
342109
284777
477452
730757
328829
100670
238905
924953
617729
855432
782135
374832
377451
374454
591737
637005
134954
564632
497031
523757
539570
434520
764794
292739
527496
390185
171095
691364
211237
462515
1257
80648
744296
883726
670740
641049
253102
869485
226407
485140
241978
612514
642063
171601
288904
374364
686676
943756
993811
538113
886421
576524
25402
72810
276450
156445
873967
580845
729583
232404
180463
326270
901921
450803
659821
808613
551437
644556
579382
940950
532651
482119
597986
364702
889615
673378
263800
620310
523411
907115
830568
143118
858177
532407
40832
112885
591567
648698
684067
938632
451911
756100
719796
827679
623937
646513
774530
266453
963094
774863
2336
747325
544677
85203
691517
33596
325830
839997
499647
162955
875745
521585
299707
953538
596911
404859
487807
344368
148221
894470
307035
360763
184054
68701
724889
574480
301535
436610
876301
447163
383575
590132
500259
931530
669892
595231
497764
657131
738316
129871
510044
75885
398585
439324
222809
608673
432356
18869
308532
840993
801994
124687
744618
965321
672236
383611
555466
943749
790253
250003
149234
165760
916133
402026
606026
511261
470443
431939
277142
361142
864878
126731
348066
313519
633065
755167
672959
99719
185228
372948
855907
885491
861928
173411
308434
77054
915352
130033
795053
531151
490310
759791
762167
892105
719010
135375
203301
179413
805629
138973
103385
570909
405457
540208
147256
390091
603388
639193
729646
736931
396127
211294
388729
866220
60255
741675
449035
612195
735528
53883
4455
612317
264600
180142
96127
719598
362268
846663
843565
967845
683962
467448
382906
797142
56465
823670
373310
463572
19517
770596
37574
999600
935906
998480
287902
373915
74024
282350
844276
577724
83466
916363
136063
964404
398955
60067
785853
767475
15635
673466
451212
81613
487081
232152
364937
717713
990646
728144
841140
729589
732619
422652
386350
705411
733039
444520
795093
505377
480893
333057
964683
437559
400018
768233
81995
18021
560801
28806
938102
305464
770912
756050
95585
748340
98041
494197
973889
433268
97908
408068
30166
543013
967443
133929
227319
450710
400043
7321
85436
153670
626768
181762
348477
323389
610308
449766
161833
158553
52040
438141
826953
659591
931945
214003
713118
767964
937815
948979
980904
102876
690582
810416
201074
73106
192920
268993
454633
345616
711439
703053
868316
844674
643381
688799
249696
159005
941206
862235
73649
300082
935981
802148
978464
637987
334273
613780
315498
93035
707031
72605
309381
198903
662653
303302
235981
680885
146981
749174
534512
70909
355446
303243
892178
701450
713586
939022
704544
273994
164958
177198
838299
194813
857156
318178
352821
104782
145060
218526
2262
439644
719030
803702
913106
496782
83691
800260
878928
358973
337934
382504
167963
604666
400616
712646
625709
105827
123975
821715
896528
554622
659996
694094
837475
326706
211990
518652
652697
694848
835836
816570
164881
118536
684097
949863
154946
663546
354149
492425
757848
677294
691215
216991
481808
134295
844740
540320
229182
341035
810700
293355
623292
466656
832968
73527
343152
606301
125116
750966
899928
189902
810100
81568
819252
815230
883501
803749
436777
440545
346329
268124
149102
516579
571330
376067
96497
905317
122733
437968
746507
974254
718538
993318
384592
795486
156023
675520
991198
650097
65218
872812
121755
106364
870382
518334
147999
149439
27715
429940
551033
316744
732927
599659
445382
442386
341489
370268
823780
82726
349435
164197
917042
442255
274128
937602
802344
197054
370793
656930
541235
860687
264597
999580
929257
429463
236743
292382
386619
660836
274355
469879
332683
453989
869297
236064
660414
855718
841394
354311
523947
17810
599499
366836
291514
619129
858014
500679
828682
877642
125428
33166
382543
104563
937706
385049
839814
601554
866735
672828
813835
615722
249351
321873
302249
32853
235141
939267
721293
105815
222328
886564
213031
352898
884727
330834
352116
302070
226485
243271
507675
904650
256373
383124
3056
611637
279120
855744
934194
921315
511206
604815
261101
145215
928379
989486
932232
874772
952976
245769
990571
550290
852459
780557
390882
164
408532
516182
779189
894912
318117
622767
702022
214158
86455
728600
165460
153368
61604
150701
467187
861730
421730
293828
736397
375555
736518
576192
721215
752521
351678
541632
603365
87245
655388
519941
813861
548675
571935
432157
141551
41983
152292
593436
456329
775455
922310
430218
407969
38323
287800
425507
714572
73347
69906
957185
578579
693757
961463
27872
797029
355549
419547
366972
19411
404473
285361
278796
921190
4259
373639
318993
79518
912500
568467
283511
165283
710093
884905
941046
74313
755927
409653
225756
278326
514260
57773
101995
148831
215237
716108
864771
985159
766295
811153
647016
690508
176224
84766
560873
79892
247825
48714
487316
96697
81696
849893
229927
796504
514926
630110
815014
14565
537673
630241
135148
704660
674015
384967
156924
879868
21778
581217
910864
664239
740423
901099
62128
22920
334448
39216
701698
230872
436311
757564
948556
822659
723561
678262
754925
214794
561673
691491
870664
660169
384235
362275
967205
745214
49481
151794
428393
427457
238148
810214
173165
417950
564959
637631
559856
855380
280177
437113
679803
457743
885180
346692
930783
776303
7814
612174
975092
708003
285541
168488
286354
970783
156909
638212
487578
93850
132478
736515
632353
161606
353148
873800
927226
116466
768630
365780
402675
351515
422654
948492
841513
965279
992570
453565
865339
198589
674003
394829
401919
74859
714863
951748
856982
834250
796998
344722
720849
296817
908281
680990
721476
41279
379380
837293
642359
328056
910407
809234
565843
701551
573766
665327
663431
931371
951876
156742
407765
751410
582418
879077
412085
176390
160158
281315
956571
778181
689615
293735
29030
50080
765056
862069
211378
635348
320851
268975
83102
428396
85097
786372
196817
28983
349907
801690
186773
273232
114697
569256
420081
240968
879011
75509
986154
837776
466331
42378
812893
694749
130548
704177
719148
372804
362667
635753
787603
58312
766485
82142
475667
510528
75235
341124
473953
100145
434484
505579
776617
569044
534985
699028
284190
668386
25142
188961
574736
479553
293659
827417
844640
256566
772709
459453
668456
793808
422678
534132
293516
397309
961371
301382
579162
165515
668229
581211
729847
255917
276627
858888
274229
27278
211212
104733
406993
678174
983293
74415
78983
877047
746393
373526
324727
304363
534084
273977
600383
151114
35359
992932
845500
646405
458
393360
712061
328983
402772
881181
209549
74882
30777
603133
715878
801384
39215
992891
12593
84215
577668
637598
60358
984782
253412
176568
284888
551045
395494
283252
137217
10567
305763
692556
497048
549261
456563
918178
488232
413196
246363
315928
835897
931408
505487
112863
98064
992698
233000
459613
277175
442982
187983
98887
819583
168627
799740
120888
377410
152635
299039
155666
111537
43597
943333
235419
574397
374058
231470
823896
772493
645756
500983
750953
468610
673125
542008
246100
855587
