0.03125
0.029411764705882353
0.045454545454545456
0.045454545454545456
0.058823529411764705
0.03125
0.0625
0.09090909090909091
0.038461538461538464
0.030303030303030304
0.045454545454545456
0.07692307692307693
0.04
0.03333333333333333
0.038461538461538464
0.04
0.04
0.07692307692307693
0.03571428571428571
0.047619047619047616
0.047619047619047616
0.038461538461538464
0.038461538461538464
0.041666666666666664
0.027777777777777776
0.04
0.07142857142857142
0.038461538461538464
0.1111111111111111
0.043478260869565216
0.04
0.05
0.06666666666666667
0.047619047619047616
0.07692307692307693
0.03125
0.03225806451612903
0.038461538461538464
0.047619047619047616
0.037037037037037035
0.047619047619047616
0.0625
0.03571428571428571
0.05555555555555555
0.03571428571428571
0.024390243902439025
0.037037037037037035
0.03125
0.02631578947368421
0.041666666666666664
0.03225806451612903
0.047619047619047616
0.041666666666666664
0.045454545454545456
0.038461538461538464
0.023809523809523808
0.0625
0.05263157894736842
0.04
0.038461538461538464
0.09090909090909091
0.04
0.0625
0.041666666666666664
0.030303030303030304
0.043478260869565216
0.030303030303030304
0.041666666666666664
0.03333333333333333
0.03571428571428571
0.045454545454545456
0.07692307692307693
0.05
0.05555555555555555
0.037037037037037035
0.05263157894736842
0.043478260869565216
0.03125
0.041666666666666664
0.047619047619047616
0.027777777777777776
0.05
0.0625
0.025
0.058823529411764705
0.03571428571428571
0.02631578947368421
0.037037037037037035
0.029411764705882353
0.04
0.041666666666666664
0.05
0.045454545454545456
0.025
0.024390243902439025
0.03571428571428571
0.05263157894736842
0.037037037037037035
0.043478260869565216
0.05263157894736842
0.05555555555555555
0.05263157894736842
0.029411764705882353
0.038461538461538464
0.024390243902439025
0.047619047619047616
0.058823529411764705
0.05555555555555555
0.034482758620689655
0.034482758620689655
0.041666666666666664
0.08333333333333333
0.03571428571428571
0.037037037037037035
0.05555555555555555
0.03571428571428571
0.034482758620689655
0.05263157894736842
0.043478260869565216
0.0625
0.043478260869565216
0.03225806451612903
0.05
0.041666666666666664
0.05555555555555555
0.0625
0.045454545454545456
0.03225806451612903
0.05263157894736842
0.037037037037037035
0.047619047619047616
0.045454545454545456
0.047619047619047616
0.043478260869565216
0.05
0.038461538461538464
0.05
0.0625
0.06666666666666667
0.037037037037037035
0.04
0.041666666666666664
0.04
0.058823529411764705
0.043478260869565216
0.03225806451612903
0.029411764705882353
0.1
0.043478260869565216
0.05555555555555555
0.047619047619047616
0.06666666666666667
0.038461538461538464
0.043478260869565216
0.045454545454545456
0.034482758620689655
0.043478260869565216
0.034482758620689655
0.038461538461538464
0.0625
0.05263157894736842
0.058823529411764705
0.037037037037037035
0.02702702702702703
0.05555555555555555
0.03571428571428571
0.043478260869565216
0.047619047619047616
0.07142857142857142
0.043478260869565216
0.029411764705882353
0.05
0.07692307692307693
0.038461538461538464
0.07142857142857142
0.04
0.06666666666666667
0.03333333333333333
0.03333333333333333
0.05
0.05
0.03225806451612903
0.030303030303030304
0.043478260869565216
0.041666666666666664
0.03225806451612903
0.045454545454545456
0.05263157894736842
0.06666666666666667
0.03571428571428571
0.058823529411764705
0.043478260869565216
0.03125
0.045454545454545456
0.05555555555555555
0.058823529411764705
0.043478260869565216
0.043478260869565216
0.037037037037037035
0.041666666666666664
0.047619047619047616
0.043478260869565216
0.038461538461538464
0.03125
0.047619047619047616
0.047619047619047616
0.04
0.038461538461538464
0.058823529411764705
0.045454545454545456
0.04
0.0625
0.038461538461538464
0.07692307692307693
0.058823529411764705
0.034482758620689655
0.05
0.045454545454545456
0.05555555555555555
0.045454545454545456
0.0625
0.034482758620689655
0.04
0.05263157894736842
0.02702702702702703
0.04
0.04
0.045454545454545456
0.03333333333333333
0.02631578947368421
0.07142857142857142
0.05
0.16666666666666666
0.034482758620689655
0.038461538461538464
0.04
0.038461538461538464
0.0625
0.034482758620689655
0.06666666666666667
0.05555555555555555
0.05
0.03571428571428571
0.058823529411764705
0.038461538461538464
0.047619047619047616
0.05263157894736842
0.047619047619047616
0.07142857142857142
0.029411764705882353
0.038461538461538464
0.05555555555555555
0.045454545454545456
0.043478260869565216
0.029411764705882353
0.07692307692307693
0.030303030303030304
0.047619047619047616
0.045454545454545456
0.05
0.037037037037037035
0.047619047619047616
0.029411764705882353
0.041666666666666664
0.03571428571428571
0.027777777777777776
0.05
0.045454545454545456
0.034482758620689655
0.02564102564102564
0.0625
0.05263157894736842
0.05263157894736842
0.043478260869565216
0.09090909090909091
0.038461538461538464
0.045454545454545456
0.030303030303030304
0.03571428571428571
0.047619047619047616
0.03333333333333333
0.045454545454545456
0.05
0.04
0.043478260869565216
0.030303030303030304
0.047619047619047616
0.047619047619047616
0.043478260869565216
0.0625
0.030303030303030304
0.043478260869565216
0.03571428571428571
0.07142857142857142
0.0625
0.04
0.07142857142857142
0.02857142857142857
0.03571428571428571
0.041666666666666664
0.07692307692307693
0.03125
0.03225806451612903
0.041666666666666664
0.043478260869565216
0.045454545454545456
0.058823529411764705
0.043478260869565216
0.04
0.030303030303030304
0.0625
0.02631578947368421
0.07692307692307693
0.027777777777777776
0.05263157894736842
0.03571428571428571
0.05
0.043478260869565216
0.047619047619047616
0.047619047619047616
0.038461538461538464
0.03571428571428571
0.07692307692307693
0.038461538461538464
0.043478260869565216
0.03225806451612903
0.04
0.02631578947368421
0.034482758620689655
0.05555555555555555
0.05263157894736842
0.045454545454545456
0.029411764705882353
0.03333333333333333
0.043478260869565216
0.041666666666666664
0.058823529411764705
0.058823529411764705
0.027777777777777776
0.047619047619047616
0.02702702702702703
0.027777777777777776
0.038461538461538464
0.041666666666666664
0.047619047619047616
0.05263157894736842
0.05263157894736842
0.07142857142857142
0.08333333333333333
0.030303030303030304
0.030303030303030304
0.05263157894736842
0.027777777777777776
0.058823529411764705
0.047619047619047616
0.0625
0.038461538461538464
0.04
0.03333333333333333
0.03571428571428571
0.047619047619047616
0.038461538461538464
0.034482758620689655
0.04
0.041666666666666664
0.037037037037037035
0.043478260869565216
0.03333333333333333
0.045454545454545456
0.05
0.05263157894736842
0.041666666666666664
0.03571428571428571
0.043478260869565216
0.045454545454545456
0.02702702702702703
0.07142857142857142
0.05263157894736842
0.02702702702702703
0.07142857142857142
0.045454545454545456
0.0625
0.05555555555555555
0.045454545454545456
0.06666666666666667
0.045454545454545456
0.037037037037037035
0.047619047619047616
0.04
0.058823529411764705
0.045454545454545456
0.08333333333333333
0.029411764705882353
0.047619047619047616
0.041666666666666664
0.05
0.034482758620689655
0.05
0.03571428571428571
0.04
0.037037037037037035
0.05555555555555555
0.05555555555555555
0.034482758620689655
0.03125
0.0625
0.03571428571428571
0.05
0.05555555555555555
0.06666666666666667
0.05555555555555555
0.03125
0.03225806451612903
0.041666666666666664
0.03125
0.037037037037037035
0.08333333333333333
0.03225806451612903
0.07692307692307693
0.05555555555555555
0.038461538461538464
0.05555555555555555
0.05263157894736842
0.05
0.047619047619047616
0.041666666666666664
0.04
0.05263157894736842
0.043478260869565216
0.0625
0.03225806451612903
0.045454545454545456
0.1
0.045454545454545456
0.0625
0.02631578947368421
0.030303030303030304
0.037037037037037035
0.030303030303030304
0.03571428571428571
0.03333333333333333
0.03571428571428571
0.034482758620689655
0.047619047619047616
0.038461538461538464
0.0625
0.04
0.045454545454545456
0.04
0.058823529411764705
0.05263157894736842
0.038461538461538464
0.05
0.03125
0.047619047619047616
0.03571428571428571
0.06666666666666667
0.03225806451612903
0.043478260869565216
0.045454545454545456
0.038461538461538464
0.038461538461538464
0.0625
0.043478260869565216
0.038461538461538464
0.047619047619047616
0.03333333333333333
0.034482758620689655
0.041666666666666664
0.08333333333333333
0.041666666666666664
0.07142857142857142
0.05263157894736842
0.045454545454545456
0.0625
0.043478260869565216
0.04
0.04
0.038461538461538464
0.037037037037037035
0.038461538461538464
0.037037037037037035
0.03571428571428571
0.05263157894736842
0.05
0.03571428571428571
0.05
0.04
0.02857142857142857
0.045454545454545456
0.05263157894736842
0.05263157894736842
0.043478260869565216
0.045454545454545456
0.06666666666666667
0.047619047619047616
0.02702702702702703
0.05555555555555555
0.047619047619047616
0.05
0.037037037037037035
0.03225806451612903
0.04
0.041666666666666664
0.02702702702702703
0.058823529411764705
0.041666666666666664
0.038461538461538464
0.05
0.05
0.03225806451612903
0.041666666666666664
0.03333333333333333
0.043478260869565216
0.07692307692307693
0.027777777777777776
0.0625
0.037037037037037035
0.041666666666666664
0.043478260869565216
0.05555555555555555
0.043478260869565216
0.041666666666666664
0.043478260869565216
0.07142857142857142
0.037037037037037035
0.037037037037037035
0.05263157894736842
0.04
0.0625
0.047619047619047616
0.029411764705882353
0.037037037037037035
0.034482758620689655
0.043478260869565216
0.03225806451612903
0.043478260869565216
0.043478260869565216
0.05263157894736842
0.037037037037037035
0.05
0.03225806451612903
0.043478260869565216
0.041666666666666664
0.05555555555555555
0.03125
0.03333333333333333
0.03333333333333333
0.04
0.037037037037037035
0.038461538461538464
0.045454545454545456
0.038461538461538464
0.08333333333333333
0.03571428571428571
0.043478260869565216
0.03333333333333333
0.03225806451612903
0.03571428571428571
0.034482758620689655
0.04
0.037037037037037035
0.05
0.03333333333333333
0.034482758620689655
0.037037037037037035
0.043478260869565216
0.09090909090909091
0.041666666666666664
0.05555555555555555
0.05
0.05
0.07142857142857142
0.047619047619047616
0.02127659574468085
0.05555555555555555
0.047619047619047616
0.041666666666666664
0.06666666666666667
0.058823529411764705
0.043478260869565216
0.05263157894736842
0.07692307692307693
0.047619047619047616
0.05263157894736842
0.04
0.027777777777777776
0.08333333333333333
0.04
0.07142857142857142
0.047619047619047616
0.047619047619047616
0.03571428571428571
0.037037037037037035
0.05263157894736842
0.05
0.047619047619047616
0.03571428571428571
0.08333333333333333
0.03571428571428571
0.08333333333333333
0.041666666666666664
0.08333333333333333
0.04
0.041666666666666664
0.045454545454545456
0.04
0.041666666666666664
0.03333333333333333
0.058823529411764705
0.047619047619047616
0.05263157894736842
0.043478260869565216
0.03125
0.034482758620689655
0.034482758620689655
0.043478260869565216
0.06666666666666667
0.043478260869565216
0.043478260869565216
0.02631578947368421
0.03333333333333333
0.03125
0.07142857142857142
0.04
0.05
0.03225806451612903
0.07142857142857142
0.03571428571428571
0.03571428571428571
0.09090909090909091
0.047619047619047616
0.0625
0.037037037037037035
0.047619047619047616
0.043478260869565216
0.045454545454545456
0.027777777777777776
0.08
0.05555555555555555
0.15151515151515152
0.16
1.2173913043478262
1.2777777777777777
1.8666666666666667
3.6666666666666665
4.3076923076923075
6.064516129032258
10.695652173913043
12.607142857142858
28.61904761904762
37.65
43.44444444444444
64.16666666666667
99.125
78.52173913043478
90.15
82.0
130.83333333333334
98.73684210526316
118.6875
79.0
83.3125
77.44
55.166666666666664
33.827586206896555
49.473684210526315
34.08
20.451612903225808
11.903225806451612
10.8
8.470588235294118
3.9166666666666665
3.2222222222222223
2.8
0.7307692307692307
0.6842105263157895
0.16129032258064516
0.11428571428571428
0.08695652173913043
0.04
0.05263157894736842
0.041666666666666664
0.02857142857142857
0.045454545454545456
0.07142857142857142
0.09523809523809523
0.03571428571428571
0.03571428571428571
0.027777777777777776
0.02857142857142857
0.058823529411764705
0.03225806451612903
0.05
0.08333333333333333
0.029411764705882353
0.05555555555555555
0.047619047619047616
0.038461538461538464
0.03571428571428571
0.04
0.04
0.038461538461538464
0.047619047619047616
0.03333333333333333
0.041666666666666664
0.02040816326530612
0.0625
0.05263157894736842
0.041666666666666664
0.047619047619047616
0.037037037037037035
0.034482758620689655
0.043478260869565216
0.041666666666666664
0.0625
0.037037037037037035
0.043478260869565216
0.03333333333333333
0.03333333333333333
0.05555555555555555
0.03225806451612903
0.04
0.03125
0.045454545454545456
0.05
0.043478260869565216
0.06666666666666667
0.045454545454545456
0.03125
0.03571428571428571
0.04
0.041666666666666664
0.05263157894736842
0.05555555555555555
0.07142857142857142
0.03125
0.03225806451612903
0.029411764705882353
0.05
0.034482758620689655
0.045454545454545456
0.03571428571428571
0.047619047619047616
0.07692307692307693
0.030303030303030304
0.034482758620689655
0.07692307692307693
0.05555555555555555
0.05
0.029411764705882353
0.04
0.02564102564102564
0.037037037037037035
0.034482758620689655
0.05555555555555555
0.038461538461538464
0.043478260869565216
0.047619047619047616
0.05555555555555555
0.058823529411764705
0.038461538461538464
0.029411764705882353
0.034482758620689655
0.08333333333333333
0.043478260869565216
0.03225806451612903
0.05555555555555555
0.045454545454545456
0.024390243902439025
0.05555555555555555
0.05
0.037037037037037035
0.07692307692307693
0.03225806451612903
0.043478260869565216
0.045454545454545456
0.03225806451612903
0.030303030303030304
0.038461538461538464
0.043478260869565216
0.038461538461538464
0.041666666666666664
0.05263157894736842
0.038461538461538464
0.034482758620689655
0.03333333333333333
0.030303030303030304
0.038461538461538464
0.03225806451612903
0.041666666666666664
0.03571428571428571
0.07692307692307693
0.04
0.045454545454545456
0.05263157894736842
0.05555555555555555
0.034482758620689655
0.034482758620689655
0.058823529411764705
0.041666666666666664
0.03571428571428571
0.045454545454545456
0.043478260869565216
0.03333333333333333
0.0625
0.03333333333333333
0.0625
0.05
0.0625
0.03571428571428571
0.045454545454545456
0.047619047619047616
0.041666666666666664
0.07692307692307693
0.058823529411764705
0.030303030303030304
0.07142857142857142
0.05
0.05555555555555555
0.06666666666666667
0.027777777777777776
0.041666666666666664
0.03571428571428571
0.03125
0.05263157894736842
0.034482758620689655
0.058823529411764705
0.03333333333333333
0.027777777777777776
0.038461538461538464
0.05
0.04
0.05555555555555555
0.03571428571428571
0.043478260869565216
0.04
0.05263157894736842
0.04
0.05555555555555555
0.043478260869565216
0.04
0.04
0.043478260869565216
0.045454545454545456
0.05263157894736842
0.047619047619047616
0.041666666666666664
0.041666666666666664
0.05263157894736842
0.03125
0.0625
0.08333333333333333
0.07142857142857142
0.043478260869565216
0.041666666666666664
0.05555555555555555
0.03571428571428571
0.1
0.05263157894736842
0.05555555555555555
0.0625
0.045454545454545456
0.05
0.04
0.038461538461538464
0.034482758620689655
0.029411764705882353
0.041666666666666664
0.058823529411764705
0.058823529411764705
0.0625
0.045454545454545456
0.034482758620689655
0.037037037037037035
0.05263157894736842
0.05
0.038461538461538464
0.045454545454545456
0.07142857142857142
0.05263157894736842
0.05555555555555555
0.047619047619047616
0.034482758620689655
0.04
0.05555555555555555
0.027777777777777776
0.0625
0.030303030303030304
0.02631578947368421
0.043478260869565216
0.030303030303030304
0.03571428571428571
0.047619047619047616
0.045454545454545456
0.047619047619047616
0.05555555555555555
0.03571428571428571
0.06666666666666667
0.0625
0.03225806451612903
0.037037037037037035
0.03571428571428571
0.027777777777777776
0.030303030303030304
0.06666666666666667
0.038461538461538464
0.041666666666666664
0.041666666666666664
0.029411764705882353
0.07692307692307693
0.05263157894736842
0.043478260869565216
0.02857142857142857
0.038461538461538464
0.08333333333333333
0.03333333333333333
0.037037037037037035
0.043478260869565216
0.045454545454545456
0.058823529411764705
0.045454545454545456
0.058823529411764705
0.034482758620689655
0.038461538461538464
0.045454545454545456
0.05555555555555555
0.045454545454545456
0.043478260869565216
0.04
0.038461538461538464
0.030303030303030304
0.02564102564102564
0.02857142857142857
0.03571428571428571
0.037037037037037035
0.05555555555555555
0.04
0.04
0.030303030303030304
0.04
0.04
0.058823529411764705
0.047619047619047616
0.038461538461538464
0.04
0.045454545454545456
0.07142857142857142
0.06666666666666667
0.03571428571428571
0.041666666666666664
0.05555555555555555
0.045454545454545456
0.034482758620689655
0.038461538461538464
0.06666666666666667
0.041666666666666664
0.041666666666666664
0.03333333333333333
0.024390243902439025
0.037037037037037035
0.038461538461538464
0.05555555555555555
0.05263157894736842
0.038461538461538464
0.045454545454545456
0.045454545454545456
0.07692307692307693
0.034482758620689655
0.05263157894736842
0.030303030303030304
0.0625
0.07142857142857142
0.038461538461538464
0.030303030303030304
0.05555555555555555
0.043478260869565216
0.045454545454545456
0.034482758620689655
0.04
0.037037037037037035
0.030303030303030304
0.05263157894736842
0.047619047619047616
0.03571428571428571
0.05263157894736842
0.043478260869565216
0.030303030303030304
0.05263157894736842
0.03571428571428571
0.07692307692307693
0.058823529411764705
0.037037037037037035
0.07692307692307693
0.047619047619047616
0.038461538461538464
0.038461538461538464
0.030303030303030304
0.03571428571428571
0.0625
0.038461538461538464
0.058823529411764705
0.05263157894736842
0.037037037037037035
0.03333333333333333
0.1111111111111111
0.1111111111111111
0.058823529411764705
0.037037037037037035
0.03125
0.05555555555555555
0.03571428571428571
0.03125
0.058823529411764705
0.043478260869565216
0.047619047619047616
0.037037037037037035
0.041666666666666664
0.038461538461538464
0.029411764705882353
0.02857142857142857
0.038461538461538464
0.02564102564102564
0.04
0.038461538461538464
0.03571428571428571
0.03571428571428571
0.04
0.0625
0.04
0.05263157894736842
0.045454545454545456
0.05555555555555555
0.09090909090909091
0.03571428571428571
0.03225806451612903
0.05263157894736842
0.045454545454545456
0.03225806451612903
0.05
0.041666666666666664
0.034482758620689655
0.045454545454545456
0.05555555555555555
0.02702702702702703
0.04
0.038461538461538464
0.041666666666666664
0.06666666666666667
0.041666666666666664
0.1111111111111111
0.05555555555555555
0.043478260869565216
0.05555555555555555
0.05263157894736842
0.058823529411764705
0.047619047619047616
0.034482758620689655
0.043478260869565216
0.047619047619047616
0.058823529411764705
0.125
0.05263157894736842
0.029411764705882353
0.043478260869565216
0.0625
0.045454545454545456
0.038461538461538464
0.05555555555555555
0.03333333333333333
0.027777777777777776
0.030303030303030304
0.03333333333333333
0.03225806451612903
0.045454545454545456
0.07692307692307693
0.08333333333333333
0.03571428571428571
0.058823529411764705
0.041666666666666664
0.03333333333333333
0.043478260869565216
0.06666666666666667
0.02564102564102564
0.04
0.05263157894736842
0.058823529411764705
0.04
0.03571428571428571
0.034482758620689655
0.038461538461538464
0.027777777777777776
0.030303030303030304
0.03333333333333333
0.05555555555555555
0.038461538461538464
0.037037037037037035
0.05263157894736842
0.034482758620689655
0.038461538461538464
0.03125
0.04
0.038461538461538464
0.03571428571428571
0.038461538461538464
0.07142857142857142
0.045454545454545456
0.034482758620689655
0.047619047619047616
0.030303030303030304
0.05555555555555555
0.03571428571428571
0.03125
0.043478260869565216
0.058823529411764705
0.043478260869565216
0.045454545454545456
0.047619047619047616
0.038461538461538464
0.06666666666666667
0.03125
0.02857142857142857
0.047619047619047616
0.07142857142857142
0.04
0.037037037037037035
0.043478260869565216
0.043478260869565216
0.1
0.05
0.05555555555555555
0.06666666666666667
0.058823529411764705
0.05263157894736842
0.02857142857142857
0.04
0.041666666666666664
0.05
0.02857142857142857
0.03333333333333333
0.030303030303030304
0.03571428571428571
0.05555555555555555
0.02857142857142857
0.045454545454545456
0.03333333333333333
0.03125
0.058823529411764705
0.05555555555555555
0.058823529411764705
0.047619047619047616
0.05263157894736842
0.029411764705882353
0.08333333333333333
0.05555555555555555
0.045454545454545456
0.041666666666666664
0.058823529411764705
0.04
0.05555555555555555
0.047619047619047616
0.034482758620689655
0.041666666666666664
0.047619047619047616
0.058823529411764705
0.034482758620689655
0.037037037037037035
0.041666666666666664
0.0625
0.03571428571428571
0.037037037037037035
0.03333333333333333
0.04
0.05263157894736842
0.03571428571428571
0.037037037037037035
0.058823529411764705
0.058823529411764705
0.037037037037037035
0.037037037037037035
0.045454545454545456
0.038461538461538464
0.043478260869565216
0.03333333333333333
0.05555555555555555
0.04
0.029411764705882353
0.058823529411764705
0.05263157894736842
0.05
0.05
0.03225806451612903
0.029411764705882353
0.04
0.058823529411764705
0.05
0.03333333333333333
0.03225806451612903
0.037037037037037035
0.07142857142857142
0.05555555555555555
0.037037037037037035
0.041666666666666664
0.06666666666666667
0.038461538461538464
0.043478260869565216
0.07142857142857142
0.037037037037037035
0.058823529411764705
0.05
0.045454545454545456
0.02631578947368421
0.07692307692307693
0.04
0.05555555555555555
0.047619047619047616
0.030303030303030304
0.05263157894736842
0.06666666666666667
0.05555555555555555
0.058823529411764705
0.047619047619047616
0.05263157894736842
0.05555555555555555
0.043478260869565216
0.045454545454545456
0.05263157894736842
0.03333333333333333
0.038461538461538464
0.04
0.037037037037037035
0.038461538461538464
0.02857142857142857
0.043478260869565216
0.03571428571428571
0.041666666666666664
0.05
0.07692307692307693
0.043478260869565216
0.03125
0.05555555555555555
0.0625
0.03225806451612903
0.045454545454545456
0.045454545454545456
0.058823529411764705
0.04
0.058823529411764705
0.043478260869565216
0.03571428571428571
0.05
0.03571428571428571
0.04
0.05263157894736842
0.047619047619047616
0.05263157894736842
0.027777777777777776
0.03571428571428571
0.027777777777777776
0.07142857142857142
0.04
0.03225806451612903
0.034482758620689655
0.07142857142857142
0.047619047619047616
0.034482758620689655
0.03125
0.045454545454545456
0.02702702702702703
0.07142857142857142
0.03333333333333333
0.05555555555555555
0.041666666666666664
0.043478260869565216
0.02702702702702703
0.034482758620689655
0.034482758620689655
0.037037037037037035
0.037037037037037035
0.02702702702702703
0.045454545454545456
0.043478260869565216
0.038461538461538464
0.05555555555555555
0.037037037037037035
0.034482758620689655
0.038461538461538464
0.030303030303030304
0.030303030303030304
0.07142857142857142
0.03225806451612903
0.08333333333333333
0.045454545454545456
0.03333333333333333
0.04
0.047619047619047616
0.041666666666666664
0.037037037037037035
0.047619047619047616
0.041666666666666664
0.037037037037037035
0.06666666666666667
0.05
0.047619047619047616
0.03571428571428571
0.058823529411764705
0.07142857142857142
0.09090909090909091
0.05263157894736842
0.037037037037037035
0.05555555555555555
0.03225806451612903
0.03125
0.041666666666666664
0.05
0.06666666666666667
0.0625
0.038461538461538464
0.05263157894736842
0.1
