335455
332825
336189
337096
334396
339744
334204
331922
332327
334111
333900
326974
327211
331131
334447
335293
331583
331557
338227
333932
332085
326270
337053
335748
343544
343147
335942
328824
334475
338031
336680
337090
333397
331406
333757
337218
333582
332749
333307
335499
329823
327044
334091
331254
331226
331293
329803
332213
331464
334336
328465
337766
330879
334823
332320
333188
332321
335680
333556
338290
328878
333770
333416
330813
332363
332128
340347
329169
335644
328786
330844
342656
333345
326444
341093
339092
337206
337481
332958
331203
334694
334263
330865
336199
331327
330657
329489
326695
329552
335635
332946
338075
331587
337169
334590
332257
342520
329314
335282
331380
340052
328570
329391
339704
338800
329261
333203
329674
333131
332143
327639
335677
328698
331713
330921
331894
328676
345158
329075
333650
335899
332986
333050
332514
335790
338249
331741
343098
336288
333204
339203
335606
329450
344067
334638
332513
336714
332817
335613
339754
328280
331608
335156
334801
335648
334036
331342
331982
342191
331534
333612
325896
331610
331742
331140
331490
331963
330219
328862
332431
338459
328921
329129
334276
331096
330155
334247
334605
332263
334240
331600
337347
336367
332393
326415
334184
330671
334423
325334
332467
332837
331265
335729
338624
332602
338323
333715
332930
337928
330789
335202
329465
334221
328880
335305
338280
337292
334398
338219
334870
332038
332517
339014
339732
338714
331848
334988
338417
328168
342491
336958
335035
334176
332473
327592
333564
336369
335576
333875
337412
331115
332358
327611
334670
335184
327387
329688
330606
340265
337135
333544
334083
334432
336359
335148
333717
328578
333067
332620
330432
342502
335185
332385
336346
334816
327940
333837
330842
339246
339463
335110
335399
332404
336451
334926
340612
336073
340249
331524
332271
334897
329524
335805
336027
332313
327795
331208
335742
333102
333589
330693
331308
332228
331054
330259
337034
335021
336214
334561
336516
335049
333461
328611
337356
332670
331337
335458
337737
329067
343565
340601
336368
337322
336857
335856
337797
324240
332026
339253
334474
332273
330198
333463
334392
333372
336774
329357
323998
329740
343864
329582
328597
337609
326604
329433
335745
333661
334552
328490
329802
331507
333207
330413
336867
336386
330568
330419
335511
325092
335992
335442
330694
329267
336894
336611
332475
339283
328476
332544
340819
335724
336364
333855
339077
335583
331093
333647
333472
332635
333580
327856
325088
333726
335250
326383
331222
333055
337283
339684
337272
332983
336968
339523
336865
326708
333705
336015
336997
331217
333209
333115
338820
333191
335670
326800
335605
332738
329945
332053
343478
328608
340419
328071
335059
332884
330390
322956
338267
342776
333113
332897
330632
327984
333907
339465
335468
329359
334403
327205
335813
337309
327138
327361
336926
336526
331221
334810
324887
325168
336500
337858
338017
332247
334434
328283
324702
334927
335125
319860
332303
326943
329513
332507
330631
333951
328865
334269
331040
332717
338170
329614
335057
332719
328457
330806
327164
330608
334622
333351
335329
335636
333849
330161
336351
327702
330747
337097
330535
338074
337400
331080
326570
339719
332194
327807
331412
326859
338522
335625
325926
326083
337835
331740
338146
335142
330663
333316
328335
333466
340945
335356
337521
333737
329283
335582
335832
337055
326994
328367
331763
330901
330048
330356
333039
332157
339221
329673
335632
333343
331364
334352
332950
332876
329153
337383
329760
336065
332455
335408
334607
328192
338701
337126
328054
329641
331299
326085
343390
335479
335416
330486
334048
325031
332339
338057
332879
327692
333567
335109
336901
330287
332062
329584
330376
335523
341501
334218
335147
332810
331455
334598
334730
338272
336453
329994
334387
332798
328961
336208
329838
330938
332582
331417
327927
332892
337041
334933
335104
333990
339320
334096
338605
336055
335094
330683
333151
334190
334261
337482
334231
333520
332406
341086
333966
332452
331909
333980
332790
331400
329973
338539
335568
335421
332562
332918
339935
330482
327632
337244
337548
331948
338530
328894
331401
332493
333934
335464
331864
328513
340240
331789
333954
337250
327912
331797
329559
336778
323853
329061
337504
343643
334529
330625
334836
333704
327219
331550
338041
326919
330673
331346
337788
330009
339039
339844
335732
329027
331466
329563
332192
333093
336350
336442
327536
329855
334625
332184
334288
332703
331699
333016
334430
336354
334837
330559
329919
339339
338253
334185
338458
334126
332794
331432
341068
336769
334666
328748
334966
327674
329627
332713
337914
338119
337874
331439
332846
327479
330324
339291
338510
335620
332152
326843
335097
338878
335689
333159
333314
332148
334544
328480
336612
334961
337070
329183
337390
328349
331178
337019
334707
337264
328228
336993
337851
340385
331356
333286
328020
331607
331915
338421
338849
335969
329932
339438
332412
327672
333685
337133
333627
330319
334497
331251
331786
335427
332812
329933
333500
332634
333347
319228
337506
338287
332834
337205
331390
329727
329003
333595
338071
330483
332559
334214
333266
330361
333984
325392
335360
335638
325939
332244
335415
327558
329672
329025
333215
333813
330602
329821
335921
332590
336254
328849
333851
328678
333149
326759
334232
330807
334163
330946
328777
331427
334680
333058
330422
329053
330104
331725
330181
329467
331603
334374
334167
337377
332010
330290
335381
329469
328503
336487
336585
326371
337652
335141
339746
339920
333278
336239
337981
331808
335265
338050
330185
329371
336307
332314
334013
331969
340833
336592
333310
327307
338577
335005
336020
332702
325907
332378
326181
332049
334183
340212
340577
334936
333942
327201
336523
339708
335434
338125
329960
335954
335489
329389
333967
337582
334534
331429
334154
335891
335518
332640
328753
329762
332851
330743
332352
329091
334825
336081
332466
332742
339641
333931
335797
334781
334011
336025
325374
336605
336700
345037
331187
331577
331236
330937
338262
330265
339914
331481
335314
328548
329660
338892
334766
334025
337695
338027
332173
336888
335535
340007
331959
329962
334507
330014
333105
330554
329812
338679
338021
330603
332308
323331
330063
332995
336532
331931
329070
329561
335330
330776
333432
330240
327986
332356
335015
333177
335008
333694
332262
336123
337942
338724
330904
340180
334726
331315
331831
334704
342142
329381
331158
340691
339483
335137
332080
332617
336013
336045
337349
336522
333223
332822
334062
332347
339690
333810
327135
325513
333584
326216
332166
331384
336728
340344
331529
327167
330462
336876
331540
339331
327792
342638
333516
325590
337774
335552
328012
336460
329016
342742
331069
340810
334681
333762
330740
339383
336183
327443
337194
337542
336717
341897
337385
329586
326888
332917
339195
327990
322562
325103
335345
333134
335747
337201
332230
328222
334734
337307
336661
333445
335418
332276
329270
332984
327994
333963
332441
332724
330660
329776
329911
327352
323812
334284
331991
339191
336704
332169
336279
331886
331453
337199
331989
336903
331229
335902
330152
326541
330941
340930
331707
333553
335121
335078
333232
335366
336413
325109
340890
335085
336136
330716
332540
334350
338131
337539
331284
337028
332051
333970
342167
332481
335373
331887
334348
332545
326537
334318
339027
332118
337209
335241
335037
333270
337830
334831
337575
332548
333729
333483
331440
330330
328270
345487
337511
330748
335922
330424
335410
329233
333784
325521
341063
339981
333195
337639
328062
328360
330449
327888
334389
328832
329562
334783
336510
335589
336480
336631
339659
336235
336795
330936
321978
334828
331663
333727
331365
331253
336559
337679
334308
328559
337276
335274
340714
328016
329378
334234
340146
335214
334047
335093
334703
325211
338366
333029
327086
337968
335122
341269
332392
330597
332034
328573
334764
337387
333604
330912
341949
330417
330508
336493
333491
329387
327996
338080
339310
331328
335949
335750
339136
335802
332093
334243
335513
336043
332792
335585
331128
329816
331729
333086
333014
329136
335683
336950
332886
332859
337374
332566
338254
331207
338665
330341
331788
330585
327154
337697
334669
333902
338401
327574
335542
341350
334506
337062
334981
336275
333665
340812
338851
331424
341502
327936
335947
337422
336392
335365
336875
337999
331146
330564
330202
337392
334443
338002
330003
337562
334866
342068
333805
331960
324459
330197
329130
344341
332619
337966
329546
329908
332029
333327
327364
339813
328358
328438
327293
328940
335496
335481
332594
334067
336900
331966
336702
328021
328642
333082
340771
332659
336322
338163
334859
339629
333127
330919
334136
337870
345691
341238
332048
329380
335603
329757
333098
327928
333791
330367
333739
338274
335723
331968
334416
335524
334659
332949
338423
330344
334678
341351
333996
335831
330281
335688
327861
329601
324235
332686
340911
331653
331300
329206
329741
334459
330612
329815
338177
333142
334690
331345
333085
332807
332648
331334
330794
336383
335868
332752
335836
339681
327695
330993
333387
330847
333639
334989
330504
332863
332209
329870
330159
335768
338145
332982
333667
330557
330703
330976
341998
331570
338534
332607
341753
329628
333176
332532
332565
331807
330132
332772
332673
334125
341513
336331
338086
328264
331790
330040
329990
329747
321969
337378
337109
332056
333156
327523
332556
335471
333119
332094
331949
338765
339614
334458
329753
326656
333592
333901
330269
337827
344828
325147
335770
332554
337944
336826
341478
334220
328475
340432
331123
332803
334822
336914
331913
334414
334102
334956
330418
326615
336093
331692
327919
327421
335842
334980
334853
330448
330277
333007
328217
338951
334022
330943
334178
331535
329442
330721
337480
339215
333439
331784
327440
332407
331474
332337
334929
334997
328768
338247
329461
340034
332342
337064
330775
332838
326773
330050
336016
334754
344143
339867
336916
334940
332384
329899
338615
330817
329132
336771
343338
335690
338144
328108
336547
328304
329315
328791
331277
334129
331392
327879
329263
334307
336907
335340
328803
328061
335759
337627
334735
335475
337534
341316
325565
335279
328001
327442
335755
333009
331987
340116
336604
328870
332664
339888
327579
334747
336715
327657
335918
330552
336819
337238
334527
327483
334333
330451
339068
332938
338691
330707
330133
332650
330824
332410
330783
335201
334157
342582
325358
333150
334505
337829
331260
336580
335799
335221
336092
335666
336412
330764
335821
334223
339043
337305
330860
330211
334207
336426
326257
335244
337266
325569
335482
342905
331930
331261
327389
331835
332344
332199
329530
334114
338480
342688
330826
332937
330047
339776
333462
337413
335438
333110
332255
331579
331596
335654
326758
331850
330257
334466
338030
336721
334252
331350
334001
338533
331673
325738
327037
331491
332109
337732
338694
333132
332964
338718
332003
331976
329751
335716
331383
334937
332212
330210
333622
328629
334760
338137
331124
337159
339296
328142
328155
328517
329017
335229
335952
338129
335300
335784
327756
326687
331366
334058
334202
330930
339755
334326
335353
329534
331934
338882
337066
334495
328788
333369
331304
328044
330588
339185
336087
327256
332580
332715
338413
326715
336921
328379
330370
334464
331528
335598
331451
335364
331023
330328
337187
330717
331861
336290
329334
336984
333889
335614
328432
334698
340736
329717
334839
331121
333333
333068
327248
338271
334990
338921
336719
335112
334410
328919
328216
338788
337364
337297
334800
329185
335343
334248
328556
332529
332329
332723
332250
335957
331877
332319
332709
332747
329750
335684
329711
336890
337664
330521
336772
340308
331957
334188
345271
334226
333240
334081
323643
335010
335672
335507
332001
341052
338179
335659
331082
328160
329047
337516
337352
339267
333459
340094
331444
332206
335009
336447
334996
331316
327653
337445
326440
344055
332757
333342
333870
328816
335069
331206
331749
330138
335289
335825
332789
336505
332487
324964
336271
335386
329638
328574
335118
332682
333289
336466
334683
331252
329298
323704
342619
331287
335811
336200
327348
323644
333243
340181
333318
336697
332005
333545
336603
329929
336836
335276
336845
332264
327534
333106
332435
330998
333911
333019
328738
334068
331159
334970
330268
326316
330981
332908
338159
338914
326141
336017
338096
328968
329028
336031
333145
330490
332695
334871
335263
334559
335994
334156
335042
330261
338752
336723
339149
336724
330111
328446
330827
336809
334498
334655
329874
336277
325227
332657
329135
330032
336621
331201
329712
326508
328362
329277
337810
328581
333048
333669
339232
332054
327278
337231
330889
325740
334843
333852
335189
331929
332614
332223
329998
329761
332159
337393
333385
333280
335651
327312
336010
328900
337625
338347
328703
332700
333812
333499
337752
337782
327383
336022
335695
331613
327362
333823
326777
330920
330212
333299
324512
338900
333697
339674
333747
331064
334665
331736
330926
326852
334264
337063
333536
341699
334322
333636
333653
332564
338048
336062
330387
337229
333122
330646
329930
336125
332701
334107
336838
334018
337362
326375
333786
335277
336222
335036
338868
324292
331134
332774
334875
325335
326307
336712
332916
330664
339953
335786
328587
334746
337287
331156
