0.027777777777777776
0.023255813953488372
0.027777777777777776
0.022727272727272728
0.014285714285714285
0.020833333333333332
0.023255813953488372
0.024390243902439025
0.02040816326530612
0.02127659574468085
0.015151515151515152
0.02702702702702703
0.025
0.02564102564102564
0.037037037037037035
0.015625
0.014925373134328358
0.015873015873015872
0.02127659574468085
0.03333333333333333
0.014705882352941176
0.018518518518518517
0.016129032258064516
0.018518518518518517
0.03333333333333333
0.02702702702702703
0.029411764705882353
0.023809523809523808
0.019230769230769232
0.018867924528301886
0.0196078431372549
0.022222222222222223
0.015625
0.029411764705882353
0.018867924528301886
0.015625
0.022222222222222223
0.017543859649122806
0.02127659574468085
0.029411764705882353
0.024390243902439025
0.023255813953488372
0.022727272727272728
0.02631578947368421
0.015625
0.02040816326530612
0.03571428571428571
0.024390243902439025
0.02631578947368421
0.019230769230769232
0.01818181818181818
0.02564102564102564
0.013888888888888888
0.02127659574468085
0.038461538461538464
0.015384615384615385
0.021739130434782608
0.025
0.018518518518518517
0.020833333333333332
0.016129032258064516
0.023255813953488372
0.02564102564102564
0.015873015873015872
0.019230769230769232
0.014492753623188406
0.023255813953488372
0.034482758620689655
0.02702702702702703
0.02702702702702703
0.024390243902439025
0.0196078431372549
0.013333333333333334
0.03571428571428571
0.03225806451612903
0.02857142857142857
0.014285714285714285
0.022222222222222223
0.014492753623188406
0.021739130434782608
0.023809523809523808
0.0196078431372549
0.01694915254237288
0.0196078431372549
0.015873015873015872
0.023255813953488372
0.022222222222222223
0.02702702702702703
0.018518518518518517
0.029411764705882353
0.017857142857142856
0.024390243902439025
0.016129032258064516
0.02
0.02857142857142857
0.019230769230769232
0.03225806451612903
0.02564102564102564
0.02127659574468085
0.02040816326530612
0.019230769230769232
0.015873015873015872
0.02564102564102564
0.030303030303030304
0.023809523809523808
0.022727272727272728
0.043478260869565216
0.016666666666666666
0.015151515151515152
0.03225806451612903
0.01818181818181818
0.023255813953488372
0.024390243902439025
0.01818181818181818
0.015873015873015872
0.02127659574468085
0.024390243902439025
0.017857142857142856
0.019230769230769232
0.02
0.014084507042253521
0.01818181818181818
0.022222222222222223
0.02857142857142857
0.01639344262295082
0.034482758620689655
0.023255813953488372
0.02127659574468085
0.02
0.018518518518518517
0.025
0.021739130434782608
0.022222222222222223
0.02631578947368421
0.014285714285714285
0.018867924528301886
0.038461538461538464
0.022727272727272728
0.022222222222222223
0.01818181818181818
0.017857142857142856
0.02702702702702703
0.020833333333333332
0.023809523809523808
0.01818181818181818
0.024390243902439025
0.01639344262295082
0.041666666666666664
0.015873015873015872
0.041666666666666664
0.021739130434782608
0.02702702702702703
0.016129032258064516
0.03225806451612903
0.01639344262295082
0.018867924528301886
0.023255813953488372
0.02
0.02564102564102564
0.017543859649122806
0.017543859649122806
0.014925373134328358
0.014084507042253521
0.0196078431372549
0.025
0.014925373134328358
0.025
0.03225806451612903
0.03333333333333333
0.02857142857142857
0.020833333333333332
0.025
0.037037037037037035
0.02564102564102564
0.02564102564102564
0.03125
0.017857142857142856
0.016129032258064516
0.027777777777777776
0.022222222222222223
0.02631578947368421
0.034482758620689655
0.02857142857142857
0.022727272727272728
0.02631578947368421
0.023809523809523808
0.02564102564102564
0.019230769230769232
0.023809523809523808
0.015384615384615385
0.02040816326530612
0.0196078431372549
0.02127659574468085
0.018867924528301886
0.023255813953488372
0.022727272727272728
0.022222222222222223
0.023809523809523808
0.023255813953488372
0.021739130434782608
0.0196078431372549
0.03225806451612903
0.0196078431372549
0.016666666666666666
0.023809523809523808
0.017241379310344827
0.022222222222222223
0.03333333333333333
0.023809523809523808
0.027777777777777776
0.027777777777777776
0.03225806451612903
0.023255813953488372
0.0196078431372549
0.017241379310344827
0.027777777777777776
0.01694915254237288
0.024390243902439025
0.02
0.018867924528301886
0.021739130434782608
0.02040816326530612
0.01694915254237288
0.02
0.024390243902439025
0.01694915254237288
0.018518518518518517
0.02040816326530612
0.02127659574468085
0.018518518518518517
0.02631578947368421
0.020833333333333332
0.03125
0.016666666666666666
0.017857142857142856
0.047619047619047616
0.02040816326530612
0.020833333333333332
0.02702702702702703
0.03125
0.015384615384615385
0.018867924528301886
0.0196078431372549
0.03225806451612903
0.023809523809523808
0.015384615384615385
0.02127659574468085
0.02127659574468085
0.019230769230769232
0.03333333333333333
0.023809523809523808
0.022222222222222223
0.019230769230769232
0.02
0.02702702702702703
0.014285714285714285
0.02127659574468085
0.013888888888888888
0.022222222222222223
0.013157894736842105
0.029411764705882353
0.02631578947368421
0.025
0.03225806451612903
0.025
0.01818181818181818
0.016129032258064516
0.016666666666666666
0.013513513513513514
0.022222222222222223
0.017543859649122806
0.030303030303030304
0.041666666666666664
0.03125
0.02857142857142857
0.022222222222222223
0.0196078431372549
0.015873015873015872
0.027777777777777776
0.02631578947368421
0.02631578947368421
0.020833333333333332
0.02
0.037037037037037035
0.03225806451612903
0.043478260869565216
0.017241379310344827
0.02
0.015384615384615385
0.02
0.019230769230769232
0.020833333333333332
0.02702702702702703
0.023809523809523808
0.02857142857142857
0.02702702702702703
0.02857142857142857
0.01694915254237288
0.02631578947368421
0.022222222222222223
0.03125
0.017543859649122806
0.021739130434782608
0.030303030303030304
0.027777777777777776
0.02702702702702703
0.018518518518518517
0.022222222222222223
0.014705882352941176
0.017543859649122806
0.023809523809523808
0.023255813953488372
0.023255813953488372
0.016129032258064516
0.030303030303030304
0.02857142857142857
0.022727272727272728
0.02127659574468085
0.01694915254237288
0.05263157894736842
0.19444444444444445
0.3157894736842105
0.5588235294117647
2.4918032786885247
6.484848484848484
9.236842105263158
25.763157894736842
48.27272727272727
60.229166666666664
86.37254901960785
158.75
105.90322580645162
88.55263157894737
103.52380952380952
60.22727272727273
33.84782608695652
14.125
9.232558139534884
4.545454545454546
1.7843137254901962
0.4393939393939394
0.08888888888888889
0.058823529411764705
0.03571428571428571
0.016666666666666666
0.019230769230769232
0.017241379310344827
0.021739130434782608
0.034482758620689655
0.016666666666666666
0.02127659574468085
0.02
0.016666666666666666
0.019230769230769232
0.02631578947368421
0.018518518518518517
0.020833333333333332
0.0196078431372549
0.02564102564102564
0.02702702702702703
0.023809523809523808
0.021739130434782608
0.022727272727272728
0.023255813953488372
0.015873015873015872
0.022727272727272728
0.014492753623188406
0.01818181818181818
0.034482758620689655
0.017857142857142856
0.019230769230769232
0.027777777777777776
0.02040816326530612
0.05
0.03333333333333333
0.0196078431372549
0.016666666666666666
0.02857142857142857
0.03125
0.017857142857142856
0.027777777777777776
0.03571428571428571
0.01694915254237288
0.02040816326530612
0.021739130434782608
0.03125
0.029411764705882353
0.022222222222222223
0.018518518518518517
0.021739130434782608
0.019230769230769232
0.029411764705882353
0.018518518518518517
0.03125
0.015873015873015872
0.027777777777777776
0.019230769230769232
0.015873015873015872
0.02702702702702703
0.02702702702702703
0.021739130434782608
0.02631578947368421
0.019230769230769232
0.022727272727272728
0.023809523809523808
0.018867924528301886
0.03125
0.018867924528301886
0.034482758620689655
0.015384615384615385
0.02
0.01694915254237288
0.020833333333333332
0.024390243902439025
0.017543859649122806
0.03125
0.01639344262295082
0.021739130434782608
0.017543859649122806
0.03333333333333333
0.018867924528301886
0.024390243902439025
0.02040816326530612
0.02127659574468085
0.022222222222222223
0.022727272727272728
0.02857142857142857
0.021739130434782608
0.025
0.015384615384615385
0.023809523809523808
0.013333333333333334
0.016129032258064516
0.027777777777777776
0.02564102564102564
0.03225806451612903
0.017543859649122806
0.03125
0.017857142857142856
0.018867924528301886
0.017857142857142856
0.03125
0.018518518518518517
0.015151515151515152
0.02857142857142857
0.03333333333333333
0.024390243902439025
0.014925373134328358
0.02702702702702703
0.023255813953488372
0.027777777777777776
0.020833333333333332
0.023255813953488372
0.02127659574468085
0.02
0.0196078431372549
0.020833333333333332
0.025
0.029411764705882353
0.02857142857142857
0.02040816326530612
0.016666666666666666
0.03333333333333333
0.01694915254237288
0.022727272727272728
0.021739130434782608
0.018867924528301886
0.019230769230769232
0.015625
0.024390243902439025
0.0196078431372549
0.018867924528301886
0.027777777777777776
0.02702702702702703
0.024390243902439025
0.03125
0.021739130434782608
0.02857142857142857
0.021739130434782608
0.02564102564102564
0.027777777777777776
0.025
0.02564102564102564
0.030303030303030304
0.02040816326530612
0.02127659574468085
0.02857142857142857
0.027777777777777776
0.015384615384615385
0.017857142857142856
0.02564102564102564
0.018518518518518517
0.01694915254237288
0.02040816326530612
0.024390243902439025
0.02702702702702703
0.02040816326530612
0.019230769230769232
0.014285714285714285
0.029411764705882353
0.03125
0.020833333333333332
0.017543859649122806
0.017857142857142856
0.018518518518518517
0.02564102564102564
0.023809523809523808
0.02857142857142857
0.020833333333333332
0.018518518518518517
0.018518518518518517
0.02631578947368421
0.027777777777777776
0.022222222222222223
0.03333333333333333
0.022222222222222223
0.024390243902439025
0.017241379310344827
0.03125
0.02
0.023255813953488372
0.019230769230769232
0.0196078431372549
0.029411764705882353
0.022727272727272728
0.015625
0.015151515151515152
0.02631578947368421
0.017857142857142856
0.02857142857142857
0.02127659574468085
0.02702702702702703
0.02631578947368421
0.02631578947368421
0.01282051282051282
0.029411764705882353
0.02702702702702703
0.014705882352941176
0.022222222222222223
0.013333333333333334
0.03225806451612903
0.03125
0.02631578947368421
0.019230769230769232
0.03333333333333333
0.029411764705882353
0.02127659574468085
0.034482758620689655
0.013513513513513514
0.020833333333333332
0.017857142857142856
0.017241379310344827
0.017241379310344827
0.023255813953488372
0.041666666666666664
0.02631578947368421
0.025
0.02702702702702703
0.020833333333333332
0.02631578947368421
0.02631578947368421
0.05263157894736842
0.02564102564102564
0.034482758620689655
0.02631578947368421
0.017543859649122806
0.02
0.02
0.04
0.014925373134328358
0.023255813953488372
0.04
0.019230769230769232
0.029411764705882353
0.03571428571428571
0.014285714285714285
0.034482758620689655
0.022727272727272728
0.034482758620689655
0.023809523809523808
0.018518518518518517
0.02
0.03571428571428571
0.02
0.014492753623188406
0.02
0.03333333333333333
0.019230769230769232
0.018867924528301886
0.018867924528301886
0.024390243902439025
0.023809523809523808
0.017857142857142856
0.02631578947368421
0.02127659574468085
0.02127659574468085
0.02631578947368421
0.014925373134328358
0.02127659574468085
0.021739130434782608
0.017857142857142856
0.02040816326530612
0.03333333333333333
0.019230769230769232
0.02702702702702703
0.02702702702702703
0.029411764705882353
0.037037037037037035
0.0196078431372549
0.022727272727272728
0.02
0.017543859649122806
0.027777777777777776
0.02040816326530612
0.038461538461538464
0.02857142857142857
0.02564102564102564
0.02564102564102564
0.015384615384615385
0.025
0.020833333333333332
0.02040816326530612
0.02702702702702703
0.025
0.02857142857142857
0.017241379310344827
0.038461538461538464
0.038461538461538464
0.03333333333333333
0.030303030303030304
0.027777777777777776
0.03571428571428571
0.022727272727272728
0.017857142857142856
0.018867924528301886
0.0196078431372549
0.022222222222222223
0.016129032258064516
0.016666666666666666
0.02040816326530612
0.023809523809523808
0.02564102564102564
0.015873015873015872
0.027777777777777776
0.018518518518518517
0.023255813953488372
0.03225806451612903
0.0196078431372549
0.021739130434782608
0.038461538461538464
0.016129032258064516
0.017543859649122806
0.018518518518518517
0.017857142857142856
0.03225806451612903
0.021739130434782608
0.016666666666666666
0.027777777777777776
0.022727272727272728
0.02127659574468085
0.027777777777777776
0.02857142857142857
0.015384615384615385
0.02
0.019230769230769232
0.014925373134328358
0.021739130434782608
0.03125
