327944
384280
384282
436003
436036
436043
436044
436089
436104
436370
436412
436482
436483
436488
436495
436498
440748
440823
603252
676611
778221
966250
969131
969149
1088788
1307391
1349441
1650297
1783422
1937376
1937413
1986964
1986972
1986977
1987516
2026582
2346852
2355528
2366611
2586849
2657240
2669809
2774955
2815038
2901383
3000709
3039587
3101766
3118494
3121896
3422017
3562879
3590162
3656258
3805988
3827829
3929899
3938496
3938502
3999877
4091576
4091583
4441423
4458786
4485660
4485708
4486042
4486056
4486085
4486098
4487061
4487226
4487299
4487415
4487416
4487463
4487470
4487613
4571211
4571243
4573148
4827697
4872522
4872525
4958849
4961970
5044635
5270507
5270520
5332842
5341959
5596696
5616518
5890802
5933848
6045902
6112045
6140540
6182542
6254011
6254014
6301147
6734490
6738606
6964228
7050503
7176511
7510667
7579596
7583303
7583308
7644248
7770355
7868522
8115268
8115700
8168000
8316250
8428062
8430806
8491203
8654004
8658387
8703715
8931792
8932338
8932340
9288206
9378260
9378280
9422396
9536510
9601517
9651851
9783009
9905489
10090379
10249011
10249028
10713549
10865113
10948987
11090903
11110006
11489188
11576611
11797964
11807859
11864428
11903347
12153332
12168855
12509721
12590184
12899035
13111559
13200368
13316545
13356514
13356743
13357090
13357138
13357144
13431001
13478240
13491133
13491137
13492934
13517111
13637061
13801681
13801704
13802076
13802193
13803787
13803792
13803828
13803875
13803877
13804184
13804253
13805905
13806299
13806305
13806319
13806330
13889386
13967418
14459056
14479585
14817154
14865945
14919950
14925071
14925434
14925460
14925463
14925470
14925471
14925490
14925702
14926041
14926042
14926050
14926060
14926070
14966594
15014305
15137507
15169951
15170862
15212906
15292080
15334205
15626363
16043852
16089500
16275308
16315810
16373946
16407723
16418374
16604736
16663718
16715587
16748495
16751319
16751372
16751374
16751379
16751400
16751402
16753005
16873957
16912963
16927811
16961255
17256075
17304311
17304316
17379279
17498862
17553224
17572093
17616694
17621724
17713530
17909821
18228017
18389075
18450916
18844589
18849910
19157005
19183966
19246634
19281403
19307328
19367353
19753251
19923456
19924567
19998394
20004067
20010582
20010599
20010608
20010611
20010619
20010626
20010629
20010638
20023014
20195667
20217398
20306208
20372221
20503698
20775764
20785308
20941571
20978789
20978823
20978852
20979193
21103270
21267895
21300798
21300820
21300825
21301187
21301200
21301221
21301454
21302553
21302633
21302858
21303450
21303545
21303659
21303772
21303886
21303896
21304572
21318218
21318230
21426095
21569727
21601741
21668418
22027100
22122995
22203490
22205598
22205632
22215223
22215331
22271135
22376087
22540846
22714470
22725483
22886348
23109480
23157974
23199389
23441250
23464398
23464597
23464628
23464665
23464954
23464986
23465011
23465024
23606456
23612717
24052256
24550565
24622724
24623227
24623257
24623491
24623503
24623510
24623511
24631243
24631277
24631308
24631314
24631645
24631660
24631675
24631718
24686681
24822127
24822129
24826517
24828538
24830123
24830840
24831193
24831265
25031753
25119837
25141295
25183387
25209633
25262784
25337581
25375645
25519851
26035248
26091148
26091176
26091308
26091375
26091553
26091572
26091701
26187985
26196839
26374396
26374856
26376813
26376882
26489982
26589884
26590231
26660140
26856733
26856735
