0.06666666666666667
0.05
0.045454545454545456
0.08333333333333333
0.07142857142857142
0.1
0.07692307692307693
0.045454545454545456
0.05263157894736842
0.05
0.03125
0.0625
0.08333333333333333
0.06666666666666667
0.1111111111111111
0.1
0.1111111111111111
0.05555555555555555
0.058823529411764705
0.045454545454545456
0.05263157894736842
0.08333333333333333
0.05
0.07692307692307693
0.08333333333333333
0.047619047619047616
0.16666666666666666
0.05263157894736842
0.037037037037037035
0.06666666666666667
0.07692307692307693
0.043478260869565216
0.043478260869565216
0.06666666666666667
0.14285714285714285
0.047619047619047616
0.07692307692307693
0.08333333333333333
0.043478260869565216
0.5
0.047619047619047616
0.07692307692307693
0.1
0.08333333333333333
0.07692307692307693
0.08333333333333333
0.08333333333333333
0.14285714285714285
0.05555555555555555
0.09090909090909091
0.05263157894736842
0.09090909090909091
0.07692307692307693
0.06666666666666667
0.0625
0.0625
0.08333333333333333
0.058823529411764705
0.1
0.125
0.07142857142857142
0.125
0.05
0.0625
0.0625
0.08333333333333333
0.07692307692307693
0.05
0.14285714285714285
0.07142857142857142
0.1
0.07692307692307693
0.09090909090909091
0.07142857142857142
0.07142857142857142
0.07692307692307693
0.07692307692307693
0.05263157894736842
0.0625
0.1111111111111111
0.058823529411764705
0.08333333333333333
0.05263157894736842
0.16666666666666666
0.058823529411764705
0.06666666666666667
0.058823529411764705
0.05555555555555555
0.1111111111111111
0.05555555555555555
0.03333333333333333
0.16666666666666666
0.07142857142857142
0.058823529411764705
0.0625
0.0625
0.05263157894736842
0.058823529411764705
0.07692307692307693
0.058823529411764705
0.09090909090909091
0.06666666666666667
0.08333333333333333
0.07692307692307693
0.125
0.05555555555555555
0.0625
0.05
0.1
0.047619047619047616
0.07142857142857142
0.08333333333333333
0.1111111111111111
0.08333333333333333
0.14285714285714285
0.047619047619047616
0.058823529411764705
0.05263157894736842
0.08333333333333333
0.05555555555555555
0.08333333333333333
0.07692307692307693
0.06666666666666667
0.06666666666666667
0.0625
0.07692307692307693
0.09090909090909091
0.125
0.05263157894736842
0.07692307692307693
0.07692307692307693
0.1111111111111111
0.058823529411764705
0.047619047619047616
0.06666666666666667
0.07142857142857142
0.06666666666666667
0.1111111111111111
0.05555555555555555
0.08333333333333333
0.09090909090909091
0.058823529411764705
0.09090909090909091
0.08333333333333333
0.07692307692307693
0.06666666666666667
0.1111111111111111
0.0625
0.045454545454545456
0.06666666666666667
0.043478260869565216
0.07692307692307693
0.1111111111111111
0.05263157894736842
0.06666666666666667
0.07142857142857142
0.14285714285714285
0.07692307692307693
0.14285714285714285
0.0625
0.05555555555555555
0.05263157894736842
0.0625
0.07142857142857142
0.06666666666666667
0.07142857142857142
0.09090909090909091
0.06666666666666667
0.07142857142857142
0.058823529411764705
0.05
0.1111111111111111
0.05555555555555555
0.1111111111111111
0.05
0.07692307692307693
0.08333333333333333
0.125
0.125
0.0625
0.09090909090909091
0.058823529411764705
0.0625
0.07692307692307693
0.1
0.058823529411764705
0.1
0.05263157894736842
0.0625
0.038461538461538464
0.08333333333333333
0.14285714285714285
0.1111111111111111
0.05
0.0625
0.14285714285714285
0.125
0.058823529411764705
0.07142857142857142
0.08333333333333333
0.047619047619047616
0.058823529411764705
0.058823529411764705
0.1
0.0625
0.25
0.16666666666666666
0.06666666666666667
0.0625
0.1
0.0625
0.06666666666666667
0.047619047619047616
0.1111111111111111
0.1
0.05555555555555555
0.07692307692307693
0.07692307692307693
0.06666666666666667
0.06666666666666667
0.07692307692307693
0.07142857142857142
0.1111111111111111
0.05263157894736842
0.08333333333333333
0.07142857142857142
0.0625
0.05555555555555555
0.1111111111111111
0.09090909090909091
0.0625
0.125
0.06666666666666667
0.0625
0.0625
0.06666666666666667
0.07692307692307693
0.07142857142857142
0.125
0.05555555555555555
0.043478260869565216
0.1111111111111111
0.06666666666666667
0.05263157894736842
0.058823529411764705
0.09090909090909091
0.07692307692307693
0.125
0.08333333333333333
0.0625
0.09090909090909091
0.06666666666666667
0.058823529411764705
0.07692307692307693
0.058823529411764705
0.07142857142857142
0.05263157894736842
0.0625
0.05
0.0625
0.06666666666666667
0.07142857142857142
0.05555555555555555
0.045454545454545456
0.09090909090909091
0.047619047619047616
0.08333333333333333
0.09090909090909091
0.09090909090909091
0.06666666666666667
0.1
0.05263157894736842
0.08333333333333333
0.08333333333333333
0.058823529411764705
0.058823529411764705
0.07692307692307693
0.05263157894736842
0.05555555555555555
0.09090909090909091
0.08333333333333333
0.07142857142857142
0.06666666666666667
0.05555555555555555
0.07142857142857142
0.045454545454545456
0.08333333333333333
0.05263157894736842
0.04
0.09090909090909091
0.058823529411764705
0.08333333333333333
0.06666666666666667
0.0625
0.1111111111111111
0.07692307692307693
0.06666666666666667
0.07692307692307693
0.05555555555555555
0.05263157894736842
0.1
0.09090909090909091
0.0625
0.07142857142857142
0.09090909090909091
0.07692307692307693
0.05555555555555555
0.06666666666666667
0.05555555555555555
0.058823529411764705
0.06666666666666667
0.05263157894736842
0.1111111111111111
0.08333333333333333
0.05555555555555555
0.058823529411764705
0.041666666666666664
0.1111111111111111
0.07692307692307693
0.06666666666666667
0.05
0.125
0.09090909090909091
0.09090909090909091
0.0625
0.07692307692307693
0.09090909090909091
0.07692307692307693
0.1111111111111111
0.0625
0.125
0.06666666666666667
0.05
0.07692307692307693
0.05555555555555555
0.09090909090909091
0.058823529411764705
0.08333333333333333
0.07142857142857142
0.08333333333333333
0.09090909090909091
0.1
0.0625
0.05263157894736842
0.1
0.08333333333333333
0.07142857142857142
0.08333333333333333
0.05
0.05263157894736842
0.07142857142857142
0.0625
0.14285714285714285
0.0625
0.1111111111111111
0.0625
0.07142857142857142
0.06666666666666667
0.14285714285714285
0.08333333333333333
0.07142857142857142
0.06666666666666667
0.058823529411764705
0.09090909090909091
0.125
0.037037037037037035
0.05
0.058823529411764705
0.06666666666666667
0.058823529411764705
0.09090909090909091
0.05
0.09090909090909091
0.058823529411764705
0.08333333333333333
0.1
0.045454545454545456
0.09090909090909091
0.14285714285714285
0.1111111111111111
0.06666666666666667
0.043478260869565216
0.0625
0.1111111111111111
0.06666666666666667
0.07142857142857142
0.07692307692307693
0.041666666666666664
0.07142857142857142
0.1111111111111111
0.1111111111111111
0.1
0.058823529411764705
0.05
0.07692307692307693
0.08333333333333333
0.1111111111111111
0.1
0.09090909090909091
0.07142857142857142
0.041666666666666664
0.058823529411764705
0.05
0.07692307692307693
0.07142857142857142
0.08333333333333333
0.06666666666666667
0.14285714285714285
0.1111111111111111
0.07692307692307693
0.0625
0.1111111111111111
0.0625
0.09090909090909091
0.07692307692307693
0.05
0.07142857142857142
0.05263157894736842
0.05263157894736842
0.07692307692307693
0.05
0.05263157894736842
0.09090909090909091
0.07692307692307693
0.07692307692307693
0.045454545454545456
0.0625
0.08333333333333333
0.08333333333333333
0.09090909090909091
0.08333333333333333
0.06666666666666667
0.14285714285714285
0.05263157894736842
0.07692307692307693
0.07692307692307693
0.047619047619047616
0.07142857142857142
0.07692307692307693
0.06666666666666667
0.05263157894736842
0.07142857142857142
0.07142857142857142
0.05263157894736842
0.125
0.047619047619047616
0.05555555555555555
0.07142857142857142
0.041666666666666664
0.14285714285714285
0.07142857142857142
0.2
0.0625
0.125
0.06666666666666667
0.1111111111111111
0.07142857142857142
0.058823529411764705
0.047619047619047616
0.05555555555555555
0.05555555555555555
0.06666666666666667
0.07142857142857142
0.041666666666666664
0.06666666666666667
0.058823529411764705
0.1
0.047619047619047616
0.06666666666666667
0.058823529411764705
0.1
0.041666666666666664
0.08333333333333333
0.1
0.14285714285714285
0.05555555555555555
0.06666666666666667
0.047619047619047616
0.06666666666666667
0.05555555555555555
0.09090909090909091
0.09090909090909091
0.045454545454545456
0.058823529411764705
0.07142857142857142
0.07692307692307693
0.0625
0.1111111111111111
0.043478260869565216
0.07142857142857142
0.07142857142857142
0.05263157894736842
0.1
0.058823529411764705
0.058823529411764705
0.08333333333333333
0.038461538461538464
0.09090909090909091
0.09090909090909091
0.09090909090909091
0.058823529411764705
0.058823529411764705
0.05555555555555555
0.05263157894736842
0.1111111111111111
0.06666666666666667
0.09090909090909091
0.09090909090909091
0.06666666666666667
0.05555555555555555
0.07692307692307693
0.08333333333333333
0.09090909090909091
0.08333333333333333
0.06666666666666667
0.07142857142857142
0.0625
0.041666666666666664
0.1
0.07692307692307693
0.05263157894736842
0.05
0.043478260869565216
0.07692307692307693
0.07142857142857142
0.058823529411764705
0.07692307692307693
0.05
0.05
0.08333333333333333
0.1
0.07692307692307693
0.08333333333333333
0.2
0.05555555555555555
0.058823529411764705
0.09090909090909091
0.06666666666666667
0.06666666666666667
0.125
0.08333333333333333
0.047619047619047616
0.1
0.14285714285714285
0.058823529411764705
0.06666666666666667
0.0625
0.058823529411764705
0.1111111111111111
0.06666666666666667
0.05
0.05
0.05263157894736842
0.05263157894736842
0.07142857142857142
0.1111111111111111
0.07142857142857142
0.07692307692307693
0.058823529411764705
0.08333333333333333
0.05263157894736842
0.07692307692307693
0.1
0.09090909090909091
0.1111111111111111
0.08333333333333333
0.05263157894736842
0.07692307692307693
0.038461538461538464
0.14285714285714285
0.14285714285714285
0.2
0.09090909090909091
0.1
0.1
0.043478260869565216
0.06666666666666667
0.047619047619047616
0.1
0.07142857142857142
0.05263157894736842
0.05555555555555555
0.125
0.045454545454545456
0.14285714285714285
0.1
0.0625
0.1111111111111111
0.058823529411764705
0.058823529411764705
0.07692307692307693
0.07692307692307693
0.05555555555555555
0.07142857142857142
0.05263157894736842
0.1
0.045454545454545456
0.08333333333333333
0.08333333333333333
0.1111111111111111
0.045454545454545456
0.06666666666666667
0.05555555555555555
0.07142857142857142
0.07692307692307693
0.05263157894736842
0.0625
0.14285714285714285
0.08333333333333333
0.0625
0.09090909090909091
0.07142857142857142
0.08333333333333333
0.08333333333333333
0.1111111111111111
0.07142857142857142
0.1111111111111111
0.0625
0.06666666666666667
0.05
0.058823529411764705
0.14285714285714285
0.07142857142857142
0.07142857142857142
0.14285714285714285
0.09090909090909091
0.045454545454545456
0.1111111111111111
0.038461538461538464
0.2
0.05
0.0625
0.05555555555555555
0.07142857142857142
0.09090909090909091
0.125
0.06666666666666667
0.1111111111111111
0.07142857142857142
0.16666666666666666
0.14285714285714285
0.16666666666666666
0.125
0.7692307692307693
0.29411764705882354
1.125
1.8181818181818181
4.7
4.666666666666667
4.956521739130435
13.416666666666666
18.625
17.63157894736842
20.63157894736842
78.0
35.92857142857143
73.71428571428571
54.1764705882353
61.0
76.86666666666666
92.54545454545455
80.21052631578948
148.44444444444446
109.33333333333333
57.89473684210526
81.22222222222223
57.69230769230769
40.64705882352941
45.0
49.84615384615385
23.294117647058822
25.5
12.166666666666666
7.157894736842105
3.7058823529411766
5.0
3.1666666666666665
2.2
0.7
0.36363636363636365
0.6
0.15
0.1
0.14285714285714285
0.09090909090909091
0.0625
0.09090909090909091
0.07142857142857142
0.08333333333333333
0.07142857142857142
0.05
0.08333333333333333
0.043478260869565216
0.2
0.07692307692307693
0.2
0.05555555555555555
0.0625
0.07692307692307693
0.043478260869565216
0.125
0.06666666666666667
0.045454545454545456
0.1
0.1
0.05263157894736842
0.04
0.05
0.05263157894736842
0.058823529411764705
0.05263157894736842
0.09090909090909091
0.125
0.1
0.09090909090909091
0.06666666666666667
0.07142857142857142
0.14285714285714285
0.05555555555555555
0.08333333333333333
0.07692307692307693
0.07692307692307693
0.07692307692307693
0.1111111111111111
0.045454545454545456
0.05555555555555555
0.1
0.1
0.125
0.125
0.058823529411764705
0.05
0.07692307692307693
0.1111111111111111
0.06666666666666667
0.058823529411764705
0.08333333333333333
0.09090909090909091
0.08333333333333333
0.0625
0.07142857142857142
0.0625
0.05263157894736842
0.058823529411764705
0.125
0.05555555555555555
0.058823529411764705
0.08333333333333333
0.0625
0.1111111111111111
0.05555555555555555
0.125
0.1
0.05263157894736842
0.1111111111111111
0.08333333333333333
0.07142857142857142
0.1
0.09090909090909091
0.07142857142857142
0.07692307692307693
0.07142857142857142
0.05555555555555555
0.05263157894736842
0.07692307692307693
0.058823529411764705
0.0625
0.09090909090909091
0.045454545454545456
0.1
0.125
0.058823529411764705
0.06666666666666667
0.058823529411764705
0.058823529411764705
0.07692307692307693
0.0625
0.04
0.07142857142857142
0.043478260869565216
0.08333333333333333
0.25
0.07692307692307693
0.07692307692307693
0.07692307692307693
0.058823529411764705
0.045454545454545456
0.08333333333333333
0.1111111111111111
0.037037037037037035
0.07142857142857142
0.06666666666666667
0.07142857142857142
0.125
0.125
0.1111111111111111
0.08333333333333333
0.07142857142857142
0.1
0.07692307692307693
0.09090909090909091
0.07692307692307693
0.14285714285714285
0.05555555555555555
0.0625
0.07692307692307693
0.08333333333333333
0.1111111111111111
0.07692307692307693
0.08333333333333333
0.06666666666666667
0.05263157894736842
0.0625
0.07692307692307693
0.05263157894736842
0.07142857142857142
0.07142857142857142
0.125
0.08333333333333333
0.05
0.05
0.05
0.05
0.058823529411764705
0.043478260869565216
0.14285714285714285
0.1
0.07692307692307693
0.0625
0.1111111111111111
0.0625
0.07692307692307693
0.037037037037037035
0.06666666666666667
0.09090909090909091
0.09090909090909091
0.125
0.05263157894736842
0.043478260869565216
0.06666666666666667
0.058823529411764705
0.05263157894736842
0.05
0.1111111111111111
0.07692307692307693
0.09090909090909091
0.07692307692307693
0.0625
0.0625
0.0625
0.06666666666666667
0.05263157894736842
0.07142857142857142
0.2
0.1
0.045454545454545456
0.07692307692307693
0.06666666666666667
0.058823529411764705
0.058823529411764705
0.08333333333333333
0.07692307692307693
0.05555555555555555
0.05555555555555555
0.06666666666666667
0.0625
0.0625
0.058823529411764705
0.047619047619047616
0.058823529411764705
0.08333333333333333
0.05263157894736842
0.125
0.09090909090909091
0.041666666666666664
0.0625
0.07142857142857142
0.0625
0.07692307692307693
0.25
0.045454545454545456
0.05
0.058823529411764705
0.0625
0.07142857142857142
0.16666666666666666
0.05263157894736842
0.09090909090909091
0.04
0.05555555555555555
0.05555555555555555
0.09090909090909091
0.058823529411764705
0.07692307692307693
0.1
0.16666666666666666
0.07142857142857142
0.05
0.058823529411764705
0.125
0.05555555555555555
0.05555555555555555
0.047619047619047616
0.125
0.05555555555555555
0.09090909090909091
0.05555555555555555
0.043478260869565216
0.058823529411764705
0.06666666666666667
0.07692307692307693
0.07692307692307693
0.07692307692307693
0.08333333333333333
0.14285714285714285
0.08333333333333333
0.09090909090909091
0.06666666666666667
0.14285714285714285
0.0625
0.05555555555555555
0.05
0.05555555555555555
0.09090909090909091
0.08333333333333333
0.09090909090909091
0.04
0.09090909090909091
0.07142857142857142
0.08333333333333333
0.05263157894736842
0.05555555555555555
0.058823529411764705
0.05555555555555555
0.0625
0.07142857142857142
0.0625
0.05555555555555555
0.08333333333333333
0.06666666666666667
0.047619047619047616
0.058823529411764705
0.09090909090909091
0.07142857142857142
0.1111111111111111
0.07692307692307693
0.125
0.0625
0.08333333333333333
0.05555555555555555
0.06666666666666667
0.07142857142857142
0.09090909090909091
0.09090909090909091
0.07692307692307693
0.07142857142857142
0.125
0.09090909090909091
0.06666666666666667
0.1
0.06666666666666667
0.0625
0.05263157894736842
0.09090909090909091
0.06666666666666667
0.043478260869565216
0.05555555555555555
0.06666666666666667
0.058823529411764705
0.041666666666666664
0.045454545454545456
0.05
0.07692307692307693
0.043478260869565216
0.09090909090909091
0.08333333333333333
0.05
0.03333333333333333
0.058823529411764705
0.058823529411764705
0.07142857142857142
0.08333333333333333
0.07142857142857142
0.14285714285714285
0.05
0.07692307692307693
0.05555555555555555
0.08333333333333333
0.07692307692307693
0.058823529411764705
0.0625
0.045454545454545456
0.07692307692307693
0.07142857142857142
0.06666666666666667
0.037037037037037035
0.07142857142857142
0.07692307692307693
0.058823529411764705
0.0625
0.1
0.0625
0.058823529411764705
0.05555555555555555
0.08333333333333333
0.05
0.1111111111111111
0.08333333333333333
0.08333333333333333
0.08333333333333333
0.05
0.05263157894736842
0.08333333333333333
0.08333333333333333
0.07142857142857142
0.047619047619047616
0.05555555555555555
0.07692307692307693
0.05555555555555555
0.1
0.05263157894736842
0.07142857142857142
0.09090909090909091
0.07142857142857142
0.05555555555555555
0.045454545454545456
0.1111111111111111
0.07692307692307693
0.2
0.05263157894736842
0.05555555555555555
0.06666666666666667
0.07692307692307693
0.07692307692307693
0.06666666666666667
0.1
0.06666666666666667
0.07142857142857142
0.05555555555555555
0.125
0.07692307692307693
0.07142857142857142
0.06666666666666667
0.06666666666666667
0.1111111111111111
0.1111111111111111
0.08333333333333333
0.0625
0.05263157894736842
0.09090909090909091
0.08333333333333333
0.041666666666666664
0.041666666666666664
0.09090909090909091
0.05263157894736842
0.07142857142857142
0.05
0.14285714285714285
0.1
0.08333333333333333
0.1
0.05263157894736842
0.08333333333333333
0.043478260869565216
0.07692307692307693
0.14285714285714285
0.0625
0.06666666666666667
0.05263157894736842
0.058823529411764705
0.09090909090909091
0.047619047619047616
0.047619047619047616
0.058823529411764705
0.16666666666666666
0.09090909090909091
0.125
0.07142857142857142
0.09090909090909091
0.043478260869565216
0.07692307692307693
0.1
0.041666666666666664
0.07142857142857142
0.06666666666666667
0.05263157894736842
0.05555555555555555
0.06666666666666667
0.0625
0.1111111111111111
0.0625
0.05555555555555555
0.047619047619047616
0.06666666666666667
0.07142857142857142
0.0625
0.047619047619047616
0.043478260869565216
0.09090909090909091
0.07142857142857142
0.058823529411764705
0.2
0.058823529411764705
0.05555555555555555
0.045454545454545456
0.08333333333333333
0.06666666666666667
0.1
0.05555555555555555
0.08333333333333333
0.07142857142857142
0.05
0.06666666666666667
0.14285714285714285
0.0625
0.08333333333333333
0.07142857142857142
0.125
0.06666666666666667
0.04
0.07142857142857142
0.0625
0.125
0.05555555555555555
0.1111111111111111
0.0625
0.05555555555555555
0.09090909090909091
0.08333333333333333
0.2
0.09090909090909091
0.07692307692307693
0.05263157894736842
0.07692307692307693
0.06666666666666667
0.07692307692307693
0.043478260869565216
0.058823529411764705
0.1
0.045454545454545456
0.0625
0.0625
0.0625
0.16666666666666666
0.16666666666666666
0.06666666666666667
0.058823529411764705
0.1
0.09090909090909091
0.07692307692307693
0.041666666666666664
0.14285714285714285
0.047619047619047616
0.05555555555555555
0.07692307692307693
0.07142857142857142
0.06666666666666667
0.14285714285714285
0.0625
0.14285714285714285
0.05
0.07142857142857142
0.05
0.1
0.05263157894736842
0.0625
0.08333333333333333
0.07142857142857142
0.07692307692307693
0.08333333333333333
0.09090909090909091
0.05555555555555555
0.09090909090909091
0.05263157894736842
0.14285714285714285
0.125
0.05555555555555555
0.08333333333333333
0.1
0.047619047619047616
0.125
0.1111111111111111
0.06666666666666667
0.1111111111111111
0.09090909090909091
0.045454545454545456
0.037037037037037035
0.09090909090909091
0.09090909090909091
0.125
0.08333333333333333
0.0625
0.0625
0.058823529411764705
0.06666666666666667
0.0625
0.125
0.1
0.06666666666666667
0.06666666666666667
0.1111111111111111
0.04
0.06666666666666667
0.07142857142857142
0.058823529411764705
0.1
0.05555555555555555
0.08333333333333333
0.09090909090909091
0.05555555555555555
0.14285714285714285
0.07692307692307693
0.08333333333333333
0.058823529411764705
0.05263157894736842
0.07142857142857142
0.09090909090909091
0.125
0.06666666666666667
0.09090909090909091
0.1
0.047619047619047616
0.07142857142857142
0.06666666666666667
0.045454545454545456
0.0625
0.14285714285714285
0.06666666666666667
0.09090909090909091
0.09090909090909091
0.07142857142857142
0.07142857142857142
0.0625
0.05263157894736842
0.09090909090909091
0.0625
0.2
0.045454545454545456
0.047619047619047616
0.0625
0.08333333333333333
0.14285714285714285
0.045454545454545456
0.08333333333333333
0.125
0.0625
0.125
0.047619047619047616
0.07692307692307693
0.07692307692307693
0.07692307692307693
0.0625
0.09090909090909091
0.07692307692307693
0.09090909090909091
0.058823529411764705
0.07692307692307693
0.09090909090909091
0.06666666666666667
0.1
0.05555555555555555
0.07692307692307693
0.07142857142857142
0.047619047619047616
0.06666666666666667
0.058823529411764705
0.09090909090909091
0.07142857142857142
0.09090909090909091
0.07692307692307693
0.08333333333333333
0.08333333333333333
0.043478260869565216
0.05263157894736842
0.0625
0.047619047619047616
0.14285714285714285
0.05555555555555555
0.1
0.06666666666666667
0.047619047619047616
0.058823529411764705
0.06666666666666667
0.09090909090909091
0.07142857142857142
0.05
0.125
0.05263157894736842
0.07692307692307693
0.058823529411764705
0.07142857142857142
0.09090909090909091
0.08333333333333333
0.0625
0.07692307692307693
0.09090909090909091
0.1
0.0625
0.07142857142857142
0.0625
0.1
0.0625
0.16666666666666666
0.058823529411764705
0.05263157894736842
0.125
0.05263157894736842
0.058823529411764705
0.08333333333333333
0.0625
0.08333333333333333
0.08333333333333333
0.08333333333333333
0.05555555555555555
0.045454545454545456
0.1111111111111111
0.0625
0.09090909090909091
0.05555555555555555
0.05555555555555555
0.0625
0.07142857142857142
0.07142857142857142
0.05263157894736842
0.09090909090909091
0.16666666666666666
0.1111111111111111
0.09090909090909091
0.06666666666666667
0.058823529411764705
0.05263157894736842
0.09090909090909091
0.07142857142857142
0.0625
0.08333333333333333
0.05
0.1111111111111111
