1167
1806
2050
2439
2880
3139
3954
5042
5524
5709
6701
6840
6878
7223
7603
8979
9217
9267
11224
12057
12496
12570
13310
13470
13879
14275
14780
15320
16447
16946
17326
17579
17870
18548
18658
18697
19009
20066
20111
20871
21253
22786
22792
25088
25328
25498
26234
27947
28199
29105
29239
29273
29459
29475
29647
30384
30840
31112
32246
32593
33712
34070
34770
34806
35089
35217
35298
35943
36175
36433
36459
36566
37233
37465
39225
39483
39726
40098
40199
40250
41071
41094
41280
41765
41976
42022
42115
42276
42800
43126
43354
44898
45841
45945
46326
47005
47140
47506
49024
49900
49971
50284
50498
51502
51685
51723
51991
55208
56920
56949
58274
59006
59180
59562
59715
59810
60362
61187
61210
61265
61637
61914
63271
63276
63452
65197
65431
65745
66376
66662
67020
67134
67252
68289
69502
69621
72604
72686
72954
73334
73676
76443
76637
77247
77483
78250
78546
78845
80144
80233
81044
81058
81733
82672
83619
83624
84383
84742
85184
85333
85370
86569
88088
88903
89928
89979
90023
92218
92867
94109
94695
94983
96210
96290
97225
97402
97441
97700
98394
99637
99941
100220
100780
100964
101680
101964
102283
102863
103497
103609
103688
103856
104002
104085
104810
104861
104885
105069
105352
105522
106099
106344
106743
107393
107663
108231
108248
108315
108817
108956
109027
110016
110382
110640
110650
110659
110768
111059
111095
112212
112240
112471
112600
113130
114473
115284
115667
116276
118133
118372
119814
120023
120228
120284
120868
121419
121862
122565
123173
124132
124165
124332
124863
124904
124935
125020
125108
125881
125906
126244
127038
127398
127539
128004
128240
128255
130126
131913
131976
132096
132219
132273
132413
132938
133052
133154
133643
133678
134005
134296
134576
135326
135373
135394
137300
137594
139054
139730
140074
141106
141960
143472
143573
144297
144312
145100
145519
146281
146494
146975
148015
149765
149767
150627
151543
152112
152682
153617
153661
153704
153728
154048
154455
156397
157641
158290
159200
159441
159449
160060
160791
161669
161843
161845
162283
162374
163345
164098
165839
166031
167508
169404
169535
169797
170123
170508
170627
170636
170750
171150
171594
171810
173037
173267
174125
174875
175266
176055
176129
176136
178319
179171
179286
179594
180107
180294
180821
180854
181424
181870
182274
182399
182928
184219
184248
184262
184352
185008
186005
186266
186449
186683
187099
187239
187273
188439
189380
189415
190011
190075
190538
190601
190735
190743
190958
191500
194254
194985
195693
195960
195972
196745
197599
197605
197715
197871
198379
198386
198451
199173
200680
201492
202662
202862
203043
203199
203202
203229
203589
203849
203853
204125
205275
206235
206965
207668
207941
207964
208298
208630
210583
210621
211730
212518
213120
214113
214672
214673
214873
214894
214979
215046
215212
215621
215936
216401
216522
218524
219250
219303
219940
220311
220345
220367
220656
220744
220885
220997
221664
222056
223510
225456
225850
225977
226163
226489
227442
228096
229711
230045
230336
230672
231089
231122
232086
232511
232576
232909
233171
233198
233907
234123
234710
235942
236006
236515
236560
236581
237316
237974
238637
239242
239414
240729
241483
241747
242257
242670
243168
243712
245050
245065
245263
245282
245604
246653
246713
247464
247495
247811
247815
247821
247893
248118
249061
249141
249176
249202
250944
251021
251609
251853
252254
252447
252458
254698
255627
256859
257799
258690
258756
259717
260225
260387
260438
260548
261160
261487
262579
262696
262859
262952
262981
263578
264439
265726
266083
267066
268118
269133
269697
270592
271161
271295
271499
271589
271626
271752
271867
272082
272876
273491
275148
275857
276464
277069
277588
277688
277706
278037
278127
278750
278939
280067
280180
282511
283877
284735
285080
285113
285459
285466
285467
286903
288039
288542
288582
288913
289148
289720
289721
289763
290195
290695
291994
292080
292128
292374
292583
293978
295363
295790
295820
295941
296330
296549
296552
297010
297228
302234
303165
303357
303402
304661
305836
305882
306279
306503
306748
306798
307409
308025
308661
309024
309565
309785
309895
310006
310579
310697
310909
311745
311926
313274
313721
313951
314039
314729
316217
317111
317923
318234
318397
319033
319878
320326
320639
320957
321037
321357
321849
322007
322086
322171
322288
323620
324345
324402
325742
325940
326201
326462
326749
326886
327137
327517
327877
328124
328381
328785
329370
330124
331420
332100
332136
332470
332960
333085
333870
334669
335997
336768
336840
337323
337667
337719
338369
338928
340195
340249
340318
340921
341460
341663
341758
343308
343617
343757
343879
344138
344912
344993
345409
345682
345713
345953
346087
346436
347337
347533
347654
348117
348920
350231
350923
351019
351139
351835
352003
352019
352151
352971
353064
353176
353634
353647
353727
354280
354777
355266
355445
356518
356642
357609
358043
358156
358167
358256
358672
359270
360265
360418
360491
360589
361342
361767
363031
363482
364650
365009
365040
365076
366239
366710
366841
368907
370407
371214
371439
371538
371729
372152
372320
373085
373108
374274
374473
374737
375104
375934
376902
377295
377300
377319
377810
378170
378699
379025
379164
379321
379918
380463
380614
381304
381356
381431
381554
382889
383240
383416
383780
384235
385493
385495
386649
387744
388362
389235
390020
390039
390087
390636
390746
390980
391433
391932
392268
392456
392735
392962
395109
395198
396026
396322
396377
396792
397747
398194
398643
399209
400477
400940
401316
401552
401784
402437
403066
403460
404709
404741
405268
405363
406159
406170
406282
406644
406668
407305
407506
407532
407936
408051
408170
408373
408694
408962
408988
409020
409044
409244
410453
410553
410720
411043
412641
412696
413372
414204
415098
415522
415640
415835
417531
417668
417775
418172
418228
418516
418743
418749
418860
418962
419510
419771
420929
421255
421488
422166
422270
422504
423185
423462
423871
426455
428487
429542
429741
430743
431063
431094
431152
431457
431812
431944
433067
433074
433962
434029
434069
435064
435142
435660
436618
437114
437313
438190
438228
438362
438809
438918
439304
439442
439952
440472
440551
441729
442685
443088
443945
444438
444496
445118
445362
445956
446468
446534
446852
447129
447805
448816
448957
449733
449859
450015
451298
453027
454515
454600
454861
455332
455815
456360
456436
456799
457565
458106
458919
459170
459547
460160
460243
460392
460603
460630
460645
460729
463074
463149
463429
464882
465177
465626
467899
468164
468505
469669
470111
470505
470723
470796
470996
472552
472588
472595
472847
473588
473905
474112
474755
475118
475306
476852
476856
477164
477289
478829
479049
479974
480116
481246
481955
482383
483257
483619
484521
484618
484704
484790
484868
485135
485577
486104
486182
486834
487806
488224
488645
488954
489955
490273
490806
490870
491031
491647
492013
493315
493888
493944
494199
494262
494848
494879
495194
495285
496443
496741
496963
497192
497494
497962
498474
498512
498686
498793
498827
498902
499221
500085
500410
501743
502646
504804
504895
505615
505726
505731
506903
506938
507264
508138
508252
509413
509440
509686
510135
510216
511580
511744
512075
512533
512581
512892
513663
513916
514077
514263
515320
518984
519695
520033
521229
521240
521318
521537
522188
522271
522516
522549
523894
524198
524611
526037
526452
526480
527298
527529
528227
529536
529844
530188
530691
530763
531416
531859
532140
532162
532390
533285
533368
533571
534893
535011
536097
536515
536800
536994
536999
537157
537467
537530
537719
537966
538179
538990
539297
539631
540073
540524
540801
541655
542935
543402
544163
544200
544941
544983
548370
548960
549685
549706
549878
549934
549965
549969
550041
550405
550453
550814
551052
551630
551966
552270
552518
553231
554727
555414
555990
557070
557177
557530
557690
557823
558541
558583
558655
558765
558799
558949
559377
559456
560302
560914
561096
561577
561615
562677
563016
563205
563214
563349
563708
563806
565552
566007
567046
567066
568847
570037
570705
570768
571082
571286
571313
572592
572859
572920
573572
574433
575007
576711
576763
576947
577367
578270
579130
579887
579962
580014
580678
580702
580837
581151
581501
581517
581678
582466
582481
583388
583556
584635
585560
585699
585748
585963
586040
587720
587930
589170
589632
590799
591813
592961
593661
594181
594609
595076
595105
595436
596101
596164
596199
596923
597719
599116
599397
600105
601227
603683
603995
604017
604906
605463
605987
606262
607647
607905
608082
608134
608337
608993
609219
609294
609454
609484
610891
610972
612478
612957
614251
614601
615178
616102
616281
616379
616678
617432
617489
617936
618789
619073
619109
620243
620905
620972
621728
622187
622277
622627
623696
624911
625359
627288
627364
627439
627861
628383
628619
628865
629747
629984
630232
630492
630799
631171
631487
631828
632247
632265
632954
633353
634216
634619
634724
634782
635534
635789
635829
636047
636345
637658
638118
638677
639142
639408
639689
639903
640373
640700
641687
641762
643328
643331
643838
643972
644536
644660
644835
644905
644916
646429
648462
649350
649463
649763
649785
650173
652280
652422
653320
653765
653845
654256
654285
654717
654748
655515
655599
655894
656930
657246
657319
657389
657784
658458
658583
660399
660562
660868
660929
661688
662385
662464
662498
662694
662747
662975
663706
664019
664347
665213
665670
666774
666912
666946
667232
669396
669467
670545
670701
670784
670856
673220
673257
673377
673740
675230
675596
675697
676062
677597
678019
679219
679333
679443
679457
679693
679830
680238
680336
680611
681960
682002
682338
682435
682633
684113
685096
685673
686053
686938
687333
687662
688330
688546
688548
688743
688748
689020
689190
689611
689915
690657
691104
691297
692716
693323
694613
695077
696333
696382
696562
696769
697167
698870
698883
699048
699410
700012
700067
701386
701752
701817
703363
703775
703863
704027
704056
704753
705174
705383
705512
705880
706014
706685
707544
707685
708038
708852
708929
709583
709699
710209
711208
711292
711458
712529
712647
713427
713515
713661
713824
715718
716595
716622
718211
718897
719095
719234
719792
720074
720119
720282
720634
720965
721038
721610
722038
722140
722234
722257
722344
722739
722950
723721
724978
726373
726597
728561
728947
729260
729514
729783
729888
730460
730502
731388
731547
732557
733199
733224
734083
734276
734346
734824
735164
735268
735525
735778
735865
735901
736024
736552
737144
737694
738238
738448
738651
738791
738816
739657
739856
740263
740631
740678
740847
740973
742327
742586
742683
744588
744973
746178
747486
747611
747637
750007
750541
750917
750995
751136
751635
751815
751926
752621
752997
753374
754021
754152
755029
755611
755851
756104
756366
756943
757150
757846
758053
758124
758507
758561
758994
759070
759354
761320
761805
761854
764319
764562
764599
765493
765994
767112
767981
768092
769109
769843
769881
770483
770723
770914
771073
771162
771439
771600
771643
771891
772139
772209
773768
774057
774241
774252
774900
776282
776294
776436
776694
777308
778400
778924
779050
779514
780055
781043
781083
783412
783679
786998
787129
787412
787448
787880
788904
788999
790161
790195
790304
790364
791609
791659
791850
792046
792158
793365
793413
794450
794593
796882
797158
798014
798030
799017
799018
799641
799957
800148
800161
800178
802522
803775
803959
804544
804878
805657
805814
805908
806293
806330
806506
806949
807254
807565
807598
808177
808324
808819
808961
809455
809626
809680
809976
812020
812155
812654
813266
813533
814876
815000
815246
815606
816006
816148
817237
818255
819793
819820
819866
819944
820121
821169
821502
822973
822985
823169
823488
824049
825260
825869
827312
827423
827527
827601
827625
827893
827971
828409
829488
829541
829639
829780
830073
830172
832474
833083
833214
833364
833414
833830
834287
834399
835293
835824
837011
837806
838508
838512
838763
840106
840762
841330
842706
842719
842913
843357
844223
844887
845091
845576
847389
849429
849434
849463
849701
850066
850582
850599
850674
850850
851344
851488
852166
852224
852323
852375
852417
852950
853203
853287
853599
853684
854220
854852
854955
855743
856036
856830
857784
858815
859092
859585
860139
860210
860401
860574
860591
860756
861087
861406
862718
862941
863184
864033
866159
866474
866829
867226
867464
868182
868517
869349
870030
870488
871305
871850
871904
873470
874017
874018
874899
875021
876707
877178
878414
878897
879690
880879
881654
881706
882022
882125
883155
883640
884252
884914
885249
885492
885908
885999
886264
888543
891824
891978
892177
892798
893270
893377
893489
894529
894902
894941
895176
895471
897867
898354
898592
898637
898718
899231
899659
900252
900952
901889
902557
903039
903465
903597
903952
904784
905586
905730
906708
907221
907258
909195
909756
909774
911053
911410
911429
911843
912043
912366
912786
912910
913288
914183
914430
915380
915636
916055
916635
916842
917105
917113
917414
919595
920120
920146
920278
920423
921191
921218
922426
922552
923414
924000
924898
925089
926827
927576
927984
928673
929022
929243
929358
929697
930094
930476
930600
931167
931414
931502
932233
932540
933199
933595
933701
934430
934667
934963
935632
935637
935925
936144
936201
936375
936948
937557
937890
938620
938639
939800
940312
941208
941216
941299
942457
943761
944328
944448
945180
945591
945624
945665
945994
946487
946966
949131
949391
949569
951607
952289
953295
953695
953834
953982
954666
955285
955505
956393
956842
957223
958785
958862
958927
959655
960334
960581
961762
961910
961953
962431
962548
963350
963734
964363
964410
964613
965382
965607
965853
966122
966509
966749
966932
967072
968584
968956
969494
970792
972021
972106
972510
972693
974389
975720
975932
976247
976552
978487
978564
978959
979459
980217
980788
982057
982351
982571
982918
982939
983493
984286
985037
985123
985214
985314
985742
985814
985891
986856
986908
987263
988051
988558
988624
988784
988908
990490
990652
990847
990944
991241
991439
991547
991753
991806
992155
992503
992514
995084
995153
995242
995599
996112
996274
996351
996448
996702
996908
997283
998299
998738
1000940
1001545
1001665
1001737
1002051
1002684
1002773
1003197
1003375
1003934
1004386
1005314
1005730
1006017
1006042
1006131
1007312
1008271
1009148
1009195
1009231
1009656
1009846
1009899
1010321
1011100
1011331
1011955
1012011
1014525
1015071
1015075
1016621
1017026
1017051
1017541
1017719
1017767
1019594
1019620
1020194
1020223
1020368
1020962
1021025
1021670
1021681
1022220
1022381
1022893
1023047
1023317
1023646
1024526
1024714
1025797
1025880
1026716
1026761
1027375
1027495
1027536
1027558
1027881
1027992
1028365
1028514
1028960
1029409
1030188
1030633
1030836
1031305
1031429
1031432
1031519
1031859
1032129
1032219
1032863
1034669
1034906
1035097
1036672
1039057
1039199
1039376
1039763
1040855
1040954
1041015
1041396
1041885
1042051
1042217
1042651
1042891
1044003
1044106
1045132
1045937
1046244
1047752
1048158
1048571
1048739
1049000
1049794
1049985
1050349
1050490
1050601
1051955
1052210
1052311
1053561
1053638
1053826
1053867
1054096
1054348
1054357
1056481
1056603
1056662
1057066
1057253
1057522
1057966
1058956
1059169
1059233
1061207
1061329
1061397
1061957
1063556
1063629
1063817
1064089
1064148
1064436
1064593
1066412
1066487
1066554
1066662
1067342
1068356
1068374
1069455
1069801
1070487
1070644
1071060
1072047
1072892
1073413
1073473
1074070
1076134
1077103
1077255
1077928
1078168
1078320
1078525
1078808
1078830
1079768
1081310
1081433
1081511
1084208
1084715
1085291
1086005
1086768
1086922
1087569
1088764
1089759
1090068
1090205
1090317
1090595
1091472
1092503
1092592
1092910
1093131
1093576
1093838
1094200
1094770
1094876
1095711
1096579
1096712
1097207
1098293
1098571
1098575
1098876
1099163
1099408
1099892
1100229
1100430
1100926
1101139
1101682
1102550
1102750
1102790
1103681
1103995
1104115
1105542
1106334
1106493
1106804
1106957
1107762
1108078
1109089
1109189
1109502
1111191
1111569
1113019
1113419
1114986
1115531
1115698
1116018
1116726
1117256
1117564
1117944
1118247
1118492
1118981
1119304
1119346
1119782
1120275
1121498
1121729
1122184
1122275
1122287
1122372
1122863
1123113
1123740
1124273
1124540
1126312
1126719
1126988
1127229
1127306
1127502
1127660
1128410
1129386
1129666
1129906
1130870
1131158
1131362
1131587
1132770
1132871
1134333
1134413
1134712
1135341
1135633
1135916
1136241
1136505
1137168
1137500
1137589
1138314
1138704
1139249
1139374
1139535
1139853
1140382
1140541
1141851
1143130
1143204
1143451
1143463
1145001
1145313
1145445
1145991
1146003
1146232
1146281
1147264
1147705
1147847
1148738
1149002
1149562
1149769
1150324
1150371
1150441
1151075
1152114
1153061
1153332
1153422
1154644
1155132
1155215
1155448
1155525
1156856
1157023
1157438
1157554
1157589
1158139
1158970
1159306
1159421
1159939
1159956
1160951
1161511
1162346
1162477
1163481
1163953
1164036
1164179
1164451
1164561
1165103
1165648
1165900
1166189
1166218
1167365
1167601
1167933
1168189
1168766
1168786
1169341
1169685
1169763
1169823
1170241
1170766
1171137
1171453
1171476
1172070
1172104
1172561
1173504
1173550
1174078
1174458
1174470
1175380
1175671
1175930
1176048
1176725
1179318
1179705
1179875
1180069
1180087
1181790
1182668
1183896
1183916
1184035
1184624
1185378
1186111
1187056
1188793
1189606
1189692
1190587
1190884
1191311
1191428
1191468
1192027
1192601
1193153
1193187
1193944
1194126
1194929
1195057
1195541
1196311
1196374
1197959
1198110
1198458
1198555
1198571
1202677
1203003
1203777
1205041
1205191
1205307
1205354
1207340
1208589
1209497
1209971
1210077
1211218
1211263
1211528
1211911
1212881
1213994
1214163
1214265
1214541
1215101
1215150
1216407
1216812
1217597
1217646
1217953
1218466
1219217
1220229
1220711
1221342
1221799
1222870
1223449
1223590
1223915
1224948
1225322
1225494
1225789
1225887
1226355
1227176
1227674
1227829
1228470
1228578
1229049
1229663
1231718
1231730
1231817
1232164
1232396
1233637
1236189
1236343
1236520
1237305
1237725
1238150
1238414
1238662
1238683
1240332
1240753
1242082
1242618
1242839
1243261
1243430
1243611
1243741
1243840
1244094
1244713
1245161
1246049
1249406
1249479
1250214
1250585
1250620
1252058
1252291
1252400
1252431
1252708
1252887
1253793
1254286
1254291
1254437
1254526
1255620
1256254
1257074
1257235
1258721
1260381
1260798
1261736
1262045
1262364
1262422
1262463
1262544
1263048
1263171
1263233
1263903
1264615
1264893
1265281
1265416
1265556
1267401
1268099
1268708
1269857
1270982
1272064
1272122
1272855
1272877
1273533
1274917
1275224
1275350
1275882
1276385
1276967
1277190
1277486
1277492
1277503
1277635
1277892
1277930
1278718
1279641
1279777
1280805
1281464
1282242
1282267
1282327
1283523
1283897
1284096
1284447
1284485
1284524
1285717
1285864
1287226
1287598
1288485
1289600
1290233
1290586
1290652
1290797
1291128
1291637
1291794
1292312
1293071
1293355
1293519
1293661
1294103
1294527
1295676
1296158
1296460
1297468
1297553
1298215
1298548
1299309
1299790
1299883
1300396
1301846
1302268
1303320
1304709
1305048
1305325
1306321
1306453
1307235
1307367
1308271
1308637
1309085
1309124
1309168
1309319
1309574
1309824
1311745
1312228
1313024
1313044
1313455
1314125
1314350
1315106
1315162
1315388
1315525
1315759
1316169
1316449
1316566
1316818
1317866
1318363
1318971
1319506
1319653
1319762
1319903
1319997
1320432
1320779
1321133
1321228
1321261
1321336
1322364
1322685
1323230
1323264
1323610
1323855
1324614
1326616
1326635
1326745
1326966
1329093
1329926
1330070
1330649
1331617
1332227
1332290
1333096
1334356
1334482
1335696
1336355
1336652
1337377
1337395
1338410
1339944
1340955
1341209
1341870
1343233
1344490
1345142
1345539
1345720
1345970
1346093
1346184
1346281
1346526
1347453
1347524
1349926
1350804
1351496
1352390
1353316
1353850
1354127
1354209
1354291
1354956
1356592
1359630
1359751
1359791
1360402
1360516
1360647
1360838
1361100
1362490
1363440
1363898
1364131
1364464
1365396
1366266
1366506
1366577
1366671
1366778
1368579
1369311
1369671
1369748
1370171
1370305
1370868
1371543
1371547
1371648
1371848
1372454
1372832
1373489
1373600
1373918
1374495
1374896
1376046
1378039
1378100
1378329
1378765
1379244
1379306
1380913
1381116
1381648
1381878
1383031
1383506
1384647
1384689
1386275
1387325
1387334
1387748
1387899
1390160
1391118
1391347
1392169
1393095
1393130
1393251
1393516
1393864
1394346
1394489
1394582
1396010
1396207
1396463
1398077
1399024
1400078
1400629
1400995
1401077
1402277
1402873
1403906
1404505
1405905
1405929
1410017
1410715
1411102
1411692
1412449
1412725
1413597
1413733
1414249
1414725
1415436
1416154
1416455
1416504
1416976
1418032
1418221
1418931
1418952
1419353
1419657
1421158
1421807
1422611
1423406
1423517
1423953
1424518
1424878
1426850
1426923
1427919
1428470
1428479
1429236
1430015
1430469
1430576
1430843
1430865
1432847
1435608
1435915
1436658
1436719
1437292
1437577
1437996
1438157
1438175
1438863
1439674
1439984
1440070
1440582
1440867
1442350
1442595
1442921
1443861
1443952
1444048
1444402
1444652
1444655
1445046
1445128
1445515
1445652
1448765
1450009
1450656
1450657
1450989
1451157
1451291
1451321
1451415
1451946
1452149
1452546
1452637
1452763
1452839
1453552
1454278
1454851
1454862
1456049
1456769
1456840
1457387
1457873
1458286
1458483
1459454
1459499
1459517
1460383
1461156
1461721
1461772
1461947
1462208
1462231
1462478
1463227
1463459
1463603
1464239
1464827
1465477
1466780
1466905
1467112
1467758
1468326
1468598
1468775
1468797
1469301
1469525
1470300
1470373
1470721
1471584
1472157
1473323
1474162
1474238
1474282
1474881
1475094
1475813
1475995
1477055
1477109
1477335
1477528
1477612
1478702
1478841
1479277
1479378
1479579
1479768
1480573
1480937
1481459
1481879
1482098
1482607
1483527
1483633
1483655
1483770
1485231
1485485
1485780
1486678
1486755
1486846
1488115
1488549
1488612
1489603
1490409
1490886
1490902
1491409
1491458
1493047
1494374
1494861
1495946
1496305
1496348
1497487
1497785
1498144
1499331
1499830
1500024
1500408
1500703
1501067
1501700
1502991
1504368
1504382
1505386
1506456
1506962
1507620
1507654
1509487
1509505
1509516
1509877
1510866
1511068
1511359
1512843
1513378
1513386
1513851
1514405
1514799
1514861
1515351
1515455
1515549
1515999
1516655
1517318
1517596
1518566
1518779
1518899
1519278
1519318
1520025
1520359
1520792
1521389
1521955
1522167
1524494
1524604
1524914
1525631
1527330
1527607
1527935
1529843
1530380
1530791
1530902
1531573
1531806
1531976
1534137
1534307
1534720
1536049
1536114
1536517
1538761
1539704
1541577
1541825
1542220
1542226
1542870
1543039
1543104
1543690
1544102
1544760
1546477
1546964
1547489
1547973
1548029
1548084
1548227
1548462
1548985
1549410
1551946
1552245
1552369
1552495
1552746
1553728
1553843
1553978
1554428
1554607
1555738
1555854
1555980
1555989
1556345
1557776
1558315
1558466
1559089
1559230
1559705
1560070
1560858
1560991
1561789
1561941
1562658
1562992
1564165
1564389
1564596
1565410
1565495
1566585
1566999
1567236
1567760
1568294
1568655
1568780
1569331
1569820
1569920
1571075
1571261
1571331
1571506
1571612
1572294
1572633
1573783
1573838
1574469
1574800
1576167
1576224
1576474
1577625
1577837
1577850
1578115
1579082
1579145
1579233
1579234
1579262
1580033
1580295
1581216
1582999
1583000
1583096
1583352
1583926
1583935
1583974
1584103
1584159
1584233
1584369
1584728
1584776
1584825
1585932
1586300
1586520
1586795
1587271
1588892
1589146
1589324
1589426
1589444
1589623
1591546
1591583
1594173
1594391
1595362
1595968
1597480
1597855
1598859
1599071
1599588
1599820
1600537
1600677
1600937
1601092
1601522
1601779
1601831
1602988
1603321
1603854
1604482
1604533
1604578
1605145
1606151
1606377
1606488
1607330
1608026
1608469
1608518
1608522
1608539
1609066
1609311
1609498
1609681
1609746
1610052
1610468
1612395
1613021
1613592
1614223
1614276
1614519
1614844
1615655
1615744
1615751
1616598
1616950
1618167
1618313
1619035
1619218
1619853
1619940
1620424
1621073
1621417
1624746
1624985
1625477
1626168
1626290
1626631
1626841
1628171
1628964
1629586
1629952
1630896
1631044
1631570
1633970
1634491
1634654
1634901
1635424
1635896
1636119
1636252
1638457
1638709
1638900
1639145
1639364
1639450
1640311
1640831
1641166
1641270
1642091
1642176
1643116
1643164
1643306
1643574
1643814
1645130
1645156
1645214
1645937
1646855
1647017
1647244
1647481
1647560
1648130
1648151
1648711
1648980
1649027
1649285
1649537
1649945
1650931
1651056
1652176
1652625
1653362
1654055
1654783
1655305
1655485
1655774
1655987
1656129
1656133
1657522
1658350
1658394
1658498
1659925
1660202
1661756
1661921
1662002
1663340
1665124
1666827
1668016
1669395
1669587
1671851
1672385
1672425
1672439
1673625
1674059
1674416
1675208
1675546
1676005
1676193
1678002
1679371
1681216
1681632
1681784
1682407
1682521
1682650
1683295
1683319
1683755
1685238
1685342
1685499
1686427
1686923
1687337
1688419
1689061
1689419
1689866
1692294
1692370
1692469
1692564
1692589
1693679
1694282
1695898
1698053
1698342
1699397
1700449
1700505
1700721
1700984
1701301
1702249
1702431
1702446
1703052
1704086
1704281
1705705
1706029
1706037
1706258
1706603
1706707
1706877
1707490
1708240
1708409
1708800
1709568
1709691
1709897
1711672
1711800
1712821
1713298
1714205
1715300
1715338
1715527
1715672
1716145
1716159
1716679
1716866
1716877
1717190
1717653
1717931
1718396
1718773
1718914
1719127
1719991
1720233
1720850
1721156
1721798
1721980
1722466
1722919
1723570
1723795
1726280
1726876
1727473
1727583
1728338
1730223
1730251
1731234
1731542
1731981
1733398
1733804
1733824
1734249
1734656
1734986
1735163
1735360
1735364
1735494
1737643
1737986
1738838
1739193
1739307
1740273
1740702
1740775
1740785
1740910
1742474
1743265
1743932
1744498
1745523
1747909
1748203
1749198
1749567
1749747
1749761
1750053
1750342
1750795
1752016
1752866
1752953
1753863
1755231
1755426
1756017
1756486
1756556
1757323
1757370
1757466
1759041
1759884
1760613
1760742
1761105
1761491
1761825
1763176
1763186
1763784
1764746
1765861
1766523
1767115
1767137
1767313
1767446
1767537
1767630
1767640
1768189
1769930
1771014
1771172
1771869
1772017
1773245
1773500
1774675
1774874
1775087
1775453
1775456
1775704
1776503
1777832
1777907
1778321
1778364
1778826
1779641
1780619
1781622
1781653
1781994
1782189
1783145
1783537
1783614
1783675
1783743
1784432
1784719
1785516
1785901
1786152
1786212
1787494
1787548
1788477
1789402
1789495
1789709
1790152
1790561
1791044
1791327
1791370
1791934
1791970
1792192
1792351
1793044
1793071
1793848
1793951
1794340
1794483
1796423
1796997
1797074
1797121
1797177
1797817
1800535
1800765
1800826
1801957
1802142
1802247
1802279
1802335
1802419
1802604
1802992
1804962
1805872
1807988
1808372
1808564
1809687
1810503
1810895
1811022
1811198
1813821
1814095
1814120
1814156
1814164
1815622
1815745
1815973
1816345
1817155
1818700
1818740
1820236
1820690
1822639
1823084
1823182
1823786
1824418
1824872
1825222
1826489
1826651
1827420
1827769
1829875
1829993
1831074
1832160
1833230
1833786
1834323
1834617
1834822
1835222
1835300
1835822
1836558
1837060
1837098
1837742
1838652
1839791
1840377
1840823
1841435
1845484
1845857
1846280
1846476
1846665
1848040
1848566
1849014
1849069
1849379
1849438
1849578
1850558
1850669
1851115
1851527
1852373
1852669
1853053
1853216
1853307
1853653
1854306
1854770
1856844
1856905
1857041
1857332
1857469
1857912
1858587
1858877
1858911
1859487
1861471
1862239
1863120
1863187
1863245
1863492
1863700
1864148
1864588
1865228
1865407
1866265
1866298
1867453
1867632
1868033
1868383
1868647
1870085
1870117
1870157
1870524
1870916
1871208
1871428
1871553
1871769
1872326
1872335
1872375
1872447
1873637
1874189
1874868
1875433
1875489
1875832
1876798
1877434
1877494
1878760
1878899
1879586
1879735
1879958
1880589
1882267
1883710
1885460
1886149
1886325
1886333
1886431
1886492
1887183
1888391
1888840
1889348
1889769
1890173
1890332
1890635
1890851
1891148
1891471
1891939
1892126
1892408
1894749
1894850
1894887
1894910
1895921
1895952
1896050
1896416
1897909
1898334
1898539
1898969
1899413
1899427
1899503
1899776
1899861
1899908
1900527
1900621
1900844
1900931
1901176
1901262
1902206
1902307
1903225
1904450
1904784
1905029
1905068
1906447
1906779
1907271
1907913
1908302
1908374
1909279
1909665
1909973
1910460
1910597
1911139
1911144
1911644
1911965
1912090
1912402
1912581
1912681
1912768
1912860
1912949
1913069
1914596
1914604
1914680
1915488
1916131
1916725
1916926
1917907
1918426
1918962
1919181
1919261
1919448
1919611
1919719
1919781
1919817
1920194
1920469
1921068
1921486
1921608
1921835
1921907
1922018
1922053
1922313
1922524
1924026
1924348
1924405
1924482
1925457
1926338
1926582
1926903
1927337
1927354
1927759
1928149
1928157
1928631
1929494
1929658
1929680
1930106
1931404
1932711
1932875
1933266
1933559
1934284
1934884
1935099
1935534
1935586
1936306
1936960
1937145
1937531
1937954
1939146
1939157
1941408
1941699
1942137
1942270
1942635
1942680
1943380
1944402
1944918
1945802
1946059
1946223
1947472
1947672
1948078
1949037
1949114
1949674
1949762
1950189
1951522
1952031
1952899
1954648
1955386
1956106
1956610
1957609
1957743
1957866
1960033
1960150
1961537
1962199
1962660
1963370
1963371
1964053
1964438
1964683
1964752
1966285
1967317
1967330
1967467
1968245
1968625
1969000
1970976
1971654
1972383
1972559
1972668
1973200
1973403
1973416
1974679
1976830
1977508
1977680
1978444
1978695
1980622
1980735
1981097
1981170
1981196
1981974
1982189
1982561
1982643
1983978
1983993
1984597
1985085
1985394
1985845
1986103
1987164
1987178
1987344
1987777
1988205
1988506
1989430
1989711
1989958
1990291
1992697
1992812
1994116
1994428
1994711
1995024
1995421
1995593
1995823
1996210
1997235
1997760
1998395
1998648
1998768
2000867
2001005
2001411
2001587
2001769
2002017
2002370
2002473
2002515
2002737
2002974
2003310
2003387
2004189
2005279
2005441
2006781
2007525
2008096
2008369
2008386
2008691
2009805
2010039
2010699
2010990
2011484
2011888
2012339
2012465
2012511
2012957
2014002
2014445
2014868
2014938
2015285
2015928
2016155
2016642
2018180
2018754
2018785
2019332
2019757
2020047
2020834
2020935
2021649
2021878
2022229
2023430
2023465
2024125
2024976
2025021
2025308
2025309
2025397
2026120
2027980
2029955
2030192
2030774
2030925
2031230
2031678
2032155
2032186
2032370
2033007
2033655
2033804
2033886
2033904
2035594
2035647
2036227
2036360
2039693
2039907
2041545
2042332
2042777
2043928
2044224
2044470
2044494
2044560
2045062
2045564
2046170
2046396
2047023
2047750
2047899
2048624
2049688
2049883
2050359
2050421
2052017
2052138
2052681
2052853
2053689
2054591
2056223
2056687
2056719
2057127
2058109
2058651
2060249
2062433
2063102
2063147
2063184
2063262
2063700
2063835
2064445
2064461
2064507
2064656
2064750
2064976
2065162
2066758
2067871
2067976
2067985
2068560
2068588
2069124
2069228
2069282
2069609
2069769
2070023
2070339
2071077
2071093
2071906
2072166
2073453
2073983
2074200
2074210
2074423
2074575
2074916
2074967
2075413
2075850
2076406
2077273
2077423
2078119
2078776
2078795
2080800
2080872
2081427
2081622
2082150
2083230
2083371
2083682
2083892
2083992
2084384
2085156
2085157
2085534
2085631
2085819
2085837
2086386
2086596
2087093
2087535
2088391
2088499
2088514
2088658
2088863
2089604
2090204
2090681
2091301
2091445
2091783
2092077
2092655
2093429
2093832
2094036
2094122
2094404
2095725
2096619
2096713
2096977
2098132
2098898
2099743
2099830
2099988
2100150
2100751
2100802
2101044
2101282
2101675
2101710
2102117
2102238
2102672
2103414
2103599
2104261
2104596
2104840
2105379
2105526
2105573
2105799
2106898
2108308
2108541
2109615
2109983
2110550
2110586
2110874
2111078
2112058
2112353
2114015
2114437
2114850
2114936
2116200
2116623
2117361
2117544
2117597
2117811
2118350
2118535
2119523
2120115
2120974
2121346
2121874
2121937
2122052
2122318
2122804
2122807
2123240
2123453
2123704
2123905
2124290
2124586
2124713
2125023
2125215
2125604
2126052
2126133
2126314
2126973
2127408
2127741
2128549
2128656
2128839
2128917
2128986
2129499
2129626
2130349
2130695
2131500
2131935
2131949
2132341
2133043
2133935
2134199
2134462
2135449
2136193
2136515
2136543
2137968
2138197
2138199
2138405
2138901
2139243
2140685
2142069
2142211
2142572
2142758
2142980
2144379
2145049
2145951
2146113
2146672
2147608
2148650
2149454
2149522
2150209
2150225
2150568
2150676
2150975
2151165
2151224
2152090
2152911
2152968
2153552
2154058
2154534
2154846
2154893
2154955
2154965
2155822
2155959
2156066
2156078
2156433
2156489
2156523
2157256
2157775
2158455
2159499
2159814
2159906
2160874
2161253
2161399
2161666
2161691
2162001
2162425
2162826
2162909
2163893
2163989
2165060
2165103
2165667
2165995
2166814
2167559
2167849
2167927
2168615
2168729
2169227
2170436
2170443
2170615
2172324
2172411
2172818
2173074
2173642
2173749
2173817
2174084
2174213
2174696
2175033
2175121
2175408
2176184
2177175
2177242
2178099
2178947
2179522
2179581
2180020
2180303
2180787
2181142
2181488
2182790
2182989
2183301
2183695
2183786
2184137
2185828
2186007
2186438
2186635
2188004
2188074
2188590
2191964
2192044
2192624
2194083
2194109
2194937
2195233
2195866
2196141
2197729
2198346
2198723
2198743
2199762
2199824
2200651
2201347
2201468
2201982
2203147
2203819
2204248
2204703
2204892
2205575
2206024
2206372
2206473
2207073
2207499
2207742
2208883
2209064
2209480
2210286
2210621
2210767
2210945
2211734
2212776
2213191
2213993
2214207
2214289
2214372
2217080
2217237
2217278
2217342
2217403
2218626
2218791
2219385
2219521
2220347
2220840
2221010
2221129
2221464
2222098
2222821
2223310
2223718
2224086
2224098
2224283
2224295
2224532
2225052
2225245
2226731
2227362
2227602
2228191
2228204
2228501
2229521
2230427
2230508
2231309
2232113
2232534
2233057
2233541
2234093
2234627
2234812
2235419
2236583
2236757
2236908
2237218
2237910
2237915
2237952
2238230
2238624
2238650
2239791
2241170
2241470
2241856
2242362
2242869
2243105
2243552
2243767
2245865
2246431
2246928
2248084
2248131
2248224
2248773
2248797
2248804
2249193
2250091
2251641
2252719
2253020
2253170
2253324
2253836
2253886
2253974
2254466
2254787
2255635
2256306
2258098
2259461
2260598
2260688
2260834
2261552
2261660
2261700
2262820
2262969
2263897
2265256
2266598
2266997
2267134
2267478
2268369
2268533
2269212
2270379
2271529
2273212
2273867
2274017
2274441
2274749
2276251
2277734
2277766
2277970
2278996
2279025
2279060
2279205
2279374
2279572
2279664
2281561
2282792
2283911
2284005
2285100
2286068
2286193
2287502
2287547
2287946
2289426
2289810
2290008
2291094
2291216
2292645
2294297
2294503
2295447
2295490
2296687
2297104
2297206
2297687
2297730
2298211
2298857
2298921
2299205
2299477
2299747
2300047
2300458
2300900
2300942
2301076
2301198
2301815
2302614
2302621
2302878
2303136
2303391
2303785
2304317
2306576
2306711
2308335
2308737
2308743
2309304
2310251
2310430
2310568
2310982
2313306
2314160
2315239
2315569
2316449
2317429
2317439
2317957
2318466
2318649
2318968
2319126
2320023
2320447
2320606
2320911
2321224
2321253
2321318
2321435
2321691
2322330
2322726
2323800
2324032
2324187
2324222
2324904
2325035
2325442
2326092
2326124
2326611
2327613
2327999
2328662
2328879
2329316
2330267
2331007
2331245
2331340
2332978
2333371
2333430
2333453
2333724
2334186
2335354
2335569
2335605
2335643
2335705
2335763
2336704
2337175
2337248
2337437
2337781
2337961
2338077
2339984
2340588
2341372
2342919
2343160
2344968
2345234
2346216
2346778
2346932
2349199
2349336
2350905
2351263
2351428
2351968
2353293
2354148
2355095
2355181
2355195
2355772
2356062
2357483
2357547
2357891
2358015
2358215
2359077
2359242
2359556
2361024
2362116
2362420
2362618
2362641
2364195
2364326
2364717
2364925
2365987
2366591
2366612
2367780
2368845
2369240
2369246
2369503
2369589
2369709
2369733
2370408
2370459
2370623
2370674
2371076
2371383
2371739
2372089
2372108
2373034
2375103
2375561
2375657
2375819
2376700
2377568
2378037
2378252
2379237
2379954
2380130
2380264
2380270
2380281
2380869
2381607
2382002
2382097
2382185
2382404
2382661
2382898
2383692
2383843
2385266
2385767
2385996
2386063
2386572
2386718
2386730
2386742
2387517
2387543
2389207
2389231
2389582
2391357
2391419
2392122
2393110
2393640
2394656
2395900
2396018
2396324
2396464
2396542
2397192
2397314
2397375
2397417
2398119
2398582
2398752
2399575
2399741
2400061
2400382
2400454
2400512
2402526
2402717
2403418
2403717
2404055
2404282
2404531
2404931
2404970
2405132
2405503
2405552
2406162
2407211
2407669
2408088
2408506
2408611
2408781
2409002
2409226
2409496
2410360
2410782
2411013
2411055
2411761
2412209
2415377
2416505
2416879
2417015
2417268
2417751
2418483
2418527
2419107
2419392
2419555
2420902
2421429
2421627
2422346
2423280
2424450
2425060
2425100
2425292
2427342
2428689
2428890
2429560
2430375
2431166
2432013
2433530
2433909
2433933
2434113
2434381
2434861
2435333
2435769
2436697
2436995
2437308
2437692
2438512
2438522
2439538
2440219
2440276
2441176
2441826
2442018
2442693
2443826
2444197
2444356
2445239
2445991
2447078
2447100
2447160
2447610
2447616
2447630
2447912
2448177
2448966
2449094
2449476
2450288
2450415
2450496
2450506
2450620
2450691
2450769
2451252
2451356
2451810
2451975
2453809
2454127
2454621
2454790
2455415
2456056
2456195
2457246
2457569
2458099
2458635
2458660
2458927
2459318
2459512
2460253
2460517
2460976
2461439
2462138
2465351
2465610
2466405
2466745
2469441
2469669
2470156
2470290
2470361
2470589
2471273
2472050
2472079
2472337
2473718
2473878
2475695
2476451
2477216
2477319
2478048
2478347
2479614
2480519
2481044
2481369
2481775
2482010
2482111
2482269
2482548
2482782
2483363
2483744
2484187
2484478
2484588
2485079
2485234
2485818
2485937
2486557
2486849
2486903
2486965
2487032
2487043
2488216
2488830
2490239
2490442
2490447
2490689
2491327
2493034
2493134
2493466
2493511
2493556
2494544
2495139
2496015
2496039
2496197
2496409
2496439
2497011
2497754
2497802
2497883
2498193
2499069
2499302
2499528
2500103
2500463
2500812
2501065
2501923
2502968
2503008
2503060
2503387
2504241
2505734
2506136
2506872
2507349
2507684
2507736
2507898
2508428
2508853
2509170
2509308
2510065
2511313
2511619
2512009
2513040
2513107
2513262
2514070
2514089
2514131
2514615
2514801
2515160
2515168
2515411
2515451
2515519
2516064
2516500
2517088
2517294
2517358
2517459
2517590
2517688
2518006
2518197
2518240
2518392
2518464
2518663
2518821
2518956
2520835
2520964
2521059
2521296
2521801
2522585
2523023
2523746
2523940
2524103
2524787
2525257
2525656
2527129
2527537
2528436
2528632
2528760
2529638
2529825
2530480
2532434
2533360
2533467
2534130
2534223
2534340
2535661
2536486
2538618
2539081
2539173
2540202
2540684
2541377
2541641
2541763
2542377
2542501
2542662
2542773
2542802
2543464
2543846
2544007
2544299
2544620
2544672
2545008
2545054
2545270
2546633
2546684
2546754
2547425
2547649
2547975
2548222
2548437
2548718
2548728
2548867
2549119
2549860
2550803
2551454
2552108
2552139
2553025
2553535
2553590
2554155
2554510
2554815
2554909
2555529
2557234
2557265
2557631
2558510
2559014
2559074
2559100
2559264
2559329
2560069
2560355
2560790
2560995
2561473
2561507
2561606
2561812
2562710
2563290
2563410
2564046
2565819
2566459
2566461
2566495
2566586
2567464
2567538
2568389
2568447
2568564
2568620
2568997
2569189
2569303
2569329
2569511
2569775
2570007
2570118
2570421
2570860
2571899
2572442
2572535
2572548
2572779
2573345
2574563
2575121
2575176
2575492
2576556
2577091
2577252
2577721
2579243
2579730
2579906
2579909
2582768
2582867
2582873
2583582
2584721
2584943
2585013
2585662
2586104
2586156
2587062
2587095
2587098
2587332
2587582
2588209
2588227
2588959
2589333
2589342
2589499
2589697
2589790
2591207
2591894
2592022
2592808
2593491
2593680
2593767
2593874
2594121
2594216
2595129
2595317
2595410
2597511
2597834
2598184
2598250
2598862
2599121
2599181
2599480
2599836
2600565
2600937
2601263
2601558
2602079
2602346
2602670
2602928
2603557
2604450
2604651
2605546
2605639
2606354
2606454
2606792
2607986
2608580
2609460
2609502
2610589
2610873
2611355
2611423
2612206
2613158
2613402
2613918
2614209
2614608
2615174
2615502
2615860
2616065
2616705
2617928
2618109
2618592
2620629
2621040
2621179
2621450
2621569
2622570
2622688
2623324
2624117
2624624
2625389
2625682
2627482
2627520
2627761
2628822
2629851
2629997
2630026
2630038
2630253
2632212
2632742
2635279
2635314
2635777
2636107
2636232
2636398
2636997
2637229
2637450
2639126
2639446
2639853
2640326
2641497
2641536
2642052
2642443
2642501
2642595
2642673
2642733
2645107
2645302
2646382
2646897
2646986
2647165
2648155
2648377
2649174
2649349
2649507
2650237
2650394
2650700
2651049
2651478
2653182
2654080
2655054
2655353
2655910
2657068
2657484
2657691
2658588
2659994
2660301
2660677
2660929
2661110
2661203
2661556
2663220
2663590
2663968
2664888
2665043
2665357
2665469
2665627
2666165
2666269
2666545
2666666
2667058
2667748
2668040
2668391
2669145
2670279
2670547
2670616
2672316
2672989
2673739
2674794
2674962
2675115
2675275
2675929
2677094
2677170
2678013
2678590
2679480
2680121
2680716
2682461
2682830
2683039
2684300
2684318
2684920
2686797
2687018
2687429
2688467
2689943
2690301
2690561
2690610
2691711
2692463
2692649
2693486
2693816
2694230
2694459
2694736
2694858
2695089
2695222
2695228
2695696
2695932
2697470
2698416
2698422
2698710
2700445
2700563
2701490
2701563
2702766
2703960
2703993
2704053
2704165
2704400
2705127
2705166
2705269
2705649
2706093
2706207
2706461
2706659
2706673
2706815
2706928
2707999
2709073
2710010
2710383
2710394
2710745
2711180
2712225
2713121
2713190
2713410
2713695
2713915
2714013
2714247
2714567
2715689
2716224
2717105
2718257
2719057
2719177
2719632
2720507
2721685
2721727
2721813
2721814
2721854
2721898
2722555
2723166
2724535
2724865
2725111
2725271
2725573
2725600
2725858
2727395
2727697
2728995
2729255
2729715
2729857
2730037
2730406
2730527
2730919
2731026
2731091
2731825
2732252
2732491
2733095
2733166
2733358
2733621
2733893
2734054
2734521
2734882
2735143
2735687
2735688
2735918
2736857
2738141
2738256
2738545
2738820
2739613
2739629
2739665
2740972
2740997
2741251
2741261
2741408
2743637
2745134
2745556
2745739
2745901
2746196
2746525
2746856
2747773
2748363
2749613
2750010
2750427
2752008
2752079
2752355
2753221
2756220
2756775
2756780
2757331
2757674
2757848
2757852
2758243
2758581
2759160
2759446
2759803
2760713
2760746
2761561
2761706
2761781
2763761
2763933
2763951
2765367
2765528
2765967
2767676
2767896
2768628
2769079
2770103
2770153
2770646
2771698
2771773
2771919
2772203
2772387
2773106
2773326
2773560
2773831
2774319
2774537
2775028
2775904
2776440
2776497
2776773
2777511
2778273
2779046
2779737
2780238
2780481
2780526
2781254
2782193
2782831
2783986
2784144
2784545
2784614
2784896
2785209
2785426
2785875
2786315
2787031
2787124
2787209
2788151
2788591
2788723
2789075
2789347
2790712
2791739
2791805
2792279
2792586
2792906
2793127
2793362
2793397
2793823
2794039
2794184
2794554
2794826
2796229
2797349
2797534
2798490
2798846
2799360
2799629
2800210
2801000
2802262
2802657
2803330
2803386
2803694
2804355
2804502
2805256
2806184
2806908
2806944
2807395
2808107
2808325
2810017
2810072
2811553
2811615
2812112
2812528
2812858
2813647
2813816
2813926
2814538
2814630
2815363
2816604
2817002
2817681
2818057
2818673
2820062
2820843
2822765
2823004
2823788
2824794
2825161
2825583
2825826
2826565
2827435
2828335
2828698
2828966
2829029
2829258
2829323
2829335
2830025
2830214
2830735
2831540
2831576
2832140
2832316
2832473
2832691
2833244
2833428
2834554
2834652
2834738
2835450
2835455
2836115
2836475
2837104
2837529
2837645
2839028
2840368
2840454
2840580
2840654
2840725
2840756
2841090
2841377
2841752
2842111
2842165
2842244
2842309
2842724
2842883
2843097
2844612
2844799
2845422
2846049
2848602
2849143
2849205
2849440
2849681
2850008
2851148
2851458
2852542
2852699
2853553
2853634
2853916
2853936
2854300
2854943
2855713
2855835
2856311
2856712
2856809
2856987
2857076
2857303
2859027
2859335
2859992
2860026
2860158
2861196
2861780
2862193
2862756
2862945
2864435
2865146
2865349
2868453
2868673
2869568
2869606
2869695
2870562
2870571
2870897
2870941
2871437
2872495
2872629
2872975
2872977
2873333
2874344
2874996
2875096
2875951
2876822
2876828
2877046
2878169
2878282
2879072
2879794
2880338
2881293
2881295
2881496
2882178
2882303
2882604
2882761
2883293
2884214
2885169
2885398
2885567
2885579
2885857
2885913
2885989
2886099
2886945
2888023
2888151
2888617
2888738
2888774
2889332
2889983
2890405
2890507
2890772
2890885
2891193
2892111
2892261
2892581
2892822
2895518
2896244
2896252
2896369
2898867
2899284
2899623
2900673
2901573
2901577
2901919
2902601
2903423
2904357
2904373
2904855
2906707
2906973
2906974
2908690
2909723
2909922
2911097
2911642
2912745
2912854
2913168
2914435
2914661
2915257
2915258
2915486
2915577
2915852
2915893
2916749
2917378
2918641
2918896
2918934
2919160
2919601
2921379
2921702
2921980
2922211
2922311
2924154
2924846
2925337
2925436
2925680
2927043
2927075
2928667
2928893
2928989
2931755
2931890
2931955
2932242
2932381
2932872
2933282
2933307
2933452
2933777
2933939
2933954
2934641
2934854
2935494
2935799
2936624
2936890
2937057
2937906
2938154
2938508
2939274
2939454
2939483
2939795
2939888
2940166
2940829
2942499
2942793
2942868
2943368
2943401
2943410
2943612
2943945
2945867
2947311
2948128
2948179
2948453
2948753
2950300
2950364
2950480
2951669
2952156
2952269
2952814
2952845
2953072
2953737
2953819
2954716
2955156
2956193
2956291
2956349
2956426
2956554
2957076
2957843
2958150
2959292
2959840
2960236
2960370
2960704
2961897
2962033
2962050
2962600
2963505
2963594
2963704
2963729
2963875
2964204
2964455
2964629
2964669
2964893
2965506
2965528
2965558
2967094
2967609
2967982
2967991
2970707
2970956
2970969
2971302
2971790
2972417
2972727
2973849
2975357
2976123
2976241
2977146
2977360
2978082
2978481
2978506
2979733
2979911
2979985
2980223
2981608
2981650
2982353
2982744
2982932
2984059
2985200
2985359
2985982
2987493
2988366
2989387
2989441
2989808
2990105
2990248
2990698
2990773
2990781
2991265
2991374
2991541
2991728
2992060
2992466
2993139
2993634
2994590
2994660
2995108
2997634
2998732
