71
174009
174049
356110
380270
750930
877242
919061
985982
986023
1302137
1354053
1358026
1502170
1504616
1816813
1818624
2089560
2197494
2201162
2283760
2306546
2317602
2706754
2878540
2934136
2934148
3010434
3010450
3182063
3511717
3511718
3577951
3644718
3694756
3738790
4246995
4316786
4333324
4356239
4512300
4566516
4618073
4618313
4618323
4631844
4654798
4666127
4667785
4668074
4669674
4752112
4913270
4916238
4918927
4927554
4956361
4956363
4956978
4961433
4964592
4971354
4971372
5029421
5051455
5061937
5063052
5089204
5098975
5105907
5106383
5109596
5109943
5117137
5122137
5143886
5196917
5255725
5263095
5317002
5324916
5339970
5360606
5393672
5394894
5404067
5408410
5412406
5412412
5418829
5454162
5459013
5553070
5553076
5558776
5611204
5613201
5616818
5628803
5628818
5668046
5693346
5739699
5739705
5739710
5825894
5880628
5886402
5899500
5900893
5915703
5927017
5927158
5927409
6014804
6017771
6026186
6070960
6080688
6080737
6088548
6089089
6089104
6089137
6091009
6122384
6131857
6146525
6146900
6153963
6160732
6161099
6205281
6205286
6205301
6248617
6248630
6268245
6280794
6310905
6311874
6345390
6416317
6417845
6438503
6491646
6507537
6508020
6531019
6535910
6537394
6562073
6562075
6573135
6575377
6575384
6576987
6606760
6606765
6610115
6627716
6630118
6649511
6676987
6689013
6693213
6697073
6700842
6705202
6705205
6706783
6706786
6707448
6707930
6708100
6708109
6708345
6715530
6819612
6819622
6848317
6849953
6850955
6850962
6866317
6868567
6985424
6998344
6998356
7016360
7025677
7038090
7038092
7038096
7053516
7055879
7057195
7057196
7099559
7099594
7099598
7099612
7113348
7114773
7114774
7138646
7184467
7202762
7204458
7204912
7216593
7276319
7296267
7308112
7308198
7313053
7315804
7316372
7316389
7316390
7319132
7319305
7387136
7398276
7470148
7475219
7495115
7495653
7495662
7495706
7495709
7501030
7502428
7502473
7502480
7598812
7598814
7600127
7600658
7604669
7607244
7625141
7625150
7682623
7692131
7694890
7730809
7730960
7730984
7785187
7785190
7795271
7898476
7898517
7978808
7978949
7997052
8003516
8005480
8034218
8034222
8060240
8060335
8060524
8060530
8064892
8064904
8064906
8064936
8178515
8262125
8297629
8297633
8297644
8297733
8297772
8310175
8310182
8318109
8318120
8319014
8319020
8344989
8346118
8349400
8349411
8349412
8349418
8367800
8368677
8368724
8368731
8375715
8378943
8379141
8379169
8379761
8387855
8387927
8432835
8434656
8480371
8581924
8583508
8583511
8583763
8583797
8584406
8587026
8613077
8613209
8613210
8627868
8652712
8664454
8692473
8692474
8699968
8742813
8749340
8750276
8750278
8763662
8763707
8763709
8763714
8763720
8763724
8773280
8780065
8780082
8782016
8795154
8795178
8827896
8835454
8842441
8870111
8888418
8888484
8890925
8890937
8922009
8922043
8922339
8932483
8966737
8966745
8975143
9055207
9061490
9061495
9064995
9065002
9098477
9098678
9108836
9132055
9177520
9244047
9253169
9253193
9317122
9350112
9350114
9350178
9350179
9350182
9375685
9377469
9377470
9377471
9429865
9429866
9467547
9467653
9467674
9474634
9476258
9501240
9521371
9558786
9567499
9571264
9685280
9705324
9706732
9706822
9706904
9708935
9708952
9708979
9708983
9742002
9744517
9745976
9749029
9750059
9750061
9750568
9750626
9782502
9831138
9870984
9907384
9907438
9907444
9917906
9918031
9933849
9971501
10007826
10069733
10082343
10082355
10082410
10096227
10096228
10096854
10097833
10104661
10146821
10146827
10146828
10164981
10165020
10165080
10165110
10184176
10184177
10184181
10186775
10194489
10210739
10249578
10281653
10281656
10312826
10364564
10365722
10365726
10371128
10389040
10389044
10391455
10408760
10409289
10409290
10418708
10418714
10419145
10419387
10431520
10434150
10434152
10434239
10434250
10434254
10513768
10514262
10521730
10554544
10619744
10689904
10689910
10732164
10732299
10732314
10733218
10753170
10757709
10757723
10757888
10763830
10787909
10881479
10886666
10894758
10894761
10965764
11018870
11024554
11060966
11069579
11070912
11089266
11117934
11304346
11332220
11332508
11332867
11362587
11373014
11412906
11441214
11441433
11441751
11459012
11486174
11487947
11487950
11507610
11538723
11539772
11550334
11551637
11601675
11603737
11603739
11603741
11611317
11611615
11611626
11614362
11614617
11614622
11627804
11627833
11696912
11730013
11730975
11735869
11735871
11750112
11787850
11814952
11844408
11844409
11844410
11877923
11879722
11881263
11904996
11905795
11956513
11983457
11987004
12004971
12019848
12114393
12118922
12183848
12183856
12185482
12233207
12233233
12272557
12299193
12299983
12344536
12353374
12363259
12387345
12427386
12427387
12445455
12445918
12445965
12468873
12485149
12485158
12489963
12505007
12571968
12575437
12597656
12665271
12673429
12673519
12750348
12756496
12756569
12785294
12791899
12808794
12808817
12810261
12820662
12840556
12869529
12869530
12869531
12869569
12870014
12881275
12934237
12946106
12989197
12996463
13006366
13021994
13033525
13147475
13152243
13161988
13170706
13219712
13219889
13230374
13233154
13258256
13270168
13306710
13319581
13396418
13415566
13415799
13417629
13423172
13428179
13431736
13439883
13439884
13553610
13553611
13559693
13566253
13566457
13566559
13586407
13626070
13829078
13880542
13881219
13907407
13917297
13943003
13943028
13948793
13957847
14005445
14005451
14018631
14030941
14030977
14110313
14111575
14402718
14428782
14563034
15493690
15493703
15821816
16043549
16043551
16079542
16079545
16095481
16280911
16445170
16449658
16495056
16707604
16830260
16860550
17020810
17042608
17047721
17356146
17378971
17613740
18146339
18146364
18184987
18194137
18266954
18267058
