485433
486146
486962
487895
487934
488000
488022
488040
488175
488205
488505
488691
488881
488945
489056
489205
489521
489539
489629
489646
489904
490068
490071
490094
490170
490256
490355
490360
490497
490518
490560
490586
490703
490713
490718
490756
490775
490793
490797
490830
490898
490906
490913
490959
491002
491058
491064
491077
491111
491113
491139
491156
491169
491219
491226
491265
491266
491267
491297
491309
491310
491352
491470
491589
491663
491756
491782
491797
491813
491894
491898
491903
491904
491906
491907
492124
492148
492150
492168
492200
492238
492250
492271
492276
492282
492286
492297
492304
492310
492318
492320
492332
492361
492387
492388
492393
492394
492452
492457
492458
492481
492497
492538
492560
492571
492582
492593
492600
492628
492638
492641
492653
492663
492668
492671
492673
492683
492684
492713
492718
492744
492794
492802
492807
492812
492823
492841
492853
492887
492892
492922
492927
492962
492981
493003
493010
493022
493024
493050
493058
493061
493068
493073
493078
493108
493139
493173
493181
493183
493200
493240
493284
493284
493342
493386
493395
493423
493430
493455
493469
493535
493536
493562
493566
493580
493588
493621
493644
493661
493683
493692
493696
493703
493713
493753
493771
493841
493842
493844
493845
493852
493952
493957
493961
493970
493977
493989
493993
494000
494004
494015
494038
494057
494070
494072
494076
494091
494093
494099
494120
494124
494125
494130
494142
494157
494158
494163
494188
494190
494194
494196
494208
494209
494220
494222
494228
494231
494242
494248
494250
494275
494300
494302
494314
494318
494336
494340
494346
494361
494363
494394
494398
494399
494406
494416
494422
494423
494442
494449
494456
494477
494480
494482
494493
494494
494503
494507
494525
494529
494536
494556
494563
494568
494579
494582
494583
494609
494626
494630
494637
494649
494654
494681
494689
494691
494693
494703
494713
494723
494734
494744
494748
494751
494793
494853
494857
494865
494874
494877
494900
494911
494946
494952
494961
494973
494974
494979
494980
494996
495001
495012
495021
495024
495025
495027
495055
495064
495110
495112
495124
495135
495140
495144
495154
495156
495159
495168
495170
495189
495192
495205
495216
495224
495227
495235
495238
495240
495242
495247
495252
495256
495261
495271
495274
495277
495283
495293
495309
495315
495324
495330
495345
495348
495354
495364
495382
495389
495390
495417
495420
495442
495448
495464
495475
495476
495481
495482
495483
495484
495497
495498
495507
495514
495521
495537
495543
495576
495577
495581
495587
495598
495603
495604
495606
495614
495621
495622
495627
495629
495632
495633
495635
495639
495642
495645
495650
495666
495669
495671
495685
495690
495695
495704
495715
495718
495729
495732
495733
495741
495759
495772
495801
495803
495804
495805
495806
495818
495824
495828
495829
495836
495850
495853
495862
495893
495899
495900
495907
495913
495919
495925
495927
495929
495930
495943
495945
495948
495949
495950
495966
495973
495978
495989
495997
496002
496007
496013
496015
496019
496024
496026
496032
496035
496060
496075
496085
496095
496098
496102
496116
496120
496128
496137
496139
496146
496154
496159
496160
496161
496168
496174
496176
496184
496197
496213
496224
496227
496232
496235
496244
496250
496262
496266
496274
496287
496288
496294
496299
496300
496303
496330
496339
496349
496364
496373
496380
496384
496389
496394
496415
496417
496430
496444
496445
496454
496456
496465
496467
496479
496480
496495
496501
496502
496512
496526
496536
496541
496544
496549
496553
496561
496566
496571
496573
496577
496588
496597
496599
496620
496638
496645
496656
496659
496667
496669
496694
496717
496727
496730
496739
496740
496750
496753
496754
496756
496757
496762
496763
496766
496781
496782
496784
496786
496789
496796
496803
496804
496806
496812
496825
496833
496849
496867
496886
496890
496892
496903
496906
496916
496923
496932
496933
496938
496948
496951
496970
496975
496976
496982
496985
496993
497012
497017
497021
497026
497027
497032
497043
497050
497057
497062
497063
497071
497076
497077
497079
497082
497083
497096
497101
497105
497106
497116
497125
497128
497142
497149
497155
497159
497175
497183
497190
497192
497194
497195
497201
497202
497207
497210
497220
497224
497227
497228
497229
497235
497238
497251
497253
497254
497255
497277
497281
497286
497290
497291
497292
497301
497306
497307
497309
497318
497326
497332
497335
497338
497339
497342
497356
497358
497364
497367
497372
497374
497382
497383
497384
497406
497406
497420
497422
497439
497447
497460
497471
497472
497476
497483
497485
497486
497490
497492
497503
497507
497508
497513
497523
497535
497540
497546
497548
497549
497550
497555
497561
497562
497564
497567
497574
497576
497593
497594
497596
497598
497599
497601
497608
497623
497625
497629
497638
497647
497652
497654
497658
497666
497670
497671
497672
497695
497696
497699
497701
497712
497714
497715
497716
497724
497729
497731
497735
497737
497742
497745
497750
497751
497754
497755
497756
497757
497759
497762
497776
497778
497785
497790
497794
497798
497800
497816
497820
497824
497825
497829
497832
497833
497836
497837
497838
497840
497846
497847
497850
497859
497861
497863
497873
497888
497890
497891
497892
497910
497912
497913
497915
497920
497922
497928
497933
497939
497950
497958
497970
497971
497985
497989
497992
498000
498001
498017
498025
498030
498039
498041
498044
498046
498052
498056
498068
498070
498078
498088
498094
498099
498109
498122
498137
498139
498148
498152
498155
498156
498163
498171
498174
498181
498184
498186
498195
498207
498212
498214
498225
498230
498231
498237
498244
498247
498253
498261
498269
498276
498279
498290
498292
498295
498304
498305
498314
498319
498321
498331
498332
498333
498334
498342
498346
498350
498351
498354
498360
498362
498372
498382
498390
498395
498398
498399
498404
498407
498418
498420
498427
498431
498445
498455
498457
498465
498467
498483
498493
498502
498504
498512
498517
498519
498526
498528
498530
498532
498535
498549
498552
498553
498559
498561
498562
498579
498585
498588
498592
498595
498624
498629
498631
498638
498645
498650
498651
498656
498663
498669
498672
498684
498690
498691
498696
498705
498706
498718
498720
498721
498725
498726
498728
498732
498738
498744
498745
498746
498749
498755
498765
498767
498768
498769
498772
498774
498785
498786
498788
498793
498794
498814
498832
498835
498848
498856
498857
498859
498881
498885
498887
498889
498893
498895
498908
498909
498912
498927
498929
498936
498940
498941
498956
498958
498961
498963
498972
498979
498991
498996
499002
499013
499014
499015
499020
499027
499030
499036
499042
499047
499048
499050
499051
499058
499065
499070
499071
499077
499123
499125
499131
499147
499152
499153
499154
499165
499168
499179
499187
499192
499194
499199
499205
499217
499219
499237
499238
499243
499246
499248
499249
499261
499285
499291
499292
499316
499320
499323
499328
499332
499335
499340
499342
499344
499347
499349
499353
499361
499373
499376
499392
499397
499403
499407
499408
499413
499418
499419
499440
499443
499445
499455
499460
499462
499468
499471
499472
499474
499476
499484
499488
499496
499505
499509
499512
499513
499514
499516
499521
499529
499530
499539
499544
499553
499555
499559
499567
499574
499575
499579
499580
499583
499584
499587
499618
499622
499625
499626
499634
499635
499638
499646
499667
499671
499675
499682
499684
499686
499691
499694
499697
499701
499704
499706
499708
499709
499714
499715
499717
499724
499729
499730
499733
499738
499752
499761
499762
499764
499776
499786
499789
499798
499802
499810
499814
499817
499818
499822
499825
499826
499830
499840
499842
499847
499848
499859
499870
499879
499890
499893
499895
499904
499907
499911
499918
499924
499946
499950
499953
499961
499963
499965
499971
499974
499985
499987
499988
499992
499997
500004
500012
500014
500015
500022
500024
500027
500029
500030
500033
500034
500039
500046
500050
500052
500058
500059
500061
500063
500070
500072
500075
500087
500089
500098
500103
500109
500110
500112
500126
500145
500148
500149
500150
500162
500163
500167
500172
500194
500199
500216
500225
500236
500244
500246
500253
500257
500259
500260
500261
500262
500271
500272
500280
500281
500300
500303
500318
500332
500333
500341
500344
500349
500354
500356
500358
500367
500375
500376
500379
500380
500390
500397
500400
500405
500406
500417
500419
500420
500421
500425
500426
500427
500430
500431
500436
500438
500441
500446
500450
500454
500466
500468
500469
500473
500503
500513
500514
500521
500534
500535
500539
500540
500542
500545
500553
500558
500573
500578
500579
500580
500588
500590
500598
500604
500611
500619
500620
500626
500636
500676
500677
500679
500694
500697
500698
500699
500702
500704
500718
500721
500727
500735
500735
500736
500739
500740
500745
500767
500768
500770
500779
500780
500782
500786
500788
500793
500795
500797
500802
500804
500819
500824
500826
500843
500853
500858
500863
500866
500868
500873
500883
500884
500886
500898
500899
500913
500921
500927
500929
500931
500936
500958
500959
500970
500972
500982
500995
501016
501017
501018
501021
501027
501045
501050
501060
501063
501073
501085
501092
501095
501099
501106
501118
501120
501129
501133
501138
501148
501154
501165
501180
501191
501212
501217
501228
501235
501237
501241
501242
501246
501263
501264
501268
501273
501282
501285
501289
501297
501300
501305
501309
501330
501331
501334
501341
501343
501353
501362
501364
501366
501374
501387
501403
501413
501417
501433
501443
501446
501452
501458
501471
501477
501481
501484
501486
501487
501488
501489
501496
501502
501505
501509
501513
501514
501530
501531
501533
501534
501545
501548
501565
501568
501575
501577
501595
501613
501614
501616
501617
501623
501624
501638
501639
501641
501650
501660
501662
501667
501676
501686
501709
501715
501717
501730
501738
501743
501759
501776
501782
501792
501794
501796
501797
501804
501810
501812
501823
501826
501827
501833
501834
501840
501843
501853
501855
501859
501860
501863
501864
501875
501878
501883
501884
501890
501917
501921
501953
501956
501964
501965
501970
501975
501998
502023
502028
502041
502047
502052
502063
502091
502094
502098
502101
502103
502106
502109
502124
502132
502139
502142
502143
502149
502163
502167
502170
502171
502182
502206
502209
502223
502227
502231
502235
502237
502238
502250
502268
502278
502292
502310
502321
502324
502325
502326
502334
502342
502359
502362
502370
502375
502377
502384
502385
502389
502392
502417
502425
502434
502463
502470
502476
502479
502493
502519
502521
502524
502532
502533
502554
502557
502561
502565
502568
502582
502588
502597
502603
502605
502606
502621
502636
502646
502654
502675
502679
502687
502706
502717
502719
502731
502742
502748
502760
502761
502774
502780
502781
502782
502790
502790
502795
502809
502823
502827
502828
502839
502848
502864
502879
502882
502887
502898
502907
502915
502930
502933
502936
502953
502954
502967
502973
502977
502980
502987
502995
502996
503000
503014
503019
503022
503023
503034
503040
503041
503044
503047
503052
503074
503081
503094
503101
503116
503119
503122
503126
503133
503140
503142
503154
503161
503164
503165
503168
503173
503174
503176
503182
503185
503193
503195
503202
503206
503207
503248
503253
503256
503264
503276
503291
503295
503303
503304
503305
503355
503364
503371
503403
503411
503413
503429
503454
503530
503533
503536
503565
503594
503612
503633
503635
503638
503641
503646
503650
503662
503678
503688
503696
503704
503719
503754
503759
503770
503776
503789
503796
503803
503827
503833
503845
503857
503865
503884
503886
503887
503906
503908
503909
503912
503920
503928
503941
503948
503955
503982
503988
503990
504016
504027
504040
504047
504080
504089
504091
504100
504142
504150
504154
504165
504198
504213
504215
504217
504235
504245
504251
504264
504266
504271
504276
504299
504330
504385
504404
504426
504430
504451
504455
504459
504460
504464
504471
504501
504515
504516
504518
504527
504542
504546
504547
504584
504588
504601
504604
504606
504625
504635
504636
504647
504649
504650
504656
504665
504668
504703
504707
504738
504742
504744
504748
504753
504761
504773
504774
504782
504789
504791
504802
504809
504817
504818
504824
504827
504829
504839
504853
504877
504885
504893
504894
504907
504916
504919
504926
504931
504945
505013
505021
505028
505065
505086
505105
505176
505205
505235
505253
505261
505295
505311
505311
505334
505348
505389
505395
505431
505459
505506
505540
505546
505562
505620
505627
505696
505707
505739
505750
505780
505793
505844
505857
505916
505960
505973
506033
506057
506059
506067
506137
506177
506196
506197
506212
506244
506287
506305
506306
506309
506342
506344
506354
506357
506413
506418
506425
506433
506436
506441
506446
506450
506463
506466
506483
506549
506587
506610
506616
506665
506683
506701
506762
506782
506788
506809
506935
506938
506984
507058
507071
507099
507146
507201
507309
507438
507488
507489
507521
507540
507620
507634
507674
507676
507691
507711
507757
507819
507832
508161
508175
508242
508374
508422
508595
508756
508765
508781
508869
508884
509018
509170
509272
510338
510669
510697
510839
510893
511113
511176
511243
511357
511369
511378
511412
512998
513013
513336
