0.029411764705882353
0.024390243902439025
0.03571428571428571
0.04
0.05
0.043478260869565216
0.043478260869565216
0.023809523809523808
0.034482758620689655
0.05555555555555555
0.030303030303030304
0.03225806451612903
0.03225806451612903
0.058823529411764705
0.047619047619047616
0.038461538461538464
0.07142857142857142
0.045454545454545456
0.03225806451612903
0.03333333333333333
0.03225806451612903
0.043478260869565216
0.037037037037037035
0.03125
0.03571428571428571
0.05263157894736842
0.024390243902439025
0.03571428571428571
0.045454545454545456
0.027777777777777776
0.025
0.06666666666666667
0.03333333333333333
0.045454545454545456
0.022727272727272728
0.038461538461538464
0.03571428571428571
0.04
0.02857142857142857
0.037037037037037035
0.041666666666666664
0.043478260869565216
0.034482758620689655
0.02702702702702703
0.030303030303030304
0.027777777777777776
0.03333333333333333
0.025
0.05
0.02564102564102564
0.04
0.045454545454545456
0.043478260869565216
0.03125
0.025
0.08333333333333333
0.030303030303030304
0.02564102564102564
0.034482758620689655
0.03125
0.030303030303030304
0.0625
0.058823529411764705
0.03333333333333333
0.045454545454545456
0.03225806451612903
0.027777777777777776
0.022222222222222223
0.03225806451612903
0.02127659574468085
0.02631578947368421
0.06666666666666667
0.029411764705882353
0.08333333333333333
0.025
0.041666666666666664
0.05555555555555555
0.038461538461538464
0.034482758620689655
0.03125
0.02857142857142857
0.047619047619047616
0.05555555555555555
0.07142857142857142
0.02702702702702703
0.03125
0.03225806451612903
0.03125
0.04
0.027777777777777776
0.02702702702702703
0.07142857142857142
0.041666666666666664
0.034482758620689655
0.041666666666666664
0.02857142857142857
0.058823529411764705
0.043478260869565216
0.03125
0.03225806451612903
0.03333333333333333
0.05555555555555555
0.02564102564102564
0.03571428571428571
0.027777777777777776
0.024390243902439025
0.0625
0.02857142857142857
0.030303030303030304
0.03571428571428571
0.02702702702702703
0.022727272727272728
0.04
0.03125
0.034482758620689655
0.029411764705882353
0.034482758620689655
0.047619047619047616
0.030303030303030304
0.02702702702702703
0.045454545454545456
0.07142857142857142
0.024390243902439025
0.038461538461538464
0.037037037037037035
0.047619047619047616
0.03225806451612903
0.023255813953488372
0.02702702702702703
0.03125
0.03571428571428571
0.03225806451612903
0.022222222222222223
0.043478260869565216
0.043478260869565216
0.05555555555555555
0.05555555555555555
0.047619047619047616
0.0625
0.027777777777777776
0.034482758620689655
0.038461538461538464
0.025
0.030303030303030304
0.027777777777777776
0.034482758620689655
0.02702702702702703
0.047619047619047616
0.02857142857142857
0.023255813953488372
0.047619047619047616
0.03333333333333333
0.05
0.02857142857142857
0.03125
0.03333333333333333
0.02631578947368421
0.043478260869565216
0.03125
0.07692307692307693
0.06666666666666667
0.041666666666666664
0.02564102564102564
0.03225806451612903
0.043478260869565216
0.027777777777777776
0.05
0.038461538461538464
0.038461538461538464
0.05
0.05263157894736842
0.024390243902439025
0.058823529411764705
0.04
0.03225806451612903
0.030303030303030304
0.037037037037037035
0.041666666666666664
0.05
0.058823529411764705
0.03333333333333333
0.023255813953488372
0.03333333333333333
0.03125
0.02631578947368421
0.037037037037037035
0.02564102564102564
0.037037037037037035
0.05263157894736842
0.02857142857142857
0.045454545454545456
0.037037037037037035
0.03333333333333333
0.03571428571428571
0.03571428571428571
0.047619047619047616
0.029411764705882353
0.041666666666666664
0.043478260869565216
0.034482758620689655
0.06666666666666667
0.037037037037037035
0.027777777777777776
0.037037037037037035
0.05263157894736842
0.030303030303030304
0.04
0.03225806451612903
0.03125
0.041666666666666664
0.038461538461538464
0.030303030303030304
0.030303030303030304
0.034482758620689655
0.038461538461538464
0.03125
0.037037037037037035
0.030303030303030304
0.029411764705882353
0.0625
0.02702702702702703
0.02702702702702703
0.045454545454545456
0.041666666666666664
0.045454545454545456
0.02702702702702703
0.029411764705882353
0.043478260869565216
0.023809523809523808
0.03225806451612903
0.024390243902439025
0.05263157894736842
0.03571428571428571
0.045454545454545456
0.058823529411764705
0.038461538461538464
0.02857142857142857
0.03333333333333333
0.034482758620689655
0.038461538461538464
0.03125
0.03333333333333333
0.04
0.043478260869565216
0.047619047619047616
0.023809523809523808
0.04
0.03225806451612903
0.045454545454545456
0.043478260869565216
0.02702702702702703
0.037037037037037035
0.041666666666666664
0.038461538461538464
0.03333333333333333
0.047619047619047616
0.02127659574468085
0.02857142857142857
0.03571428571428571
0.045454545454545456
0.05
0.07142857142857142
0.03571428571428571
0.03333333333333333
0.03571428571428571
0.03125
0.04
0.05263157894736842
0.02
0.034482758620689655
0.043478260869565216
0.018867924528301886
0.058823529411764705
0.02564102564102564
0.041666666666666664
0.038461538461538464
0.037037037037037035
0.019230769230769232
0.038461538461538464
0.05
0.04
0.023255813953488372
0.027777777777777776
0.03333333333333333
0.02564102564102564
0.03571428571428571
0.03333333333333333
0.030303030303030304
0.04
0.041666666666666664
0.03571428571428571
0.045454545454545456
0.029411764705882353
0.03333333333333333
0.03571428571428571
0.05555555555555555
0.0625
0.03571428571428571
0.043478260869565216
0.05555555555555555
0.045454545454545456
0.04
0.038461538461538464
0.02857142857142857
0.022222222222222223
0.02702702702702703
0.037037037037037035
0.041666666666666664
0.038461538461538464
0.045454545454545456
0.03225806451612903
0.05
0.045454545454545456
0.021739130434782608
0.020833333333333332
0.043478260869565216
0.034482758620689655
0.13636363636363635
0.6296296296296297
2.7666666666666666
7.529411764705882
21.296296296296298
51.44444444444444
62.375
112.625
130.625
105.55555555555556
76.89473684210526
81.83333333333333
44.06060606060606
31.727272727272727
11.633333333333333
4.766666666666667
2.4814814814814814
1.6363636363636365
0.35135135135135137
0.15
0.02631578947368421
0.03333333333333333
0.03333333333333333
0.0196078431372549
0.043478260869565216
0.034482758620689655
0.02857142857142857
0.037037037037037035
0.03225806451612903
0.05
0.038461538461538464
0.05
0.058823529411764705
0.04
0.041666666666666664
0.03225806451612903
0.02564102564102564
0.05263157894736842
0.02631578947368421
0.029411764705882353
0.05555555555555555
0.047619047619047616
0.03225806451612903
0.02127659574468085
0.03125
0.043478260869565216
0.03225806451612903
0.043478260869565216
0.05555555555555555
0.041666666666666664
0.027777777777777776
0.023255813953488372
0.06666666666666667
0.047619047619047616
0.0625
0.02631578947368421
0.04
0.03125
0.06666666666666667
0.027777777777777776
0.047619047619047616
0.047619047619047616
0.03571428571428571
0.03333333333333333
0.037037037037037035
0.03571428571428571
0.025
0.058823529411764705
0.043478260869565216
0.045454545454545456
0.03125
0.03333333333333333
0.047619047619047616
0.03225806451612903
0.03571428571428571
0.04
0.041666666666666664
0.03225806451612903
0.02564102564102564
0.023255813953488372
0.038461538461538464
0.045454545454545456
0.045454545454545456
0.02857142857142857
0.025
0.023809523809523808
0.047619047619047616
0.05
0.043478260869565216
0.02857142857142857
0.02564102564102564
0.041666666666666664
0.07692307692307693
0.03225806451612903
0.027777777777777776
0.02702702702702703
0.041666666666666664
0.045454545454545456
0.03571428571428571
0.02564102564102564
0.03571428571428571
0.03571428571428571
0.037037037037037035
0.03225806451612903
0.030303030303030304
0.06666666666666667
0.03571428571428571
0.03571428571428571
0.038461538461538464
0.05
0.058823529411764705
0.03225806451612903
0.043478260869565216
0.022727272727272728
0.027777777777777776
0.03225806451612903
0.05555555555555555
0.037037037037037035
0.03333333333333333
0.05263157894736842
0.027777777777777776
0.041666666666666664
0.043478260869565216
0.05
0.034482758620689655
0.027777777777777776
0.058823529411764705
0.05263157894736842
0.045454545454545456
0.02857142857142857
0.037037037037037035
0.03571428571428571
0.045454545454545456
0.034482758620689655
0.037037037037037035
0.05
0.041666666666666664
0.03225806451612903
0.034482758620689655
0.047619047619047616
0.02
0.05263157894736842
0.02564102564102564
0.034482758620689655
0.038461538461538464
0.02702702702702703
0.058823529411764705
0.05555555555555555
0.027777777777777776
0.03333333333333333
0.06666666666666667
0.037037037037037035
0.047619047619047616
0.047619047619047616
0.041666666666666664
0.02702702702702703
0.02857142857142857
0.03125
0.029411764705882353
0.030303030303030304
0.034482758620689655
0.03225806451612903
0.034482758620689655
0.034482758620689655
0.04
0.047619047619047616
0.030303030303030304
0.02857142857142857
0.037037037037037035
0.041666666666666664
0.043478260869565216
0.029411764705882353
0.043478260869565216
0.043478260869565216
0.043478260869565216
0.045454545454545456
0.06666666666666667
0.027777777777777776
0.05
0.037037037037037035
0.02564102564102564
0.038461538461538464
0.05
0.022222222222222223
0.047619047619047616
0.03333333333333333
0.03225806451612903
0.024390243902439025
0.05
0.038461538461538464
0.0625
0.038461538461538464
0.0625
0.03571428571428571
0.022727272727272728
0.05555555555555555
0.030303030303030304
0.07142857142857142
0.024390243902439025
0.027777777777777776
0.038461538461538464
0.037037037037037035
0.037037037037037035
0.03571428571428571
0.029411764705882353
0.041666666666666664
0.030303030303030304
0.047619047619047616
0.03225806451612903
0.043478260869565216
0.045454545454545456
0.029411764705882353
0.038461538461538464
0.03125
0.037037037037037035
0.02631578947368421
0.041666666666666664
0.05263157894736842
0.038461538461538464
0.03225806451612903
0.03225806451612903
0.03333333333333333
0.037037037037037035
0.09090909090909091
0.04
0.030303030303030304
0.030303030303030304
0.03125
0.058823529411764705
0.025
0.023255813953488372
0.03333333333333333
0.02702702702702703
0.029411764705882353
0.047619047619047616
0.045454545454545456
0.02702702702702703
0.02631578947368421
0.04
0.038461538461538464
0.023809523809523808
0.045454545454545456
0.02857142857142857
0.043478260869565216
0.047619047619047616
0.07692307692307693
0.05
0.04
0.041666666666666664
0.02564102564102564
0.045454545454545456
0.02564102564102564
0.03333333333333333
0.03125
0.030303030303030304
0.034482758620689655
0.02702702702702703
0.02631578947368421
0.03333333333333333
0.022222222222222223
0.038461538461538464
0.038461538461538464
0.041666666666666664
0.043478260869565216
0.027777777777777776
0.025
0.034482758620689655
0.02564102564102564
0.029411764705882353
0.03333333333333333
0.03571428571428571
0.037037037037037035
0.05555555555555555
0.05
0.05263157894736842
0.058823529411764705
0.03571428571428571
0.02702702702702703
0.03225806451612903
0.027777777777777776
0.058823529411764705
0.05263157894736842
0.037037037037037035
0.08333333333333333
0.034482758620689655
0.0625
0.030303030303030304
0.023809523809523808
0.030303030303030304
0.038461538461538464
0.03125
0.030303030303030304
0.038461538461538464
0.04
0.1111111111111111
0.05263157894736842
0.05263157894736842
0.024390243902439025
0.038461538461538464
0.03125
0.03571428571428571
0.03125
0.05263157894736842
0.034482758620689655
0.03225806451612903
0.037037037037037035
0.03571428571428571
0.030303030303030304
0.03125
0.027777777777777776
0.04
0.045454545454545456
0.045454545454545456
0.05263157894736842
0.05263157894736842
0.05555555555555555
0.05263157894736842
0.047619047619047616
0.024390243902439025
0.03125
0.06666666666666667
0.034482758620689655
0.047619047619047616
0.02702702702702703
0.041666666666666664
0.041666666666666664
0.03571428571428571
0.03225806451612903
0.030303030303030304
0.045454545454545456
0.058823529411764705
0.038461538461538464
0.045454545454545456
0.04
0.027777777777777776
0.04
0.029411764705882353
0.029411764705882353
0.030303030303030304
0.038461538461538464
0.02857142857142857
0.03333333333333333
0.041666666666666664
0.16666666666666666
