1850061
3220583
18222225
17482275
6904580
6524020
27793349
7102583
4785640
16056366
15296034
24389843
11757156
23166291
5061585
13388511
20223668
29448191
17635156
18969892
29651880
24859068
8581240
12707283
3046620
18578399
29969600
16601187
19836361
21456054
23146848
6308759
21701118
3256393
27206722
23237413
19363145
26354716
26612290
14886496
8963736
27027928
21526093
3355815
17194251
17701128
633764
17742046
24530830
8882028
25793325
12275304
29692395
7305927
11188642
25172884
29777337
14573861
8413684
17077377
26153599
27973589
20132163
23957685
11274967
15225227
9332942
30090835
14288424
8729277
24778003
7851440
27283035
5431663
26017627
27832822
7843163
5158995
18092037
27463099
10622219
19658769
16684859
18295292
4355518
17083165
12986089
17502174
1681563
1866715
608535
27642656
24213149
20853629
11941008
14954621
4977739
16901241
2556817
29287579
5234199
15574899
7889498
17724743
569497
1556907
1425729
29425059
25503767
13585031
18678866
23904925
14217850
688387
15813356
6101912
1618303
14011227
430304
16609784
14850627
14344968
17521721
23432188
20061981
25108770
8649561
16477612
2750355
3881463
19675600
24594049
27008684
18553126
11000371
1823525
21310642
8093184
4758757
6803374
7715664
16320224
3803624
11015574
15074381
27524928
25355779
14774391
18596515
29966588
7078070
16169936
15654829
28188241
536939
8132367
398490
27901082
18478979
3921408
19570253
24042237
28746608
5589125
5204693
21070064
9588148
8216858
3049007
20223383
2974110
2191189
16211108
16633472
26374655
16815038
29506031
12012028
5774144
14785816
7088688
18273405
9218512
12608507
14702642
4225229
18372106
27514867
7361811
29717813
1557099
18325149
25345407
25984125
7967741
10485443
27167484
16377110
1269858
29731076
22560776
3909283
14922388
17489672
7623577
4144350
7516594
28505098
7466585
736247
5581873
13076967
17082457
25732435
18472699
101561
25878472
18637073
25913559
4475423
18222537
13112811
30145047
919398
14648175
4662100
19151132
27028988
12586118
14690991
25440690
24390311
19431633
24317085
11334463
12036369
11107875
23446410
5891799
29287739
10488773
9979692
16650863
18739215
28887498
24377454
25777100
29932680
2566985
9641061
6228809
21453725
11117136
2540112
16169414
10022656
8965078
13287706
20594493
855765
1363799
14179101
1012545
20610970
24459199
4293057
7633915
19971686
10826543
5358649
19351324
263341
12171529
16330944
11199529
26172938
861415
27374774
5494937
15007676
6393349
19905043
3450756
23150909
21203706
21958396
572466
16073190
29411792
13041618
4238167
13816426
1517884
3696583
11998027
20216
3843679
12855258
2926519
1839970
8063216
10097254
20657746
29841762
27373550
8271624
6880751
21359707
29245439
20053151
25779437
17191981
15462913
26748839
28989595
24454569
11687626
6375747
13516065
24140436
9393219
9079560
25503737
11090618
30161080
29128182
26788571
15711531
13746741
26241452
718927
5900929
16746924
16370721
14456275
25165767
3100001
27673345
22503653
370338
24375743
9640581
16961565
23564910
7247333
5227109
2772470
6391158
10158546
24950879
25740984
9040642
23284347
8257246
11308308
28423127
6302147
5089581
13762520
194507
3138989
3842792
3393227
18659644
29128940
17784890
6155107
10854308
27122544
787630
28556343
30252451
6395422
12150700
2771213
12513595
2997114
4878964
26882080
37763
5499955
26828282
23329501
160929
15896971
27072626
9827675
20232384
3935529
9358364
21969478
16748595
6113530
9819903
27893120
20256187
20752199
3924741
13822759
29376983
22841833
24792944
27327508
16498938
3382234
17915970
11539055
6132849
6741765
30173531
25100767
25418350
21693469
18898871
16606218
5689593
16113350
20641643
17936041
19003101
22989764
26453508
5269356
25291298
28280452
18908046
25059215
16142311
18471621
23582958
19025026
744780
24323247
5028591
19820175
6015672
10174094
15139991
20474734
27577292
10559261
3884779
7721635
13484846
9985149
29620670
18728962
28333709
9653737
7093205
15127329
4874948
30002176
2001527
28860184
27270285
17966073
21355789
905825
13531250
11838566
21023508
8812070
29908635
13131230
27740081
3118951
2729420
6636305
25627518
28451859
5181332
21631240
8485982
12737891
20464884
12082620
6266646
17645626
24010465
8873574
17980444
23932622
13844465
3299383
28021080
26657699
21879729
22847590
4412789
16704132
23760997
723578
10202813
15368473
26863809
24418977
10217962
14150377
27823291
22685969
20439459
5559865
2298220
25238522
24145346
3439233
4127930
11689462
6441770
13947450
15684574
17725327
17262995
28022519
12416444
5128613
4973292
22694897
21911456
22985719
24371829
4860552
13751408
26293055
22078962
5068756
188686
20860161
4580161
17749474
15655582
21200681
556364
30232815
15499115
3742840
27793805
23227863
21182400
8112441
28334533
1939526
29314787
1125337
24616026
29618467
6042563
14417909
9851833
23008039
30275366
26426292
4617964
22580742
25357158
25769062
4337092
15613234
22998444
3331339
22109516
20520524
28393272
24157479
8988116
1233429
13308962
12247289
21393252
19289557
26554635
4365074
18178664
3152971
11450831
27079924
16499223
12403322
12638056
17217020
10907844
12535189
12738394
28188120
10082472
8887181
29446429
214628
20349649
7692494
13848249
20839173
17600387
16176400
29822979
7668881
27449398
11453227
19027343
20314352
23828585
8028689
9468132
17283122
23745288
4408139
12996960
2217143
17661308
18445445
23057000
16432577
23116009
12409436
14041072
11377638
20129394
16410932
18048059
14116987
29517158
4183758
24542655
22278440
11799936
29086357
15655748
18940334
20782377
23619674
4416596
8350289
19382557
19990987
30202724
239643
29278748
9923005
13709649
19081948
23274257
23732789
12620694
9720140
15985567
1714636
26938398
12435961
15814127
23430379
29357166
10785200
4909117
14360624
7319179
23120837
27753668
17324854
11325874
6018459
17144334
21280789
23202227
5652858
5700746
25449519
29953402
19854000
26581115
1955786
30354061
8990010
19637293
11732723
19514018
12345148
7496094
26443980
27915626
2881769
20784521
27312954
18805622
10617407
12579335
6885175
14787146
12402530
17420416
12648480
1132473
9214244
14931228
8504461
23552251
24551730
19648623
931671
13609914
11380277
24212130
15142293
3865041
29305051
10460233
6539918
21269938
8734156
10786965
12321723
16885751
15280789
7706536
23679214
17353668
17139490
26349011
29792640
20599189
8952501
22296390
4759577
1833744
27358355
550951
26583257
17693623
11125902
11750577
3387152
24237472
24319145
10927997
19407633
4616777
27886953
24471358
26322133
755497
12441793
609248
7712470
26766103
22098153
20038089
9256982
29345426
6636826
18499234
29609293
25213002
5251998
20432678
18899645
10465149
16633007
26160039
1648474
19040600
15030898
25195769
13881202
24752503
14251024
3086347
15627399
3688777
27930598
23415752
10699674
11810337
8899809
25384131
28619073
4162347
28201621
25153078
10689217
17451302
4345598
29350044
8898515
1299929
12154997
4507808
21723370
4237960
21582818
20182141
6326822
24553485
27556158
11602214
6793362
5184890
23679609
6255651
8989774
15368868
16242294
19532349
14685
15365023
4908582
834802
20566234
24954000
3413543
26716908
12778910
25548063
4279943
19232872
527890
8965877
20456801
20112062
16782313
7807562
686567
11944468
26660540
17988655
11640217
5520729
15134372
64452
2808357
3000229
5332379
9042590
6677591
15909883
8953330
16901612
271854
6244268
9563755
16949536
29585751
7443262
25381527
30378308
30136303
18878079
29205536
27394086
6013209
26564991
27335482
3977187
4834912
29419522
17572560
28206397
8711908
955011
5760585
6829532
18302200
9484808
8275625
20187072
6958743
5815479
16358200
8691782
27573760
1461432
29705434
20611544
19218663
21051368
7942907
2278709
21249761
3625721
12840198
2943153
26602545
4274003
14599106
10695514
25541571
11029490
26248406
9963377
9173474
29310811
23620920
18914967
16072226
12200200
23429878
7092383
18909861
6032557
5146743
418009
5210624
28211085
21792250
16238994
20704941
9796705
27582847
262083
12805418
14539510
26736833
13497106
1930109
21814061
25174696
20708870
27036069
16263110
19584710
20164312
14703200
5342337
10018344
1164515
17322669
18992039
1938293
4401655
733539
11249714
27195534
19020633
3297434
1996106
7968258
23428913
2268605
3886532
4913704
29297610
17327764
16380890
4624951
24529513
12613204
5367837
7601967
15700972
26945913
4141294
2830040
2814624
17448331
9149183
17321393
14304370
25658124
7097323
24485596
3698305
6158519
17518003
9980141
23094712
19920132
15942456
12426399
22977427
11955811
10573236
19137808
4213257
17599754
12776164
478205
19165045
6260415
9581248
3148498
16748014
7034596
5894729
20663064
26605084
5985808
22726668
1225531
27198766
27865611
11659244
8429390
14107213
19732128
2256864
20551097
3624356
25556833
8660014
19135705
6137132
27674851
6581478
8814648
860310
5456573
8310107
19519989
26528074
9333910
28487403
16862756
23554823
8935023
5414490
17558258
17889267
1126803
6857422
19182999
28766700
23840543
4786140
1692873
13043713
12161696
29462055
9633875
14127927
8456277
28245106
9186766
22831922
1611559
12114993
20424527
24559140
24207132
10803417
26044594
23409271
9716318
10005838
22094720
13757002
15161410
8899106
12555087
18738433
25759472
27594089
1331359
23048127
23849098
51987
18314555
13749242
13021813
26465829
29693004
1972198
18868559
2686136
1470429
18502224
19528767
8613447
7482423
17383332
3516906
15914097
10898912
21063017
21504495
1996369
27848014
5521232
19556696
19246175
10663071
12954307
13987370
1900446
19270488
16424018
29914408
17519063
5447256
28485760
6258168
15976258
21673917
7707516
9946764
4847358
5867331
9792138
27102212
5891608
5886163
25302100
16311841
27694700
4042730
20877764
13697795
19721657
4225868
28555921
29625597
11290589
7949525
19905651
29161943
4047085
11097711
17512875
8762010
25109609
19228609
25742583
22359348
3079700
24637390
23366241
28675037
17968302
22534492
27484628
5403122
17792723
28618572
19139441
1115667
8819238
26286311
5807199
24543115
23170055
9024692
3652826
17620132
5021483
27203260
27499382
8677064
9043699
15553444
19461720
10883987
8911082
2554403
24552195
4137575
26763284
7700329
3656129
28191068
9785932
27232664
2510749
7487122
22661989
1640524
19780784
17633325
2366969
23850800
19614864
20555902
21301916
11339219
30276817
29574548
29809483
9836242
5784313
23383698
28114925
23081017
534806
5574765
16888645
12131916
23159694
15371058
17964836
1423931
1745237
16439008
12921961
27965581
28883015
7968809
25735851
20799645
14730547
16287620
4096610
616821
29455469
7316478
22424501
20085534
28460256
12584157
12347644
29486692
1737063
4611849
2077073
13336781
11198265
14132842
10585765
29485383
11834733
11561386
11802742
4421223
13914518
20030071
228757
20402780
14632421
18034668
6873741
16849834
10271377
4757376
10535480
6570141
5123936
15030637
23158679
30414498
25750789
27547651
5558096
3867553
25167468
16143920
22466501
16994801
9341892
12895517
274880
18018351
8124646
23753354
9589428
17774982
13370227
7572552
10792481
3534482
8037354
21378332
14512986
3870203
2695245
21084688
6053497
10368742
18290320
24088839
23836534
28364570
30047190
15525800
11621960
5285818
23002407
17928033
19121193
14759941
23657900
30128646
14001915
20137567
3071317
15072572
13250491
5924593
9077252
9826722
6619419
21966281
11741604
26431508
8671603
16758639
11862612
784996
27969018
1075684
22165266
23302289
26525323
3650761
8048106
27527592
16580813
15180271
7920977
24425369
4067776
19177432
6521726
8056448
26988888
3960808
16553541
19922447
19145617
9350614
10244519
22000140
9117857
25542244
6224375
17693592
30054368
2048210
2397594
12381921
3044652
2625829
850135
14063411
26293367
11617206
18205424
7787864
15697186
17672213
13089406
30395746
22846650
6529604
15899748
1477877
29275163
16298028
20477212
17016489
2705146
1231184
5868977
1940934
15938193
8748269
3929636
12209106
23572206
9194171
9453317
28007002
21624910
15627553
7994996
22885500
4149649
11577060
13917185
30176802
14929021
17684594
6960515
22531516
13477179
21383137
6556673
11215864
29765014
4252099
24252085
3714725
11282889
28429610
14492061
10889061
1275095
30048501
9965021
22647183
28291080
16398341
10618515
23457053
4320613
15529315
4856150
15233649
20659548
16981265
12763071
7991194
25765806
24726265
3446699
10135681
15979943
12710091
16945207
18466175
10263670
24202949
13520218
10485257
11612638
15214059
12544267
19966771
12216829
26362593
17733620
5759250
3381275
15507218
7820415
19857513
3450315
8570661
8694525
22020305
27627790
25480499
12493686
19940570
5768561
26973368
24096817
4103181
19701322
25011351
21564393
24755965
3546075
7435991
12216249
15271725
26681927
28082794
1876948
7904168
17576397
11247914
4740646
13220500
6036497
23759860
2370854
22911196
10365972
22673710
22890823
23109781
4344750
15759742
27263409
24678583
2381776
12301614
23221302
20127380
16765491
15489590
22041769
22151336
13728603
17828355
1550714
20359864
19877725
23604355
3297100
6275389
24380042
6525704
20782213
16155069
5586318
25364560
19268505
25066587
6693936
18651855
15766484
23361505
23396583
17910272
12826968
27027339
22116025
2961574
29550589
525796
8616193
10655677
5672020
10538023
13663041
27385361
9266894
8509879
8058701
10205903
24909877
28633551
10713925
5606990
4562829
4354941
29620401
29170417
28794950
9981226
26196671
19625633
6527054
28645190
3909806
21681240
27874352
10787618
640942
9495247
21901449
10669597
7501073
10306034
11686813
4047834
2143700
755898
9409384
19475602
23227722
26495038
10269884
23129966
25016617
28626722
26392603
28308264
21051770
25731830
15155570
15077646
19195541
4694331
29148476
25607227
26707738
14257397
10499562
9001120
16569501
7328200
17514445
4674317
27722557
19064505
10323687
22613588
9621222
25534065
7832133
9045233
9873151
26452945
15703910
25749564
28838276
29143869
29224223
1695855
29698999
28147884
20981526
28910812
29055382
8131595
22107514
17723218
5271458
22378920
195304
5413668
10939619
8061786
6495007
24398577
26861527
11614907
22461373
16850131
26135352
457373
4940812
28027392
20335554
18425269
17483865
25439463
10676181
16978674
12137348
3103731
24866369
21972198
1798777
2864312
23970926
25316237
14813110
29091033
21872095
13882664
10085480
4890265
19308991
2938300
15637123
20647767
19662929
6605463
14718724
15244049
25800781
26568840
3100496
3975674
18464843
25497722
8186549
28405685
23771617
16140514
23179045
18366251
6125916
3649794
22185848
22531150
15815747
11783766
19134252
22109856
3614353
8638103
578632
4796263
12332178
6125145
15948321
2646250
27403024
24814053
28505933
17532591
2583784
14191100
28401149
20226708
7995829
26102636
5473111
28159484
7285964
23998243
1899369
26633710
2088774
21690273
14840812
685092
17299435
21615962
16242141
6612314
12619807
14805155
20544385
14787576
17619912
22132178
11274676
23191204
15704394
22626070
3913973
30275084
6814797
13635513
28785787
1726765
9590422
10392941
23834117
876916
2395956
18383772
2356741
17904849
26042222
27712055
21558155
22001933
7023793
4493835
28071778
1153752
19737319
24098611
18328536
5816350
26427384
26984076
6530903
17369147
20614522
21281214
16131787
6106571
20814249
28774179
20733281
22496893
6193200
13306584
3841447
23704372
13811928
11249045
6431467
18947423
14439083
13718033
23266097
8933501
18219101
8418644
211404
8693399
9698183
9163345
14859406
30049672
15796447
5853930
14769628
9042232
29466322
22800776
28419604
25811753
18714206
28726790
10099292
20094499
24019183
21874575
13282358
2704991
18301181
28716687
4004108
24329968
17006857
8098179
21033701
24503642
22631263
24287279
28922599
26110494
15515583
1659790
4666988
26484648
21382811
10743535
29583318
8136804
13025026
11471093
13250160
170330
15467052
18180575
29765708
30237482
23819731
17399642
1688741
16785534
4927729
6148975
11896368
25841381
26803103
1373807
3515642
7997043
19508900
21436685
15383199
19476917
22029236
29459172
6321896
29398338
22616563
27182066
26830753
13592936
15283146
16843267
8568342
22576159
24739513
28441997
15870003
23502782
5114916
28722127
25871016
28082706
25923626
13733789
10761465
25365194
20129377
29239825
23336031
21137937
6537250
7055346
16255693
15440015
16922975
21567749
18731284
25899451
23456147
25507994
9239308
25829799
2833217
11147606
20610575
13288444
10937084
25052312
7618043
17571028
20888590
2797332
10141064
18550787
22762418
27675493
14912046
23253878
4721329
15074693
16299773
1963663
20462334
21246345
28716105
26982942
23945191
21403613
4131756
9807075
29180746
23397284
12501155
5760930
4863426
29152316
9485862
8031618
15728485
5648919
26718067
19452993
6791333
22680638
14209217
16509960
10443146
20546338
21658592
6191724
26594453
9003141
14069771
7790701
17765401
15679652
2163670
8669620
20726549
17631370
29399529
3292802
4335179
663770
7810741
27349428
22471518
10420867
11489720
29617585
8442660
27956547
18865359
7907716
2284963
14591856
6986762
22052724
14646227
12093639
25452065
19617503
4566161
2216449
29025424
28668609
26784158
563334
27690103
15965911
29824026
13654939
11716464
28701068
22929820
19954648
29843414
1053354
1137644
29229964
26578957
25318274
7593450
14050965
5312350
27266559
4723436
24796550
4095640
18667130
15856959
2988054
8675449
10072939
4526394
3799555
28307174
3187456
9813231
8761154
16526559
11557631
20647107
9853897
21933420
24776207
4448544
11991153
10552355
25821903
25974475
21820805
28493344
7308537
1541538
11965103
5110213
7311274
13060192
19621418
4955896
8212405
29890484
16282133
5025409
780503
21822179
19852939
21492424
3202856
28214138
25743043
344420
9943632
24766238
29020942
5995423
30101523
7696382
25288051
24985921
9252966
10990306
29779170
20088073
11807274
23230786
19765597
17219840
3864078
16340020
101486
6883744
8926815
8713171
5489036
26480135
18018682
30163298
3741471
4229190
24791138
15370780
27339683
3513602
24384587
23333643
26485410
23667702
24487223
584970
22493797
25196581
29272461
26536491
21374609
2905985
25838788
28814903
22380958
14954671
18827880
15945234
7874670
28965790
28302006
16797136
13414501
1530441
21207940
10265037
6578829
18945845
19483820
21555018
19084631
23718964
5063510
21979988
10049361
1068536
24422022
14740217
19611026
11667620
8556309
22583614
24734675
11189538
7356681
25229316
1426483
8371816
26757481
17118671
10542976
6011072
26328845
10794474
2708903
3815077
11800317
24341257
4849207
24253044
6715784
9381245
9976491
15001371
2105381
22757732
6158675
28075819
21489801
14350807
17870731
25551904
29529518
2969901
28417211
5109647
4190943
26889450
649966
678158
16369691
4328171
28199755
8603948
11617167
16600917
1440824
16498773
8838141
3228479
13628565
18066362
27240389
28390890
15731735
13161687
13864260
4695876
23463166
22134128
6915725
15565230
27928610
15058872
26170218
2009143
28382553
9104827
17163758
16824871
12584292
26169103
23985305
7529548
14581276
30343040
11202332
4428901
26748981
28599807
7727038
24099877
13591744
25902216
18109817
28316655
17532242
5556792
16391834
25295796
7840396
10513586
2903057
7683984
21403284
20715817
15328810
30336127
14105201
4314574
27299249
15047685
19494043
687023
6264083
11432178
12565542
14660722
25176061
8209537
28537031
4826240
7300168
7803098
22177900
17338213
13758452
5158723
29097081
1025897
12031395
6998248
6949612
25716584
19608560
13923227
14605826
3407130
17342011
22296771
16064655
26049075
2779427
17912657
14457136
14752675
21276081
10078144
11650773
17771110
17502468
18191703
23485615
19866043
13462083
21003154
21544930
24700052
4172700
4136570
11833977
11240543
1404531
22495850
26575408
24287469
13855759
22479818
5539497
23592706
16992356
1459144
23115242
5369528
43872
19419372
10448707
25514506
4511807
18863382
17428675
21024611
15907484
29531658
17523420
4296694
5274210
27493263
23443852
2784818
16016845
4951650
18542723
1829355
19857352
1480555
8486491
25102351
9612445
25218506
20643816
23172240
19274149
22654451
10259803
11455168
11159765
14288971
13955061
26355169
14105864
19757286
20127866
428128
12284380
23948668
15875867
22945027
2913537
15564914
7106246
19123603
27105438
19006180
5753554
10345021
10493279
24952205
8684611
15645273
2787193
13677774
7232861
8853417
22703999
29201141
10805834
14295843
16878675
8227846
2629151
12857986
28403988
22526219
11191647
4934970
19974
1958414
20913390
14823697
8726124
8079527
14189953
28111846
27719168
7993052
25667044
1370948
249971
25948911
24712336
29318107
11620633
28784696
28042027
12657769
20841921
1702401
9469483
10660523
5539592
29364301
7289487
13438586
28023217
1575138
9863728
4580108
9177192
1361721
10598778
16861883
17141842
5240767
23877286
19543917
29567016
6228732
18580001
17201891
5399974
16650639
7491936
15909122
14945019
30376729
29296762
23522209
18002128
1178060
287439
22469390
11519013
9377265
23899409
23367031
2908169
20573691
11936905
747572
25149797
1892188
22951075
6129263
14540347
19481106
11705022
2206052
10495365
22509135
21470957
10712044
28242407
8797965
23849480
11410197
24788725
27515211
1695017
8449643
28555806
3808009
10039694
9512459
8043579
20871000
2712971
18590659
24447868
11240608
15374873
19710744
15164666
15335925
27878220
16827709
27199523
20748584
29700525
583518
8741278
25503807
7184200
30305826
15544798
21281539
26299982
7324258
13039667
5831245
604355
27320855
24080300
338628
9672202
21145642
25852962
1941421
20665694
21775314
23191686
23566724
13230925
18605412
19004597
14473215
20241888
21961694
9523727
3433765
20961521
11208529
2925252
29419888
6743230
27144609
15967139
28869240
2836886
16662591
17332652
16768584
23497346
16132316
70504
2958838
8582427
8763122
3497500
11168670
4407668
8284496
15517156
16109722
17457366
25464548
16225958
22746763
17791343
7384200
8388731
20208411
8030996
5660775
11187302
20616181
26043917
13604403
19220288
27609198
4682872
25203517
25945348
29357421
5546340
26146562
15765473
17685841
29402834
4885579
29741593
18004094
27616563
19411689
8062385
13239541
403018
29698835
16118926
24185824
26207213
15673288
29866327
3210626
22950544
29134918
25552274
8154575
15439165
14800982
6574066
25333900
15264286
29438802
13372963
14884614
17066570
13924106
6415813
16398166
6880916
1448711
9930615
6359851
13557197
22803651
30307494
20988443
17216420
22778964
4576039
8904684
189226
18281970
17224865
25687151
20296484
28202334
17905372
3015485
14105744
20941523
20108828
4108151
23003662
16983539
12240529
21252760
16183045
24000190
24826690
17925834
16546250
23307501
20660200
10924291
2668432
25060633
10571071
29786049
7844605
17232571
22137998
22651636
22946184
23455165
24942292
25668525
8922289
5468433
15230364
25208745
27303582
14048170
26031772
11671988
29120966
26892457
29597453
30146404
755829
1598395
3450705
16354662
4569544
26012149
16122540
13430350
21447645
8642193
23453869
26005618
15196977
21375161
8301944
10021134
19782196
22609041
6764762
20712314
17928557
15892027
15362979
13353015
29847476
27565546
30233916
23510547
11855256
28481658
28237891
21765996
29872480
2678979
30425132
15129487
27114173
29044037
29519059
2888402
7666342
9853580
18048903
23146988
3967741
19197364
29673238
29231639
2985899
14789465
22463465
9827559
14064605
10632137
291045
12516418
22812292
26446839
6079120
789622
4225811
73282
312959
27143457
19591906
7400592
29479939
13129566
11511932
20170912
20146925
20277576
28547059
16854659
27708379
3415256
6220397
26157693
3212356
11258185
5638098
10471201
14569472
1214088
16343535
19813723
24356775
13718729
9408122
19692879
24645273
865474
27522866
11493568
10062089
25005932
23142897
1604401
5796902
14611374
28367662
4183697
8393194
27687582
18435919
5375379
21766459
29952843
12694473
15844542
7367335
2583721
17136327
23620417
19226931
22621420
13828442
26143108
6445886
8471835
24408582
17973753
6266920
13499643
12612624
20550199
5711000
19562975
7307373
4502016
29406686
4714760
13292753
9612362
16117254
1634705
18738512
3720078
25429885
3971842
16859762
5525760
235633
15433946
1782225
8849045
4270869
29741790
30028079
15126817
23615979
18597298
21992134
12496133
10731398
6343503
30016607
28168684
9939751
2958957
20295628
6859464
29046264
14382395
20076491
26573654
7354966
9588145
322497
28341073
7242040
4865242
26430801
1927259
25292432
20334082
20958365
5722121
25291241
21710948
27238511
7579180
1654462
10056822
23073913
13362787
9606276
23462479
24961234
10393428
14004744
4590954
162685
15746317
3980822
24520713
17707045
29050152
12574593
15236011
1457087
20840638
5259592
10797914
10329128
1658044
28173611
22049835
15573730
13541786
7121259
3450346
23724499
11646240
26910061
24790915
16448711
19074254
2051139
5479304
15549148
5466400
16881602
30339792
15917151
14487630
27208289
4495355
4050076
6006386
7106306
21879547
15623329
1164445
28666493
9725193
29095760
29139899
26694809
20735627
13684156
12467779
2624352
5912301
1421462
4553142
25150315
23840540
6694988
7509627
8895489
16248356
11654666
23708849
1300828
8195614
20604493
22016589
25321352
11370639
4813416
11295648
16118830
21276341
843817
23310790
3573017
29201037
15246391
7951245
26155454
12417360
17981808
16139901
17578136
14889592
16291289
13862223
21257288
14342271
20695256
1261860
26909263
2985090
7111974
14792565
28058047
25930551
14229110
20304055
13400212
5737094
3805471
19635701
23130916
7494361
23997008
10781935
14820895
23236982
2553713
23684898
20270269
12777800
8215760
29693889
3416311
23033852
4969646
9502670
23466163
23853181
21179554
17365113
9263077
12256607
30131098
19026637
30243109
6926814
3877411
19175069
23482656
20879137
3709249
5475552
26760058
27144484
15255168
12850108
20550142
16800217
6957878
27008133
28369546
14230335
27663396
18578157
6036591
17529882
6268965
12971777
12898648
862544
24141598
13348726
5341673
10994806
2156198
696983
6662425
20181523
8681228
7814552
2551141
8458034
15410891
23029727
4275707
9221988
12068844
14686973
21711908
23626391
21511179
28359702
10156581
15938812
28949649
2817235
2884500
7393620
1878881
11716860
2318901
440927
22417241
3657744
28231487
16048476
28467545
25297650
14163403
30367895
14280171
29430011
11699054
6562352
14858851
10955915
28569306
27223719
16585979
24950420
18667967
13420291
12769341
6228468
12602371
21439755
6126170
6602463
21185850
25035520
17601315
9408619
29633230
26837961
7997191
29968459
12095345
26933030
11244938
4439917
27312513
13441092
5701966
14140154
6812375
20776583
22432736
14072519
20835148
24263481
24045610
18443010
18253055
14250532
4722937
28510768
5844119
27777790
14570248
24761749
27237259
22540227
4584882
18927958
8896033
5590623
8420251
21973825
5495651
27588450
13596148
30012372
4642353
23246266
20081328
27842946
8199752
11251029
1695602
15111254
23532533
16961130
9558503
3599383
3441937
12639485
21338419
11516163
21104777
8537036
3216963
25531132
795488
29927980
11914667
20638411
3637510
11951533
11200017
11550653
22785556
21259172
24464166
16745392
12723369
23867048
19078537
1175373
13170176
21626418
6582111
158121
17220449
12598038
4085978
5238500
21418650
12778939
28787450
25877897
2186561
3685575
16034081
1608514
15016558
583073
26438468
5891753
9321352
5875376
11052636
23463071
28576579
9066827
12706580
26856200
18755901
27687406
15945461
16366324
29781996
12722002
28025199
9709885
26183378
1344450
10354377
21644821
19602830
12987982
26884314
28234935
29288533
15960292
19061577
9645801
19930794
25888140
29352515
12334823
11133212
14216429
24877652
24537003
29801948
8346093
4703076
29705094
23736709
4006049
20510261
29098100
17290127
690263
13865654
9734066
10056192
30086854
14441216
6433304
25699603
2109716
28736814
3313710
13662181
22332001
24262806
14802656
950146
5374873
12942212
15630650
4391084
13718942
5499087
144577
20682783
6634820
21179388
19350354
21626801
19068258
16311247
22282728
5814116
11014585
21567328
8095802
19197919
9314571
15293871
25135691
13452984
21161814
4211500
15500135
2580710
28238400
30253396
21924420
11055289
7529064
23360493
22399469
25270010
15531239
18354085
8279867
18609300
30382064
28415563
4457464
12398681
19252397
14787287
26608147
16549827
1231679
26177357
1054161
24297429
14963691
29049551
5661783
27523787
23340001
5199188
18869769
5625287
23502060
26383393
15262616
7274490
23742527
14277396
7783056
7732921
10773467
20004602
9871960
17353287
17778222
21664369
13533740
16368699
15355952
4286053
10610987
5315776
12037290
14676136
392148
13221950
2264965
20470264
13069167
18355252
25548078
24780400
30252668
26509576
11510089
19715308
28905490
23861029
27804386
18181231
2026866
13809488
319809
11954
29347415
23524489
27495122
11585246
8329935
23803287
12532227
6612509
2526682
18246711
1821312
9405281
21870575
11252322
16439425
4495990
29509177
15268415
8079642
24815088
4883549
22511360
24541853
5973471
5344728
22440383
842265
241446
4817236
20196659
11582689
11247486
18744713
30421765
13470803
25202594
10730059
12799167
8619294
1361426
17202311
8126515
7948919
21884286
28980892
14594704
24187306
24204837
10961372
25702724
3204495
16007465
3044500
7241565
19556470
21787035
12573074
25349948
11183535
30048133
9770295
12519934
22500819
23288100
7382312
10531848
28392804
18731302
11134630
14514834
23065364
9698546
25829999
17699061
10895464
13555715
2669485
5922966
9123525
5970478
9166056
11493829
17633396
13006802
19668464
642502
26209220
24392553
18173211
25464774
28907607
3789377
21437589
24877058
2381359
6234110
7123682
8661643
22704498
23652223
30147882
16705310
19200609
15084758
29433234
6859924
21008742
8524869
5426649
7779509
27392956
21817134
19321553
19994390
3522433
30367609
7442503
25447183
12458287
2973185
1609263
26036468
16356767
406988
6297350
15837022
29246260
6732357
28816577
14765823
1005947
16825808
130863
15070940
15150160
15093822
25321542
3193786
4994045
216047
20083129
22602409
19829362
6725187
3856753
26059636
26174304
9539954
24070438
5453757
23564731
9041366
1889944
20733210
5857416
4913963
11028657
19995937
23502863
12792618
17374992
19283901
3065090
13310478
27297678
22860537
26331574
1363200
11327882
24554925
10675525
27287307
8844749
13735746
13129726
11030695
7363163
12608747
21554958
25841118
22021742
17442720
8506641
28748292
7136945
27381307
12148999
1767939
24651457
23420027
3035237
731868
24427488
28129502
9955199
27847481
25508504
7860345
4939636
3001404
11480127
1452017
11834315
2383749
21040086
6677046
6582687
26416207
27633516
13624704
3237288
12554872
28850416
5826143
9737974
22333820
27466953
23381914
954174
14183333
29526951
28664976
14699143
22874102
6191774
17246021
22335539
17320256
3490162
14122391
713432
12756125
29125502
14020202
20687154
1001131
18636030
14886626
2202799
17316790
5473405
21370060
24761579
22582612
25937424
8905374
17714134
22572755
26471455
1023856
17577582
4463444
14246702
24726889
24794893
22347566
17257779
934722
17703234
18689110
24609381
9827346
2242720
12341269
21362249
29203424
20431719
5406617
9677356
14193071
20051320
29757127
17771603
12218998
2562532
16944918
17341262
15469848
2844850
22212936
28674836
10387417
8048648
28914721
23688508
9826152
27064010
29004059
19379161
751847
13337062
10031663
6402435
21234800
3496738
8873817
17662208
27490134
27754651
841959
1098368
4834540
4858647
16160372
23248765
23237520
15143469
15741319
12611410
21114177
23545552
4176922
4881945
11857057
15902091
17715912
15962263
15866317
13643459
16619885
19576966
16491016
12266152
21681921
27445690
28201893
25077402
642265
27849832
1205511
20659793
22928527
3158570
11888077
6725540
4573803
23387761
27741255
17226720
11763678
18801420
13535905
21190864
30265701
25034450
11149617
14466199
10091742
9981046
26993115
2188716
13093341
5660663
7929801
11645930
28284192
16335208
1475253
10778252
14413081
5517783
25908162
24326657
26223294
1538391
14467319
21515210
11358065
2154785
21915092
10642289
17636404
23481436
6164857
21858164
1971727
14978533
24844554
21086619
8892581
11174151
11131567
24655336
3812130
29135789
28572701
11053801
20409155
14090362
2659323
308607
14067144
6172987
2606231
16267641
17141872
11762029
26992263
13331008
7791157
15031671
22396023
27771129
6973755
22267507
24422601
13658365
18088920
14160045
2843235
15223628
4766453
4652640
22782430
643546
27728446
18671930
15054268
20781701
13561594
17779943
24828874
19036931
13779709
12044637
6447668
29670212
2408761
20275683
17242455
11999313
21768135
15184637
24410431
4656928
11703430
15140232
25197718
2066331
30355082
15247753
18176566
20598805
17759780
25249387
6813047
28264041
15768686
23588290
3370349
23579228
5978065
29426076
10191034
17222931
23225424
9139636
23706985
30268523
23791789
3749754
25405934
11847898
23321579
28963053
22114530
3164826
13598307
17360946
18281974
27697092
2971196
16359361
7872617
15808711
4650922
15707939
29030626
23011609
28135458
20482920
20978749
16244726
20085542
28735683
27524715
11669570
729736
12257417
20384241
20996384
14403561
27796452
9332940
12971559
24963599
4077447
17258349
28667872
19502712
26778204
4662423
3812648
25713631
776790
7621084
22040821
5680199
3355828
20430214
20525497
25881045
2274715
25859813
1202914
17841303
29777840
6752137
17896686
22548232
28525547
12551807
21283046
4907992
19372240
4196974
29353647
22864954
18129345
8197397
4607871
26799121
8286733
2932169
17774149
29024112
25500102
22607323
28293716
20291940
17954019
19073070
8394698
17431881
8347266
17647484
14206461
27168870
28871146
7718572
29146244
20968400
28277764
27843447
29005338
21372261
18467140
29793829
20250328
3377134
16722591
6397239
14827022
10122147
20495589
18660017
17418450
23402436
27079689
29479702
19142301
1653016
22469584
20871602
22093025
3365491
12226670
8407064
16769513
21528745
4295370
18310798
14685015
11980670
12377359
24101170
24732428
11724752
7503361
24524929
21798947
8897357
24706396
5170138
12114980
1087105
8052745
5260144
20751054
12350450
27411992
28106430
17762489
21381606
29441131
21900055
5741164
1399836
24637248
25858640
23583954
4317384
2483055
2975071
16274388
13585473
26732048
19665619
3670616
3568068
23185004
24197282
29789580
5465433
24189837
26670680
9196071
17712263
14645282
9508807
25858154
14345095
21982858
9904338
20875834
2002515
17063969
29731742
22399630
11864427
25730132
16593148
25970843
17515415
6483352
23880618
9881427
4368950
24930183
26763668
13022420
1443057
14237992
17167912
4207719
11845205
18746155
10518349
28873511
3811880
17748416
11518923
3794816
9779784
16401007
22626676
14216154
185822
26731254
4855550
2744303
15778156
9102176
4102096
14622520
29229733
14800291
22893000
22517974
21859872
5000188
27238789
18640593
27090508
16860345
5381097
5114680
4137326
7700293
11055785
18522658
22552916
22608220
30402901
17461348
19951480
28585912
11916815
20107703
28335
16017883
22982257
11656178
21151023
8769492
27528825
10166449
16912528
30005072
14663807
3384378
27369823
15153247
4797087
572671
9402932
29427912
4573549
159130
2585741
7676360
20165683
6316966
3128011
25560845
1256003
1233797
20535750
22156202
24298174
30019761
10330234
18338107
3484627
25039753
13321635
6344764
22419703
4341188
6572384
11518492
6145297
16955068
11488990
22445433
12130471
20114595
26907732
9862927
14767811
4669737
26019096
26901327
28729511
24377009
19113745
19660977
20800035
10895924
24506991
30409917
17877852
24599994
26673188
22362313
2729432
8941670
3326433
6197260
24110642
29443969
17340283
1078866
16031831
4237828
20055358
28516844
29205875
25563742
1773864
25583838
15376203
5769944
23412015
4942951
9233823
17796549
19579506
23623675
26311821
23440040
14634666
8474069
22940362
13112366
5243358
19408591
17538796
22214792
8833820
16053179
23971122
13439165
15147453
17713829
17024333
24319425
23746471
2634263
20638922
11843193
2143208
15221850
26032895
4488824
23526281
13275683
17022471
27378268
25867605
25355015
20823728
8895801
27264517
30253057
18533596
7894586
18782679
11541283
3836087
6472620
669439
7092258
12821414
13708867
3466737
16712949
3999390
13249110
21814043
15563601
8251152
26986864
10824805
26139653
29236452
27823874
30299649
29817333
9563960
18860371
1871049
25527176
13942124
13541442
13876754
20226952
14287886
16626930
4509921
5351796
14746443
19975987
25268770
24824778
25812107
16882783
12993646
22281269
12259647
1042717
18298002
14916775
8640803
27925087
12290219
18248634
27252668
12721577
27599090
17635384
14810273
17069979
2527298
344919
14615006
3282267
12389150
28238163
3692866
24923782
11957948
27899672
6513093
13772909
30388871
24437857
951527
14369857
24502923
18302944
13459252
24424805
19069053
24653590
6304664
29167430
25323471
15967781
6544492
7600772
26383178
15582257
22576649
6211923
5746384
16526511
13537924
3119449
23342514
26872293
23851380
3678710
14167687
2538666
27642146
269871
21455594
13113635
18777004
29228723
15900749
2512739
15221084
11255539
28844500
13649475
9016470
11064725
8263998
121382
29985248
2075317
20202670
12399972
4895947
7956112
9858941
24878909
7399287
21771348
24885786
20096696
7960490
12766825
24298942
24610170
25416556
13248188
17226233
5705742
14131662
24601970
27190665
9606632
18886740
25942630
3005350
8877127
21504063
29162913
17178947
8279265
17283887
28165233
17861784
7845292
23525512
28558786
1059773
23060381
10390065
11740177
22814632
7983588
6811255
2361386
5184874
18990703
3345270
2801214
5458960
2218445
19895110
21122902
10362246
20478859
9875428
5269707
10445528
9036118
26011862
24751692
29433648
28289190
12114194
8844609
21169038
10642516
24967041
30161755
17041210
17781963
4032692
24782105
7786843
996912
29645057
3450482
25174175
12902569
2949657
2528320
9017522
28609203
28506697
4472724
19090066
8000833
12466885
1617011
11954989
17237352
4853255
20815303
8903043
6223384
25021697
6102268
219374
13127022
6520963
20320618
30131848
23962545
9343957
15163613
7555299
14982957
14645310
6973867
7916649
5528481
19425662
8065105
14324288
13478260
17695078
24251741
10887416
20406756
18927960
24159424
21982753
26527383
11096103
19912097
11478509
19528917
5648592
27110191
23035551
20935269
19583709
19025053
17005343
2688936
5120168
3980693
11269212
8475711
25888942
1339260
16262239
13007706
9764702
27175813
1762107
9054471
4536549
22630917
8387459
20655577
13632606
23210000
2728373
25495308
1259075
5119272
8214148
9264235
30338385
30079269
12871491
27181476
27835184
12132293
23228964
29289230
24353913
17196175
15640129
4821893
17478674
18686411
26072350
11640449
19990593
11859445
24487313
5174026
15250373
23232341
11714109
5066120
1528520
28408443
7600202
21541856
12300063
21448019
25842697
17304725
7063081
11567710
10227593
24153634
24944091
11605698
29619607
21752580
22149290
10490058
21003275
20614262
22906179
12124884
19136269
3184660
3116526
23344435
898878
30093784
10044781
5366580
23109577
1641858
20205919
27412621
24845760
10316145
21910967
19081672
1470910
14118898
12682183
16727676
7645854
16397888
9375499
23608013
7120309
16991452
28951989
11756509
8751421
22141518
19212521
29400315
10753032
22718125
29069319
780285
28354206
27775094
1941917
4779386
25669408
5411629
18273264
26832290
23310528
23627784
6451645
21633093
10275456
12461285
10088071
409715
19604467
2114499
21949480
3994186
27624791
6756850
6432191
17780317
4577110
6920930
12466906
5994695
5683076
10101612
24752219
8824650
9402054
9508351
28761869
24284819
16432287
16385219
13872750
25362356
4436196
9492466
25132673
15927397
21080585
1719643
203784
5138373
7839069
27580012
27771007
8899194
1146350
3095080
20724458
16149608
16441214
17820520
6040291
23238716
12192370
1877152
530790
6943893
23815565
7136419
3313713
27445700
13220746
25335356
17781074
8117846
5909251
11307128
958777
20656050
27017443
18490573
14212965
16162631
2729173
10267170
13551248
18007131
28693713
9659251
17494834
1401874
24369759
8096377
24708766
15148051
22051644
6969723
16457693
27921328
3666301
3872050
11433614
8316712
7391161
24866448
17034888
6851011
15630339
23556305
23122152
29735485
18814364
18986268
22427575
28535798
17269115
24198487
4627740
8208960
24047059
29014981
5943492
7311769
27348765
6249281
3260977
25515966
29247189
30211300
18475533
16740517
29871771
10990538
905857
23456580
2341349
16109976
2832479
23441519
15140877
10727510
11717012
13463010
25286017
13047065
13105949
14446349
12911184
20109437
21418684
18831705
4324527
3670715
18198841
5141470
16547989
9977230
12375168
9905772
14028541
27896406
24928948
27063259
19272915
21941364
11730854
9535106
2839411
30205964
15292433
30371354
1762322
7966008
13696138
7074894
27893757
8620852
15023493
3283187
2629606
11945334
8449708
22926210
24934884
17198035
19523670
18677908
19047076
20467471
10230305
9599956
5153522
28458830
19027770
3296707
6287139
29286108
22097166
20686230
14203432
18530179
20774399
29891138
4088828
11849724
18689843
6578611
6441826
16255889
16209952
17354210
3028647
26878221
15352793
24036939
27957657
19933612
19301281
7866118
7447267
15517030
3912117
13320765
7144484
15003383
4031793
11064418
9554412
26300272
24599352
8219320
11554629
6887100
26411344
13043926
20214030
23508107
29524674
20673245
17725547
19481087
25316292
15123938
11870799
27367118
8765730
16641609
11359577
10801167
30093059
956569
24795144
19220459
351077
22102640
63535
18467220
9234686
6849171
15766447
7739552
20476479
780343
30105877
4695531
7720913
1282942
15666506
14971308
7995549
4002035
9330194
16498219
5641958
17969787
7629733
14260859
18742356
1320374
23527961
1001930
26009359
9529756
22769243
26529
16454212
13615467
17840342
19146010
29847667
24230929
26959678
30408022
26309532
16895418
1846758
10577742
5353143
18449054
19411390
18994487
23940910
946016
24078280
3149196
12206082
4227971
410561
26168056
28094399
28746981
25275917
10028282
15570933
12639912
11397428
25277769
7354198
11582164
18571407
29112347
2521043
4347806
28606632
23790429
2510533
30269495
17398138
7665699
17611087
13547347
26904500
9442924
4143679
29423493
18885692
718549
12105544
10548964
5438417
1436248
15126072
17398775
7912091
3420707
21226965
1518663
21533672
18828631
21871214
2032539
2497542
3743301
10074322
27425697
15839621
7527290
12949243
7045584
16970959
3853462
18987121
5923689
5218957
758718
14033378
26919958
15210200
4099455
1786013
10677981
19914302
11834430
7132578
21196825
22275676
29093238
28826838
26113707
6675671
1238120
4653745
17458591
25316420
1263958
1862966
3596080
2967278
28653771
17072238
1729765
9408239
14390025
16379053
13610325
26296871
14350095
10015381
23520314
29172889
7711370
3586454
26360834
24618439
6926212
5979516
7416349
152155
5091424
17957100
29592974
29266172
26802330
23121249
27283392
22831381
14399179
21840923
29846748
11312814
17153569
1815718
5058754
16965022
10239066
20636260
23679159
16203568
27394037
25097180
19465627
29728225
5544964
17269380
18152340
10398394
29155685
4006192
9738759
2580299
22156433
12931946
22155022
13229862
7657075
28554065
6683128
7899580
24966912
524875
23166011
30282012
6251366
16227248
11154920
1535538
26963547
17418174
20083648
6838297
27856775
13257601
11699715
4034980
5501245
29412428
4158816
19237657
11207620
30396049
24957190
14197022
10737763
13616925
22024798
12268954
8621411
2984295
28833187
90911
16809489
10520587
15062047
9634406
8862045
24591382
17513754
19483721
16735757
24792163
3169138
4551549
9917611
14976442
13411836
19697315
3774339
24142752
13302926
15622804
5159584
9224791
28896667
14441506
9400739
3683528
27849004
7462949
19841936
13228846
17630149
14635121
25365299
29948466
4388883
5996203
21045080
27118619
17997297
23067356
25624267
9999259
13271707
8140785
12093216
14924205
11905504
29135047
14039480
18930622
20111459
6441169
16867333
26269341
29756279
26059824
6861619
18574639
29784289
4073385
2970962
15715425
2100244
13775279
21775431
9402135
13276741
20158175
15779887
20262674
2646910
29159185
123341
17166314
24246620
18199907
11534868
10603856
26038844
5448046
9585994
10228360
2205115
12139890
29150884
14180417
29864056
6578668
28533265
29724534
20767890
17478224
5463618
2049604
11822374
13002557
15318278
12161096
20761988
14668874
3424625
2033180
7965971
9517782
1365183
8372559
10424787
9510994
2587543
15455184
3523174
1749240
30006787
11778010
25270321
11558499
19220444
12610128
16837738
218509
1859804
27384565
16031544
23794113
5026641
1959816
3227349
30028375
28701927
21682950
25767200
14602371
18496554
17603255
22529984
29566733
18386203
9664994
24748918
7876807
13997978
2166527
19372197
5379400
19834566
12507051
20290912
25542881
6558649
29720427
22475804
5325178
16932441
11894761
12028078
13329951
1505367
838053
5390113
26904540
27926293
30409016
29311721
5245227
17831234
4903650
24123652
9352615
13136427
146117
1834303
25901064
18992960
3635392
8895106
2509759
3034057
16607789
10320721
18572397
6934992
24471741
21402411
28752388
15361224
21242515
27568444
23723112
8162011
19148854
21829265
9917886
18960749
10565433
26366545
27973741
14429351
25960040
15540698
22824508
3742324
13286637
24050012
26780817
14541061
10610252
15318630
29061567
7971990
7328745
15437754
12627503
23834569
11847153
26521003
23291623
1934330
18715229
11851760
26623197
19215603
16773685
14210828
26161244
477007
403856
19338636
29335994
16281194
2844609
11879894
12937796
7669266
2599388
10951530
15912137
10418405
19356168
25388809
29232710
18361686
17203358
21855885
18052538
16165010
28919684
21299985
23040036
17054759
24015344
20492456
20542567
26614658
27641309
1331057
13430057
18184770
24291402
14299581
20040828
3107100
11877610
26192606
20351400
6998597
11305765
8799781
23666486
20106595
5029912
3053949
22476969
21362463
28388916
7896909
30194425
21869428
12223950
28131287
6509884
25705085
28709900
25747098
7794647
25512455
22756916
6953364
27633698
4351659
27492596
1978629
14067596
5516147
2377239
28516632
15485961
21610750
29483770
10973880
6812310
26815538
27677457
25514806
26390787
3734409
28668216
12728650
17802932
23021456
6135658
28287513
16745152
13457292
22460740
5788566
6856223
27467109
890852
2521939
1371971
17380909
26783882
24676435
7457835
14234946
22424955
4246296
22227445
19741397
28923400
21462916
15733112
21736188
19977403
17684937
3037336
28311122
12574269
24476025
2998361
25917968
29041758
12831580
6485167
1865397
19394627
22857355
23147074
22035580
23570905
28673578
24966185
29082741
4877237
3562067
27657711
21793661
26210268
28938841
25566812
8765169
4874554
6291461
5210884
12780914
16809338
22323422
17560613
18664264
18133345
5576792
20235363
22417327
24861314
27308842
17956001
16013248
26273716
9876616
13054266
28138501
3245583
15673378
15522686
12269279
1894228
3032575
6667966
21703427
17790265
17104203
4763157
11996216
23322444
2972514
19574418
1905314
14316218
14345835
12155919
24948139
18480952
12518796
1078310
24161224
327973
30210628
5385184
5783766
28406914
19903346
5262820
9472760
4634730
29922449
9929861
13317984
21119749
14757436
26940183
1833195
11644251
20484145
21921210
22950057
24907684
10510621
1620586
16000400
17263789
11027876
8535569
8590166
9912699
16117549
20342469
12138923
9494502
18900902
24996291
17300180
21713772
21368320
20728255
25579517
13852903
25298899
1530119
19705773
14759788
2883839
5659237
13962577
17304373
10150361
5812800
26730347
16550420
4671024
4603046
4547581
25058164
8080638
7574086
8879477
30017405
7886508
21072578
11310639
16015163
21584352
9771975
4334206
14691159
7586501
13596802
23322429
4106107
12556826
28143491
22776154
15046331
2800823
22862437
3219676
3671519
24215066
25929354
27032732
22651979
25771032
16512618
14933203
21702127
10461410
10758881
4160670
10862957
9981070
364648
23501057
11120885
16242753
5720463
846942
248984
21145023
22717938
22042317
14221033
13221324
21882590
1997482
11295105
16821761
38175
13474114
10840518
10536920
15318585
25983895
30325778
2728237
28331278
19315817
24591871
28574162
14263979
12333539
29878832
8784205
12913937
22105113
12262640
10447389
3008525
26829188
3222786
7387667
16266572
27506084
20801106
5149426
12800836
2554889
28419625
17092512
19588195
6132568
1528031
8513804
11778801
14492913
12709091
14926182
11514632
21375335
2373730
6455269
7223153
29230781
22640719
18541847
6306685
12008468
18672249
18778283
19828363
25616921
17309069
16133998
22078447
16894610
26714901
18726845
26560316
20396654
484367
28217384
4548240
17835227
8945105
6463862
1438399
13654682
7919000
12713794
10087089
14798506
24211013
12344812
29964171
8742764
10038916
15336405
17510928
12965780
9981352
4931977
15376924
18747518
25322846
28977237
2739217
28755707
7916324
20256236
22080673
21930709
22147811
17714961
7490724
21557699
15961428
12698326
9497183
26695868
6052726
4508637
10991526
27679786
3141780
18747497
680644
4591399
19846365
21220952
14152260
4335589
25377508
546486
11634724
6437129
22971714
14142903
27931503
18039420
14379660
10208830
1468646
15405015
11172421
3555978
29234357
19945803
2311602
373717
3389439
14275965
13430196
4820170
3357904
23705127
23940697
26799968
24186749
22806910
7120843
16822109
24258834
3691767
27239900
2871274
12159499
19473207
2245454
29481121
14998585
11084895
13282542
13765794
2530507
19331993
28148054
6272716
22066192
2181232
6035844
4303173
5513143
16039037
2885013
5859291
16192341
20571571
23993784
12464418
22506171
18910357
2963472
26828629
9205619
13506135
22438431
19266172
20048743
14659742
24527508
25954958
20369691
21334798
24562560
16069273
11906849
24771209
11065451
7501871
2064461
4812765
27718952
21904047
14941937
20516972
23440186
5565275
25327644
7120926
19166928
19920521
10099004
1022760
20991037
22692970
10356962
8477
1516269
17730442
41004
7554411
1168284
18091219
1294747
17579181
7088042
9277292
834218
23686140
11238378
2357385
20279318
9796450
7627798
9333608
18381344
5877660
7087985
3051672
29366668
8803146
13390060
16530080
2516813
20333917
22596508
9217409
25600700
4798098
15264589
752256
14957966
26611574
12892869
3711634
13936866
10113981
8782999
14589413
22226603
8224485
7156088
18942316
12343155
8157510
1402284
15857663
15979753
1220149
14191842
20426338
14511973
3974176
21901409
6801914
10173405
20120445
10617698
18138177
25692587
20018068
25524828
2402187
4400872
27962190
10848069
9601407
12552038
24396948
1928648
8190124
14663689
13851769
19366807
15800745
15686908
9345733
20680562
15815068
11979529
12592251
6218770
8155804
8019718
19460209
10695263
3311549
8944332
19341070
6390874
29606687
18080674
1360325
3842334
1987747
9274147
17837005
3697953
11018362
5320770
14105755
10090172
12033064
1669320
30421074
10073965
3492327
20406385
19212531
2935393
2390934
22676706
13573696
16586503
12106432
19407956
10401509
23414622
12415166
12836517
647532
27209521
22130456
27596579
9119439
1532538
1271655
6891128
24229263
18318778
12616618
8055163
8970070
12982947
23070612
253987
26877884
3640626
21093364
27461473
11697453
14798520
26718942
9773817
29097110
7688627
25550203
17813746
20567239
11954339
6928038
30209169
16664835
4660563
18935305
23271273
1567254
18888712
28030795
5588576
10841319
14454809
10862533
3587185
1120404
4844647
8123629
24786939
15442823
29712777
22996154
5047188
12074965
17549022
12370030
14327235
27258165
14197941
10024858
4973385
6386525
24198816
25343380
15821936
6177207
21340957
25120974
30362494
25206502
21483582
10677435
24624179
5480276
17834444
6623762
26833496
28667239
21737943
23963748
4459763
28437308
23083854
27603851
13196169
26949381
17155334
2212974
18613623
14056146
15187058
12519779
27957866
5102393
7332670
18389344
530128
14631968
23851780
28646529
26810473
11791478
8934957
9943540
20902758
10220908
17316037
5768897
5738801
4939228
6251220
6650777
18746772
20882539
3409934
15131586
24075680
28083918
7459895
980387
21129092
6359277
21490214
10193890
910669
10855884
16230613
23240058
11132585
27772040
3722351
5533688
7137108
3621569
23757624
26815195
18583670
16288219
7529713
1319313
1887558
16492702
7848301
8543950
6609129
22155812
26171470
2589283
5557010
29139281
3856368
18552935
10874399
8398162
24853512
22717420
17028031
19313876
19264325
28507021
24458051
23632237
15599899
30097922
606464
15574430
25283546
22518101
6564036
17579468
11092338
11570463
10518929
10758898
26065002
28973227
26656242
29828688
9182866
13845128
7617286
9921728
1954962
30106571
4348431
20608822
3967398
10849520
1803052
23875753
12199626
12337592
29307320
9812475
4064528
26608892
28694149
14800841
1745870
25461373
15340856
23415493
28179730
26761040
17973789
278284
8036333
26975177
10718642
25850359
17106181
3046154
1501265
21109288
7028710
1368336
7458701
11580677
3769463
29626156
28959981
18729093
12945553
16479008
27832066
14947612
17700077
27724648
17815876
21433184
4530747
19232097
23141426
3180709
23484281
15201280
5762111
33845
17389331
12797312
25585486
15466914
7357205
27880447
5887470
29115091
10241805
22571728
3578858
27002951
19468412
4825924
22026621
18044856
18917964
9841808
91634
28757514
17197128
11356138
11269681
24087217
11901075
7446457
4472410
5953990
21402743
5058823
9610474
25047787
464732
1268725
1662871
18764417
12831571
16252855
27180967
3458995
12549391
28080990
1277099
11573061
26157581
4395524
15699718
29224870
20694053
11756159
17263696
27443663
14050635
810938
29281572
18127278
25117070
30225395
16457864
1744908
6357308
17054025
14524541
891374
22018858
25066741
10058979
16108297
20547598
15963476
2119717
26650807
5960050
14201516
24704972
19003373
9064555
12799514
25543185
6577527
15357471
10676597
18914726
14160884
16198146
15263542
9396439
28751504
3076487
9349100
8186238
20086691
18128859
24082484
14430387
2820152
15761715
13554882
14712953
17228089
20464444
23391664
17643206
8113977
13850890
22106903
3128361
1040826
3806078
13184155
21489539
22787041
4176760
23829510
7811798
10176236
12313278
9351084
4922435
29826799
11430635
5026720
25826374
21320295
25014048
4418085
3507391
13188805
6379297
22982914
11515930
1688204
10522600
27838651
9859858
23858001
27021308
2799693
10149882
15342410
8984331
366917
22989084
21272420
8325728
24817960
24432293
20221086
21835123
580424
13315810
12373440
29666933
528754
18621700
2032444
26118935
8200076
12820776
26104049
9145708
6659206
24143959
1445965
29921092
3453694
25282520
5226785
22631111
10420141
6044791
1610794
11831030
7768122
18588216
18635921
18871631
8670490
21687548
19538015
7783231
23139511
10332141
11480278
19270808
19431621
7465997
16259704
4613356
20415888
26758483
9173364
6526056
10510153
19086752
18410916
17773622
15550656
10233836
12883792
23905453
4001654
29095907
5404673
15282502
20991280
18549166
6584524
1374374
15603933
2461024
17112423
3333040
19767580
12164316
26990647
22969948
22686403
793085
7723618
11769232
20797683
25149848
16080057
7677682
20449439
4867273
28734655
28565539
11318555
27508905
7748855
24899974
1949376
14261962
15140958
5781400
22922655
16071479
15973076
3592194
12259318
4147960
24575200
11832242
18374891
20970908
22502947
21440533
18961858
17207549
6740092
8236693
5738490
29056528
7753940
6584225
25696030
3936977
7850889
21860883
19609263
14278782
10999782
4913363
13660352
2588337
24190802
23479081
5679035
773415
24542239
4097848
29195321
6063736
18073628
26287210
16326131
13514482
28244223
27215369
22891768
9919593
28994887
11416759
10237809
16420524
25412127
18024493
27624157
2360309
4124278
29399309
5425064
25099756
10142527
1310526
20906225
16360674
25513560
11689698
16327091
10613683
21282407
6233151
442496
20924455
21733296
27281909
8953999
18087710
6752361
13969886
2411859
25816063
7738553
28224128
18100437
12753138
22833993
18161388
18728489
19935050
3195085
8856289
24461410
17490641
22184259
15352137
6608687
16770699
3477605
12441271
25578093
19427814
15123984
8470004
16109601
3736774
10914350
28887579
6000881
8314134
770435
1661624
3227190
9580906
20856374
6762838
22403188
12238551
11441040
5093083
22170560
22014910
25309062
29906336
12686971
18877470
7243824
29030669
15699135
1973212
170352
21339883
12855365
2873491
16725898
3020770
25157072
19676151
14337876
5928305
9393309
2587886
25687010
2109646
8537765
21002399
13534088
10788962
16407285
13516232
6116194
9322213
3488030
17190726
13883681
30403027
10274789
23661568
1730810
29306651
13423195
25837373
28392356
21481575
29172949
19185451
15776435
12861524
11087199
26883633
13294308
3498380
13649696
14402899
3551298
4233191
16564149
5789402
23028683
25958228
21616652
22664205
21096281
15322421
9131758
22270637
19385730
22620565
27455186
19716177
23515554
16034918
9638195
19935973
16373875
22893825
6498757
7760524
14441395
6479937
2399479
29510619
25284186
1592054
29371662
9882097
16934756
24095970
29839523
25072889
21045577
1292561
4137999
22635565
23483712
12005287
18043766
5567570
10457463
18346226
1957446
29096773
5949421
626061
28536018
17653860
14100805
5773151
9527731
6195469
12901902
9678096
12277674
11482745
8241365
23253972
2163811
14147103
22909520
28288093
3267709
14473976
6753003
8067007
18658347
11180601
28891901
28149078
4051434
14359675
17322428
20603807
30099807
6443643
18224541
14202152
158101
18274857
24470163
12404885
17735574
22467952
3749985
15195867
17951439
11539330
11384343
18757238
27826665
25565879
619393
13760200
6035959
26488014
18512893
27170283
19122646
28067988
28445820
9118710
27192517
20681212
17097302
8633260
28387025
4948396
19134133
14797354
19181405
9970037
2973250
9913871
7963777
21637537
13346265
12404336
711221
18577924
22855234
1595034
6583541
11614970
26077070
23751909
20527649
29425746
23180640
5580988
2060877
3108133
11525724
19802010
10971671
12887720
1330078
23048156
22442649
19233240
9431617
28123994
10076526
4496501
1407854
10873998
9490884
15242220
26493592
27931879
29387268
16221672
15235913
23088469
23090372
30130288
24101622
18818745
9417764
25727517
1434876
9055543
20158697
325300
28795919
18962509
9582135
28449284
15775771
5388969
17398490
21373512
2502027
10132300
22686081
26047395
24125261
15659000
14841559
3196849
24349060
7126759
22336529
669035
5026203
20195950
21607448
9250177
29390184
13691145
22875172
11649516
4569655
1384948
20456169
3363917
12191048
28202941
22508527
25724136
2788312
11928333
20297876
8292392
8812004
3000891
27686760
24659162
1259396
26803400
26149997
30131013
17893763
7984455
20061260
23971817
3964426
11299550
16646187
22246968
16820841
29642258
354114
26113197
6190365
1430473
17763631
88490
15458362
26417506
28287952
14942899
7077152
10224338
21714125
1557680
27918827
17015563
28618143
12073102
13710640
21075060
4792514
3386575
9807489
24811701
22949628
667510
249397
18681579
27236849
18303108
8053925
20141820
18639931
28217507
16703321
22505044
22715229
7389547
6131643
21256335
15802273
18952950
12940359
12634272
354709
7313396
12873262
14159510
2080966
390818
11459077
13614241
29604000
6735145
5996404
6260054
5271590
28413466
9909305
2708248
30033821
11541706
11474928
17209072
30025833
28014453
24351972
6423332
2899766
17321220
10447366
10508147
27071492
14770420
3325801
17819891
23701486
30084303
13922714
19514831
28657612
16719536
11486145
2169230
15137478
6106544
22480458
2478076
28123775
1857760
17364851
19253652
28099540
24445538
22928793
18128181
15981423
29234008
28019773
28285468
13514781
11245192
15876369
7281617
13436466
12978046
23831304
18121169
29154768
22043049
21712015
279929
20245075
381644
8702008
4506904
11227571
4525610
13437224
4356440
15575293
7327446
7891789
11942519
11420855
5366675
9223217
18640850
16582429
13630466
29342980
12902648
13669851
26498870
23618563
15020803
19143169
18409216
27635941
11608805
8774156
2518886
6549760
26959144
9236643
2783538
27736804
27881474
7624229
19242728
17570557
28723310
18254741
18183004
18037657
9513842
28746722
11759102
2053072
4320251
7592514
3863122
23683956
2127856
20863390
20525020
28762955
12709443
7531356
14740579
26117959
1034790
12455011
16827651
12086734
9633032
29059084
18249452
18394956
11668960
9674335
10897189
8368013
5732798
22660512
24549948
7042981
18830409
27012692
24093624
4359390
23232126
21440705
7759097
23357893
29972769
7084558
14511874
5448532
3478893
719269
16122541
4294483
29757234
29656329
10720396
4129508
12962622
17195642
12898486
17535953
7372901
14733123
27903186
11264957
27356172
5038277
25281076
7983446
10299606
29825985
28042191
11317633
29312028
15140966
1177847
22302075
21415455
11429880
8856875
30215890
24183022
18499806
966287
7114111
12147638
1793491
9157923
1161565
6663392
18304040
10326097
22814127
29948463
12219565
21789072
7995676
7460195
25733426
2175128
25987613
10118063
30059106
29737958
21227521
18427700
6815942
18294363
18019002
23044002
27503336
26212398
12811705
16201741
5649386
5624080
14991588
18811706
23981593
21381497
21411064
29302081
22116075
14068676
20361655
23171194
14351094
18185730
10668298
4133083
26784464
22135822
4252162
30027174
24377179
3530517
15779552
1039258
26076650
10203911
19129449
19919367
23590713
586171
27021838
11710998
11991141
15914547
13174041
11161184
27904512
1701920
5309239
4563263
26711137
7473220
14934363
9344671
24589693
15897877
8599736
11265153
10182468
20143550
17916397
1323277
20438483
26628935
20828919
29564754
4136709
1545242
10241241
11180703
5365879
22132225
5698802
2960196
16248550
29210809
6227203
4604932
2126592
26884828
18252675
3439384
19860381
8705002
13912146
18725656
29534646
29463678
19496129
4809290
20632737
21360388
2317592
15215310
15412824
20121380
20019443
8933115
9180994
16146334
26084065
24658997
16593364
11867474
8260611
8994515
25960281
28545623
30102561
25632206
10635726
16404843
25814150
16413659
13783166
390569
22750392
25967250
28947580
1677108
16185589
19701841
16052619
15461843
16746581
22269955
22919215
6691221
25312136
8256032
27565504
27115853
2655757
596660
18947854
5096828
23434194
26070025
426548
25291332
27679850
9851742
9562292
1947177
9733149
29722872
7657976
17769863
16050214
250897
15685944
22805266
20746572
7880673
2784628
13327623
27548892
10593999
8440294
10665355
327687
22513586
7063746
10945590
19524624
2172541
23060281
20443345
29897345
21247168
16506864
1212918
28592426
5786884
1033949
2976108
2387873
13719419
26608418
19893923
16539068
27367041
1707337
18254373
15559866
10738001
26241918
18143647
25239744
9826344
6978119
20849910
22965417
9126890
30006389
15230397
10858555
15721574
14554215
26025223
15551567
12897661
18303237
1799476
15214990
1866604
14342634
26154892
6140142
1897686
29166069
17302910
21146682
25841666
30227795
14059578
14749133
19989024
13267169
15024113
11221022
7620277
28053940
13433178
6639379
5331360
28353699
18750586
15055581
24984120
8035153
28116115
16898767
4691107
26909686
15106644
20237609
22277438
21607237
29579350
17943309
29864830
27316750
27131055
15357857
14342493
2538958
15647345
6344197
13853326
13736457
21410973
2062251
6818570
28793154
28446338
19402876
21507596
16286154
24413294
2014511
15371777
8987751
3429888
4241707
20926859
15706843
9196618
8798368
23361778
19905709
11786993
22872288
24868267
5781395
28932423
21601521
12567545
3319146
7778541
6418678
20385493
19954069
20704024
13020297
12293683
20534791
16257862
22247167
20424328
28350656
11512871
26907161
16418317
25821721
21328597
19329468
19612473
15297506
29697947
9723043
15347558
23291316
23822501
20181362
14728106
19095271
27350088
7337093
1421666
26774247
21621114
1309418
21249099
20529771
11117922
29816541
18491984
30120453
28459161
13331912
7868764
16963658
8646548
12861007
1723508
5870549
13716460
16692598
23431694
22048297
26552
16080340
28251359
9251593
24887260
1271571
14717299
1464069
9941981
15584936
18052928
262560
14672328
9176113
6702244
18379088
27632110
14995042
4745029
18137676
3536222
19933655
20303141
9028474
14929320
1855581
2761679
19081427
22589201
24629789
19241902
29531080
22500967
20708841
7746507
28017932
3406954
7646680
948520
17203655
19931258
30301416
21675509
22902839
30379510
25782687
1575570
17983622
3549730
29391437
13297716
21649857
4581499
20965462
6495743
20635762
26791008
22246815
24674801
17368345
7073965
252617
23570947
22728701
28016350
23957557
18468966
6009711
17874123
11149269
18701711
25986375
3973137
9836940
6670367
3456684
3724997
25226410
9424368
17306295
27600114
19094571
9731928
234722
6813366
12625327
27982284
9559334
25178465
21128464
12402906
8231410
1500517
24237377
18249400
27346292
27529180
13703732
19414211
19501822
7227963
1692996
21691385
3488817
29953150
29218129
27434751
29500984
8404608
18965831
13217583
23541674
22716549
15838999
3508546
30341091
10777307
24075819
26821206
12712864
3396747
5560278
23206694
29746050
15021725
15204500
23211901
15505202
16343909
23079156
8623543
7301288
896852
17446458
18392183
21491280
21988060
155872
13840721
6445675
58211
22986532
2872012
22095608
18152171
14723301
13493421
17683685
28186849
15676323
23860506
22185755
3392856
10398630
18970313
30119118
8920446
15846748
20570603
23083480
15131627
11712439
2921675
11397411
17157943
22553180
1463815
3823656
11597545
3840804
14944129
5526283
10331098
25285349
12869023
26043392
19681454
15980333
2164992
2047297
15576528
26471124
5065426
2565205
24998770
25304134
8450714
10845087
15087573
26919991
15847086
14732690
24895000
16967191
5154288
7621238
541191
13684920
5586678
14390472
22192505
2964061
25927645
6212399
18888187
29280597
3861033
11278209
8917729
2304401
6300250
11926689
23996019
22677954
20100037
21788743
26948500
9155291
17094333
889907
27075307
4990355
21530407
24037646
29254559
27534927
6292488
29699334
726099
28137321
13573492
21770161
26458704
18786081
24535422
13401846
9100654
4908836
17937650
14263232
25756768
8633325
11279111
9210580
16740747
22515080
18859620
15985986
25694412
4899899
26614154
17438696
6840958
6639768
13816263
5874249
20301373
12236706
26717087
8675078
13190009
5666471
4215580
24121764
15911327
16186512
16818327
26440889
3326395
3358405
27961381
24936799
13774690
30165976
20181300
4077383
29179375
5036572
1107666
24118704
5366913
13486502
15433034
14251692
17761354
17959440
9833215
24022215
28425311
22976968
10366682
4257333
5912746
3158239
29081434
2230537
7745914
18201963
17187689
10495681
23115093
27137992
2874852
28742716
3030908
8878322
916997
26064308
21775464
28396242
19223129
5564929
21006090
19379689
12456596
14962054
27335537
18411171
12566319
23853206
24400963
9724965
4152344
12487074
24309756
23170167
11997978
20100520
7678030
20420536
28683773
3052672
575842
4789
19494443
10453514
6907353
25097537
912567
1312133
2797800
12919586
27511915
17103244
10169541
13827610
9564828
20238740
29714111
1534764
24644711
16477468
648768
16404447
26031505
15751488
7373676
22779030
4857854
13979983
4270274
23255990
5232650
20695058
11013512
13241495
18669991
27068222
15754062
14688053
20852738
13508064
7126077
11432809
30115499
8569691
16447617
14478769
2149933
11517789
16218011
13222781
15407445
17426544
1494221
16449202
6335368
3778436
25381999
11200849
1066145
21762483
11370203
28562337
22017586
16291588
22169561
15543866
19223400
24571436
5592444
28110337
23879421
21234662
7838852
12922988
14953118
7248944
13206284
13799306
7993847
5166822
13141710
20399716
25985618
26094401
11800216
6255576
22732655
16019595
30354912
30245282
24018630
20583320
3067124
24465004
6596698
11399430
29886570
15308222
19648304
17675046
20228975
29538190
29395891
27332375
26724047
24480516
15043939
23992300
15338142
8460422
20359922
8406549
17497517
24003239
27994816
22693735
7850710
12912029
20340301
29485441
9045141
1521821
18625968
26067295
26176795
28161703
23958178
26210080
6853373
24703183
2640863
10909076
30245038
16261649
28621501
14896489
20771842
21899082
17281430
24424178
11713581
7402463
13878735
16347201
8164415
21841187
27421278
28287183
26155257
26265988
20097593
4082371
11430309
12421466
16199118
4034347
9593232
14204908
3855277
9702685
4539128
9572747
11650551
5257376
3286441
23647804
16260139
29419
14914436
24818590
25928549
25075511
8551860
18937749
6349060
16647383
17495636
27934760
2194071
339917
30312319
18739238
9089385
23630033
13454472
11759125
6482176
14351862
1752748
9219939
15053762
6428044
25957190
17706003
25237132
10447511
26173754
6250028
26561550
1679202
165402
18043958
10695947
20026457
23665906
9871253
25992338
9010260
22260378
15269118
23946386
7025076
28989638
26505935
25912012
20500851
23884895
17833805
30089324
16430725
17794043
22879232
18209002
12310327
2085945
17079469
6055490
25330395
8181787
9593867
24817255
6007083
15274655
5259124
1087906
1797069
24122001
6990144
14384360
9560100
9590799
536644
29322663
11496876
13963327
554236
21324033
19972461
30298366
28026738
21562553
18494641
24835158
17887065
17578280
30156198
1502630
9163288
24902846
15912553
14594226
3751374
5600638
17006794
21506416
19788580
5657093
10029569
30410350
8300740
26766795
23819822
17293911
22964850
20560465
9286051
16765022
12556515
347615
8377247
13039399
24005456
22484947
25347217
22444241
9382990
14020925
5671404
11057385
16392876
4099451
29287601
27018878
13092391
29078725
5118891
25185044
1423153
10531992
12595038
427225
26940497
2632431
4019654
6298693
2940786
8560903
16903228
6784246
12240606
1242813
202798
795502
8857283
7078117
11959696
30090088
25240424
2850581
5989981
5414542
10731190
11649323
5296446
23775293
9386771
19437673
30383878
29637090
28471276
21509908
17665088
25109795
14922092
3097669
24381824
4447080
20205483
5769863
22822565
30331447
29947334
566677
24354718
24081403
23893274
28640759
23056046
20322413
2223234
12014516
26456747
28699489
12234792
9012023
1712522
9518435
21106277
907333
29265684
12195762
12015721
20672068
10954517
17237170
4907881
1548723
12578356
18568833
3832113
16259071
8105453
18627685
7751272
27221317
10918719
4796355
12732543
4754997
21041366
15922055
23053436
13710745
22655998
8675441
6895447
28605302
26377676
10389613
4331460
9351163
9986742
13106024
12629625
28585019
9593754
17193544
26472230
29417287
26928178
9999671
19700970
28342960
22604493
4346729
8967897
27226394
12761914
11685098
15226422
20369792
30172384
25015750
26760269
13058261
11617230
10528975
18590441
28680883
7564626
20411926
3357654
30374748
20463300
16143932
6307652
24423932
25370615
5737036
12755101
24648760
15911798
1898567
8652431
4237089
21767480
5821274
1932130
6419976
6632155
5000680
7670906
18861136
519560
18993088
23999575
4250089
27448450
16667273
28431286
4091515
20866411
23461656
7291928
24167923
15178682
12981772
15847948
18498685
25488862
25360963
6919166
4970548
7439542
12171021
27866636
11907592
28753768
18446512
11313302
107890
27473741
9422646
14664970
18814965
13083974
8750792
11345921
21985727
11612216
21438582
98124
21711035
17431704
22097312
12076683
9419000
18187331
18664621
22072192
15613928
24434955
9015921
14606221
24751229
27942736
9212304
14399535
16785323
26505251
21848571
23517428
7084596
103853
6039256
21054535
28960029
11276679
21773439
18500221
2381075
20562235
1234223
22840521
18248137
549630
15827531
8316355
10877600
6894414
10609967
18142696
23739997
5440598
6887155
26479800
1421680
7418529
3224987
2799523
18555978
9417988
18623317
13638776
3060263
10240939
7771150
27097892
19635266
10139732
14555289
25597014
17210353
17804162
17363682
28092679
9771695
30108473
20996512
3205536
12392454
18391232
18935136
13129711
2080968
9355429
1776303
1047547
17971152
22019343
5685252
6858001
29271210
28248798
28191837
30224439
30182444
22160145
24629116
24576594
28900196
18271438
11530051
4278810
7532917
17528096
19638400
26998620
27130153
20090754
15886693
22040904
14119944
28174913
13723202
6271637
6034329
5887327
4308616
6518251
3661402
22997867
10858999
11009350
22171054
6425759
20857392
29954611
9703216
7957532
23194873
15846094
92824
19235178
7050825
8957912
1553887
11310105
30334372
965178
27782718
5394672
8215486
14836823
18048274
1734868
24496129
22207072
10380904
6804103
27807997
26257654
2694291
26096756
28874381
10060346
7355467
24714395
16695803
28991254
12122876
27973398
10561887
26618016
23402512
30067300
13014268
21186885
2003241
26073223
18803046
11666293
8932796
8326582
3076919
13363295
23539245
10386605
16590170
16955720
26397802
2074347
15858548
15019396
13502902
4895215
11670307
6742461
11415714
26331372
12142433
7413898
10811895
9138600
5051192
20539029
11589160
5256321
20102645
8842763
13090709
29087496
24285975
2243258
11796716
5868465
2485649
25764165
10920910
7489899
25854119
10095570
21730415
16806136
15235697
21941078
2313901
18744800
25325710
20202364
2807704
4443922
25808725
13419891
15316718
10344840
28114377
8928631
17408875
6043138
22486961
13344702
311912
23995729
19519197
28853453
18876104
17587922
7445613
28221969
9751621
14376349
10815672
11840459
9221301
28306860
12064945
22089951
3009974
21641549
13012118
15017499
17641718
9507939
7754577
24519452
11362395
111470
6310370
29612511
3181462
15481109
18703345
29656547
22573619
23750623
20463845
28532899
26273572
30178499
20283743
26996547
19103233
1105227
24706226
7733363
25281235
11892393
1351374
29195275
20376643
5912747
17230975
8852100
4202271
8510905
17734635
20044870
15732647
9939851
24916107
25021641
18245987
14281162
543790
6652271
7345055
7844294
8989210
15803553
12512986
22347893
7131821
3858996
25513216
20776714
6052392
11257785
10713075
8203502
3027808
8410294
11664455
15538617
15453161
22556963
29450927
16909359
20446706
481745
10647707
15188387
20766009
24400043
12668489
1798231
11933121
7258898
29552308
640688
4548339
27472140
21808957
148218
26404225
1576244
8458898
16956815
11238548
24526353
2535431
27630027
16885620
19860020
30350473
3465482
23898198
27427059
26932932
15234666
29520097
12339865
26826718
13080823
2680815
22176347
22033404
13349914
23749709
9530021
20680076
5415443
3104171
4647704
7293582
560387
21172504
30223993
5189630
30111828
1753366
10881127
2176301
12014007
3062850
4087349
22905889
12020863
24789008
23618176
26292258
23178472
12647558
1328251
12911568
24687531
7561045
13230644
10473814
20089814
28326399
19315442
17681132
6743812
5600544
20932533
29979531
26826810
26318093
15318132
13376822
4852155
8830200
19914902
23867946
18905144
4452396
20651755
4884524
8674368
15658197
11851001
18755648
20353074
24031265
30148018
26557649
7555156
6342589
24083789
13492758
28852326
26215959
11851373
25840684
4621307
6726386
8237059
1075165
10784370
20782239
18813968
24367594
13155842
4368659
29068828
20395023
19800852
25699519
19135053
17406242
20685869
21995938
199098
28428762
15842619
16313371
7651654
29845615
24720984
23379945
10302511
24830746
27181413
27190953
23285438
25950671
3319847
16094468
26762845
7073925
1915572
12544270
9229490
22319240
11082088
10143783
51288
4103602
25750670
10547837
17805917
212798
25904510
4268302
24129724
25720807
12994425
25251088
8539518
24427383
5280402
6603238
1276683
28302917
4015488
21567166
22732488
2712051
18745822
14662794
29056647
25693524
7367652
10245419
2834091
21925959
20956293
9664579
10341926
9652333
13984698
11554835
16568910
28691442
4834854
2684969
9118400
12013307
17628554
23124759
22517065
10609216
19916014
14302449
1867592
25602272
20790053
3960810
5685795
123460
21931620
664161
8157375
8171459
11155220
21175679
1047576
21723290
13110277
8699098
15987121
27956828
27292223
477090
12564134
145478
18891953
10151000
14650071
177067
869224
6528963
15162523
23008687
23510256
17782689
19893301
602479
1882851
10107831
12555480
1823078
27378381
6040044
23375776
3597497
13033694
8213705
10164501
14079311
18023541
15435028
15517760
9101151
24044361
17891554
4638684
7185540
13002636
1525531
18480495
8311936
27201202
25813836
671325
22399257
11493102
10125419
21483002
126776
12017464
15860167
24875785
29093438
9846149
12419900
27490390
26673324
24460150
26035743
26199395
17227069
23599312
29995851
6588010
4048924
26265184
11268401
13637978
16337039
7953901
15661164
553615
1801872
14794794
22389021
2947125
8011548
1308134
9352198
5317858
20991181
3961014
16338867
9534520
15104910
24916161
22878313
15572295
14815487
7788978
25703651
23357585
9989518
19123286
19286276
5075780
23792649
10343036
30335099
8849539
19759309
23717499
13628905
9342613
11487039
14692051
29606032
25622036
9661373
27054772
4346367
24008122
24896546
16068457
29560103
30248977
1391969
19850394
13948188
12639316
15954590
23682311
1514561
16692212
24538318
30214407
3732794
28509858
9607729
26903917
13874062
6368314
24603451
16802056
6437151
13667435
22064936
19848219
24922670
23939241
30359229
7049616
11536282
25400365
25870154
23810413
22500870
12106943
25389109
21240616
23806029
23476040
8217127
1935407
22084935
4259165
17348019
2537335
16196693
30268599
562078
3826258
22757024
24960529
23938165
29078837
14198780
11830823
13769518
16058844
25014184
20988934
4790391
2049898
7014553
1617296
11938544
29615319
3786190
29973579
15283300
7553236
9192368
3407264
19653520
19257766
28871579
26836015
25702951
17813566
24681942
23557101
16862483
29719402
29688780
9103835
29466756
28353606
18459215
14041441
28201527
4808199
28731447
17775468
3633501
20130350
759413
16989128
17139156
10411675
2093179
6380965
19806772
22170131
28699032
11488049
15818961
25547475
12739029
27575963
21707577
11018576
14438404
18193632
19113348
11933741
26949151
12936490
29415868
18393222
15265809
17369409
11649621
23931601
7354454
14524325
404535
28011586
12867445
9910485
4953992
23085599
6209959
5912889
6182064
17531240
24698480
28443754
8389568
10297953
29204029
2689614
13881983
17046707
9747767
9579410
20059576
13436393
17402212
23599226
29171935
2510884
18675955
11742926
4954899
24881524
20422665
20907995
12103877
12118319
17802485
23632605
2325886
18993625
18645495
1049587
14074470
11959529
8134695
22191653
1577699
29553356
30403584
28544211
18635828
28591161
12138203
22454998
19289246
7922789
12799275
17456933
3858028
10347932
23199278
16852926
608258
18254348
9649754
1270988
1572529
8225363
28737437
17902216
4276064
14510327
22088316
11948734
424663
5709222
29370173
26527035
1355735
1863165
23872355
17812253
10360126
15660664
12116780
8937045
14677844
20785762
5108412
9495949
4522812
19070332
20776154
21778584
2861315
29435496
12871459
5195985
18021907
23658534
29217025
8048953
23530416
25238150
2286907
5274258
4279783
12032981
18335122
29656922
15203020
28237135
29258285
4378723
17603337
9151418
6872510
17010333
3757123
11661780
17487140
18634074
29254574
14875621
5694404
25951340
18168382
9515436
7985128
8689316
20000458
25700796
17793604
15571593
18220183
28807021
4917223
3589279
5973312
13954369
1257136
21626051
30146907
20129943
14214924
20721492
24664250
9454331
30088503
11237647
11593511
23942926
20128346
7527395
26438362
7794607
24368314
5436035
6454822
26603412
18472735
16115488
13858732
14483876
7883691
2777864
27594945
12981095
28079466
17016479
4288686
226957
9745815
4951272
742314
5157950
2316323
21770557
9425538
27920937
2030309
5407685
6896856
9054814
26105818
28291313
6616558
27062847
13440040
10419540
11856234
22054098
16122114
25254488
15290669
25551829
26349792
16232093
23628319
28180815
21953132
18337945
23827327
8951665
3996728
10260595
25298047
11130820
8926304
22318045
11027104
2681221
14343497
28114099
29709692
2607309
13043738
6134159
30130728
13160859
9615688
24450154
18799822
18259374
28291538
24342617
27061498
18680677
9417327
24667213
7611615
9294061
21875966
11526166
22479101
4510534
13331804
18971207
4419247
4776483
7773272
25920234
22662394
12810369
8284494
7372677
4244189
17676123
24165493
25844928
18963811
19018879
16745591
19334148
18455022
7543319
20315915
11136067
9577790
6313345
29251895
12408304
28188594
3296843
3590687
3943155
6103874
24294245
17361386
1669099
7699622
3622824
22054313
6823553
5877699
15025532
6074835
17976590
13496804
4377434
8705311
8425793
20526691
18267982
2096421
29169592
10229964
5686219
20794832
7052923
27004050
10517242
2111857
15059943
12825864
12297334
5424736
20160516
17455776
28571642
6586386
4943670
400594
19693022
8771051
15878647
10218202
27812717
14641750
946036
25137368
3034167
30009906
20508574
21288757
27103720
17107535
3000527
22613599
13336547
29352745
11916657
10888873
30376063
14277983
2986844
26048467
147402
30410585
22475137
17166423
4623554
12786375
24437335
11491144
25514816
26046964
2961253
4147660
24625024
1645775
24044905
4699129
5206970
3879536
22917156
17668622
30136941
14119814
12841408
4340619
3899237
2229832
11139623
24586550
21361481
4447993
11643170
23484333
23619602
13252067
28161496
13214061
27386641
1580844
9865771
18277107
7875051
9052900
12478281
21724630
17156214
4934486
17579229
7047195
24921103
15837528
10286022
21779305
16578975
18489386
3947379
15337270
2293807
15353451
3221699
12564408
11851089
20324069
17315852
30056600
21093136
3579952
3848464
26436104
6473023
29654101
13414569
21068851
26607706
17634512
4909862
8331844
24344343
29796596
15694694
21634400
18012741
4185686
21340818
30416529
26338121
2164812
25170296
1837520
20260037
15478428
16594842
9461004
5475397
29052614
26945460
5788929
27436992
29567373
15243534
23920023
21019123
8778556
28524300
2481851
27871217
7075357
28317197
15866402
28011298
16809825
23128242
22856476
7996922
11863321
15124653
18095546
16238641
27757918
20746224
15964047
11094045
24126124
17807456
20563546
27162331
17538883
18332170
10835284
24891346
3745170
26730759
1842778
10476655
3320623
20737377
9801575
26297131
15193739
10386019
28917220
16509461
16556149
15034805
29587750
10200334
12927143
18862830
3060639
2965784
8012805
24009643
13433148
14177639
12594423
21991784
25718137
6535430
18178896
9866871
30128909
22033383
15049338
22712034
25762514
12927068
4896955
6869531
16330570
9625054
5917128
20405287
3632471
8786114
25609175
23801771
2046944
28582703
15375345
2431120
29632143
28447931
14165451
7398666
821639
13105604
16635823
19795526
17048228
1300060
15031701
16722852
22182954
28529943
28285479
18011101
1702523
5577293
24765344
4194716
13687563
4522196
12680513
21990607
20990337
1771977
10245786
9339614
15847176
24415184
14588544
26831246
5661630
8968540
11228742
24372578
4326557
22237107
20630342
15955987
18146164
521615
11526469
21923200
15859524
3953503
19391188
15662552
8726683
27985745
18439179
4887868
29112237
29017806
24324144
4244553
23234782
18452344
29105262
22728498
21954713
22545282
4733786
23530900
16794095
19026801
10733397
28001004
20956918
2278329
22367570
29167794
14008033
12351249
11507013
12416833
9040477
13369088
6035329
25185581
20867879
22484961
10434410
1322188
19211710
14217557
905612
2788818
21476790
8366597
4310863
10379681
11640572
27789830
24462168
19473182
18279644
20860110
20385779
9171642
16657469
27977635
10597452
18424568
15744057
24038832
12805788
30399101
2952984
21687020
28499272
2279932
9750101
6911743
2021267
29088388
595691
18169379
17778239
4282251
20837038
25410928
22173462
15541527
8143783
14494632
29527075
6973811
17267051
8295674
5859793
26330674
28511490
18149040
16745047
24572681
2240940
16603050
18521963
6392457
9109532
14941459
26398616
18306617
21797266
1565161
539089
23826938
25998240
16532582
16558440
20198939
19183256
23516046
6752541
30384133
3575610
12800803
13403693
6328018
13373979
8758706
17916734
3516170
2800716
4973997
11235779
21533818
20131900
25088862
29713273
17215977
26745746
8357952
19950340
11754553
4807900
20701445
15054245
14502994
17810937
16586608
1552196
6711666
2485754
29625226
9378985
9739913
11667303
29219478
29863221
5101394
8210131
17120347
4878094
21755329
23327130
17822930
24324103
21216748
4278968
4059271
19461423
23679841
17799039
3153445
30345233
20904447
788113
30006659
14138030
29317860
14359205
7944661
15970434
10430894
25798201
3939571
10663769
28245067
6600427
3355300
5618775
25558707
18133357
7878622
1525232
29310414
26459028
11535282
29699554
11684140
18393943
8464520
27711429
25055346
24737546
28081681
7513647
26793246
23563293
9814919
14949218
25173370
3395961
25105734
8097732
27298307
11430925
6195740
27020905
2162566
1971102
6697689
2289737
15463418
29480341
17721272
22388128
12676857
76891
4091818
25449809
6034393
7632117
5195992
8081360
17598087
25719233
26750805
12646883
23744268
29357709
15850055
9916028
17178585
15200809
28951081
7393644
2978802
16806669
6481097
18564747
9293232
18068728
21402204
9337243
15685729
5700267
21380501
5966522
23863044
691662
16873928
4078205
7966478
27275295
25899876
12661759
28915350
21733794
30235185
18114841
27664733
7474454
13600517
5432281
19536145
8396659
20450409
2242884
15060667
8713385
14360167
21225879
18454081
5383370
16186385
22109046
3241750
5819595
21583296
13510267
19767119
6511748
13589725
3546492
17231261
14244519
11240625
1581120
13693939
3786714
14449365
19521109
4537086
2319147
19476114
4384853
18932543
24263804
21765579
9100819
27850061
10030695
11819619
3533826
21289872
16674385
8659980
22335323
1604939
10074570
521837
30036981
27521019
26206600
27208295
9490523
17279875
8586433
4805781
14181076
29834525
12125777
6089674
30173866
5280535
6718863
26486201
18999823
11595142
11805386
19537006
1958521
5525518
21771614
3318077
13523776
8071622
9353295
26269941
20902662
25428474
21240424
18271452
3866637
27848530
17627077
14534236
8675242
14048606
14121301
24819673
21363289
25209496
28900385
30170126
17454625
20405347
21451960
18714508
22762767
8715011
17731930
20900563
7420612
19155700
7928112
19269192
17772083
13973765
792617
2742013
10223459
764852
849141
23360680
27265288
7385488
4733923
23745879
16817931
7512296
9165832
28570326
24688157
16525127
12814289
24179323
19670731
29482960
6017494
18114836
1357183
13801213
16087296
19613153
16965670
7946102
8371738
6839954
20392059
30028704
22549874
19223605
2918352
4738498
30229561
30370085
11855098
2128575
1059521
3477554
27832573
4861481
26711861
12156755
25902923
27371559
841975
1045682
799424
13027304
27848130
18100058
171640
4126989
9487803
11516177
1135009
20351192
14050686
14422151
19896691
28741617
22339294
26742575
26127899
907575
3092652
14287215
11712636
10792492
2273218
18416072
2147063
3256111
4935333
28881010
25198672
1877040
18350150
21907369
7780413
25610769
20790252
2129000
21146089
29818085
2670060
9189495
699109
29568652
20314887
26881631
18440317
22124684
23231837
2276251
8801664
9676383
9188769
2152566
11529940
19298486
15620501
19012100
9022680
875575
412105
17510075
18354819
4029437
5081720
29203785
15463853
1533724
21847299
1780659
2221594
27311292
3261722
30213297
12783363
7733727
7293128
27552458
16592038
13271230
15830514
964927
4358957
23396286
18406889
7722282
28739125
22056025
4688210
14637609
30037079
29180255
28384278
5433027
3596577
1633393
7257475
15111984
3561209
3912708
12675774
11595030
4939940
5201073
12211312
24568563
7244099
6580072
5651105
10256072
27742855
26458696
25151040
18202910
6688213
25545809
16660367
21942223
17686905
24099083
1317409
28714057
23104146
27208896
6834076
11067188
24947434
4346567
14566764
6406986
22195804
29963131
20511772
19001247
12443317
6859347
16990842
5718156
24873571
14619089
29587254
1250025
13595661
12430600
4690174
20837713
16269954
27421990
4117117
8197038
2192773
29584568
3198517
20073362
7818252
17722803
28527728
9225843
17779309
2215735
7570653
26497675
6411404
25293352
25399688
2590900
11053770
7165439
20832132
7939397
2862205
5461015
8846071
7452387
22555261
20393551
10960930
17839806
28635463
10252652
15180562
1952264
1593463
4916832
14433000
21538364
12992953
2013888
24258836
20659037
14854781
13439953
12505525
998860
21488588
23765445
25989546
497829
22822763
20685000
27602671
9572496
7576897
16799848
28952613
21468608
13474472
22974923
18942759
29811595
7029883
25401485
22066705
15883303
22613944
13129618
9742177
2727361
29177926
13248255
21198486
143434
26149708
13353238
16174300
21537221
2672888
16663596
29368076
3386043
2942917
28281858
5713318
27271215
17499256
11568691
4010855
21443226
7348515
30126724
14077882
12259605
28580493
21434323
12912886
2452939
24451829
27201560
29085396
18015865
4963741
22206651
