0.125
0.5
0.25
0.14285714285714285
0.3333333333333333
0.5
0.3333333333333333
0.25
0.1111111111111111
0.09090909090909091
0.1
0.14285714285714285
0.2
0.14285714285714285
0.14285714285714285
0.2
0.3333333333333333
0.5
0.3333333333333333
0.3333333333333333
0.1111111111111111
0.16666666666666666
0.16666666666666666
0.5
0.16666666666666666
0.2
0.2
0.3333333333333333
0.3333333333333333
0.14285714285714285
0.2
0.3333333333333333
0.25
0.3333333333333333
0.25
0.16666666666666666
0.2
0.2
0.1111111111111111
0.25
0.5
0.125
0.125
0.2
0.2
0.2
0.14285714285714285
0.16666666666666666
0.16666666666666666
0.16666666666666666
0.1
0.25
0.3333333333333333
0.3333333333333333
0.2
0.08333333333333333
0.125
0.16666666666666666
0.14285714285714285
0.1111111111111111
0.1111111111111111
0.125
0.2
0.3333333333333333
0.25
0.16666666666666666
0.2
0.1111111111111111
0.09090909090909091
0.1
0.14285714285714285
0.14285714285714285
0.3333333333333333
0.16666666666666666
0.5
0.2
0.25
0.16666666666666666
0.14285714285714285
0.2
0.2
0.125
0.125
0.14285714285714285
0.3333333333333333
0.16666666666666666
0.2
0.3333333333333333
0.2
0.2
0.16666666666666666
0.125
0.2
0.2
0.25
0.09090909090909091
0.25
0.2
0.3333333333333333
0.14285714285714285
0.25
0.3333333333333333
1.0
0.2
0.3333333333333333
0.09090909090909091
0.2
0.2
0.16666666666666666
0.25
0.2
0.16666666666666666
0.5
0.125
0.125
0.2
0.125
0.125
0.16666666666666666
0.3333333333333333
0.16666666666666666
0.125
0.16666666666666666
0.25
0.16666666666666666
0.14285714285714285
0.14285714285714285
0.14285714285714285
0.2
0.3333333333333333
0.16666666666666666
0.125
0.25
0.125
0.3333333333333333
0.1
0.14285714285714285
0.16666666666666666
0.14285714285714285
0.25
0.2
0.5
0.125
0.25
0.125
0.5
0.16666666666666666
0.5
0.125
0.14285714285714285
0.25
0.2
0.25
0.14285714285714285
0.25
0.25
0.14285714285714285
0.14285714285714285
0.16666666666666666
0.125
0.125
0.25
0.2
0.5
0.2
0.125
0.5
0.2
0.2
0.5
0.14285714285714285
0.125
0.2
0.3333333333333333
0.14285714285714285
0.3333333333333333
0.2
0.3333333333333333
0.5
0.16666666666666666
0.16666666666666666
0.16666666666666666
0.14285714285714285
0.2
1.0
0.16666666666666666
0.25
0.14285714285714285
0.3333333333333333
0.09090909090909091
0.14285714285714285
0.06666666666666667
0.2
0.3333333333333333
0.25
0.3333333333333333
0.125
0.25
0.5
0.2
0.1111111111111111
0.16666666666666666
0.2
0.16666666666666666
0.25
0.125
0.1111111111111111
0.14285714285714285
0.25
0.5
0.3333333333333333
0.16666666666666666
0.3333333333333333
1.0
0.25
0.09090909090909091
0.07692307692307693
0.25
0.2
0.16666666666666666
0.5
0.14285714285714285
0.2
0.3333333333333333
0.16666666666666666
0.25
0.14285714285714285
0.25
0.5
0.14285714285714285
0.16666666666666666
0.2
0.125
0.16666666666666666
0.125
0.25
0.3333333333333333
0.2
0.16666666666666666
0.1111111111111111
0.2
0.09090909090909091
0.1
0.3333333333333333
0.16666666666666666
0.1111111111111111
0.1111111111111111
1.0
0.5
0.16666666666666666
0.25
0.08333333333333333
0.125
0.14285714285714285
0.2
0.2
0.25
0.5
0.2
0.2
0.16666666666666666
0.16666666666666666
0.125
0.1111111111111111
0.5
0.5
0.1111111111111111
0.25
0.125
0.1111111111111111
0.3333333333333333
0.3333333333333333
0.16666666666666666
0.14285714285714285
0.16666666666666666
0.25
0.125
0.3333333333333333
0.1
0.2
0.3333333333333333
0.08333333333333333
0.14285714285714285
0.2
0.3333333333333333
0.5
0.14285714285714285
0.125
0.125
0.2
0.3333333333333333
0.125
0.2
0.25
0.3333333333333333
0.125
0.5
0.3333333333333333
0.125
0.125
0.2
0.3333333333333333
0.2
0.2
0.16666666666666666
0.125
0.2
0.25
0.2
0.2
0.2
0.14285714285714285
0.3333333333333333
0.2
0.2
0.2
0.16666666666666666
0.2
0.16666666666666666
0.16666666666666666
0.2
0.2
0.5
0.3333333333333333
0.25
0.5
0.2
0.1111111111111111
0.25
0.2
0.16666666666666666
0.2
0.2
0.16666666666666666
0.14285714285714285
0.3333333333333333
0.125
0.2
0.14285714285714285
0.25
0.14285714285714285
0.14285714285714285
0.2
0.08333333333333333
0.125
0.25
0.16666666666666666
0.16666666666666666
0.25
0.25
0.14285714285714285
0.2
0.25
0.5
0.2
0.3333333333333333
0.14285714285714285
0.14285714285714285
0.25
0.2
0.1111111111111111
0.2
0.3333333333333333
0.3333333333333333
0.2
0.16666666666666666
0.1
0.14285714285714285
0.125
0.3333333333333333
0.2
0.16666666666666666
0.1111111111111111
0.2
0.14285714285714285
0.2
0.25
0.16666666666666666
0.25
0.125
0.14285714285714285
0.2
0.25
0.25
0.16666666666666666
0.2
0.5
0.16666666666666666
1.0
0.2
1.0
0.1111111111111111
0.1111111111111111
0.16666666666666666
0.125
0.16666666666666666
0.2
0.125
0.3333333333333333
0.3333333333333333
0.14285714285714285
0.16666666666666666
0.5
0.1111111111111111
0.16666666666666666
0.25
0.3333333333333333
0.14285714285714285
0.25
0.14285714285714285
0.14285714285714285
0.2
0.25
0.2
0.1111111111111111
0.2
0.25
0.14285714285714285
0.08333333333333333
0.3333333333333333
0.16666666666666666
0.3333333333333333
0.09090909090909091
0.5
0.14285714285714285
0.25
0.2
0.25
0.14285714285714285
0.3333333333333333
0.14285714285714285
0.1111111111111111
0.1
0.5
0.16666666666666666
0.5
0.1
0.3333333333333333
0.1
0.16666666666666666
0.3333333333333333
0.2
0.16666666666666666
0.25
0.3333333333333333
0.14285714285714285
0.1111111111111111
0.3333333333333333
0.25
0.25
0.2
0.3333333333333333
0.2
0.5
0.2
0.1
0.1
0.125
0.5
0.5
0.09090909090909091
0.25
0.25
0.2
0.2
0.16666666666666666
0.16666666666666666
0.16666666666666666
0.14285714285714285
0.16666666666666666
0.125
0.2
0.16666666666666666
0.2
0.2
0.25
0.5
0.1111111111111111
0.5
0.14285714285714285
0.25
0.16666666666666666
0.08333333333333333
0.2
0.14285714285714285
0.16666666666666666
0.1111111111111111
0.2
0.25
0.25
0.16666666666666666
0.1111111111111111
0.3333333333333333
0.3333333333333333
0.2
0.2
0.25
0.2
0.3333333333333333
0.3333333333333333
0.2
0.07692307692307693
0.25
0.1
0.16666666666666666
0.16666666666666666
0.25
0.2
0.2
0.5
0.25
0.3333333333333333
0.125
0.14285714285714285
0.5
0.25
0.125
0.3333333333333333
0.09090909090909091
0.25
0.25
0.2
0.25
0.3333333333333333
0.2
0.3333333333333333
0.14285714285714285
0.07142857142857142
1.0
0.16666666666666666
0.14285714285714285
0.14285714285714285
0.16666666666666666
0.5
0.2
0.25
0.2
0.25
0.25
0.25
0.1111111111111111
0.14285714285714285
0.2
0.16666666666666666
0.2
0.125
0.1111111111111111
0.3333333333333333
0.14285714285714285
0.25
0.3333333333333333
0.16666666666666666
0.3333333333333333
0.3333333333333333
0.3333333333333333
0.5
0.2
0.5
0.2
0.25
0.3333333333333333
0.16666666666666666
0.25
1.0
0.25
0.2
0.25
0.5
0.25
0.125
0.16666666666666666
0.2
0.5
0.1
0.1111111111111111
0.3333333333333333
0.2
0.14285714285714285
0.14285714285714285
0.25
0.14285714285714285
0.14285714285714285
0.16666666666666666
0.16666666666666666
0.07692307692307693
0.25
0.16666666666666666
0.14285714285714285
0.1111111111111111
0.2
0.3333333333333333
0.16666666666666666
0.1111111111111111
1.0
0.3333333333333333
0.16666666666666666
1.0
0.2
0.16666666666666666
0.3333333333333333
0.25
0.2
0.25
0.3333333333333333
0.2
0.14285714285714285
0.25
0.2
0.1
0.5
0.1
0.2
0.14285714285714285
0.25
0.16666666666666666
0.25
0.16666666666666666
0.25
0.125
0.3333333333333333
0.1111111111111111
0.16666666666666666
0.16666666666666666
0.25
0.5
0.125
0.25
0.3333333333333333
0.14285714285714285
0.1
0.16666666666666666
0.16666666666666666
0.25
0.3333333333333333
0.16666666666666666
0.2
0.2
0.2
0.2
0.16666666666666666
0.25
0.2
0.1
0.16666666666666666
0.25
0.16666666666666666
0.125
0.2222222222222222
0.8333333333333334
2.0
0.8333333333333334
0.8333333333333334
1.2
2.25
2.111111111111111
3.9
30.0
12.25
18.666666666666668
25.166666666666668
17.0
31.571428571428573
46.285714285714285
48.42857142857143
156.66666666666666
49.2
68.83333333333333
101.8
49.666666666666664
160.0
75.5
145.0
59.5
44.6
33.666666666666664
20.714285714285715
12.625
11.25
5.888888888888889
4.333333333333333
2.375
1.5
1.3333333333333333
0.5
0.42857142857142855
0.16666666666666666
0.5
0.125
0.16666666666666666
0.2
0.3333333333333333
0.3333333333333333
0.1111111111111111
0.3333333333333333
0.3333333333333333
0.5
0.125
0.16666666666666666
0.25
0.14285714285714285
0.25
0.14285714285714285
0.16666666666666666
0.125
0.25
0.09090909090909091
0.16666666666666666
0.5
0.1111111111111111
0.16666666666666666
0.125
0.3333333333333333
0.2
0.16666666666666666
0.3333333333333333
0.16666666666666666
0.16666666666666666
0.1
0.125
0.16666666666666666
0.25
0.2
0.16666666666666666
0.25
0.25
0.2
0.1
0.3333333333333333
0.25
0.1
0.25
0.16666666666666666
0.2
0.16666666666666666
0.2
0.16666666666666666
0.14285714285714285
0.2
0.14285714285714285
0.14285714285714285
0.16666666666666666
0.25
1.0
0.25
0.5
0.16666666666666666
0.14285714285714285
0.2
0.125
0.25
0.5
0.2
0.25
0.14285714285714285
0.3333333333333333
0.125
0.25
0.16666666666666666
0.2
0.25
0.14285714285714285
0.125
0.5
0.2
0.25
0.1111111111111111
0.2
0.2
0.3333333333333333
0.16666666666666666
0.2
0.1111111111111111
0.2
0.5
0.14285714285714285
0.3333333333333333
0.14285714285714285
0.3333333333333333
0.3333333333333333
0.16666666666666666
0.125
0.1111111111111111
0.14285714285714285
0.2
0.16666666666666666
0.125
0.5
0.25
0.25
0.2
0.5
0.14285714285714285
0.2
0.2
0.1111111111111111
0.25
0.14285714285714285
0.3333333333333333
0.16666666666666666
0.3333333333333333
0.125
0.2
0.09090909090909091
0.1
0.25
0.3333333333333333
0.25
0.14285714285714285
0.3333333333333333
0.5
0.16666666666666666
0.2
0.3333333333333333
0.125
0.1111111111111111
0.16666666666666666
0.16666666666666666
0.3333333333333333
0.5
0.16666666666666666
0.16666666666666666
0.5
0.16666666666666666
0.3333333333333333
0.16666666666666666
0.25
0.2
1.0
0.3333333333333333
0.5
0.14285714285714285
0.1111111111111111
0.14285714285714285
0.3333333333333333
0.08333333333333333
0.3333333333333333
0.125
0.14285714285714285
0.1
0.25
0.2
0.25
0.5
0.2
0.3333333333333333
0.14285714285714285
0.14285714285714285
0.16666666666666666
0.2
0.3333333333333333
0.2
0.3333333333333333
0.5
0.14285714285714285
0.14285714285714285
0.2
0.125
0.3333333333333333
0.14285714285714285
0.07692307692307693
0.5
0.2
0.09090909090909091
0.14285714285714285
0.1
0.08333333333333333
0.2
0.14285714285714285
0.2
0.2
0.16666666666666666
0.14285714285714285
0.16666666666666666
1.0
0.125
0.2
0.25
0.25
0.16666666666666666
0.14285714285714285
0.1
0.25
0.125
0.16666666666666666
0.2
0.25
0.3333333333333333
0.25
0.16666666666666666
0.25
0.2
0.1111111111111111
0.16666666666666666
0.2
0.3333333333333333
0.25
0.125
0.25
0.16666666666666666
0.2
0.125
0.25
0.08333333333333333
0.16666666666666666
0.14285714285714285
0.09090909090909091
0.25
0.125
0.16666666666666666
0.2
0.3333333333333333
0.16666666666666666
0.3333333333333333
0.2
0.25
0.25
0.5
0.2
0.25
0.16666666666666666
0.16666666666666666
0.1
0.14285714285714285
0.14285714285714285
0.16666666666666666
0.3333333333333333
0.16666666666666666
0.2
0.3333333333333333
0.16666666666666666
0.2
0.14285714285714285
0.2
0.125
0.25
0.1111111111111111
0.2
0.16666666666666666
0.09090909090909091
0.16666666666666666
0.2
0.5
0.125
0.125
0.2
0.14285714285714285
0.16666666666666666
0.08333333333333333
0.16666666666666666
0.25
0.25
0.125
0.3333333333333333
0.125
0.2
0.5
0.3333333333333333
0.07692307692307693
0.14285714285714285
0.16666666666666666
0.16666666666666666
0.14285714285714285
0.2
0.2
0.2
0.1
0.5
0.14285714285714285
0.16666666666666666
0.16666666666666666
0.2
0.2
0.25
0.1111111111111111
0.3333333333333333
0.25
0.2
0.16666666666666666
0.3333333333333333
0.2
0.25
0.16666666666666666
0.3333333333333333
0.25
0.14285714285714285
0.2
0.2
0.2
0.14285714285714285
0.5
0.09090909090909091
0.125
0.14285714285714285
0.2
0.25
0.2
0.25
0.5
0.2
0.14285714285714285
0.25
0.16666666666666666
0.2
0.16666666666666666
0.14285714285714285
0.2
0.25
0.125
0.5
0.25
0.5
0.125
0.25
0.125
0.125
0.09090909090909091
0.25
0.09090909090909091
0.25
0.14285714285714285
0.16666666666666666
0.2
0.2
0.2
0.09090909090909091
0.25
0.16666666666666666
0.14285714285714285
0.2
0.2
0.16666666666666666
0.14285714285714285
0.25
0.25
0.2
0.16666666666666666
0.2
0.14285714285714285
0.3333333333333333
0.14285714285714285
0.3333333333333333
0.1
0.3333333333333333
0.2
0.2
0.3333333333333333
0.1111111111111111
0.14285714285714285
0.2
0.2
0.16666666666666666
0.3333333333333333
0.3333333333333333
0.25
0.3333333333333333
0.25
0.125
0.1111111111111111
1.0
0.5
0.16666666666666666
0.14285714285714285
0.16666666666666666
0.16666666666666666
0.125
0.5
0.25
0.125
0.5
0.16666666666666666
0.2
0.2
0.25
0.1111111111111111
0.5
0.125
0.125
0.2
0.1111111111111111
0.14285714285714285
0.125
0.3333333333333333
1.0
0.1111111111111111
0.1
0.5
0.3333333333333333
0.1111111111111111
0.1
0.3333333333333333
0.16666666666666666
0.16666666666666666
0.5
0.2
0.1111111111111111
0.3333333333333333
0.5
0.16666666666666666
0.3333333333333333
0.5
0.3333333333333333
0.125
0.5
0.3333333333333333
0.14285714285714285
0.25
0.16666666666666666
0.25
0.2
0.3333333333333333
0.25
0.16666666666666666
0.5
0.5
0.14285714285714285
0.3333333333333333
0.125
0.5
0.2
0.125
0.25
0.1
0.25
0.3333333333333333
0.125
0.14285714285714285
0.3333333333333333
0.2
1.0
0.1111111111111111
0.3333333333333333
0.3333333333333333
0.16666666666666666
0.3333333333333333
0.14285714285714285
0.3333333333333333
0.14285714285714285
0.5
0.16666666666666666
0.125
0.3333333333333333
0.5
0.1111111111111111
0.25
0.3333333333333333
0.14285714285714285
0.2
0.14285714285714285
0.125
0.16666666666666666
0.2
0.16666666666666666
0.2
0.5
0.2
0.125
0.2
0.2
0.14285714285714285
0.5
0.25
0.16666666666666666
0.25
0.16666666666666666
0.125
0.16666666666666666
0.25
0.25
0.16666666666666666
0.25
0.1111111111111111
0.2
0.16666666666666666
0.25
0.16666666666666666
0.5
0.16666666666666666
0.5
0.14285714285714285
0.25
0.1
0.16666666666666666
0.25
0.14285714285714285
0.25
0.14285714285714285
0.16666666666666666
0.125
0.5
0.14285714285714285
0.25
0.3333333333333333
0.14285714285714285
0.2
0.14285714285714285
0.14285714285714285
0.3333333333333333
0.2
0.5
0.5
0.125
0.2
0.1111111111111111
0.14285714285714285
0.25
0.2
0.2
0.16666666666666666
0.5
0.2
0.25
0.1
0.2
0.16666666666666666
0.25
0.25
0.2
0.2
0.2
0.2
0.14285714285714285
0.25
0.2
0.125
0.2
0.1111111111111111
0.2
0.25
0.14285714285714285
0.3333333333333333
0.2
0.1
0.125
0.1111111111111111
0.25
0.1
0.125
0.25
0.5
0.2
0.2
1.0
0.25
0.09090909090909091
0.25
0.25
0.14285714285714285
0.07142857142857142
0.25
0.14285714285714285
0.3333333333333333
1.0
0.2
0.14285714285714285
0.25
0.125
0.2
0.3333333333333333
0.2
0.25
0.25
0.16666666666666666
0.3333333333333333
0.125
0.25
0.09090909090909091
0.2
0.3333333333333333
0.2
0.25
0.16666666666666666
0.25
0.25
0.058823529411764705
0.1111111111111111
0.2
0.16666666666666666
0.5
0.16666666666666666
0.2
0.3333333333333333
0.2
0.2
0.3333333333333333
0.14285714285714285
0.09090909090909091
0.14285714285714285
0.2
0.25
0.3333333333333333
0.16666666666666666
0.3333333333333333
0.16666666666666666
0.125
0.3333333333333333
0.25
0.16666666666666666
0.1111111111111111
0.25
0.1
0.3333333333333333
0.25
0.16666666666666666
0.2
0.2
0.16666666666666666
0.2
0.3333333333333333
0.1
0.3333333333333333
0.16666666666666666
0.5
0.25
0.2
0.25
0.25
0.14285714285714285
0.125
0.1
0.2
0.2
0.2
0.16666666666666666
0.14285714285714285
0.2
0.3333333333333333
0.125
0.3333333333333333
0.2
0.2
1.0
