325
462
1058
3095
3775
4679
5423
6477
6604
8603
8673
8876
9085
9876
9904
9993
10184
10722
10968
11278
11419
11490
11777
12217
12302
12545
13948
15609
15664
16734
18369
18440
18941
19276
19294
19693
19752
19783
20382
21407
21576
24033
24457
24727
24868
25651
25826
26620
28274
28551
28691
29794
29942
29996
30236
30322
31655
31880
32197
33212
33641
33699
33769
34122
34855
35094
35466
35558
36716
37831
37839
38562
38713
38820
39188
39594
40785
40924
41233
41313
42444
42466
42593
42861
43603
44798
46051
46410
47165
47753
48050
48259
49219
49457
49620
49908
50163
50535
50752
51443
51542
53240
53745
53802
54243
54532
55593
55892
57524
58045
58179
58419
59075
59079
59523
64107
64458
64480
64581
65296
66643
67698
68408
68703
69718
69776
70138
70263
70324
70368
70586
71535
72179
72796
73027
73044
73271
73416
74926
76713
77158
77654
78201
78676
78836
79121
79523
79634
80064
80180
80439
80977
82199
82683
83121
84674
85225
85513
85571
85979
86284
87307
87478
87591
88554
89034
90387
90705
90987
91269
91781
92383
93249
93652
95903
96114
96265
96707
96785
97049
97773
97870
97986
98080
98292
99223
99312
99514
100269
101163
101544
101678
102139
102275
102552
102600
102665
102723
103421
106285
107141
107580
110048
110458
110737
111304
111685
112191
112632
112722
113876
114291
114542
114767
116010
116311
116623
116739
116921
117038
118620
120055
120125
120258
120688
122112
122525
123020
123128
123190
123501
123591
124077
124280
124384
124674
125473
125979
126102
126371
126823
127362
127911
128031
128389
128788
129151
129326
129883
130715
130792
130902
130980
132281
132913
133056
133342
133712
135003
135117
135192
136137
136239
136374
137008
137133
137223
137241
137493
137625
137999
138130
139778
140420
140868
141312
142128
142185
142350
144471
144551
145008
146469
147561
147684
149389
150207
150649
152637
152647
153159
153632
154380
154436
155513
157105
157199
157634
157896
157903
158421
158519
158555
159701
160012
160159
160531
161069
161192
163141
163418
163557
163577
165622
166512
166740
166959
168722
168796
168998
169256
169289
169342
169711
171311
172856
172871
173995
174184
174230
174899
175026
175101
175597
175769
176393
176419
176511
177685
178082
178482
178907
179337
179703
180718
180906
182068
182227
183628
184129
184278
184945
185502
186245
186476
186965
187335
189346
189367
189671
190534
191003
191180
191914
192386
192707
192972
193208
193718
193811
193888
194391
195640
196046
196891
198370
198407
199248
199311
199498
199564
199994
201207
201810
201962
202163
202776
203385
204191
204338
204418
204866
205036
205366
206245
206680
207892
207950
209491
209699
209715
210134
210501
210926
211671
211712
212750
213119
213375
213685
214329
214349
214491
214808
215637
216024
216283
216744
216971
218177
218522
219342
219394
219558
220670
221234
221367
222706
222836
223295
223840
224038
224248
224742
225082
225154
225936
226420
226587
226694
229869
232812
233158
233402
234715
236928
237380
237589
238456
238664
239105
240537
242092
243330
243340
243975
244089
244091
244397
244988
245011
245613
246074
246160
246414
246990
247392
247489
247555
248073
248942
248986
250994
251175
251586
251595
251601
252563
252702
252808
253297
253914
253949
254501
254848
254858
255384
255780
255914
257015
257179
259387
260042
260135
260471
260673
260784
260967
261445
262108
262168
262445
262762
262916
265532
265729
266097
267243
267513
267829
269106
270474
270944
271514
273108
274219
274325
275060
275662
275927
276477
276533
276685
277276
278039
279730
280001
280249
281197
281664
283448
283983
284449
285203
285885
286197
287433
287715
288899
289329
289956
290189
290263
290498
291150
291751
292670
293381
293567
294241
294757
294763
296501
296653
296895
297089
297563
298478
298793
299638
299845
300540
300669
300977
301336
301728
301737
302012
302060
302713
303138
303818
305102
305595
305751
305849
307000
308111
308125
308558
308817
309150
309610
310027
310165
310577
310725
310992
312514
312617
313514
314051
314068
314115
315357
315366
315658
315828
316712
316910
317407
318145
318357
319899
320045
320056
320893
321288
321427
322191
322673
323487
323505
323599
323729
323778
323793
324619
324793
325412
325718
326995
327322
327908
329082
329216
329219
329601
330207
330565
331931
333206
335108
335189
335612
336514
336712
336953
336998
337740
337827
338374
339044
339534
339637
339992
341554
342004
342075
342136
342467
343688
344320
344612
345903
346876
346983
347369
347410
347650
347915
347916
349251
349421
350124
350287
350834
351017
351220
351458
352248
352724
352987
354240
354254
355506
356044
356049
356547
356998
357010
357266
357468
357972
358705
359235
359472
359976
361118
361899
362625
362804
363633
364350
364759
365879
368263
368405
368429
370039
370304
371086
371229
371518
371948
372286
372431
372756
373121
373129
373384
373598
373861
377443
377748
378279
378875
378881
378931
379794
380674
381228
381242
381457
382039
382906
383128
383381
384974
385616
386731
387185
387412
388422
388509
389321
389345
390887
391911
392805
393462
393777
394126
395282
395876
396472
396505
396969
397722
398476
398564
398899
399003
399920
399952
401152
401407
401825
401834
402057
402195
403205
403488
403586
403803
403874
404537
405219
405342
405674
405862
406269
406584
406668
406745
407183
407500
408005
408257
408429
409223
409249
409348
409631
410356
411804
412280
413104
413116
413738
413951
414258
414809
414940
415253
415364
415614
416466
416931
417677
417824
417944
418453
418871
420326
420380
421034
421241
421535
421645
422078
423189
423598
423833
425236
426889
426969
427102
427477
427763
427894
428008
428066
430415
430731
430802
431261
431296
431909
432129
432160
432545
432754
434911
435256
435694
435816
435988
437309
437649
438163
438233
438534
439117
439132
440628
440857
441225
441398
441992
442883
443074
443255
444658
444713
444943
446921
446959
447570
448971
449090
449254
449657
450001
450009
451144
451588
452881
453302
454296
454707
454750
454880
455095
456690
456712
457047
457560
457583
459297
459795
460499
461061
461868
462174
462452
462578
463397
463805
464031
464153
465139
465234
465328
465624
466967
467020
467168
467227
468428
468675
468999
469484
469776
470249
470844
474341
475471
475480
475768
476386
476437
477097
477843
478915
479264
479637
479787
480225
480380
480498
481199
481265
481356
482028
483258
483564
484444
485069
485822
486382
486997
487333
487369
488770
489082
489410
490314
490328
490486
490949
491120
491786
492006
492028
492260
492839
493913
495472
495813
496211
496395
496441
496951
497013
497355
498318
498481
499382
499451
500344
500564
501157
501288
501463
501564
501832
502486
502705
503422
503657
504701
505157
505270
505914
506264
506355
506480
506861
506872
507232
507280
508368
508551
508621
508880
509327
509431
510355
511185
511375
511431
511480
511569
512284
513507
513933
514464
514905
516264
516494
516535
516926
517077
518082
519355
519616
519967
521183
521832
521909
522219
522769
522772
523527
524113
524208
524745
525241
525393
525796
525971
526253
526346
527329
527989
528022
528321
528899
529283
531351
533126
533202
533313
533570
533886
534072
534274
534280
534492
534694
534990
535375
535401
535408
536037
536533
536853
536965
537128
537475
538051
538300
539140
539620
539983
541134
541461
542260
542268
542356
542418
542501
543474
544529
547168
547929
548055
548731
548850
548855
548978
549810
549885
550586
550692
550950
551592
552681
554335
555798
555824
555852
555950
556781
557068
557264
557718
557731
558454
559565
560866
561665
561764
561950
562405
562414
562660
563015
563943
564019
564479
564751
564764
564767
566366
567537
567818
568126
568381
568481
569014
569081
570109
570488
570672
571608
571826
572456
572493
573083
573185
574268
574303
574455
574812
574826
575311
575387
575444
575878
576038
577364
578553
578909
579334
579497
581291
581880
582250
582769
582946
584672
584749
585232
585293
585455
586010
586242
586398
587263
588491
589343
589984
590331
591421
591536
591987
592284
592884
593119
593234
593426
593788
595542
596219
596803
597760
598011
598013
598129
598638
599197
599358
600241
600248
601508
602520
604670
605031
605896
606644
606906
606952
608278
608393
608711
609157
609577
610841
610885
611332
611392
612281
612399
612463
612469
612903
614094
615348
615996
617964
618146
619061
620673
620935
621019
621946
622364
622472
622548
623412
623632
624205
624460
624721
625250
625808
627141
627183
627517
628268
628378
628719
628971
629084
629475
629556
630989
631009
631193
631654
632138
632317
633051
633824
635143
635427
638057
638285
638721
638798
639342
639887
639992
640113
640571
640627
641047
643005
643251
643301
643426
643676
644182
644245
645328
645518
646004
646112
647544
648054
648154
648239
648959
648990
650139
650334
651406
651668
652521
654107
654390
655492
656365
656483
658464
659466
659684
660028
660910
660995
661520
662685
662722
662962
664027
666250
666577
667453
667678
667940
668414
668672
668856
668905
669510
670645
672243
672524
672560
673325
673644
673668
673841
674816
675458
676235
676640
677586
678427
678587
678691
678703
679316
679491
679813
681497
681818
682101
682111
682804
683113
684128
684758
685295
686378
686470
686943
687322
687686
687856
687918
688527
689209
689281
690297
690378
690797
692672
692907
693439
693528
694280
694459
695114
695535
695706
696119
696667
696919
697453
697778
698643
699549
700265
700918
700971
701125
702155
702182
702722
703344
704683
704734
704883
706910
707016
707558
707615
707638
707760
708176
708695
708954
709555
710345
713215
713494
713518
715463
715666
715791
716566
717154
717159
717658
717672
718055
718757
718916
719848
720030
720233
720712
720753
720814
720895
720934
720983
721282
721361
721511
722220
723023
723383
723447
723709
723865
723955
724227
726345
726741
727344
727680
728065
729556
729865
730946
730957
730995
731105
731514
731773
732157
734191
734348
735458
735817
735880
736255
736297
737092
737129
738257
738709
739583
739627
740156
740178
740759
741687
741825
742438
742749
742849
742857
743955
744090
744109
744273
744594
745592
746111
746193
746941
747971
748068
748416
748733
750025
750110
750580
750950
751830
751935
751984
752225
752240
752290
752490
753360
753767
753982
754541
755059
755512
755789
758336
758742
759786
760078
760915
761438
761543
763618
764035
766609
767132
767848
768874
769664
771880
772255
773732
774388
774662
775918
777009
777588
778802
779204
779214
779491
781515
782142
782420
782599
782896
783245
783349
784416
786092
786521
786907
787007
787081
787406
787613
787699
787996
788214
789077
789409
791188
791749
792303
792513
792590
792683
792953
794115
794363
794563
795091
795471
795705
795838
796010
796122
796368
797627
798027
799065
799480
800110
800579
800700
800740
801142
801334
803397
804066
804686
804771
805615
805957
807338
807693
808086
809457
810157
810333
811138
811654
811697
812261
813357
813741
815147
815479
815526
817640
817691
818101
818225
818625
819634
819673
820254
820961
821409
821449
822357
822762
822795
823232
823289
824232
824583
825146
825407
825494
825766
826089
826162
828228
828536
829018
829204
829207
829626
829911
831192
831776
832152
832903
834086
834765
834809
835699
835822
835945
836825
837974
838209
838733
839192
839525
840387
840409
841002
841229
841444
841575
842811
843897
844071
844500
844607
844725
844849
844964
845703
846781
847283
847610
848698
849906
851005
852554
852769
852866
853231
853614
854151
854776
855177
855395
855640
855701
855773
856132
856452
856469
856754
857275
857456
857689
857710
857808
859168
860038
863388
864218
865592
866019
866067
866146
866771
868093
868561
869096
870353
870717
871116
872121
872368
872572
873885
874360
874507
874565
875555
875959
877699
877943
878024
878050
879285
879634
879674
880712
881127
881335
882621
883314
883625
883817
885400
885668
885791
886026
887339
887909
888949
890661
892288
893302
894138
894271
894718
895186
895273
895406
896861
896889
897116
897959
898512
898644
898872
900317
900344
902481
903045
903880
904093
905163
906669
907267
907531
909299
911158
911964
913359
913601
913661
913781
914031
914493
915486
916018
916318
916909
916922
917059
917851
919114
919198
920314
921968
922244
923207
923342
923528
924679
925076
925095
925586
926478
927026
927568
928039
928109
928284
928882
929172
929286
929779
930157
930979
931206
931449
932713
933696
933831
934118
935782
936017
937023
937230
938019
938404
939021
939718
939862
939901
940528
940788
940789
941230
942144
942963
943157
943219
943251
944340
945960
946619
946678
946775
947043
947650
948312
948786
949911
950077
950223
950329
950780
951546
952357
955027
955940
955991
956023
956153
956656
958729
958920
959346
959390
960822
961140
961145
961614
961651
962136
962213
962665
963882
963912
963926
964856
965685
965984
966255
966668
966929
967359
967809
968099
968525
968681
968822
971279
971942
971973
973297
974100
975057
975391
975530
975660
975897
976247
976899
977252
977372
979767
980057
980282
980399
980436
981262
982412
982530
983740
984125
985631
985662
985824
985915
986161
987726
987744
987775
988229
988591
988688
988942
989797
989806
990132
990203
991740
991836
991888
991902
991964
992612
992653
992850
992853
993682
993870
994052
994471
995717
995783
995929
997069
997514
997784
999028
999160
999726
999855
999917
1000199
1000332
1000962
1001004
1001304
1001365
1001797
1003301
1003954
1004331
1004986
1005983
1006450
1006928
1007008
1007725
1008268
1008794
1008900
1010707
1011580
1011652
1012613
1012633
1012962
1013939
1014123
1014400
1014693
1015249
1016351
1016483
1016726
1016925
1017451
1017905
1018444
1019920
1020753
1020941
1021294
1021298
1021582
1021985
1022117
1023529
1025441
1025467
1025835
1025924
1026372
1027184
1027347
1027437
1027454
1027735
1027762
1028214
1028314
1029142
1029154
1030244
1030748
1030783
1031593
1032219
1033160
1033907
1034779
1035491
1036230
1036978
1037067
1037280
1037485
1038219
1038795
1039125
1039282
1040600
1040840
1041005
1041038
1041416
1041493
1042072
1042093
1042747
1043316
1043396
1043688
1044208
1044343
1045149
1045594
1045623
1046949
1047103
1048563
1048773
1049166
1050619
1051910
1052334
1053435
1053583
1054540
1055128
1055434
1055577
1056076
1056598
1056696
1056932
1056956
1057071
1057804
1057827
1058509
1058746
1059449
1059754
1060170
1060203
1060290
1060450
1060531
1061359
1061451
1062487
1062833
1063466
1064882
1065420
1066196
1066350
1066695
1067052
1067331
1067444
1069015
1069219
1069499
1070342
1070595
1070811
1071379
1071482
1074467
1075950
1077217
1077632
1078020
1078776
1080363
1080497
1081079
1081630
1081835
1082418
1082601
1082890
1084203
1084670
1085144
1086768
1086846
1088422
1088775
1090212
1090541
1090962
1091049
1091506
1092190
1092443
1093675
1093783
1098160
1098571
1098586
1098893
1098916
1099422
1099521
1099555
1101209
1101594
1101637
1101804
1102851
1103074
1104002
1104180
1105225
1105279
1105383
1105834
1106831
1107325
1107594
1108403
1108468
1108541
1109197
1110088
1110693
1111194
1111448
1112401
1113205
1114284
1114916
1115210
1116117
1117323
1118043
1119366
1119367
1119473
1119897
1120286
1120298
1121015
1121271
1123498
1123573
1123791
1124949
1125364
1125416
1125763
1126154
1126229
1126725
1126964
1126973
1127544
1127877
1128448
1128506
1128661
1129107
1131375
1131526
1132704
1134501
1134638
1135075
1135720
1135891
1135986
1136032
1136154
1136721
1137022
1137262
1137296
1137443
1138005
1138019
1138250
1138414
1139177
1139876
1140287
1141180
1141314
1141425
1141529
1141620
1142157
1142827
1143232
1143290
1143597
1143941
1144197
1145996
1146141
1146703
1147094
1147202
1147718
1148227
1149984
1150106
1150781
1151318
1151743
1151815
1152251
1152326
1152352
1152680
1153444
1153788
1154802
1155191
1155470
1156054
1156168
1157503
1157584
1157614
1157990
1158905
1159471
1160421
1160914
1161388
1162047
1162426
1162448
1162680
1163386
1163400
1163629
1163802
1164443
1164562
1164700
1164727
1164825
1165938
1166253
1168012
1168715
1168968
1169073
1169272
1169405
1170303
1170609
1171489
1171737
1172567
1172634
1172732
1172987
1173139
1173431
1173514
1174621
1174686
1174860
1175149
1175907
1176426
1176508
1176531
1176978
1178758
1179593
1180546
1181746
1181913
1182186
1182447
1182897
1183617
1183962
1184540
1184543
1185027
1185961
1185965
1186009
1186377
1186830
1186866
1187494
1188152
1188720
1189392
1191238
1191380
1192629
1192800
1193139
1193299
1194154
1194215
1194400
1194690
1194968
1195982
1196322
1196765
1196797
1197160
1197374
1197449
1198478
1198516
1198724
1198909
1199450
1199859
1200133
1200471
1201386
1202091
1203394
1203563
1204192
1204447
1205283
1205838
1205916
1205919
1206214
1206720
1208727
1208768
1209005
1209391
1209552
1210836
1215764
1215951
1215992
1217430
1218390
1219601
1219674
1219740
1219794
1220537
1220822
1221574
1221584
1221757
1221974
1222328
1223077
1223228
1223824
1225779
1226504
1227300
1227915
1228054
1229330
1229415
1232075
1232303
1234374
1235137
1235289
1235465
1235561
1235789
1237505
1237673
1238192
1238331
1239016
1240075
1240086
1240094
1241202
1241328
1241720
1241745
1242428
1242964
1244506
1245021
1245343
1245404
1246060
1246115
1246985
1247369
1247852
1247915
1248942
1249185
1249205
1249288
1249323
1250065
1250271
1250762
1250800
1251337
1252009
1252834
1253289
1253948
1254576
1254646
1255382
1255530
1256141
1256500
1256986
1257402
1257673
1258849
1259109
1259988
1260393
1260565
1261441
1262132
1262766
1263147
1263535
1263564
1264100
1264762
1264768
1265117
1265618
1265798
1266568
1267984
1268038
1268495
1268852
1268963
1269156
1269256
1269821
1270160
1270524
1272474
1272520
1273380
1273851
1275493
1275676
1275771
1276592
1277947
1278019
1278054
1278314
1278412
1279756
1280205
1281730
1282455
1283522
1284142
1284522
1284878
1284999
1285041
1285388
1285738
1287352
1287487
1288153
1289634
1289672
1290120
1290227
1290235
1290314
1290983
1291135
1291518
1291955
1292102
1292263
1292831
1292910
1292934
1293266
1293378
1294264
1294479
1295106
1295118
1296588
1296973
1296978
1297423
1297658
1299494
1299889
1300066
1300174
1300192
1300445
1300463
1300964
1301185
1301340
1301411
1301923
1301953
1302291
1302963
1303193
1303210
1303321
1303386
1304358
1305251
1305676
1306388
1306812
1307103
1307121
1308156
1308218
1309142
1309853
1310677
1310824
1311802
1312863
1313554
1314634
1314677
1314982
1315137
1315401
1315427
1315922
1316599
1317428
1317592
1317602
1317691
1317713
1318153
1319316
1319619
1320266
1320323
1320725
1320913
1322140
1322440
1322849
1322933
1322982
1323741
1324131
1324166
1324267
1325103
1325337
1325919
1325980
1326039
1326713
1327088
1327127
1327347
1327430
1329053
1329131
1329351
1329518
1330449
1330963
1331482
1331928
1334541
1335127
1335525
1336356
1336393
1336691
1337005
1337012
1338339
1338460
1338657
1339047
1339432
1340025
1340416
1340428
1340514
1341231
1342328
1342622
1342829
1343666
1343839
1343866
1343898
1345204
1346410
1346465
1346590
1346846
1347180
1348058
1348142
1348270
1348794
1349032
1349436
1349949
1350539
1350586
1350632
1350760
1350830
1351020
1351145
1351389
1351425
1351499
1352062
1352261
1352759
1352856
1352882
1353144
1353496
1354503
1354827
1354944
1355421
1355704
1355888
1356039
1356054
1356574
1358265
1358315
1358701
1358832
1358922
1358975
1359305
1359622
1359719
1360116
1360967
1362173
1362382
1362641
1362891
1363012
1363358
1363721
1365083
1365669
1365939
1365987
1366151
1366353
1366754
1367637
1368044
1368600
1368738
1369378
1370893
1371719
1373363
1374271
1374971
1375412
1376407
1376579
1376676
1376717
1377423
1378101
1378205
1380026
1380249
1380446
1381465
1381946
1381964
1382871
1382873
1383906
1383909
1384093
1384490
1385033
1385085
1386739
1387205
1387809
1388190
1388736
1389308
1390457
1391224
1391446
1391759
1392398
1392728
1393755
1393786
1394330
1394470
1394716
1395220
1395886
1396090
1396419
1396558
1397612
1397794
1399353
1400187
1400251
1401446
1402154
1404862
1406492
1406534
1407025
1407843
1410858
1410991
1411233
1411383
1411872
1412082
1412136
1412149
1412944
1415829
1416042
1416564
1417135
1417377
1418322
1418398
1419978
1419985
1421303
1421312
1421574
1421620
1421672
1423510
1423623
1423635
1423640
1424332
1424448
1424542
1424904
1424994
1425853
1426899
1427477
1427670
1428530
1429879
1430693
1431971
1432554
1432733
1433621
1433863
1433948
1434177
1434452
1434793
1434877
1434936
1436488
1436768
1440728
1441102
1441143
1442919
1443127
1443389
1443952
1445247
1446578
1446669
1446725
1446775
1447501
1447708
1447910
1447931
1448463
1449432
1450476
1451136
1451225
1453740
1453862
1454360
1454598
1454744
1454985
1455044
1455116
1455518
1455532
1455984
1456089
1456977
1457636
1457915
1458181
1458356
1458635
1458879
1458984
1459807
1460260
1460902
1462837
1464315
1464473
1464587
1465042
1465089
1465218
1466528
1467432
1467646
1467773
1467792
1467844
1469044
1469119
1469387
1469455
1470723
1471067
1471270
1471565
1472447
1472877
1474706
1474712
1475034
1475776
1475898
1477382
1477418
1479681
1480204
1480273
1480371
1481325
1482113
1482156
1482261
1482382
1483981
1484496
1484826
1485821
1486415
1487088
1487514
1487832
1488638
1489774
1490027
1490456
1490493
1490719
1491068
1493007
1493097
1493352
1494035
1494791
1495852
1495964
1496001
1496248
1497046
1497519
1497653
1497770
1498448
1498703
1498842
1499477
1499683
1500140
1501596
1501922
1502066
1502284
1502360
1502367
1503512
1503710
1504123
1504241
1504439
1504620
1504667
1504856
1505243
1506174
1506608
1506643
1507801
1509234
1510322
1510394
1510724
1512066
1512230
1512697
1514178
1515229
1515487
1515761
1516117
1516210
1517087
1518197
1518315
1518450
1519315
1519361
1521682
1521932
1522332
1522613
1522685
1523460
1523560
1523643
1524438
1524504
1524572
1524600
1527368
1527432
1527776
1529019
1530184
1530194
1530578
1531204
1532018
1532314
1532458
1532944
1533164
1533403
1533443
1533659
1534159
1534516
1534884
1535541
1535673
1536405
1536502
1536546
1536880
1538305
1538888
1539318
1539341
1540438
1540548
1541330
1541851
1542762
1543239
1543559
1543961
1544288
1546063
1546368
1546572
1546991
1547075
1547516
1547692
1547752
1548126
1548187
1548282
1548351
1548352
1548577
1548908
1549215
1549253
1549254
1550136
1551166
1551332
1552006
1552034
1552207
1552933
1553672
1554405
1554555
1554664
1554811
1556162
1556375
1556488
1556584
1558161
1558300
1558323
1558534
1558874
1559231
1559640
1562375
1562730
1564065
1564165
1565276
1565453
1565543
1565669
1566262
1567286
1567623
1568274
1568693
1569162
1569256
1569592
1569602
1569984
1570071
1570285
1570380
1570411
1570538
1571248
1571366
1571596
1571797
1571865
1571980
1572084
1572517
1572655
1572898
1573026
1573217
1573551
1573556
1573915
1574267
1574274
1574853
1575153
1575241
1575464
1575485
1576742
1577124
1577444
1577613
1577762
1578148
1578222
1578296
1579274
1579301
1579549
1579878
1580210
1580315
1580888
1582172
1582458
1582649
1583285
1583462
1583751
1583951
1584112
1584810
1584872
1585223
1585427
1585790
1585984
1587768
1587960
1589007
1589070
1590564
1590987
1592574
1592900
1593897
1594280
1594502
1595915
1596124
1596512
1597549
1598019
1598827
1598857
1599623
1600130
1601178
1601278
1601607
1602179
1602338
1602372
1602421
1602734
1602785
1603289
1603738
1605705
1606008
1607314
1607705
1608782
1609064
1609814
1610803
1611016
1611215
1611700
1611748
1612921
1613239
1614300
1614459
1615206
1615603
1615775
1616865
1617123
1618246
1618303
1618574
1619619
1619866
1620551
1620933
1621022
1621188
1621800
1622843
1622903
1622942
1623352
1623890
1624695
1626426
1626557
1626645
1627000
1627004
1628128
1630205
1630343
1630479
1630527
1630635
1631131
1632311
1632805
1632970
1633625
1634082
1635547
1636078
1636361
1636614
1636629
1636922
1637244
1637417
1637608
1638695
1639945
1640282
1640682
1641326
1641548
1641595
1642865
1644014
1644111
1644232
1644528
1645283
1645402
1646035
1646824
1647085
1647502
1647783
1647834
1648339
1649562
1649804
1650041
1652000
1652247
1653561
1654216
1654772
1654775
1654967
1655068
1655209
1655874
1656986
1657895
1658342
1658619
1659512
1660007
1660806
1661347
1662752
1662849
1663168
1663435
1664145
1664352
1664600
1664822
1664862
1665048
1665471
1666026
1666289
1667534
1667951
1668215
1668626
1669123
1669243
1670564
1671226
1672021
1672071
1672130
1672628
1673507
1673907
1674070
1675405
1675415
1675485
1677214
1677279
1677699
1681532
1682025
1682216
1682835
1683367
1683659
1684178
1684601
1684851
1685354
1685408
1685465
1686201
1686548
1686961
1687936
1688130
1688340
1688543
1689559
1690578
1690705
1691634
1691904
1692657
1692963
1693324
1693447
1693832
1694586
1694758
1695848
1696328
1697253
1697448
1698735
1699897
1701024
1701190
1701274
1702392
1702405
1702471
1703505
1703716
1704541
1705390
1705538
1705672
1706878
1707028
1707078
1707623
1707958
1708294
1708373
1709585
1709786
1710511
1710894
1711066
1711138
1711238
1711940
1711997
1712093
1712570
1712806
1712844
1713048
1713667
1715554
1715823
1716292
1716392
1717149
1717536
1718869
1719345
1719787
1720690
1720983
1722167
1722409
1722925
1723119
1723946
1723957
1724096
1724417
1724566
1725015
1725877
1726219
1726332
1726868
1727827
1728813
1729100
1730480
1730522
1730546
1730635
1730947
1731365
1731922
1732070
1732570
1732764
1733010
1733482
1734013
1734259
1734376
1735333
1736100
1736871
1737220
1737461
1737956
1738958
1739139
1740256
1740748
1741914
1742513
1742581
1743386
1743853
1744471
1744719
1745175
1745427
1745474
1745763
1746427
1746431
1747294
1748899
1748964
1749458
1749887
1750094
1750113
1750132
1750885
1751089
1751486
1751666
1751934
1751954
1752031
1752180
1752830
1752833
1754372
1755623
1755756
1756108
1756818
1756914
1757444
1757497
1757738
1758065
1758236
1758598
1759407
1759823
1760085
1760584
1760876
1761215
1761491
1761588
1761906
1762950
1763209
1763251
1763841
1763901
1764005
1764640
1765077
1765193
1765632
1766045
1767537
1767926
1768361
1768564
1769110
1769313
1769789
1772495
1772522
1773021
1773088
1773531
1774389
1774493
1775048
1775677
1777134
1777613
1777648
1778527
1778769
1779394
1779721
1781053
1781896
1782043
1782693
1782717
1782827
1782911
1783392
1784138
1784682
1784758
1785197
1785534
1786113
1788196
1788878
1789009
1789159
1789856
1790496
1790524
1790540
1790719
1791431
1791460
1792918
1792961
1793701
1794330
1795389
1796173
1796409
1796482
1796918
1796990
1797797
1798050
1798710
1799143
1799180
1799339
1799376
1799508
1799815
1799921
1799973
1800485
1801693
1801868
1802509
1802517
1802616
1802648
1802756
1803471
1803960
1804078
1804770
1804775
1805233
1805510
1805653
1806522
1806658
1807042
1807515
1807982
1808668
1808878
1809540
1809783
1809807
1810207
1810462
1810722
1811164
1811207
1811395
1811456
1811588
1812985
1813452
1813807
1814136
1814194
1815398
1815785
1817397
1818301
1818486
1818538
1818816
1819296
1820436
1822768
1822953
1823068
1823163
1824482
1824652
1825169
1825372
1825815
1826079
1827018
1827147
1827853
1827935
1829207
1829332
1829591
1829876
1830590
1830928
1831359
1831801
1833120
1833340
1833342
1834323
1834863
1835046
1835965
1836533
1837263
1837860
1837966
1839087
1839740
1840560
1840576
1840893
1840929
1841051
1841269
1841462
1841736
1842554
1842892
1843469
1843695
1844628
1845459
1847022
1847029
1847153
1847308
1847423
1848515
1848903
1848967
1849228
1849473
1849519
1850075
1850205
1851295
1851335
1851497
1852427
1852755
1852853
1853687
1854229
1854333
1854931
1855925
1856849
1857928
1858395
1859251
1859704
1860541
1860557
1860659
1860695
1860834
1862046
1862845
1863848
1864114
1864405
1864525
1864537
1864637
1864751
1865519
1865700
1865765
1865825
1866365
1867828
1867873
1868709
1868791
1869083
1869278
1869951
1870228
1870479
1871126
1871259
1873408
1873418
1874185
1874228
1875651
1876812
1876845
1876866
1876976
1876998
1877102
1877248
1877774
1877863
1878066
1878536
1879401
1879459
1879835
1882636
1883063
1883234
1885395
1886131
1886809
1886932
1887172
1888050
1888184
1888714
1889145
1889188
1889671
1890484
1891040
1891206
1891223
1891837
1892036
1892080
1892818
1892918
1892999
1893037
1893736
1894067
1894240
1894421
1894467
1895602
1895859
1895909
1896207
1896284
1896656
1896748
1896883
1896941
1897229
1897307
1897338
1897509
1897813
1898068
1898442
1900524
1900765
1901097
1901390
1902337
1902929
1904504
1905094
1905278
1905781
1907670
1908111
1908625
1909259
1909365
1910039
1911308
1911614
1911859
1912157
1912305
1912496
1912860
1912994
1913152
1914150
1914263
1914613
1914815
1915078
1915649
1916002
1916617
1916870
1916881
1916986
1917224
1917326
1920509
1920767
1922609
1923471
1924611
1924649
1925729
1926651
1927030
1927037
1927156
1928099
1928271
1928754
1928951
1928994
1929025
1929593
1929774
1929862
1930016
1931462
1932768
1933266
1933594
1934236
1934553
1935479
1936118
1937092
1938127
1938622
1938636
1939098
1939385
1940767
1941937
1942303
1942567
1942891
1943301
1943613
1943998
1944151
1944188
1944216
1944594
1945082
1946017
1946285
1946944
1946957
1947903
1948232
1948747
1950474
1950542
1951241
1951725
1951978
1952391
1953708
1954690
1956009
1956707
1957314
1957909
1958641
1958816
1959210
1959734
1959840
1960390
1960556
1960607
1960764
1960776
1960842
1961073
1961198
1961242
1962440
1962974
1964462
1965038
1965074
1965742
1966561
1966694
1967054
1970267
1970735
1970737
1971801
1972222
1972758
1973772
1974054
1974139
1974604
1974652
1975433
1975466
1975469
1978923
1979895
1980492
1980499
1981196
1981445
1983015
1983191
1983219
1983233
1983411
1983652
1984875
1985076
1986174
1986267
1986406
1986554
1986984
1987635
1987644
1988631
1988974
1989163
1989406
1989407
1991487
1991840
1992092
1993055
1993520
1994565
1994953
1994973
1995377
1996499
1996541
1996780
1996847
1997669
1998700
1999095
1999245
2001132
2002193
2002212
2002393
2002644
2003534
2003538
2004613
2005271
2005304
2005640
2005907
2007854
2007900
2007903
2008284
2008361
2009140
2009947
2010052
2010829
2010907
2011071
2011171
2012155
2014765
2015162
2015372
2015671
2016062
2016593
2016875
2017168
2017301
2017596
2018514
2019153
2019917
2019976
2020279
2020299
2020394
2020598
2020666
2021492
2021494
2021568
2022053
2022791
2023403
2023630
2023668
2023839
2024506
2024560
2025153
2025188
2025303
2025581
2025582
2025631
2026016
2026238
2026432
2026861
2027536
2028672
2028724
2029486
2029981
2030148
2030219
2030692
2030737
2031335
2031371
2031412
2032540
2032751
2033213
2033429
2034470
2034629
2035769
2035968
2036015
2036452
2038124
2038917
2038930
2039222
2039238
2039709
2040067
2040570
2040778
2042339
2042438
2042756
2043104
2043965
2044206
2044474
2045283
2045446
2046165
2046503
2046510
2047833
2048873
2049570
2049922
2050617
2051140
2051800
2052301
2052389
2052861
2053614
2053805
2054128
2054579
2054761
2054922
2055054
2055223
2055248
2055290
2055717
2055834
2056204
2056567
2057178
2057252
2057522
2057562
2057653
2058039
2058386
2059039
2059109
2059306
2060275
2060847
2060868
2062526
2062789
2063053
2063713
2063714
2064619
2065077
2065667
2065740
2067709
2068297
2068331
2068503
2069239
2069595
2069726
2069856
2070402
2071529
2072246
2072507
2073981
2074993
2075239
2075249
2075358
2075868
2076056
2076341
2077410
2077639
2077644
2077779
2078782
2080019
2080571
2082071
2082667
2082815
2083246
2083492
2084393
2084527
2085063
2085508
2085562
2085673
2087442
2088693
2090017
2090577
2091254
2091388
2092196
2093752
2094476
2094559
2094613
2094638
2094874
2094891
2095757
2095850
2096214
2097296
2097446
2097688
2098858
2099040
2100638
2100828
2101294
2101444
2101509
2101946
2102031
2102252
2103325
2103587
2103964
2104302
2104424
2104844
2106986
2106990
2107202
2107495
2108129
2108325
2108420
2108633
2108966
2109353
2109400
2110495
2110621
2112584
2113321
2114634
2114890
2114993
2115482
2115610
2115964
2116014
2116597
2117047
2117103
2117714
2117748
2119689
2121223
2121559
2121826
2122217
2122240
2122344
2122635
2122794
2123348
2123385
2123401
2123786
2124253
2124493
2124829
2125528
2125540
2125556
2125939
2126316
2127210
2127933
2128969
2129409
2129417
2129832
2131019
2131466
2132176
2132448
2133069
2133693
2133739
2135566
2137150
2137653
2137796
2138243
2138727
2139409
2139842
2139861
2140002
2140138
2141940
2142167
2143614
2144020
2144358
2144860
2145025
2145098
2145107
2145227
2145373
2145492
2145546
2146060
2146325
2146575
2147534
2148336
2148619
2149136
2149518
2149792
2150038
2150161
2151105
2151676
2151740
2152037
2152298
2152825
2153122
2153186
2153438
2154441
2154532
2155188
2155232
2155401
2155525
2155838
2156070
2156428
2157058
2157222
2158003
2158153
2158290
2158742
2159147
2160462
2160806
2161454
2162011
2162120
2162374
2163263
2164963
2165933
2166159
2166337
2166420
2166988
2167223
2167988
2168214
2168297
2168468
2169457
2170084
2170423
2170886
2171412
2171560
2171987
2172019
2172861
2172863
2174628
2175882
2175964
2176932
2177019
2177409
2177590
2178384
2178928
2179258
2179347
2179388
2179464
2179545
2180351
2180936
2181595
2181990
2182177
2182464
2182771
2182911
2183189
2183652
2183966
2184157
2184195
2184608
2184631
2184717
2184768
2185236
2185589
2186328
2187591
2187599
2187710
2188144
2189034
2190535
2191873
2192421
2193250
2194061
2194164
2194182
2194890
2195295
2195502
2195961
2196322
2196633
2197034
2197659
2197953
2197994
2198841
2199283
2199507
2199520
2200200
2200930
2202640
2202801
2203010
2203271
2203774
2204120
2205814
2205900
2206006
2206030
2206109
2206199
2206322
2206349
2206417
2206833
2207011
2207018
2208286
2208781
2209360
2210045
2210131
2210277
2210822
2211456
2211913
2212019
2212090
2213254
2215074
2215402
2215504
2215853
2215906
2215920
2216893
2217395
2217738
2218057
2218266
2218322
2218359
2218529
2219212
2219349
2220023
2220765
2220983
2221030
2221272
2221749
2222357
2222509
2222512
2222857
2224108
2224555
2225167
2225775
2225934
2225999
2226222
2226430
2226873
2227181
2227943
2228089
2228388
2228892
2230964
2232321
2232355
2232558
2233495
2233781
2233983
2234824
2234906
2235230
2235726
2236179
2236489
2236972
2237962
2238260
2238540
2239135
2239500
2240318
2240400
2240639
2241996
2244222
2244629
2244849
2245117
2245875
2245990
2246078
2246728
2249690
2249993
2250326
2251017
2251253
2251677
2252514
2252752
2253398
2253495
2253669
2253694
2253713
2253936
2254731
2254762
2255742
2255807
2255864
2257822
2258338
2258438
2258776
2260384
2260448
2262494
2262811
2262935
2263090
2263218
2263607
2263978
2263983
2266307
2266320
2266524
2266554
2266734
2268614
2268653
2269099
2270114
2271082
2271085
2271173
2271509
2271907
2272205
2272729
2273266
2273480
2273836
2274013
2275178
2275292
2275621
2275728
2276717
2277309
2279093
2281092
2281222
2281687
2281741
2282060
2282429
2282466
2283672
2284474
2284566
2284622
2284898
2288566
2289010
2289017
2289135
2289456
2289681
2289849
2289864
2290216
2290335
2290592
2290632
2290786
2291301
2291803
2293663
2293750
2294431
2295144
2295304
2297503
2298903
2298989
2299675
2300699
2302064
2302833
2303022
2303265
2303283
2303710
2303750
2304375
2304415
2305012
2305296
2305442
2307337
2307475
2308057
2308150
2308372
2308767
2309467
2309511
2309524
2311837
2312409
2312500
2312931
2313310
2313804
2313946
2314100
2314429
2314753
2315115
2315553
2315951
2317512
2317563
2318055
2318261
2318327
2318552
2319252
2319549
2320656
2320752
2321887
2322608
2322893
2323581
2323743
2325441
2325726
2326007
2327838
2327924
2328680
2330224
2330611
2331124
2332431
2332895
2333302
2333331
2333711
2334228
2334299
2334354
2335539
2335889
2336041
2336192
2336516
2337683
2337951
2338170
2338796
2339691
2339780
2339956
2340111
2340534
2340665
2340947
2341054
2341405
2341783
2341871
2342125
2342439
2342488
2342618
2342662
2342974
2343080
2344147
2344222
2344758
2345873
2346022
2346078
2346360
2347459
2347532
2347845
2348230
2348273
2348347
2348552
2349024
2349061
2349285
2350171
2350635
2350787
2350838
2351614
2351882
2354224
2356153
2356247
2357539
2358523
2358619
2359129
2359349
2360520
2360599
2362972
2363927
2364015
2364140
2365446
2365519
2365741
2366633
2367219
2367950
2368701
2369584
2371117
2371642
2371680
2371864
2372180
2372286
2373073
2373244
2373932
2375223
2375311
2375626
2376666
2376698
2377079
2378720
2378784
2378858
2379585
2379622
2379882
2380242
2380293
2381472
2382268
2382337
2382771
2383412
2383469
2383638
2386254
2386570
2386576
2387336
2387404
2387949
2389375
2390394
2390898
2391327
2391596
2392207
2392351
2393472
2393538
2394295
2394322
2394338
2395093
2395441
2395930
2396295
2396297
2397924
2398028
2398212
2398604
2399716
2400503
2400595
2402331
2402356
2402462
2402545
2402827
2403944
2404995
2405104
2406880
2407777
2407978
2408170
2408406
2408446
2410045
2410401
2410418
2411766
2411844
2412011
2412039
2412164
2412361
2412807
2412898
2413569
2414135
2414867
2414879
2415053
2416043
2416181
2417364
2417682
2417885
2417947
2418678
2418701
2419245
2419323
2419394
2419825
2420928
2421042
2421715
2421772
2422011
2422538
2422833
2423028
2423213
2424181
2424568
2424680
2425300
2425734
2426289
2426339
2426360
2426569
2427259
2427375
2428430
2428480
2429006
2429693
2430325
2430525
2430753
2430761
2431017
2431109
2431671
2432015
2433089
2433380
2433933
2434369
2435388
2435544
2435916
2437900
2438063
2438126
2440009
2440798
2440827
2441804
2442268
2442986
2443174
2443354
2443589
2443908
2443980
2444311
2444979
2445513
2446003
2446214
2446226
2446475
2446644
2447055
2447640
2447920
2448197
2448266
2448323
2449146
2450370
2450963
2450995
2451013
2451055
2451354
2452335
2452350
2452514
2452577
2452759
2453366
2453563
2453950
2453989
2454030
2454441
2454879
2454882
2455638
2456340
2457396
2457435
2458162
2458290
2458539
2458585
2459178
2459221
2459250
2459521
2460775
2461090
2461147
2461599
2462621
2463324
2465116
2465307
2466233
2466260
2466769
2467165
2467219
2467755
2468411
2468763
2469338
2469372
2469527
2469786
2470740
2471447
2472512
2472549
2472827
2473212
2474535
2475125
2476058
2476746
2477188
2477240
2477511
2478175
2480850
2480865
2480877
2481049
2482172
2482432
2482854
2482876
2484283
2484839
2485656
2485804
2486775
2487234
2487278
2487764
2488038
2492468
2494299
2494380
2494651
2494697
2494764
2495189
2495420
2495775
2496515
2496602
2497006
2498421
2498671
2498922
2499027
2499258
2499841
2500287
2501577
2501608
2501669
2501975
2502468
2503375
2503932
2504209
2504682
2505246
2505729
2506458
2506818
2509390
2509477
2510620
2512103
2513739
2513939
2514486
2515829
2516731
2516957
2518020
2518102
2519267
2519661
2519686
2520916
2521159
2521209
2521321
2521337
2521691
2522348
2522382
2522460
2522521
2524658
2524696
2524847
2525410
2526592
2526712
2527191
2527733
2527795
2528401
2529328
2529991
2530144
2530977
2531282
2531534
2533010
2533451
2534306
2534775
2535032
2535891
2536096
2536607
2536969
2537163
2537408
2538015
2538219
2539728
2541108
2542378
2542505
2542546
2542689
2542895
2543692
2544762
2545003
2545129
2545276
2545402
2545514
2546038
2546153
2547358
2547432
2548589
2548666
2549237
2549916
2551143
2551193
2551510
2551842
2552445
2552485
2552882
2552906
2552949
2553230
2553347
2554080
2555046
2555068
2555702
2556008
2556897
2557469
2558274
2559529
2559989
2561463
2561593
2562833
2563695
2563992
2564329
2564992
2565050
2565096
2565956
2566667
2566998
2567692
2569060
2569207
2569457
2569871
2570820
2571165
2571225
2571575
2572106
2572724
2572998
2573026
2573115
2573264
2573797
2574235
2574827
2575999
2577382
2577419
2577516
2578877
2579431
2579554
2579892
2580977
2581264
2581422
2581447
2581672
2581884
2582234
2582394
2582481
2583837
2585023
2585517
2585637
2586004
2586088
2586634
2588600
2588767
2588954
2589580
2590407
2590505
2590625
2591146
2591294
2592037
2592185
2592377
2593103
2593429
2593686
2593804
2593935
2594156
2595151
2595572
2596031
2596077
2596638
2597586
2598928
2599217
2599377
2599430
2600140
2600572
2601469
2602950
2603485
2604075
2604577
2605779
2606271
2606654
2606884
2608432
2609243
2609305
2609367
2609465
2609590
2610377
2610609
2610753
2611810
2611872
2612007
2612119
2612965
2614129
2614841
2615784
2616141
2616248
2616324
2617634
2618175
2618254
2618748
2618904
2619982
2620355
2620378
2620639
2620697
2622340
2622882
2623225
2623523
2624095
2624449
2624713
2624980
2625739
2627472
2627535
2627804
2627851
2628920
2629312
2630636
2631653
2631978
2632003
2632149
2632850
2633705
2634913
2635087
2636597
2637038
2637232
2637368
2638048
2638689
2638949
2639594
2640043
2640095
2640105
2640735
2641339
2642027
2643000
2643042
2643264
2643633
2644078
2644180
2644307
2645305
2646776
2647407
2647701
2647956
2648365
2649300
2649765
2649830
2649980
2650027
2650059
2650435
2650656
2651545
2651571
2652051
2652236
2652242
2652376
2652746
2652961
2654984
2655453
2655701
2656906
2656974
2657115
2658977
2659087
2659187
2659298
2660112
2660975
2661744
2662621
2663232
2663448
2664089
2664294
2664422
2664643
2665190
2665992
2666194
2666618
2666852
2667270
2667448
2668083
2668153
2668224
2668248
2668624
2669306
2669580
2669698
2670871
2670886
2670940
2671677
2671840
2672221
2672550
2673461
2673743
2674141
2674167
2674640
2674847
2674980
2676210
2676588
2676690
2676743
2677256
2677798
2677857
2678937
2679016
2679060
2679164
2679596
2679868
2680067
2682208
2682243
2682674
2683469
2683489
2683782
2685569
2685654
2685918
2685978
2686713
2687212
2688137
2688446
2689597
2689741
2690250
2692263
2692337
2692673
2692682
2692747
2693010
2693931
2694496
2697356
2697580
2698219
2698716
2698767
2698959
2699998
2701771
2701873
2702164
2702973
2703153
2703654
2703747
2703899
2705950
2706030
2706059
2707824
2707993
2708500
2708681
2708718
2708750
2708966
2709150
2710574
2710916
2711123
2711269
2711481
2713835
2715814
2716983
2717670
2717754
2717965
2718169
2718529
2718795
2719457
2719516
2719807
2723349
2723748
2724073
2724077
2724719
2725623
2725947
2726472
2726696
2726861
2728301
2728398
2728630
2728723
2729158
2729429
2729495
2729555
2729563
2730091
2730662
2731057
2733936
2734199
2734690
2735214
2737431
2737506
2737762
2738561
2739799
2739926
2740167
2740234
2740300
2741163
2741338
2741348
2741948
2742308
2744221
2744787
2744905
2745174
2746304
2746742
2746773
2747225
2747919
2748782
2749334
2749388
2750172
2750246
2750354
2750560
2750777
2751552
2751683
2751922
2751950
2753659
2753787
2753882
2754038
2754062
2754190
2756129
2756700
2757808
2758173
2759328
2759785
2759860
2760974
2762420
2762592
2762989
2763451
2764494
2764725
2765258
2765670
2765899
2766325
2766632
2768631
2769605
2770212
2770355
2770530
2770554
2771790
2771845
2771928
2772202
2772611
2772648
2772880
2773523
2773806
2773900
2774152
2775274
2775442
2775563
2775679
2776069
2776354
2779888
2780548
2780578
2780916
2781271
2781285
2781490
2781822
2782614
2784165
2784311
2784975
2785018
2786398
2786583
2786792
2786915
2787430
2787450
2787466
2787552
2788301
2788825
2789277
2789292
2789592
2789598
2789870
2790088
2790516
2790697
2790939
2790948
2791141
2791390
2792438
2792673
2793312
2793824
2793851
2795421
2795971
2796975
2797552
2798363
2798982
2799266
2800127
2800650
2800715
2800729
2800765
2801296
2801301
2801359
2801413
2802115
2802537
2803104
2803766
2804588
2804697
2804787
2808057
2809396
2809828
2809894
2810075
2811109
2811711
2811741
2811978
2812752
2813132
2813940
2814190
2815733
2818027
2819000
2819495
2819504
2819934
2820449
2820503
2820793
2820907
2820970
2821038
2822020
2822586
2822732
2822978
2823292
2823386
2823479
2823509
2823770
2824526
2826906
2826945
2827659
2827734
2828350
2828980
2829174
2829276
2829430
2830753
2830821
2831466
2831473
2831692
2832610
2833074
2833843
2834231
2834611
2834693
2834868
2836064
2837027
2838121
2838134
2838188
2838274
2838283
2838403
2839203
2839396
2839987
2840018
2842628
2844880
2845841
2845905
2845930
2846549
2846582
2846992
2847948
2848073
2849116
2849117
2849178
2849190
2849216
2849548
2849711
2849877
2850346
2850728
2851990
2852389
2852402
2852578
2853196
2853737
2854602
2854864
2854915
2855416
2855617
2856209
2856627
2856915
2856951
2857250
2858167
2858184
2859044
2859137
2859641
2861118
2862582
2863568
2864004
2864098
2864873
2865052
2865153
2865171
2865537
2865722
2866149
2866499
2867629
2867704
2867770
2867967
2868106
2868269
2868630
2869589
2870143
2870733
2871139
2871266
2871422
2872392
2872794
2873158
2873182
2873277
2874450
2874654
2875842
2877489
2877873
2878352
2878742
2878889
2879840
2880487
2880576
2881012
2882358
2883510
2883687
2883959
2883997
2884642
2884644
2885052
2885605
2885624
2885730
2886894
2886985
2888062
2888262
2889309
2889759
2889760
2889763
2890124
2890189
2890613
2891289
2891651
2891789
2891814
2892726
2893668
2894032
2894055
2894170
2894225
2895030
2895218
2895232
2896022
2896385
2896838
2897690
2897730
2897898
2898561
2898589
2898835
2899735
2900039
2900241
2901765
2901795
2902203
2902393
2903427
2904249
2904569
2904981
2905002
2905110
2905360
2905760
2906661
2907267
2907285
2907691
2908099
2908855
2909152
2909248
2910499
2910545
2911327
2911329
2911414
2911795
2913442
2914113
2914398
2914577
2915762
2915764
2915766
2915995
2916565
2917095
2917313
2917523
2917832
2918446
2919116
2919216
2919349
2920157
2920382
2920766
2921330
2922146
2922195
2922266
2922336
2923088
2923379
2923625
2923731
2923951
2924234
2924731
2925542
2925549
2926268
2926286
2926342
2926690
2926871
2927278
2927859
2928103
2929337
2929928
2930046
2930420
2930996
2931099
2932020
2932132
2932152
2932251
2933205
2933642
2934125
2934320
2934828
2935515
2935829
2936458
2936492
2936813
2937070
2937237
2938521
2939315
2940118
2940783
2940812
2941145
2941374
2942573
2943972
2944503
2945396
2945412
2946682
2947721
2950110
2950174
2950258
2950929
2950951
2951205
2951459
2951655
2952927
2953131
2954380
2954409
2954963
2955837
2955925
2957746
2957899
2958118
2958638
2958756
2959075
2959111
2959795
2960888
2961628
2962293
2963552
2963792
2963906
2964118
2965653
2966367
2966753
2966814
2968068
2968378
2969303
2970233
2970666
2970951
2971915
2972692
2972796
2973038
2973585
2975251
2976806
2977789
2978368
2978800
2978870
2979121
2979206
2980410
2980516
2981097
2981278
2981578
2981846
2982159
2982236
2982518
2982651
2982868
2982894
2983711
2985246
2985476
2987277
2989053
2989178
2989296
2989324
2989402
2989930
2990093
2990673
2990725
2991012
2991322
2991464
2993126
2993188
2993769
2993973
2995148
2995157
2995406
2995899
2996275
2996731
2997529
2997768
2998494
2999148
2999288
2999843
