196969
672961
735453
789569
799551
1074170
1090170
1339980
5396278
5655151
5675493
5854805
6345196
6447221
6447230
6729801
6934726
7036097
7036103
7202458
7371079
7641474
7641546
7784396
7784399
7906485
8047196
8459680
8736216
9163535
9172941
9182063
9182087
9461342
9563639
9775088
10191484
10211163
10223586
10398184
10406208
10406220
10442992
10443046
10443052
10574661
10574727
10619040
10748663
10801285
10911355
10911358
10934609
10966639
10983356
10998422
11019798
11306133
11419692
11429668
11429669
11429673
11560275
11560292
11562226
11617017
11689953
11696236
11696241
11909522
12122774
12124233
12292607
12295871
12452906
12475856
12529057
12864267
12902076
12902079
12946020
13880819
13882403
13882406
14916593
16050560
16238567
16239696
17094845
17105848
17108423
17230740
17607007
