163068
163108
345169
369329
383299
383303
383307
383310
383316
427004
427720
428079
428080
428098
428868
428877
532989
536267
537684
786958
913270
955089
1022010
1022051
1338165
1390081
1394054
1493014
1493025
1493026
1507147
1554890
1557336
1703109
1706805
1706807
1885190
1887001
1966556
1966579
1966582
2014456
2014461
2020684
2020686
2020700
2193812
2301746
2305414
2344359
2344918
2345120
2349638
2349647
2350459
2350462
2407511
2430297
2441353
2817389
2817399
2817414
2817429
2845211
3016997
3072593
3072605
3148891
3148907
3320520
3485820
3486113
3489339
3669103
3669104
3735337
3802104
3852142
3896176
3965693
3966825
3976269
4370447
4465562
4489253
4594559
4622894
4623127
4624957
4630500
4635507
4742268
4779930
4804425
4823024
4823701
4834504
4855746
4869824
4877545
4880513
4883202
4958229
4968711
4969826
5168171
5168411
5168421
5174095
5174120
5179885
5199000
5200658
5200947
5202547
5213801
5221388
5286633
5297068
5356635
5363240
5389963
5401277
5401418
5401669
5409485
5422583
5505558
5575167
5575785
5580128
5584124
5584130
5590547
5600935
5651362
5658628
5670504
5671726
5703911
5750600
5757098
5764468
5811094
5851297
5866781
5867244
5867291
5886672
5887462
5942789
5975099
5987060
5987083
5994694
5998163
6014090
6023459
6056875
6056884
6061689
6077555
6088975
6149870
6172313
6221709
6247855
6247860
6251210
6276761
6408502
6408517
6446526
6447009
6458084
6458110
6478655
6478660
6478675
6598267
6598634
6630568
6653350
6654399
6664961
6666264
6735265
6760351
6764490
6764539
6772350
6772891
6772906
6772939
6774811
6816361
6909246
6915286
6945349
6945604
6945609
6958791
6958820
6999064
7043618
7043704
7048559
7051310
7051878
7051895
7051896
7054638
7054811
7124029
7140834
7142470
7143472
7143479
7155664
7208379
7242335
7242337
7242341
7263453
7322564
7324814
7334207
7338567
7338570
7340148
7340151
7340813
7341295
7341465
7341474
7341710
7420940
7423515
7492378
7502805
7531810
7547500
7553583
7553595
7553597
7553627
7585164
7595353
7596778
7596779
7631567
7639659
7639662
7693498
7859486
7859581
7859770
7859776
7863527
7863536
7877868
7877870
7879183
7879714
7893422
7954984
7967556
7969252
7969706
8008517
8019657
8022277
8022771
8030239
8057833
8057845
8072684
8072835
8072859
8095299
8123413
8123419
8123850
8124092
8164615
8169154
8169168
8169333
8176034
8352443
8386844
8387721
8387768
8387775
8395886
8398645
8493299
8526633
8547471
8562367
8563525
8563529
8568931
8586472
8591241
8591248
8599175
8599186
8600080
8600086
8630129
8746137
8748767
8748769
8748856
8748867
8748871
8759964
8759988
8790917
8792738
8804614
8804680
8807121
8807133
8833802
8861893
8861894
8947112
8971977
8991003
8991020
8992954
9020965
9059551
9059657
9059678
9066638
9068262
9110023
9168995
9215859
9217643
9217644
9217645
9239038
9241553
9243012
9246065
9247095
9247097
9247604
9247662
9302451
9302452
9308945
9309146
9319304
9428692
9428726
9429022
9439166
9455170
9479761
9488883
9488907
9506432
9506440
9518068
9519476
9519566
9519648
9521679
9521696
9521723
9521727
9526012
9526016
9526027
9526116
9526155
9548474
9566265
9586953
9593232
9626567
9626699
9626700
9656014
9656016
9656080
9656081
9656084
9680801
9687084
9687089
9690589
9690596
9749040
9792019
9809796
9838039
9858750
9858822
9886189
9886190
9886194
9888788
9896502
9902579
9909566
9940036
9940042
9940043
9944303
9963774
9964903
9968185
9968196
9968197
9968203
9968855
9968909
9968915
9988898
10050799
10052763
10091380
10110465
10110600
10110615
10111519
10143290
10143329
10143389
10143419
10181898
10183482
10183485
10183737
10183771
10184380
10187000
10212994
10213930
10213932
10227316
10227361
10227363
10227368
10227374
10227378
10256866
10256869
10294284
10321429
10324657
10324855
10324883
10325475
10330768
10330769
10331395
10332374
10339202
10343329
10347094
10406898
10406901
10484501
10502773
10502777
10505188
10516882
10517007
10532699
10532701
10532703
10540279
10540577
10540588
10564519
10605169
10606502
10626899
10730925
10757998
10774961
10806707
10847061
10847067
10858691
10858695
10890227
10890239
10890294
10919818
10951796
11067723
11067764
11080078
11170519
11184384
11222135
11222664
11222665
11247684
11247972
11248331
11279097
11279238
11294550
11314214
11319285
11325579
11325614
11325618
11325632
11396555
11479150
11479369
11479687
11555374
11555384
11563469
11563844
11570907
11610224
11612587
11613903
11613904
11623984
11625468
11659248
11659786
11659795
11659839
11659842
11665163
11666561
11666606
11666613
11678790
11693777
11729569
11737234
11737235
11737236
11751828
11819342
11821744
11838621
11838634
11870802
11872799
11922502
11951935
11954483
11954490
11956093
11988758
11990531
11990534
12010538
12043601
12056433
12093493
12094292
12119394
12205982
12219474
12219476
12230536
12238193
12253261
12253269
12254895
12266396
12267365
12287109
12288071
12292965
12292967
12324713
12354851
12382730
12395279
12402022
12426394
12427922
12430716
12460427
12460428
12485383
12510354
12531180
12559639
12563839
12567699
12620698
12620704
12620709
12705180
12773306
12775105
12776646
12809715
12821240
12828172
12828648
12831861
12845243
12855728
12900807
12905575
13003422
13016840
13027241
13058008
13060975
13078710
13110651
13125330
13125331
13125332
13125370
13125815
13128381
13148136
13159667
13222562
13230720
13230810
13242335
13242341
13248041
13251721
13258915
13263915
13293874
13301788
13313868
13341052
13346552
13352700
13352773
13366615
13375333
13390377
13395228
13411801
13424873
13433020
13433021
13443891
13500015
13506777
13506795
13537274
13537276
13537891
13542346
13611637
13618197
13618401
13618503
13630035
13679444
13709609
13709645
13787552
13788814
13803012
13868056
13924019
13924025
13937205
13958579
14056958
14074373
14074374
14089896
14202910
14537228
14563292
14697544
15049646
15050937
15050985
15544807
15544812
15544818
15544949
15544951
15545034
15661440
15661453
15699765
15699769
15699787
15699795
15699825
15699832
15699834
15699835
15701659
16006060
16227793
16227795
16263786
16263789
16279725
16465155
16629414
16633902
16679300
16891848
16928387
16928404
16928428
16928433
16928435
16933853
16933856
17033374
17063664
17223924
17245722
17250835
17559260
17582085
17816854
18114600
18114617
18114620
18114644
18369090
18369115
18407738
18416888
18490384
18502122
18502188
18505507
18505611
