496524
496660
499202
500830
503541
507937
496128
499027
498266
495973
500114
499595
502823
498676
499073
503901
494770
495985
501574
506968
502921
507555
497472
500052
502656
502105
505666
495598
500338
498954
496156
500777
503231
500287
495048
493678
499748
499167
505208
495848
497559
500728
503490
501313
499473
498105
502551
498586
506936
502835
503360
497979
499997
493532
498856
496838
500515
497087
493318
501321
506755
501547
498052
499694
503676
502297
501244
495733
497554
499071
498971
496819
496208
502363
503392
502660
500020
496291
500721
499742
498441
498273
504719
498577
502963
495322
505546
504573
502331
498799
494778
496687
505515
499295
496933
502060
498691
509502
502846
503875
501792
502457
502532
498027
498481
500883
498268
500237
503586
497268
495210
502683
502108
498703
494999
502035
500370
495388
502753
498405
498755
505766
502167
503604
501492
499285
501189
501018
503655
507441
501001
498224
494120
502953
502181
503959
502599
498939
506763
496060
506864
505438
501145
498788
500385
499657
501335
499424
500497
490029
497436
497137
500722
497330
501424
499113
502073
501327
499030
502754
500792
500993
498001
500042
499230
498421
495127
499526
506435
499284
498759
495459
502841
498934
502377
495122
498719
494921
496478
496076
495041
505760
497398
505142
497725
497375
505643
503839
503337
502909
499927
500617
499429
499254
498073
501632
501689
500231
497951
493713
498015
497811
503050
502927
506789
499022
500325
497512
496674
504014
499655
511874
497504
501142
502641
497615
504844
500567
497467
502284
498942
496425
499872
505178
503481
502256
496648
497257
502474
505148
496355
500658
501705
499831
499909
501560
499566
501957
503648
505934
491287
498426
499536
499125
498858
499520
503665
495268
497513
505654
501874
494950
497758
500330
500535
499252
499240
504509
501517
497098
505901
496785
496952
505634
493958
497011
506829
505771
498222
501728
508584
499930
506440
493617
505225
497049
497903
503962
505539
498235
502982
502828
503448
500973
494105
497317
498502
496809
500820
504986
499405
500018
493633
503278
507219
495724
505121
504486
499713
493847
502293
503944
498255
500513
501475
503045
497834
499528
499090
492779
501594
495335
499715
502652
503034
497568
494934
505625
503121
497866
499716
496122
501258
494376
500185
487838
495634
496200
499824
498187
496220
496698
492323
503661
503692
503546
489574
504043
505302
499703
502088
502566
500101
498448
500233
498834
496261
499140
504512
499743
498722
505754
496525
499502
500858
498803
494495
502171
496643
499094
498930
496426
500995
498671
506517
492170
501398
502186
494907
497275
506115
500328
499475
499706
493972
492192
504084
502849
499987
506711
506776
501587
502482
500146
491020
497883
495563
504769
503978
500706
496774
501942
502064
502190
500548
500353
500309
505290
496824
501852
497383
503354
495609
501703
501396
498519
498758
501676
503321
496024
503784
493708
495526
498085
501004
501553
502030
505615
493900
497041
498433
504776
497334
490320
501486
500447
492093
503452
503728
498066
491130
505024
500423
501934
503064
504644
499765
492157
501291
494595
501610
496837
502794
493441
505270
500916
501649
504584
497907
500348
497068
500132
502016
502617
493754
493781
504449
494742
506331
498399
500835
502806
499984
499271
504592
493300
503597
499311
499820
497487
505529
495472
499802
500739
504133
506696
501979
500345
496751
496267
501330
497503
504578
499560
502123
503060
502122
503734
504439
493885
497687
501679
494539
500228
499914
502750
497145
496154
494644
500563
500266
495400
497336
495513
501913
503824
497948
496842
503545
491160
496971
497357
499758
498151
499814
502770
501484
508926
496335
504965
504163
500895
495549
500156
501462
508188
496965
500586
502709
494559
493598
500945
506083
504911
504884
500406
490272
501030
500315
497646
502529
492859
502112
499794
503082
503488
503557
508037
505888
505197
495499
508279
497942
500016
501283
503209
495045
502087
499336
493636
499093
511013
500574
502938
498898
506818
500029
500092
500013
500074
501164
503948
493670
501708
502975
498572
501279
502213
501124
496185
504168
499436
497471
504996
505594
500313
502477
503547
500543
495099
499126
506733
494897
503175
505778
499600
492190
502291
496310
498824
500946
494264
503615
503054
497129
505661
500386
495460
504050
493339
489347
503787
497860
492645
505184
497925
493068
499157
503973
506539
505300
494486
501786
493133
504002
500634
505472
503407
506537
496384
504013
499224
500480
500282
493565
500204
499047
503393
504954
498484
498159
492871
497619
499442
505139
499235
497162
498322
498810
501066
501253
502310
497734
498686
496490
493159
501618
500988
501793
497653
499359
503156
503460
501364
493117
501938
507644
501838
492371
503415
505904
494205
499633
505709
502937
503059
503272
492674
495286
498361
496172
504744
502736
500635
499556
501892
504657
497477
497157
498983
497582
502776
498079
497400
501538
500814
497096
491275
499674
496984
495905
495387
507094
504619
495188
500361
503384
498447
509013
507149
506458
492783
497417
499618
506148
497409
501052
497824
492119
496861
497584
500613
504408
506589
502675
495138
500897
498836
498101
500743
505396
507155
498112
496134
497740
505824
497438
499762
498245
500947
499617
493996
491525
497571
499458
508909
496889
495864
496586
496803
496713
502173
503712
504094
499280
501043
501094
509741
499505
510200
499699
506158
500357
504569
501061
504035
498723
504868
499416
497139
502416
498860
503480
495443
501785
499614
501818
495397
495195
500707
502636
495561
504501
502743
500698
497149
498643
501591
505031
500408
505575
501055
496512
502435
494842
496487
496087
499177
500786
498338
502176
505691
502814
498662
494788
500364
501815
500229
493956
504935
500716
502183
502074
499413
506209
496455
505223
501367
510272
498033
504348
502464
501216
503947
495204
499286
503425
501958
498271
500669
495592
501449
504455
500550
498850
497814
503682
498870
500260
497950
505089
494957
500227
498645
495579
497601
498408
503383
498344
494427
499514
504541
496917
490752
495236
501830
497178
508298
501881
500625
499003
499907
503263
502049
501514
503587
504199
505923
501127
493557
496675
501844
502544
493810
498329
499701
504858
504122
499515
496289
496111
489836
501858
496995
497591
499880
502579
497996
498637
495580
502955
499891
499131
498838
495713
500147
499305
500093
499861
500442
503112
498416
503918
497829
498658
500690
505249
497440
499769
496588
500940
505150
500108
495224
495847
502557
493882
503228
503680
500581
496956
501697
504381
499833
490081
497144
497165
497572
494271
498078
501092
502679
500503
492133
509779
504257
496555
502046
507758
503884
501436
501229
502390
492810
503614
510612
503459
504102
499379
497266
493383
492793
499544
497781
494744
495115
502466
502163
498214
498241
507664
490432
502772
501022
507809
508034
500951
502658
502268
498706
493605
497110
500372
496030
501779
498709
500816
499242
501778
493217
495153
496476
503898
495913
500082
500203
507044
499707
497473
499954
495243
491065
500259
497731
501419
506422
507065
502714
505567
504157
494239
504052
506358
499915
505229
495954
494505
501243
509090
498614
500045
498164
496348
500049
497386
501118
500355
503617
500968
495085
495471
494522
500877
510005
504211
500975
501439
494455
503036
492442
508138
500441
510432
494750
497468
497976
506181
503194
496258
498789
506928
503556
500452
497896
496035
503402
494765
495906
504049
502554
500864
496859
499702
502681
504089
495731
494058
500735
502449
500780
495794
499385
505820
511665
509120
499574
497075
498017
494465
504194
494661
492963
501194
491080
499380
499521
500654
496188
500088
501372
498673
502897
492116
499653
497345
504633
496052
501049
497198
504496
496775
492494
495508
496690
497353
500918
497856
492242
503612
492347
502258
503235
500524
496435
498767
500429
506307
502805
503522
499730
501090
501963
499061
493175
501466
500746
499051
509716
495546
493246
503479
503736
494861
501561
492809
492666
493499
499834
501920
508281
498070
501105
504200
506827
498276
496369
497852
496286
498382
504610
493484
501716
493709
498265
509541
500598
495413
499666
499084
502777
503574
502209
499807
497066
505970
501619
506340
505935
496665
510397
504033
499821
498049
495587
492879
505732
495469
495495
513372
503119
505356
496851
503851
494091
496231
497598
503842
500781
497605
498034
501508
498604
502048
502124
498411
496794
501847
505266
498926
498633
501175
503897
504414
495001
498197
496436
500948
491291
496141
497454
501900
498960
493115
497889
504159
497905
501501
498366
504088
503625
497183
504971
497327
496344
503237
505459
499238
501835
499678
501869
498370
504738
496664
497642
501465
502033
494430
509174
504647
497502
496998
493501
501425
500509
492071
495672
497366
490394
499695
505989
500930
507966
501414
503116
504548
497101
498218
493094
504047
497262
493229
501886
505705
498596
505201
499508
500970
505264
503378
507306
497917
496114
503396
497499
503006
496539
497693
498340
501184
501387
501602
502044
495030
499155
504551
498864
500990
490765
504075
503260
504180
499671
497660
498321
504752
503295
504600
505207
489618
501162
498736
504082
504539
505007
510501
497566
502401
492560
491952
501339
502541
493696
504315
494779
506098
502537
496886
504834
499562
497482
499398
493717
500062
503726
497322
500974
501247
503187
503521
496574
504852
496773
496351
503355
500540
499492
496700
502158
503081
499507
499669
498775
491139
501528
496327
496691
498782
499840
506534
499215
502355
501783
505005
497668
502282
504187
500648
499194
500243
506202
496253
498943
497938
504545
502903
493083
500687
504624
495113
502748
508377
502052
504974
503844
498863
498594
497507
498957
503236
508655
497975
495412
500539
503568
496130
498881
502857
502022
498581
496439
496620
495574
499910
489796
500578
502559
500010
504680
506038
498311
497118
499553
500367
499761
501225
505953
491131
503451
503995
502177
495180
498106
494342
501324
499034
502094
500501
507672
503078
496844
501631
494177
502169
488633
500319
504479
499817
499551
504611
503760
508557
498418
500628
496879
495187
504198
494410
505687
499956
497159
505202
500675
496726
488235
502659
501223
495701
502144
495645
498203
499723
495952
501861
498022
497517
499744
499846
499709
500051
501029
510328
506507
501020
502917
498281
501535
500891
500611
497364
495496
505093
503132
499360
503033
502642
494752
503482
499925
502871
506413
503509
500305
495742
499303
509638
504490
498910
499312
493652
504143
510003
499866
504445
503410
493752
500700
503307
503565
501340
496173
501019
504848
498841
500160
500810
497706
499171
511023
505013
507994
495464
495543
499119
503234
498608
498171
508102
502220
493264
501429
498944
502768
498936
497244
500140
503420
500308
507704
503140
499517
496585
497638
501518
508555
501144
499300
497670
496651
492948
500197
500000
502011
504487
498844
499219
503450
508493
501281
498362
498585
502353
504435
501015
502063
500870
499406
492427
504967
500332
502265
502831
496247
504716
506431
499082
503853
503835
500004
497997
499232
495945
493850
496100
504230
504760
497356
492993
496752
500662
500247
493878
496092
500673
497995
495662
502918
498812
502855
495876
503471
495680
504288
502269
498270
497625
504270
499778
493517
498568
505079
504119
494848
494890
501087
497003
499132
495031
502993
499800
500794
497382
501995
505753
498544
494346
500724
508189
499629
500538
503605
497647
498555
503977
502061
495535
504062
500674
501343
507016
493966
502508
494719
504195
503975
495203
495883
499728
495044
501167
509404
498044
498510
502581
500070
496527
495261
503324
495415
507327
500644
495360
503591
509530
497894
498587
504140
498809
505786
498542
499111
501924
496644
494627
502191
500206
501148
499394
496822
500785
499248
501174
505623
500433
496093
497230
500166
498549
508821
506227
508736
503674
493530
503935
507246
496821
503791
505527
502025
493768
500529
500907
499886
496090
493019
501072
500085
502463
502979
503342
504330
498225
503446
490738
493683
505082
506210
500711
494508
498866
501674
500831
499077
498385
499538
492691
498292
504494
501496
497508
503311
506101
499522
503640
499578
501781
497637
507217
495134
503362
494370
500196
503316
500164
502216
496359
495643
495116
496293
501377
498995
497786
504313
501437
490450
497215
498582
497800
491045
500100
501599
501047
501224
493599
502485
493111
498610
500555
497277
496423
510653
500847
499604
502516
498347
509788
507563
495309
499961
495991
500811
502313
494723
505330
502225
492815
496783
503197
500172
504072
506186
496167
497902
497371
499320
497597
503492
507147
500645
502322
503352
504189
492351
501408
499964
496186
500021
503820
498444
501363
493897
500460
499318
500079
498837
507448
498246
501655
500130
506388
496848
496004
498282
500606
502615
494349
493855
497998
503455
501713
501916
501677
499123
494144
498617
497985
501081
496095
505583
502367
499000
501994
503789
498659
502524
500119
489634
498169
497991
506099
498323
503144
505118
500116
499892
503205
500069
504101
499806
496061
504361
500566
504458
502901
506684
499545
497156
493901
499209
503381
503114
499012
498115
495479
499548
504958
496243
497802
499920
503883
497752
497203
495948
500551
495398
499319
497196
