272680
494490
838445
923231
1035909
1035911
1126390
1304333
1334000
1719386
1772636
1818113
1867284
1867291
1954050
2068982
2119482
2166905
2307063
2334119
2353420
2599802
2696961
2805749
2842834
2960550
3014334
3014339
3063244
3063257
3243580
3243597
3451354
3486233
3486302
3489610
3489630
3506769
3559571
3802715
3869573
3896190
4195658
4242376
4276810
4355072
4441213
4468738
4589127
4619642
4619674
4769090
4898524
4945107
5000673
5006847
5029655
5086373
5138612
5154289
5223092
5516372
5520552
5521012
5584236
5584273
5602982
5734332
5772036
5948037
6190718
6215572
6219587
6405214
6507053
6580898
6581809
6660142
6743362
6761429
7088153
7088352
7088383
7088420
7088709
7088741
7088766
7088779
7234440
7235162
7235693
7236158
7236192
7236367
7236593
7236839
7237174
7497740
7674467
7702182
7962394
8074868
8120041
8199686
8218694
8219041
8302915
8369307
8417678
8502085
8510887
8591984
8627457
8632731
8676010
8701301
8862216
8931820
8944135
9159123
9401537
9593714
9802260
9802329
9803981
9804375
9804381
9804395
9804406
9932200
10057917
10109957
10109959
10192756
10269548
10269584
10269659
10269940
10270627
10270633
10270634
10283816
10337311
10455587
10489009
10906045
10906050
11067783
11398020
11495906
11752401
11872688
11872700
12198774
12679844
12681952
12681986
12882186
12882208
12882213
12882575
12882588
12882609
12882842
13075492
13204750
13366218
13448961
13448965
13454607
13567120
13705012
13726395
13928496
13948076
13988415
14041421
14158698
14158701
14216342
14221029
14367909
14367937
14368069
14368136
14368314
14368333
14368462
14448618
14544481
14577797
14885820
15001957
15040596
15040597
15040644
15040651
15040794
15049066
15049783
15050136
15050208
15083034
15281778
15281786
15281791
15282330
15555380
15794003
15798006
15798040
15798069
15798410
15830557
15881144
16199670
16223442
16305640
16386471
16529588
16667747
16667764
16667773
16667776
16667784
16667791
16667794
16667803
16693926
16745893
16746122
16746469
16746517
16746523
17069822
17091610
17091612
17258277
17381079
17383100
17459142
17469002
17627745
17800518
17962251
18133018
18250319
18300181
18445053
18801048
18877293
19015684
19015690
19167705
19293623
19293646
19335741
19395823
19406221
19837532
19873915
19888525
19936151
20263641
20277240
20432504
20591114
20657340
20715424
20881372
20933455
20961055
20961601
20961603
21450571
21483466
21829666
21895815
21995261
22096969
22111643
22112146
22112176
22112410
22112422
22112429
22112430
22145685
22185580
22259875
22270131
22995832
23240847
23390158
23558010
23575684
23575759
23622271
23712716
23790940
23803091
24065113
24128862
24128865
24163881
24166854
24195560
24255721
24447846
24451860
24460300
24489272
24563742
24585158
24678766
24779700
24779808
24898729
24958401
25002305
25038133
25081184
25127460
25262246
25380555
25415173
25416776
25498628
25520604
25541659
25541712
25541714
25541719
25541740
25541742
25706394
25708166
25723316
26323649
26323667
26355165
26450483
26456198
26456232
26456263
26456269
26456600
26456615
26456630
26456673
26732153
26815189
26918217
26919091
26924184
