2427098
2430436
2431109
2432509
2434436
2435791
2436275
2436565
2436568
2436614
2437918
2438587
2439111
2439977
2440397
2440675
2440820
2440865
2441253
2441698
2442372
2442679
2442779
2443049
2443790
2443806
2444098
2444378
2444417
2444909
2445082
2445335
2445408
2445451
2445780
2445995
2446209
2446315
2446370
2446406
2446454
2446559
2446879
2447062
2447145
2447241
2447308
2447309
2447366
2447523
2448203
2448337
2448351
2448626
2448664
2448734
2448902
2448931
2449022
2449362
2449425
2449480
2449499
2449608
2449749
2449817
2449870
2449967
2450026
2450048
2450049
2450080
2450141
2450177
2450294
2450317
2450366
2450393
2450404
2450475
2451131
2451152
2451329
2451388
2451392
2451416
2451625
2451636
2451664
2451698
2451982
2452012
2452086
2452275
2452522
2452602
2452652
2452844
2452980
2453025
2453274
2453288
2453341
2453358
2453477
2453479
2453489
2453594
2453718
2453730
2453767
2453866
2453909
2454003
2454192
2454208
2454319
2454320
2454333
2454381
2454539
2454629
2454647
2454660
2454783
2454824
2454910
2454919
2454956
2455026
2455129
2455296
2455365
2455480
2455557
2455720
2455846
2455871
2456002
2456083
2456115
2456125
2456273
2456362
2456399
2456417
2456421
2456485
2456486
2456519
2456554
2456652
2456657
2456729
2456953
2456963
2457007
2457012
2457022
2457057
2457137
2457187
2457225
2457273
2457285
2457425
2457428
2457446
2457469
2457479
2457483
2457537
2457558
2457579
2457590
2457606
2457636
2457646
2457702
2457703
2457734
2457745
2457754
2457795
2457822
2457857
2457866
2457887
2457930
2458005
2458023
2458036
2458129
2458161
2458170
2458195
2458202
2458203
2458241
2458260
2458281
2458304
2458390
2458454
2458530
2458551
2458559
2458574
2458639
2458669
2458848
2458869
2458880
2458883
2459012
2459016
2459030
2459052
2459068
2459088
2459131
2459228
2459282
2459335
2459432
2459499
2459575
2459610
2459614
2459617
2459619
2459626
2459639
2459647
2459656
2459714
2459724
2459735
2459825
2459828
2459832
2459848
2459854
2459879
2459890
2459898
2459953
2459974
2459998
2460008
2460013
2460076
2460102
2460106
2460110
2460132
2460138
2460147
2460197
2460327
2460341
2460361
2460404
2460468
2460483
2460535
2460541
2460559
2460590
2460596
2460599
2460655
2460683
2460692
2460748
2460758
2460782
2460786
2460832
2460855
2460869
2460871
2460909
2460921
2460986
2461118
2461163
2461181
2461188
2461210
2461224
2461232
2461236
2461267
2461334
2461377
2461461
2461520
2461537
2461612
2461642
2461655
2461768
2461778
2461836
2461838
2461842
2461868
2461887
2461921
2461932
2461952
2461964
2461999
2462012
2462014
2462029
2462060
2462074
2462076
2462082
2462134
2462143
2462148
2462149
2462215
2462216
2462235
2462239
2462278
2462279
2462373
2462376
2462454
2462482
2462486
2462525
2462531
2462538
2462583
2462607
2462695
2462700
2462705
2462716
2462760
2462818
2462840
2462880
2462919
2462955
2463014
2463016
2463059
2463077
2463084
2463121
2463125
2463153
2463168
2463179
2463198
2463228
2463235
2463265
2463271
2463304
2463362
2463392
2463409
2463419
2463446
2463448
2463456
2463475
2463501
2463515
2463529
2463530
2463541
2463577
2463581
2463588
2463589
2463615
2463620
2463642
2463672
2463824
2463828
2463855
2463890
2463898
2463933
2463935
2463977
2464025
2464033
2464057
2464094
2464123
2464146
2464156
2464197
2464221
2464242
2464246
2464247
2464283
2464298
2464340
2464357
2464432
2464472
2464505
2464529
2464534
2464562
2464613
2464617
2464656
2464695
2464720
2464724
2464746
2464754
2464769
2464771
2464772
2464774
2464781
2464792
2464815
2464835
2464841
2464846
2464885
2464890
2464911
2464943
2464970
2464985
2464995
2465001
2465037
2465043
2465077
2465077
2465120
2465157
2465169
2465209
2465268
2465316
2465372
2465376
2465399
2465413
2465426
2465438
2465457
2465461
2465477
2465558
2465572
2465584
2465589
2465652
2465655
2465665
2465672
2465678
2465737
2465740
2465750
2465753
2465766
2465796
2465817
2465823
2465827
2465855
2465895
2465908
2465913
2465916
2465929
2465934
2465996
2465999
2466000
2466006
2466020
2466036
2466047
2466065
2466123
2466126
2466137
2466163
2466172
2466231
2466233
2466274
2466297
2466314
2466315
2466317
2466337
2466379
2466405
2466417
2466423
2466447
2466478
2466481
2466488
2466491
2466519
2466559
2466564
2466585
2466616
2466621
2466631
2466641
2466670
2466683
2466707
2466715
2466716
2466722
2466740
2466744
2466746
2466754
2466764
2466825
2466831
2466868
2466882
2466892
2466933
2466937
2466942
2466981
2466982
2467034
2467074
2467083
2467095
2467101
2467133
2467173
2467192
2467206
2467214
2467243
2467275
2467292
2467323
2467326
2467352
2467354
2467390
2467405
2467431
2467459
2467468
2467470
2467479
2467501
2467511
2467523
2467554
2467555
2467580
2467585
2467597
2467606
2467623
2467639
2467644
2467663
2467669
2467674
2467734
2467734
2467757
2467770
2467775
2467776
2467814
2467821
2467828
2467835
2467839
2467846
2467850
2467877
2467881
2467882
2467893
2467937
2467948
2467954
2467969
2467980
2468023
2468040
2468041
2468057
2468063
2468071
2468083
2468087
2468097
2468108
2468127
2468139
2468159
2468168
2468173
2468176
2468190
2468194
2468205
2468215
2468257
2468276
2468278
2468282
2468304
2468324
2468336
2468346
2468360
2468397
2468409
2468427
2468434
2468469
2468487
2468494
2468495
2468507
2468520
2468542
2468543
2468548
2468575
2468582
2468593
2468598
2468605
2468639
2468645
2468648
2468654
2468693
2468726
2468758
2468770
2468781
2468792
2468812
2468823
2468841
2468844
2468856
2468857
2468878
2468882
2468894
2468917
2468927
2468929
2468938
2468970
2468988
2469039
2469050
2469074
2469085
2469091
2469119
2469137
2469139
2469148
2469189
2469200
2469212
2469221
2469226
2469228
2469232
2469256
2469258
2469263
2469279
2469331
2469354
2469360
2469367
2469381
2469383
2469409
2469412
2469415
2469425
2469449
2469460
2469467
2469494
2469538
2469560
2469572
2469607
2469623
2469628
2469652
2469708
2469711
2469732
2469773
2469782
2469855
2469869
2469895
2469903
2469916
2469919
2469928
2469932
2469941
2469965
2469968
2469977
2469980
2470047
2470115
2470124
2470131
2470134
2470154
2470243
2470249
2470275
2470302
2470309
2470347
2470362
2470369
2470379
2470410
2470458
2470484
2470487
2470503
2470505
2470532
2470535
2470556
2470564
2470581
2470584
2470599
2470600
2470610
2470628
2470631
2470677
2470683
2470708
2470748
2470757
2470770
2470866
2470889
2470930
2470933
2470937
2470961
2470969
2470974
2470978
2471027
2471043
2471048
2471066
2471075
2471087
2471099
2471114
2471133
2471139
2471143
2471150
2471164
2471171
2471183
2471207
2471232
2471245
2471256
2471281
2471288
2471294
2471296
2471336
2471366
2471368
2471409
2471411
2471433
2471455
2471473
2471481
2471510
2471513
2471520
2471525
2471534
2471536
2471539
2471558
2471569
2471588
2471590
2471598
2471607
2471614
2471642
2471649
2471654
2471665
2471670
2471671
2471681
2471694
2471698
2471717
2471727
2471739
2471741
2471750
2471763
2471776
2471805
2471812
2471836
2471852
2471905
2471912
2471932
2471936
2471944
2471961
2471979
2472006
2472016
2472027
2472031
2472036
2472038
2472063
2472082
2472085
2472097
2472109
2472130
2472131
2472133
2472157
2472162
2472172
2472189
2472195
2472249
2472258
2472272
2472301
2472310
2472331
2472338
2472349
2472350
2472358
2472376
2472376
2472383
2472385
2472408
2472436
2472438
2472447
2472454
2472458
2472459
2472460
2472465
2472487
2472494
2472518
2472555
2472557
2472575
2472598
2472627
2472691
2472692
2472733
2472746
2472776
2472791
2472810
2472817
2472819
2472822
2472825
2472826
2472830
2472863
2472874
2472883
2472893
2472914
2472927
2472937
2472944
2472945
2472959
2472962
2472963
2473004
2473009
2473012
2473016
2473019
2473033
2473046
2473050
2473051
2473056
2473060
2473117
2473171
2473174
2473180
2473200
2473221
2473229
2473234
2473237
2473240
2473247
2473257
2473267
2473272
2473306
2473311
2473312
2473329
2473341
2473347
2473368
2473392
2473426
2473429
2473435
2473440
2473444
2473471
2473478
2473484
2473510
2473520
2473521
2473537
2473543
2473569
2473581
2473583
2473607
2473620
2473621
2473626
2473631
2473642
2473650
2473655
2473677
2473715
2473731
2473751
2473753
2473762
2473763
2473766
2473767
2473771
2473799
2473811
2473819
2473822
2473838
2473840
2473842
2473861
2473877
2473878
2473889
2473892
2473902
2473912
2473917
2473961
2473970
2473972
2473975
2474015
2474036
2474039
2474045
2474060
2474061
2474101
2474109
2474112
2474136
2474153
2474158
2474167
2474193
2474202
2474211
2474223
2474226
2474247
2474249
2474254
2474255
2474269
2474270
2474275
2474282
2474303
2474319
2474335
2474338
2474352
2474355
2474365
2474376
2474387
2474407
2474418
2474425
2474445
2474454
2474477
2474483
2474487
2474498
2474507
2474517
2474546
2474563
2474572
2474580
2474597
2474612
2474614
2474632
2474638
2474662
2474666
2474669
2474679
2474680
2474688
2474702
2474714
2474745
2474746
2474748
2474753
2474763
2474773
2474785
2474791
2474793
2474828
2474830
2474835
2474837
2474841
2474843
2474844
2474869
2474875
2474879
2474882
2474886
2474892
2474898
2474908
2474936
2474960
2474988
2475019
2475024
2475030
2475036
2475064
2475080
2475101
2475104
2475105
2475115
2475125
2475129
2475138
2475146
2475157
2475164
2475170
2475171
2475176
2475185
2475190
2475205
2475216
2475229
2475236
2475260
2475290
2475314
2475315
2475316
2475334
2475359
2475367
2475402
2475410
2475419
2475429
2475432
2475449
2475450
2475459
2475488
2475497
2475513
2475525
2475526
2475533
2475534
2475547
2475550
2475566
2475589
2475590
2475594
2475615
2475641
2475659
2475679
2475682
2475686
2475710
2475726
2475727
2475733
2475734
2475757
2475759
2475762
2475794
2475795
2475804
2475810
2475815
2475843
2475855
2475857
2475868
2475872
2475882
2475891
2475899
2475901
2475904
2475908
2475910
2475922
2475943
2475952
2475957
2475966
2475976
2475979
2475981
2475982
2475995
2476000
2476012
2476034
2476046
2476065
2476095
2476096
2476101
2476131
2476139
2476148
2476162
2476177
2476199
2476237
2476255
2476256
2476280
2476302
2476320
2476337
2476346
2476376
2476383
2476385
2476390
2476391
2476406
2476412
2476412
2476415
2476417
2476420
2476437
2476437
2476440
2476466
2476468
2476479
2476495
2476506
2476519
2476521
2476574
2476578
2476578
2476586
2476608
2476615
2476618
2476624
2476629
2476629
2476646
2476656
2476664
2476681
2476690
2476710
2476712
2476729
2476731
2476756
2476760
2476767
2476787
2476814
2476815
2476825
2476829
2476831
2476834
2476854
2476873
2476875
2476879
2476896
2476897
2476912
2476916
2476929
2476930
2476932
2476938
2476943
2476947
2476966
2476969
2476970
2476974
2476995
2477001
2477040
2477051
2477055
2477057
2477111
2477113
2477131
2477140
2477143
2477146
2477166
2477167
2477168
2477170
2477198
2477199
2477203
2477205
2477221
2477228
2477240
2477246
2477260
2477268
2477304
2477315
2477337
2477343
2477344
2477379
2477387
2477391
2477400
2477403
2477414
2477428
2477448
2477465
2477492
2477496
2477498
2477499
2477504
2477506
2477517
2477526
2477534
2477535
2477544
2477550
2477563
2477567
2477569
2477587
2477595
2477597
2477609
2477615
2477620
2477623
2477649
2477653
2477662
2477665
2477674
2477676
2477691
2477707
2477711
2477712
2477737
2477750
2477765
2477785
2477787
2477805
2477828
2477842
2477851
2477870
2477880
2477895
2477898
2477900
2477932
2477952
2477956
2477959
2477988
2477999
2478002
2478003
2478025
2478026
2478032
2478036
2478045
2478049
2478053
2478054
2478055
2478089
2478092
2478104
2478110
2478154
2478164
2478169
2478184
2478190
2478200
2478201
2478203
2478205
2478220
2478239
2478243
2478283
2478287
2478290
2478299
2478303
2478311
2478329
2478332
2478333
2478338
2478371
2478385
2478386
2478413
2478416
2478421
2478429
2478433
2478437
2478452
2478460
2478462
2478471
2478476
2478501
2478502
2478529
2478537
2478539
2478548
2478550
2478561
2478565
2478569
2478576
2478580
2478598
2478608
2478612
2478633
2478648
2478655
2478665
2478669
2478675
2478680
2478691
2478696
2478699
2478704
2478713
2478722
2478725
2478729
2478732
2478734
2478748
2478752
2478765
2478791
2478804
2478805
2478808
2478824
2478826
2478834
2478840
2478853
2478859
2478862
2478873
2478882
2478893
2478929
2478944
2478946
2478947
2478974
2478977
2478982
2479014
2479020
2479022
2479032
2479047
2479049
2479053
2479054
2479061
2479068
2479069
2479073
2479074
2479077
2479085
2479095
2479097
2479105
2479106
2479108
2479116
2479117
2479123
2479128
2479137
2479146
2479151
2479153
2479158
2479166
2479174
2479184
2479215
2479228
2479235
2479271
2479280
2479294
2479314
2479334
2479338
2479348
2479359
2479361
2479364
2479368
2479373
2479375
2479376
2479384
2479390
2479410
2479447
2479451
2479478
2479479
2479509
2479510
2479521
2479525
2479549
2479551
2479556
2479557
2479572
2479575
2479577
2479580
2479584
2479604
2479624
2479626
2479637
2479646
2479663
2479682
2479704
2479706
2479709
2479720
2479724
2479737
2479760
2479761
2479771
2479772
2479778
2479783
2479789
2479800
2479811
2479817
2479818
2479822
2479823
2479839
2479842
2479858
2479860
2479866
2479875
2479877
2479884
2479886
2479902
2479904
2479919
2479926
2479927
2479951
2479953
2479966
2479969
2479981
2479992
2480004
2480022
2480026
2480029
2480033
2480056
2480064
2480082
2480093
2480102
2480103
2480104
2480108
2480109
2480112
2480122
2480133
2480149
2480173
2480187
2480191
2480222
2480225
2480230
2480231
2480240
2480248
2480252
2480257
2480258
2480263
2480264
2480267
2480274
2480308
2480329
2480340
2480360
2480365
2480366
2480369
2480370
2480378
2480383
2480390
2480411
2480415
2480431
2480435
2480464
2480465
2480468
2480472
2480476
2480478
2480487
2480499
2480501
2480509
2480522
2480523
2480540
2480549
2480562
2480573
2480579
2480590
2480598
2480601
2480602
2480615
2480621
2480630
2480693
2480698
2480708
2480708
2480719
2480728
2480730
2480741
2480746
2480753
2480754
2480759
2480763
2480768
2480796
2480798
2480811
2480821
2480826
2480828
2480835
2480840
2480842
2480846
2480858
2480879
2480898
2480902
2480904
2480910
2480913
2480922
2480926
2480927
2480932
2480938
2480975
2480976
2480990
2480990
2481023
2481025
2481044
2481049
2481057
2481084
2481103
2481115
2481119
2481121
2481128
2481130
2481136
2481138
2481148
2481156
2481158
2481163
2481164
2481179
2481187
2481195
2481206
2481212
2481217
2481225
2481226
2481227
2481229
2481233
2481248
2481250
2481254
2481262
2481268
2481279
2481280
2481287
2481294
2481295
2481301
2481319
2481320
2481327
2481350
2481351
2481361
2481366
2481371
2481374
2481382
2481383
2481385
2481390
2481393
2481403
2481414
2481428
2481433
2481436
2481440
2481453
2481464
2481466
2481476
2481478
2481486
2481490
2481492
2481494
2481497
2481518
2481531
2481536
2481538
2481540
2481542
2481543
2481545
2481552
2481564
2481575
2481579
2481593
2481597
2481610
2481627
2481631
2481644
2481678
2481688
2481689
2481695
2481698
2481733
2481741
2481743
2481758
2481761
2481765
2481769
2481778
2481783
2481790
2481792
2481795
2481798
2481802
2481817
2481820
2481826
2481848
2481851
2481861
2481870
2481903
2481905
2481908
2481912
2481917
2481919
2481920
2481922
2481925
2481933
2481937
2481941
2481944
2481958
2481992
2481998
2482009
2482012
2482015
2482019
2482027
2482040
2482041
2482050
2482051
2482054
2482055
2482056
2482065
2482069
2482072
2482079
2482091
2482106
2482114
2482122
2482127
2482137
2482154
2482179
2482181
2482193
2482206
2482219
2482220
2482221
2482222
2482224
2482225
2482234
2482238
2482249
2482266
2482271
2482274
2482291
2482299
2482318
2482324
2482328
2482329
2482337
2482339
2482349
2482351
2482352
2482362
2482367
2482371
2482372
2482374
2482385
2482387
2482387
2482392
2482403
2482415
2482427
2482444
2482461
2482470
2482473
2482481
2482504
2482508
2482509
2482517
2482522
2482528
2482531
2482548
2482568
2482582
2482584
2482585
2482587
2482603
2482605
2482612
2482614
2482615
2482617
2482627
2482629
2482633
2482634
2482639
2482660
2482683
2482697
2482705
2482710
2482715
2482728
2482748
2482758
2482764
2482782
2482783
2482785
2482787
2482794
2482799
2482805
2482808
2482813
2482816
2482817
2482829
2482830
2482834
2482848
2482865
2482869
2482871
2482879
2482892
2482900
2482903
2482917
2482924
2482936
2482941
2482949
2482957
2482980
2482983
2482987
2482994
2482995
2482997
2483040
2483051
2483057
2483058
2483071
2483072
2483074
2483079
2483080
2483081
2483090
2483094
2483098
2483116
2483133
2483138
2483149
2483150
2483153
2483167
2483171
2483186
2483188
2483192
2483198
2483199
2483203
2483208
2483223
2483224
2483225
2483229
2483236
2483238
2483246
2483250
2483268
2483270
2483283
2483294
2483305
2483310
2483314
2483317
2483320
2483336
2483341
2483343
2483346
2483359
2483371
2483375
2483377
2483380
2483382
2483388
2483392
2483405
2483417
2483423
2483433
2483434
2483436
2483446
2483454
2483469
2483477
2483478
2483479
2483483
2483487
2483493
2483501
2483504
2483508
2483513
2483517
2483518
2483521
2483524
2483531
2483533
2483551
2483552
2483563
2483567
2483568
2483574
2483581
2483586
2483595
2483599
2483637
2483639
2483642
2483642
2483643
2483652
2483659
2483661
2483667
2483671
2483680
2483699
2483703
2483706
2483712
2483724
2483730
2483739
2483758
2483759
2483769
2483784
2483785
2483790
2483791
2483795
2483807
2483819
2483820
2483822
2483823
2483824
2483862
2483882
2483883
2483910
2483917
2483946
2483950
2483959
2483963
2483965
2484000
2484016
2484024
2484026
2484031
2484034
2484035
2484036
2484046
2484051
2484056
2484059
2484067
2484083
2484088
2484124
2484135
2484137
2484146
2484147
2484148
2484150
2484175
2484190
2484191
2484199
2484207
2484218
2484220
2484230
2484234
2484235
2484256
2484258
2484268
2484271
2484276
2484284
2484287
2484290
2484295
2484300
2484327
2484330
2484331
2484333
2484347
2484350
2484353
2484358
2484359
2484369
2484374
2484375
2484377
2484403
2484410
2484414
2484416
2484431
2484449
2484454
2484462
2484468
2484482
2484497
2484499
2484505
2484506
2484532
2484533
2484538
2484541
2484550
2484565
2484567
2484572
2484579
2484586
2484587
2484593
2484594
2484595
2484597
2484604
2484605
2484621
2484625
2484639
2484640
2484642
2484645
2484647
2484651
2484654
2484656
2484666
2484675
2484681
2484684
2484691
2484700
2484730
2484731
2484759
2484761
2484776
2484784
2484788
2484794
2484806
2484811
2484813
2484818
2484822
2484823
2484834
2484835
2484836
2484839
2484842
2484843
2484857
2484867
2484883
2484886
2484892
2484897
2484901
2484910
2484918
2484932
2484939
2484941
2484953
2484954
2484958
2484963
2484964
2484966
2484981
2485013
2485023
2485030
2485033
2485037
2485045
2485051
2485056
2485062
2485067
2485071
2485072
2485073
2485085
2485098
2485104
2485112
2485121
2485144
2485145
2485151
2485157
2485170
2485174
2485176
2485180
2485182
2485185
2485205
2485211
2485217
2485220
2485229
2485235
2485247
2485265
2485267
2485276
2485283
2485295
2485299
2485316
2485317
2485318
2485321
2485324
2485329
2485331
2485347
2485357
2485358
2485361
2485366
2485367
2485369
2485375
2485383
2485396
2485397
2485400
2485401
2485406
2485415
2485427
2485429
2485430
2485432
2485433
2485441
2485457
2485460
2485461
2485475
2485477
2485504
2485505
2485512
2485513
2485525
2485531
2485535
2485536
2485544
2485549
2485551
2485555
2485556
2485560
2485566
2485583
2485586
2485589
2485596
2485596
2485604
2485611
2485621
2485625
2485628
2485630
2485654
2485658
2485660
2485661
2485665
2485676
2485681
2485690
2485717
2485719
2485730
2485733
2485734
2485736
2485743
2485779
2485781
2485787
2485791
2485793
2485802
2485810
2485820
2485821
2485826
2485827
2485828
2485832
2485849
2485860
2485866
2485867
2485868
2485901
2485907
2485931
2485932
2485935
2485944
2485952
2485957
2485961
2485964
2485972
2485976
2485979
2485986
2485993
2486000
2486001
2486002
2486019
2486020
2486029
2486041
2486042
2486045
2486050
2486059
2486064
2486065
2486066
2486067
2486071
2486072
2486078
2486085
2486087
2486090
2486099
2486106
2486112
2486115
2486118
2486122
2486130
2486131
2486141
2486144
2486145
2486173
2486188
2486197
2486205
2486210
2486215
2486231
2486254
2486261
2486266
2486269
2486276
2486297
2486298
2486304
2486318
2486324
2486330
2486332
2486336
2486338
2486340
2486346
2486350
2486351
2486352
2486356
2486361
2486368
2486370
2486382
2486383
2486386
2486390
2486396
2486404
2486414
2486419
2486425
2486430
2486431
2486434
2486436
2486437
2486447
2486450
2486452
2486465
2486466
2486467
2486476
2486479
2486507
2486510
2486521
2486540
2486547
2486548
2486553
2486554
2486565
2486566
2486569
2486576
2486595
2486598
2486612
2486619
2486626
2486628
2486630
2486632
2486634
2486644
2486655
2486656
2486660
2486664
2486671
2486680
2486695
2486697
2486718
2486729
2486733
2486734
2486738
2486740
2486743
2486745
2486750
2486751
2486754
2486763
2486765
2486768
2486769
2486771
2486790
2486795
2486801
2486813
2486816
2486817
2486821
2486823
2486829
2486843
2486845
2486851
2486854
2486856
2486862
2486887
2486891
2486916
2486917
2486922
2486940
2486944
2486946
2486949
2486950
2486951
2486952
2486977
2486981
2486986
2486990
2486994
2486995
2487000
2487014
2487020
2487024
2487031
2487032
2487037
2487042
2487044
2487045
2487048
2487052
2487055
2487059
2487100
2487109
2487110
2487111
2487128
2487133
2487134
2487141
2487144
2487150
2487154
2487157
2487160
2487162
2487168
2487183
2487185
2487190
2487191
2487201
2487207
2487210
2487221
2487229
2487236
2487241
2487252
2487253
2487256
2487257
2487266
2487276
2487286
2487289
2487290
2487294
2487297
2487300
2487301
2487303
2487312
2487313
2487316
2487335
2487356
2487365
2487373
2487374
2487375
2487376
2487380
2487381
2487384
2487396
2487399
2487405
2487413
2487439
2487440
2487451
2487457
2487466
2487479
2487484
2487492
2487509
2487512
2487515
2487518
2487523
2487524
2487527
2487532
2487539
2487544
2487549
2487550
2487557
2487570
2487585
2487594
2487604
2487616
2487624
2487625
2487626
2487628
2487629
2487630
2487631
2487632
2487638
2487644
2487656
2487662
2487670
2487671
2487673
2487674
2487694
2487697
2487698
2487706
2487714
2487731
2487734
2487736
2487752
2487753
2487761
2487770
2487773
2487774
2487781
2487782
2487792
2487819
2487826
2487829
2487834
2487841
2487854
2487865
2487871
2487874
2487882
2487892
2487898
2487902
2487903
2487904
2487920
2487922
2487928
2487934
2487948
2487953
2487954
2487955
2487960
2487975
2487981
2487987
2487988
2487999
2488008
2488018
2488026
2488038
2488040
2488050
2488057
2488061
2488066
2488071
2488076
2488078
2488088
2488101
2488120
2488123
2488130
2488133
2488135
2488139
2488143
2488144
2488146
2488156
2488162
2488178
2488180
2488185
2488195
2488197
2488204
2488207
2488208
2488211
2488229
2488246
2488252
2488265
2488270
2488279
2488281
2488285
2488287
2488294
2488296
2488302
2488310
2488318
2488322
2488326
2488328
2488331
2488334
2488335
2488339
2488341
2488342
2488349
2488350
2488378
2488397
2488403
2488406
2488411
2488416
2488418
2488424
2488428
2488432
2488462
2488465
2488467
2488469
2488483
2488485
2488498
2488500
2488503
2488504
2488510
2488515
2488529
2488534
2488536
2488558
2488568
2488570
2488576
2488580
2488588
2488590
2488591
2488605
2488620
2488621
2488626
2488634
2488644
2488646
2488647
2488652
2488655
2488659
2488661
2488676
2488683
2488692
2488713
2488726
2488728
2488732
2488735
2488741
2488750
2488761
2488766
2488767
2488771
2488776
2488781
2488782
2488788
2488791
2488792
2488800
2488812
2488813
2488815
2488834
2488838
2488848
2488854
2488855
2488858
2488860
2488872
2488877
2488882
2488884
2488891
2488895
2488899
2488900
2488902
2488916
2488930
2488940
2488941
2488946
2488947
2488960
2488962
2488968
2488990
2488993
2488995
2488997
2489002
2489025
2489028
2489030
2489041
2489048
2489050
2489053
2489063
2489068
2489069
2489078
2489082
2489086
2489091
2489106
2489107
2489113
2489116
2489118
2489119
2489121
2489137
2489144
2489149
2489154
2489167
2489173
2489189
2489190
2489194
2489198
2489205
2489214
2489225
2489232
2489235
2489240
2489252
2489257
2489260
2489262
2489264
2489267
2489278
2489302
2489305
2489306
2489315
2489316
2489317
2489329
2489331
2489338
2489345
2489368
2489378
2489380
2489403
2489404
2489407
2489410
2489423
2489434
2489438
2489439
2489450
2489451
2489467
2489474
2489476
2489483
2489499
2489503
2489510
2489522
2489537
2489549
2489565
2489583
2489595
2489596
2489598
2489609
2489618
2489621
2489626
2489633
2489636
2489643
2489650
2489661
2489668
2489675
2489681
2489682
2489684
2489688
2489689
2489697
2489707
2489711
2489716
2489719
2489725
2489746
2489780
2489808
2489812
2489818
2489823
2489827
2489828
2489838
2489843
2489850
2489857
2489878
2489888
2489894
2489919
2489920
2489921
2489929
2489931
2489952
2489956
2489959
2489960
2489970
2489971
2489979
2489990
2489992
2489995
2489997
2490000
2490001
2490012
2490015
2490020
2490023
2490026
2490030
2490032
2490033
2490042
2490045
2490064
2490069
2490070
2490075
2490081
2490082
2490091
2490111
2490112
2490116
2490137
2490139
2490147
2490149
2490153
2490156
2490157
2490159
2490165
2490174
2490177
2490178
2490179
2490180
2490186
2490187
2490193
2490199
2490203
2490204
2490207
2490213
2490216
2490218
2490219
2490231
2490232
2490239
2490247
2490256
2490262
2490269
2490272
2490273
2490279
2490280
2490291
2490304
2490308
2490314
2490316
2490323
2490324
2490327
2490331
2490333
2490334
2490340
2490346
2490358
2490372
2490378
2490382
2490385
2490387
2490391
2490398
2490402
2490408
2490409
2490413
2490419
2490438
2490442
2490450
2490455
2490459
2490464
2490469
2490482
2490483
2490493
2490497
2490506
2490515
2490518
2490520
2490523
2490524
2490526
2490527
2490533
2490541
2490544
2490548
2490557
2490561
2490567
2490583
2490611
2490624
2490630
2490637
2490645
2490648
2490655
2490664
2490673
2490675
2490687
2490692
2490695
2490705
2490714
2490720
2490723
2490732
2490734
2490738
2490740
2490741
2490742
2490747
2490751
2490758
2490767
2490770
2490783
2490789
2490799
2490800
2490802
2490807
2490812
2490814
2490821
2490823
2490827
2490828
2490834
2490837
2490840
2490845
2490851
2490872
2490889
2490896
2490898
2490902
2490904
2490909
2490910
2490911
2490921
2490929
2490933
2490937
2490957
2490958
2490959
2490973
2490977
2490987
2490989
2490992
2490998
2491006
2491007
2491014
2491017
2491020
2491021
2491034
2491036
2491039
2491045
2491049
2491052
2491059
2491075
2491077
2491087
2491089
2491090
2491091
2491096
2491098
2491099
2491103
2491111
2491112
2491117
2491123
2491125
2491127
2491128
2491129
2491133
2491136
2491144
2491155
2491160
2491174
2491175
2491177
2491179
2491183
2491184
2491189
2491199
2491204
2491207
2491208
2491209
2491210
2491214
2491241
2491243
2491254
2491256
2491257
2491271
2491281
2491284
2491301
2491303
2491313
2491326
2491340
2491341
2491342
2491354
2491355
2491359
2491364
2491367
2491371
2491373
2491380
2491381
2491382
2491387
2491395
2491402
2491413
2491416
2491417
2491424
2491427
2491428
2491439
2491442
2491443
2491446
2491448
2491455
2491460
2491471
2491473
2491476
2491479
2491484
2491492
2491493
2491516
2491522
2491524
2491525
2491534
2491537
2491538
2491546
2491547
2491562
2491576
2491592
2491596
2491614
2491637
2491640
2491666
2491668
2491669
2491678
2491681
2491693
2491696
2491699
2491703
2491705
2491708
2491711
2491715
2491724
2491728
2491731
2491733
2491748
2491750
2491765
2491766
2491772
2491773
2491779
2491786
2491790
2491791
2491796
2491802
2491817
2491825
2491828
2491831
2491834
2491840
2491844
2491848
2491853
2491858
2491867
2491870
2491872
2491874
2491898
2491931
2491938
2491946
2491952
2491964
2491965
2491966
2491967
2491992
2491995
2491998
2492001
2492013
2492020
2492021
2492036
2492044
2492053
2492061
2492070
2492079
2492084
2492086
2492089
2492103
2492108
2492112
2492116
2492119
2492121
2492128
2492146
2492154
2492157
2492181
2492183
2492192
2492197
2492200
2492202
2492204
2492211
2492221
2492231
2492237
2492241
2492243
2492253
2492254
2492257
2492262
2492274
2492277
2492291
2492292
2492306
2492307
2492310
2492315
2492316
2492323
2492336
2492346
2492351
2492352
2492366
2492379
2492382
2492391
2492408
2492412
2492418
2492421
2492430
2492432
2492434
2492449
2492452
2492454
2492459
2492474
2492478
2492482
2492487
2492490
2492492
2492523
2492527
2492531
2492539
2492550
2492559
2492566
2492567
2492578
2492580
2492581
2492582
2492596
2492598
2492602
2492613
2492620
2492624
2492625
2492631
2492638
2492651
2492665
2492669
2492672
2492676
2492684
2492700
2492709
2492713
2492716
2492718
2492722
2492724
2492727
2492733
2492741
2492744
2492756
2492760
2492767
2492772
2492777
2492790
2492800
2492802
2492821
2492823
2492828
2492829
2492830
2492839
2492841
2492852
2492853
2492857
2492859
2492864
2492872
2492877
2492899
2492902
2492904
2492911
2492918
2492919
2492923
2492943
2492946
2492951
2492979
2492981
2492985
2492987
2492995
2493006
2493009
2493014
2493017
2493023
2493040
2493046
2493054
2493056
2493072
2493077
2493078
2493087
2493089
2493095
2493099
2493103
2493108
2493121
2493127
2493130
2493132
2493133
2493138
2493147
2493151
2493171
2493175
2493176
2493178
2493185
2493186
2493188
2493203
2493206
2493226
2493228
2493230
2493232
2493233
2493238
2493247
2493253
2493256
2493260
2493262
2493265
2493267
2493273
2493277
2493282
2493283
2493287
2493293
2493294
2493296
2493298
2493319
2493324
2493325
2493336
2493348
2493349
2493369
2493377
2493388
2493390
2493391
2493400
2493401
2493403
2493420
2493429
2493431
2493434
2493438
2493439
2493441
2493449
2493451
2493460
2493461
2493462
2493471
2493472
2493473
2493485
2493489
2493494
2493497
2493498
2493504
2493516
2493521
2493522
2493528
2493548
2493565
2493567
2493573
2493581
2493587
2493596
2493599
2493600
2493602
2493606
2493612
2493613
2493618
2493628
2493638
2493642
2493650
2493659
2493661
2493667
2493669
2493671
2493676
2493677
2493679
2493680
2493687
2493690
2493698
2493721
2493723
2493724
2493731
2493734
2493741
2493745
2493754
2493755
2493759
2493760
2493785
2493791
2493803
2493811
2493817
2493823
2493827
2493831
2493832
2493836
2493841
2493847
2493858
2493863
2493877
2493882
2493886
2493890
2493893
2493898
2493908
2493933
2493934
2493943
2493947
2493950
2493951
2493955
2493961
2493969
2493970
2493971
2493973
2493976
2493992
2493994
2494000
2494007
2494009
2494019
2494022
2494034
2494038
2494046
2494047
2494049
2494052
2494054
2494059
2494065
2494073
2494074
2494076
2494081
2494089
2494094
2494103
2494116
2494124
2494126
2494130
2494141
2494143
2494146
2494153
2494166
2494174
2494183
2494186
2494194
2494196
2494201
2494213
2494215
2494216
2494217
2494222
2494224
2494227
2494229
2494249
2494259
2494263
2494279
2494286
2494287
2494289
2494293
2494295
2494296
2494297
2494301
2494303
2494304
2494312
2494347
2494352
2494366
2494371
2494373
2494378
2494390
2494397
2494398
2494404
2494409
2494414
2494415
2494418
2494419
2494420
2494422
2494424
2494429
2494439
2494441
2494451
2494452
2494453
2494466
2494478
2494479
2494481
2494484
2494488
2494489
2494497
2494503
2494517
2494521
2494527
2494528
2494531
2494534
2494535
2494555
2494559
2494560
2494567
2494575
2494582
2494583
2494585
2494595
2494605
2494608
2494613
2494622
2494626
2494629
2494630
2494632
2494637
2494643
2494655
2494656
2494657
2494671
2494681
2494686
2494688
2494691
2494693
2494700
2494703
2494712
2494714
2494719
2494730
2494731
2494734
2494736
2494739
2494745
2494759
2494766
2494771
2494773
2494786
2494791
2494793
2494795
2494800
2494802
2494809
2494810
2494812
2494823
2494830
2494831
2494833
2494838
2494843
2494845
2494846
2494847
2494851
2494853
2494859
2494865
2494873
2494874
2494882
2494885
2494888
2494895
2494905
2494909
2494914
2494920
2494927
2494933
2494939
2494961
2494967
2494990
2495000
2495016
2495019
2495022
2495032
2495053
2495054
2495059
2495066
2495086
2495091
2495094
2495098
2495100
2495110
2495115
2495116
2495123
2495139
2495141
2495145
2495150
2495152
2495159
2495163
2495167
2495168
2495182
2495189
2495194
2495197
2495202
2495208
2495210
2495213
2495218
2495222
2495233
2495236
2495239
2495240
2495243
2495262
2495264
2495268
2495277
2495282
2495283
2495292
2495294
2495298
2495299
2495303
2495309
2495311
2495317
2495321
2495326
2495330
2495346
2495347
2495352
2495360
2495374
2495376
2495379
2495398
2495400
2495408
2495424
2495426
2495431
2495438
2495443
2495448
2495450
2495451
2495457
2495466
2495474
2495489
2495490
2495494
2495497
2495498
2495506
2495514
2495517
2495519
2495520
2495523
2495530
2495531
2495552
2495555
2495562
2495567
2495570
2495571
2495576
2495583
2495593
2495610
2495616
2495621
2495622
2495626
2495630
2495632
2495643
2495647
2495648
2495653
2495655
2495657
2495665
2495666
2495668
2495675
2495679
2495681
2495685
2495687
2495689
2495694
2495697
2495699
2495719
2495721
2495725
2495740
2495741
2495759
2495770
2495784
2495785
2495786
2495795
2495797
2495814
2495816
2495819
2495822
2495824
2495828
2495832
2495835
2495837
2495838
2495838
2495841
2495851
2495853
2495854
2495857
2495859
2495868
2495872
2495878
2495880
2495893
2495896
2495900
2495917
2495918
2495921
2495922
2495926
2495927
2495931
2495934
2495938
2495946
2495949
2495950
2495957
2495973
2495983
2496000
2496006
2496017
2496019
2496020
2496024
2496027
2496028
2496061
2496062
2496066
2496067
2496075
2496080
2496082
2496088
2496108
2496114
2496117
2496118
2496128
2496129
2496139
2496140
2496143
2496158
2496162
2496169
2496170
2496178
2496183
2496189
2496193
2496198
2496200
2496204
2496217
2496219
2496222
2496224
2496230
2496233
2496238
2496240
2496242
2496244
2496246
2496247
2496265
2496267
2496296
2496299
2496302
2496305
2496309
2496312
2496328
2496330
2496337
2496346
2496347
2496354
2496356
2496379
2496391
2496393
2496395
2496402
2496406
2496411
2496412
2496434
2496441
2496443
2496443
2496444
2496445
2496446
2496454
2496456
2496457
2496461
2496464
2496469
2496470
2496477
2496483
2496491
2496500
2496529
2496530
2496534
2496539
2496546
2496547
2496549
2496560
2496564
2496568
2496570
2496574
2496584
2496585
2496598
2496606
2496612
2496620
2496628
2496639
2496650
2496653
2496654
2496655
2496657
2496658
2496662
2496666
2496678
2496681
2496686
2496691
2496703
2496709
2496720
2496726
2496740
2496746
2496751
2496756
2496771
2496772
2496776
2496777
2496784
2496786
2496789
2496793
2496794
2496797
2496799
2496812
2496813
2496817
2496822
2496840
2496850
2496853
2496855
2496858
2496863
2496865
2496868
2496871
2496879
2496886
2496903
2496909
2496912
2496916
2496921
2496922
2496929
2496931
2496936
2496940
2496952
2496957
2496958
2496985
2497000
2497002
2497006
2497010
2497015
2497020
2497030
2497038
2497039
2497041
2497044
2497048
2497053
2497057
2497060
2497065
2497074
2497075
2497076
2497083
2497085
2497092
2497098
2497099
2497101
2497105
2497117
2497121
2497146
2497152
2497153
2497155
2497174
2497188
2497193
2497215
2497217
2497224
2497237
2497241
2497255
2497257
2497264
2497266
2497269
2497283
2497318
2497323
2497340
2497342
2497349
2497351
2497358
2497361
2497389
2497395
2497403
2497409
2497423
2497428
2497433
2497436
2497439
2497440
2497441
2497443
2497455
2497459
2497461
2497475
2497477
2497478
2497479
2497483
2497490
2497499
2497504
2497506
2497511
2497517
2497517
2497522
2497537
2497542
2497553
2497570
2497576
2497579
2497580
2497583
2497584
2497587
2497592
2497606
2497615
2497616
2497623
2497629
2497630
2497631
2497633
2497648
2497649
2497657
2497658
2497661
2497685
2497687
2497690
2497695
2497696
2497697
2497698
2497719
2497735
2497738
2497741
2497742
2497754
2497763
2497766
2497767
2497771
2497780
2497781
2497784
2497786
2497792
2497793
2497799
2497808
2497813
2497814
2497829
2497831
2497838
2497839
2497840
2497847
2497868
2497870
2497873
2497878
2497882
2497884
2497890
2497893
2497898
2497899
2497912
2497915
2497923
2497928
2497940
2497954
2497955
2497958
2497959
2497991
2498000
2498001
2498005
2498010
2498016
2498019
2498027
2498032
2498037
2498038
2498049
2498050
2498051
2498055
2498059
2498068
2498079
2498082
2498090
2498097
2498108
2498122
2498123
2498128
2498136
2498146
2498150
2498152
2498158
2498163
2498166
2498169
2498173
2498176
2498178
2498188
2498192
2498206
2498218
2498224
2498227
2498228
2498231
2498235
2498236
2498239
2498245
2498255
2498260
2498263
2498266
2498268
2498276
2498278
2498280
2498290
2498293
2498294
2498304
2498312
2498316
2498322
2498326
2498328
2498332
2498342
2498345
2498351
2498362
2498367
2498371
2498372
2498374
2498381
2498382
2498388
2498398
2498404
2498417
2498424
2498428
2498431
2498434
2498437
2498438
2498439
2498450
2498451
2498455
2498457
2498463
2498465
2498470
2498475
2498482
2498486
2498489
2498490
2498492
2498493
2498495
2498500
2498503
2498520
2498527
2498531
2498538
2498544
2498552
2498560
2498567
2498574
2498576
2498578
2498590
2498599
2498604
2498609
2498610
2498614
2498619
2498621
2498622
2498644
2498647
2498651
2498654
2498668
2498675
2498680
2498682
2498688
2498701
2498709
2498712
2498713
2498721
2498724
2498731
2498740
2498745
2498750
2498752
2498753
2498757
2498758
2498759
2498762
2498763
2498768
2498777
2498778
2498779
2498799
2498804
2498810
2498812
2498823
2498833
2498837
2498839
2498840
2498848
2498849
2498858
2498863
2498864
2498873
2498883
2498889
2498890
2498893
2498906
2498911
2498912
2498921
2498927
2498932
2498937
2498939
2498944
2498953
2498957
2498959
2498967
2498975
2498976
2498983
2498989
2498996
2499000
2499010
2499027
2499034
2499035
2499045
2499060
2499065
2499069
2499070
2499085
2499092
2499105
2499106
2499112
2499118
2499126
2499131
2499146
2499148
2499155
2499166
2499173
2499182
2499183
2499184
2499188
2499190
2499201
2499203
2499207
2499208
2499213
2499215
2499235
2499240
2499244
2499248
2499263
2499267
2499280
2499281
2499284
2499300
2499304
2499311
2499312
2499315
2499319
2499329
2499332
2499349
2499350
2499352
2499353
2499363
2499364
2499393
2499396
2499401
2499404
2499408
2499409
2499411
2499425
2499427
2499430
2499431
2499433
2499434
2499440
2499453
2499460
2499462
2499464
2499472
2499473
2499475
2499481
2499482
2499486
2499490
2499499
2499500
2499508
2499516
2499532
2499547
2499560
2499561
2499562
2499571
2499574
2499577
2499589
2499590
2499599
2499602
2499605
2499607
2499624
2499625
2499633
2499644
2499646
2499647
2499654
2499664
2499672
2499674
2499676
2499677
2499682
2499694
2499696
2499698
2499699
2499705
2499709
2499712
2499716
2499727
2499741
2499757
2499760
2499768
2499785
2499789
2499794
2499799
2499805
2499806
2499820
2499829
2499831
2499834
2499835
2499839
2499842
2499846
2499853
2499861
2499862
2499866
2499867
2499877
2499881
2499884
2499888
2499896
2499903
2499911
2499939
2499940
2499942
2499956
2499957
2499960
2499962
2499966
2499974
2499975
2499979
2499995
2499997
2500008
2500020
2500030
2500043
2500049
2500050
2500054
2500055
2500055
2500072
2500073
2500078
2500081
2500082
2500096
2500104
2500124
2500132
2500133
2500146
2500147
2500160
2500163
2500165
2500169
2500177
2500182
2500185
2500192
2500197
2500198
2500202
2500205
2500215
2500216
2500225
2500228
2500248
2500251
2500257
2500272
2500279
2500288
2500308
2500316
2500319
2500320
2500323
2500326
2500328
2500332
2500350
2500359
2500363
2500365
2500368
2500386
2500388
2500392
2500393
2500405
2500414
2500416
2500429
2500435
2500436
2500442
2500447
2500454
2500457
2500459
2500462
2500463
2500468
2500477
2500483
2500495
2500496
2500497
2500513
2500517
2500519
2500524
2500529
2500532
2500545
2500546
2500547
2500548
2500551
2500555
2500558
2500563
2500568
2500574
2500582
2500583
2500584
2500595
2500600
2500603
2500609
2500619
2500632
2500637
2500639
2500643
2500649
2500651
2500654
2500661
2500666
2500675
2500679
2500688
2500693
2500694
2500700
2500715
2500717
2500722
2500729
2500736
2500737
2500743
2500745
2500748
2500755
2500759
2500760
2500773
2500775
2500783
2500786
2500791
2500794
2500795
2500802
2500827
2500835
2500847
2500849
2500854
2500860
2500863
2500870
2500874
2500875
2500876
2500884
2500886
2500890
2500892
2500894
2500897
2500900
2500903
2500915
2500917
2500927
2500932
2500933
2500940
2500942
2500943
2500947
2500950
2500951
2500972
2500973
2500974
2500984
2500991
2500992
2500994
2500998
2501000
2501013
2501031
2501032
2501047
2501060
2501064
2501070
2501078
2501091
2501093
2501100
2501106
2501108
2501110
2501115
2501120
2501133
2501146
2501149
2501150
2501151
2501156
2501179
2501186
2501189
2501190
2501194
2501204
2501207
2501222
2501229
2501230
2501232
2501249
2501270
2501271
2501275
2501287
2501299
2501306
2501310
2501320
2501329
2501337
2501340
2501359
2501362
2501386
2501397
2501401
2501427
2501431
2501439
2501442
2501448
2501475
2501481
2501483
2501486
2501493
2501494
2501507
2501515
2501519
2501522
2501524
2501525
2501526
2501530
2501540
2501542
2501549
2501551
2501553
2501554
2501562
2501580
2501587
2501598
2501609
2501613
2501617
2501620
2501635
2501640
2501651
2501659
2501669
2501672
2501675
2501677
2501678
2501679
2501691
2501696
2501715
2501717
2501721
2501723
2501732
2501737
2501742
2501743
2501746
2501747
2501752
2501754
2501760
2501769
2501770
2501772
2501776
2501800
2501809
2501813
2501814
2501815
2501820
2501822
2501826
2501828
2501833
2501837
2501838
2501855
2501864
2501868
2501871
2501881
2501884
2501888
2501895
2501897
2501901
2501912
2501914
2501943
2501949
2501950
2501956
2501959
2501960
2501965
2501968
2501973
2501979
2501980
2501983
2501985
2501994
2501996
2502003
2502006
2502030
2502040
2502042
2502047
2502054
2502059
2502062
2502072
2502090
2502095
2502096
2502109
2502110
2502114
2502118
2502122
2502124
2502127
2502139
2502141
2502143
2502147
2502167
2502172
2502177
2502178
2502182
2502185
2502187
2502193
2502194
2502195
2502198
2502199
2502201
2502204
2502213
2502215
2502216
2502218
2502224
2502228
2502230
2502233
2502234
2502237
2502245
2502247
2502251
2502254
2502255
2502276
2502278
2502287
2502291
2502300
2502304
2502306
2502310
2502313
2502324
2502335
2502338
2502341
2502350
2502357
2502373
2502382
2502388
2502390
2502395
2502396
2502409
2502411
2502417
2502420
2502424
2502427
2502428
2502430
2502438
2502445
2502453
2502457
2502469
2502478
2502481
2502491
2502492
2502493
2502513
2502516
2502517
2502525
2502530
2502533
2502537
2502542
2502544
2502545
2502556
2502569
2502580
2502581
2502582
2502584
2502586
2502601
2502605
2502606
2502617
2502629
2502631
2502642
2502643
2502648
2502650
2502652
2502654
2502658
2502663
2502664
2502672
2502675
2502681
2502684
2502689
2502691
2502694
2502699
2502702
2502704
2502710
2502715
2502717
2502721
2502723
2502733
2502735
2502744
2502745
2502752
2502756
2502766
2502767
2502772
2502788
2502789
2502792
2502801
2502811
2502829
2502830
2502843
2502850
2502854
2502866
2502867
2502871
2502875
2502880
2502885
2502886
2502887
2502900
2502905
2502928
2502931
2502940
2502941
2502953
2502955
2502956
2502959
2502965
2502974
2502984
2502986
2502988
2502997
2503000
2503011
2503014
2503021
2503026
2503028
2503032
2503035
2503038
2503040
2503049
2503060
2503063
2503064
2503073
2503082
2503089
2503092
2503096
2503098
2503099
2503101
2503115
2503123
2503135
2503139
2503141
2503145
2503148
2503149
2503156
2503161
2503164
2503172
2503177
2503188
2503192
2503193
2503205
2503208
2503244
2503255
2503256
2503257
2503262
2503263
2503276
2503287
2503295
2503296
2503301
2503309
2503321
2503325
2503330
2503333
2503342
2503355
2503372
2503376
2503379
2503393
2503396
2503397
2503411
2503413
2503415
2503420
2503422
2503424
2503436
2503437
2503444
2503446
2503447
2503456
2503461
2503463
2503468
2503483
2503492
2503498
2503502
2503506
2503522
2503523
2503527
2503528
2503533
2503539
2503549
2503551
2503560
2503568
2503569
2503575
2503578
2503584
2503596
2503598
2503614
2503621
2503624
2503625
2503628
2503630
2503633
2503649
2503652
2503658
2503663
2503664
2503675
2503680
2503681
2503685
2503702
2503708
2503724
2503732
2503753
2503757
2503761
2503763
2503771
2503773
2503776
2503780
2503781
2503783
2503794
2503795
2503799
2503804
2503825
2503828
2503830
2503835
2503838
2503852
2503856
2503870
2503888
2503889
2503892
2503900
2503909
2503913
2503916
2503921
2503922
2503923
2503938
2503947
2503949
2503956
2503959
2503969
2503970
2503971
2503973
2503982
2503984
2503988
2503994
2504000
2504012
2504018
2504022
2504024
2504027
2504029
2504051
2504064
2504066
2504079
2504091
2504096
2504115
2504118
2504124
2504125
2504127
2504139
2504141
2504147
2504148
2504154
2504155
2504157
2504161
2504173
2504178
2504184
2504189
2504190
2504195
2504196
2504201
2504205
2504211
2504212
2504214
2504228
2504239
2504247
2504254
2504260
2504265
2504268
2504298
2504304
2504305
2504308
2504317
2504318
2504321
2504328
2504335
2504337
2504341
2504366
2504368
2504381
2504386
2504389
2504391
2504393
2504399
2504409
2504415
2504416
2504419
2504424
2504429
2504432
2504441
2504446
2504447
2504451
2504457
2504460
2504466
2504469
2504470
2504477
2504494
2504496
2504502
2504519
2504525
2504548
2504556
2504560
2504583
2504590
2504595
2504602
2504606
2504607
2504609
2504610
2504611
2504620
2504621
2504622
2504626
2504629
2504632
2504639
2504651
2504656
2504663
2504664
2504675
2504677
2504684
2504702
2504705
2504710
2504716
2504722
2504731
2504733
2504735
2504741
2504742
2504746
2504749
2504753
2504763
2504766
2504771
2504780
2504782
2504785
2504786
2504789
2504790
2504797
2504799
2504801
2504802
2504808
2504823
2504831
2504832
2504841
2504847
2504848
2504857
2504868
2504871
2504872
2504892
2504904
2504906
2504907
2504909
2504910
2504916
2504929
2504939
2504941
2504942
2504943
2504948
2504949
2504951
2504952
2504955
2504957
2504972
2504994
2504997
2505006
2505007
2505016
2505028
2505037
2505042
2505045
2505046
2505049
2505051
2505062
2505068
2505080
2505088
2505108
2505126
2505153
2505160
2505162
2505163
2505168
2505174
2505178
2505189
2505196
2505200
2505206
2505207
2505216
2505221
2505224
2505226
2505228
2505231
2505234
2505238
2505241
2505243
2505245
2505262
2505275
2505278
2505289
2505291
2505295
2505301
2505303
2505315
2505319
2505321
2505334
2505341
2505343
2505369
2505379
2505383
2505388
2505390
2505395
2505403
2505405
2505413
2505422
2505424
2505425
2505426
2505427
2505443
2505448
2505451
2505461
2505465
2505476
2505477
2505481
2505491
2505492
2505495
2505497
2505500
2505506
2505512
2505524
2505528
2505534
2505544
2505555
2505557
2505558
2505562
2505566
2505568
2505577
2505594
2505602
2505607
2505613
2505615
2505617
2505622
2505623
2505632
2505648
2505657
2505660
2505661
2505663
2505666
2505667
2505676
2505688
2505690
2505693
2505695
2505698
2505699
2505708
2505711
2505712
2505714
2505716
2505727
2505735
2505740
2505743
2505754
2505756
2505765
2505770
2505774
2505775
2505781
2505783
2505786
2505800
2505805
2505821
2505829
2505841
2505853
2505857
2505859
2505863
2505870
2505900
2505901
2505903
2505904
2505907
2505910
2505914
2505915
2505926
2505928
2505940
2505942
2505958
2505961
2505962
2505973
2505975
2505986
2505988
2505989
2505999
2506002
2506016
2506023
2506026
2506035
2506040
2506046
2506054
2506069
2506070
2506071
2506093
2506094
2506103
2506115
2506116
2506118
2506123
2506131
2506135
2506139
2506142
2506148
2506150
2506151
2506152
2506164
2506165
2506166
2506169
2506181
2506192
2506198
2506201
2506204
2506207
2506217
2506218
2506220
2506225
2506231
2506235
2506243
2506252
2506255
2506261
2506269
2506271
2506276
2506281
2506282
2506283
2506294
2506295
2506301
2506303
2506307
2506316
2506320
2506323
2506326
2506329
2506335
2506335
2506338
2506340
2506346
2506354
2506355
2506356
2506365
2506373
2506375
2506383
2506391
2506404
2506407
2506408
2506411
2506421
2506423
2506428
2506430
2506437
2506445
2506449
2506452
2506463
2506472
2506489
2506493
2506504
2506506
2506512
2506518
2506527
2506535
2506541
2506542
2506548
2506551
2506560
2506589
2506590
2506595
2506596
2506606
2506613
2506616
2506617
2506628
2506630
2506633
2506636
2506653
2506664
2506667
2506673
2506675
2506677
2506693
2506700
2506704
2506711
2506718
2506746
2506747
2506755
2506758
2506768
2506786
2506791
2506794
2506797
2506799
2506806
2506810
2506813
2506815
2506825
2506831
2506833
2506836
2506838
2506843
2506848
2506851
2506854
2506858
2506866
2506869
2506872
2506884
2506888
2506890
2506896
2506902
2506906
2506912
2506916
2506918
2506921
2506956
2506962
2506963
2506966
2506968
2506973
2506978
2506984
2506989
2506995
2506996
2507000
2507027
2507040
2507047
2507069
2507070
2507072
2507076
2507086
2507095
2507104
2507104
2507120
2507125
2507128
2507139
2507164
2507167
2507177
2507197
2507203
2507208
2507215
2507218
2507222
2507232
2507233
2507239
2507260
2507272
2507274
2507278
2507279
2507280
2507282
2507298
2507299
2507300
2507301
2507304
2507309
2507312
2507316
2507335
2507341
2507347
2507352
2507353
2507355
2507376
2507388
2507389
2507392
2507408
2507410
2507414
2507418
2507424
2507428
2507430
2507445
2507453
2507456
2507459
2507462
2507465
2507471
2507473
2507476
2507479
2507485
2507487
2507491
2507498
2507500
2507513
2507520
2507522
2507529
2507541
2507548
2507551
2507552
2507558
2507575
2507577
2507578
2507584
2507599
2507612
2507619
2507630
2507638
2507639
2507642
2507643
2507645
2507647
2507655
2507661
2507665
2507672
2507674
2507688
2507700
2507713
2507714
2507717
2507724
2507726
2507736
2507737
2507751
2507777
2507798
2507799
2507805
2507811
2507814
2507815
2507822
2507833
2507847
2507851
2507859
2507861
2507868
2507881
2507883
2507894
2507900
2507909
2507910
2507913
2507920
2507922
2507929
2507936
2507937
2507944
2507953
2507957
2507958
2507961
2507963
2507964
2507971
2507974
2507983
2507989
2507994
2507995
2508009
2508010
2508026
2508029
2508034
2508036
2508039
2508051
2508067
2508072
2508084
2508086
2508101
2508119
2508120
2508144
2508153
2508170
2508180
2508189
2508191
2508198
2508202
2508203
2508217
2508225
2508229
2508232
2508235
2508238
2508245
2508251
2508252
2508253
2508254
2508258
2508262
2508273
2508274
2508280
2508282
2508284
2508285
2508289
2508292
2508294
2508302
2508306
2508308
2508319
2508321
2508325
2508327
2508328
2508330
2508338
2508351
2508354
2508379
2508380
2508384
2508389
2508400
2508403
2508408
2508409
2508410
2508422
2508424
2508427
2508434
2508444
2508447
2508456
2508464
2508480
2508488
2508496
2508502
2508516
2508517
2508518
2508532
2508541
2508555
2508560
2508568
2508570
2508574
2508578
2508583
2508585
2508594
2508596
2508603
2508608
2508610
2508624
2508632
2508653
2508658
2508661
2508681
2508683
2508690
2508693
2508695
2508700
2508704
2508709
2508712
2508714
2508721
2508726
2508730
2508732
2508735
2508744
2508745
2508747
2508750
2508755
2508764
2508765
2508768
2508786
2508787
2508791
2508793
2508798
2508799
2508802
2508822
2508834
2508837
2508840
2508843
2508848
2508855
2508859
2508866
2508869
2508882
2508888
2508895
2508899
2508909
2508917
2508922
2508930
2508943
2508949
2508950
2508951
2508957
2508978
2508979
2508984
2508989
2509000
2509002
2509005
2509006
2509007
2509015
2509016
2509026
2509030
2509047
2509061
2509062
2509071
2509077
2509088
2509091
2509095
2509102
2509107
2509108
2509111
2509114
2509120
2509125
2509144
2509154
2509155
2509164
2509179
2509180
2509186
2509187
2509197
2509201
2509204
2509211
2509213
2509217
2509222
2509227
2509232
2509234
2509237
2509247
2509255
2509272
2509276
2509284
2509289
2509294
2509295
2509310
2509313
2509318
2509319
2509322
2509323
2509324
2509335
2509342
2509351
2509362
2509370
2509376
2509385
2509393
2509397
2509404
2509410
2509420
2509423
2509433
2509436
2509441
2509453
2509457
2509463
2509467
2509468
2509469
2509475
2509501
2509503
2509510
2509522
2509539
2509558
2509577
2509582
2509585
2509586
2509589
2509592
2509609
2509610
2509629
2509631
2509636
2509638
2509646
2509647
2509652
2509657
2509674
2509684
2509704
2509705
2509707
2509710
2509711
2509712
2509716
2509723
2509725
2509732
2509733
2509734
2509742
2509748
2509752
2509765
2509767
2509771
2509798
2509802
2509816
2509817
2509824
2509852
2509863
2509872
2509876
2509880
2509884
2509885
2509905
2509915
2509954
2509958
2509963
2509978
2509982
2509995
2510007
2510023
2510028
2510030
2510032
2510035
2510038
2510041
2510045
2510047
2510058
2510062
2510067
2510071
2510072
2510080
2510082
2510086
2510100
2510106
2510107
2510120
2510121
2510129
2510144
2510149
2510160
2510161
2510173
2510175
2510182
2510200
2510201
2510204
2510205
2510217
2510222
2510224
2510226
2510247
2510253
2510267
2510269
2510270
2510275
2510284
2510288
2510294
2510305
2510312
2510322
2510328
2510336
2510339
2510343
2510350
2510352
2510380
2510383
2510395
2510404
2510409
2510413
2510425
2510427
2510428
2510431
2510445
2510452
2510452
2510458
2510472
2510478
2510482
2510483
2510484
2510498
2510503
2510508
2510509
2510536
2510539
2510540
2510541
2510545
2510552
2510558
2510561
2510563
2510575
2510598
2510600
2510606
2510609
2510615
2510628
2510630
2510642
2510643
2510648
2510672
2510683
2510692
2510693
2510698
2510709
2510712
2510714
2510718
2510730
2510747
2510760
2510767
2510777
2510794
2510796
2510801
2510813
2510819
2510829
2510832
2510857
2510871
2510876
2510877
2510883
2510887
2510904
2510907
2510908
2510929
2510936
2510940
2510949
2510952
2510953
2510958
2510966
2510968
2510970
2510975
2510987
2511011
2511013
2511017
2511021
2511027
2511035
2511044
2511045
2511047
2511050
2511053
2511055
2511064
2511073
2511091
2511093
2511098
2511101
2511102
2511108
2511114
2511122
2511125
2511127
2511130
2511131
2511137
2511139
2511156
2511157
2511159
2511170
2511184
2511189
2511195
2511196
2511199
2511201
2511202
2511211
2511215
2511225
2511227
2511235
2511236
2511241
2511242
2511245
2511261
2511279
2511280
2511281
2511284
2511294
2511295
2511299
2511320
2511324
2511332
2511349
2511375
2511386
2511388
2511392
2511405
2511406
2511413
2511422
2511425
2511431
2511432
2511438
2511439
2511446
2511448
2511462
2511470
2511483
2511487
2511497
2511515
2511518
2511521
2511523
2511526
2511527
2511529
2511539
2511548
2511555
2511564
2511582
2511584
2511593
2511599
2511600
2511609
2511619
2511620
2511621
2511624
2511631
2511670
2511674
2511677
2511680
2511688
2511692
2511697
2511724
2511729
2511743
2511746
2511753
2511757
2511765
2511776
2511779
2511789
2511791
2511793
2511796
2511802
2511809
2511823
2511829
2511833
2511841
2511844
2511858
2511864
2511867
2511868
2511872
2511877
2511893
2511903
2511925
2511943
2511946
2511953
2511954
2511955
2511956
2511959
2511978
2511990
2511999
2512024
2512025
2512032
2512033
2512045
2512062
2512063
2512090
2512091
2512095
2512105
2512109
2512110
2512111
2512120
2512129
2512137
2512138
2512140
2512152
2512156
2512159
2512162
2512166
2512185
2512186
2512197
2512203
2512218
2512220
2512221
2512222
2512243
2512247
2512255
2512259
2512261
2512270
2512274
2512276
2512280
2512291
2512295
2512327
2512328
2512332
2512333
2512346
2512352
2512356
2512366
2512380
2512401
2512403
2512410
2512415
2512416
2512420
2512423
2512431
2512441
2512454
2512458
2512459
2512460
2512462
2512494
2512501
2512504
2512506
2512507
2512510
2512515
2512524
2512538
2512551
2512552
2512558
2512558
2512559
2512572
2512573
2512574
2512584
2512598
2512599
2512602
2512603
2512611
2512616
2512621
2512626
2512636
2512637
2512638
2512640
2512646
2512648
2512655
2512682
2512689
2512724
2512726
2512747
2512753
2512759
2512763
2512775
2512781
2512796
2512801
2512807
2512809
2512812
2512815
2512818
2512829
2512832
2512834
2512866
2512879
2512888
2512893
2512898
2512913
2512924
2512926
2512932
2512937
2512948
2512962
2512972
2512976
2512982
2512987
2512988
2513008
2513012
2513025
2513035
2513040
2513042
2513053
2513065
2513066
2513076
2513080
2513088
2513092
2513093
2513095
2513096
2513125
2513129
2513136
2513142
2513143
2513145
2513149
2513160
2513163
2513180
2513185
2513186
2513202
2513213
2513214
2513227
2513231
2513232
2513237
2513238
2513240
2513269
2513272
2513308
2513311
2513317
2513318
2513332
2513335
2513339
2513350
2513354
2513367
2513369
2513386
2513389
2513394
2513401
2513404
2513407
2513415
2513427
2513431
2513437
2513448
2513454
2513456
2513458
2513460
2513465
2513475
2513496
2513499
2513502
2513513
2513515
2513517
2513519
2513522
2513524
2513525
2513526
2513545
2513547
2513552
2513562
2513570
2513574
2513578
2513579
2513581
2513586
2513587
2513589
2513597
2513601
2513629
2513631
2513633
2513637
2513641
2513650
2513664
2513668
2513671
2513686
2513710
2513719
2513728
2513731
2513732
2513747
2513750
2513756
2513759
2513764
2513774
2513775
2513786
2513790
2513795
2513796
2513814
2513826
2513829
2513839
2513847
2513849
2513851
2513872
2513878
2513886
2513898
2513904
2513907
2513909
2513914
2513921
2513928
2513945
2513952
2513954
2513957
2513968
2513970
2513974
2513979
2513992
2513995
2513999
2514014
2514019
2514047
2514048
2514051
2514055
2514069
2514070
2514071
2514081
2514086
2514100
2514112
2514129
2514133
2514141
2514145
2514162
2514165
2514167
2514168
2514177
2514180
2514192
2514195
2514204
2514217
2514236
2514240
2514247
2514250
2514251
2514268
2514269
2514270
2514271
2514274
2514277
2514280
2514293
2514294
2514300
2514341
2514345
2514354
2514356
2514369
2514370
2514378
2514383
2514385
2514386
2514421
2514422
2514433
2514435
2514436
2514438
2514450
2514452
2514463
2514471
2514473
2514486
2514490
2514493
2514503
2514523
2514525
2514526
2514537
2514541
2514568
2514596
2514597
2514605
2514615
2514629
2514647
2514649
2514654
2514663
2514665
2514669
2514674
2514676
2514700
2514703
2514708
2514717
2514738
2514757
2514758
2514760
2514772
2514811
2514816
2514829
2514838
2514842
2514845
2514880
2514894
2514898
2514910
2514913
2514927
2514929
2514939
2514947
2514953
2514958
2514988
2514990
2514999
2515001
2515004
2515013
2515022
2515025
2515027
2515033
2515046
2515050
2515054
2515057
2515064
2515084
2515090
2515091
2515104
2515122
2515132
2515133
2515149
2515152
2515153
2515155
2515158
2515162
2515163
2515169
2515172
2515183
2515192
2515199
2515205
2515217
2515222
2515223
2515230
2515232
2515255
2515262
2515288
2515301
2515310
2515327
2515348
2515411
2515414
2515422
2515475
2515486
2515488
2515494
2515529
2515531
2515535
2515541
2515544
2515550
2515551
2515564
2515569
2515576
2515594
2515612
2515614
2515618
2515625
2515628
2515629
2515657
2515662
2515697
2515702
2515706
2515713
2515714
2515717
2515720
2515737
2515743
2515744
2515752
2515759
2515770
2515779
2515781
2515782
2515794
2515805
2515808
2515810
2515815
2515827
2515836
2515847
2515852
2515861
2515862
2515871
2515910
2515919
2515950
2515972
2515982
2515985
2515988
2515992
2516007
2516012
2516013
2516020
2516036
2516037
2516040
2516043
2516046
2516051
2516066
2516069
2516071
2516073
2516075
2516077
2516080
2516081
2516082
2516086
2516100
2516110
2516118
2516127
2516133
2516137
2516140
2516154
2516163
2516166
2516182
2516196
2516198
2516200
2516208
2516221
2516228
2516231
2516241
2516242
2516260
2516263
2516265
2516278
2516291
2516302
2516308
2516322
2516326
2516334
2516337
2516358
2516361
2516365
2516369
2516383
2516386
2516409
2516419
2516426
2516436
2516454
2516455
2516488
2516490
2516511
2516525
2516527
2516531
2516536
2516542
2516562
2516575
2516578
2516579
2516593
2516602
2516604
2516623
2516630
2516644
2516668
2516675
2516693
2516703
2516708
2516733
2516746
2516747
2516749
2516753
2516754
2516762
2516763
2516764
2516769
2516771
2516780
2516782
2516783
2516788
2516805
2516811
2516812
2516822
2516823
2516828
2516831
2516837
2516845
2516887
2516889
2516901
2516916
2516920
2516923
2516930
2516940
2516944
2516945
2516950
2516961
2516962
2516975
2516978
2517017
2517026
2517033
2517040
2517052
2517055
2517066
2517098
2517107
2517126
2517135
2517143
2517144
2517148
2517151
2517160
2517162
2517164
2517166
2517178
2517183
2517184
2517187
2517192
2517195
2517197
2517198
2517199
2517219
2517236
2517239
2517255
2517258
2517272
2517275
2517281
2517290
2517301
2517313
2517335
2517357
2517358
2517377
2517378
2517379
2517381
2517384
2517401
2517407
2517435
2517450
2517451
2517464
2517474
2517484
2517516
2517532
2517533
2517536
2517554
2517574
2517579
2517597
2517605
2517626
2517633
2517634
2517639
2517644
2517646
2517654
2517675
2517689
2517698
2517712
2517751
2517755
2517775
2517782
2517785
2517787
2517791
2517795
2517799
2517809
2517819
2517820
2517828
2517843
2517845
2517847
2517861
2517872
2517877
2517880
2517889
2517915
2517916
2517934
2517965
2517970
2517978
2517983
2517998
2518001
2518010
2518014
2518018
2518020
2518022
2518044
2518082
2518085
2518089
2518090
2518094
2518099
2518100
2518110
2518140
2518148
2518167
2518193
2518197
2518198
2518213
2518214
2518223
2518226
2518233
2518238
2518240
2518243
2518244
2518258
2518268
2518310
2518314
2518320
2518326
2518338
2518358
2518375
2518376
2518382
2518388
2518402
2518403
2518418
2518422
2518435
2518440
2518457
2518466
2518468
2518474
2518477
2518487
2518490
2518503
2518504
2518513
2518527
2518537
2518546
2518549
2518564
2518567
2518601
2518609
2518616
2518623
2518638
2518652
2518680
2518685
2518694
2518715
2518726
2518728
2518762
2518767
2518776
2518779
2518786
2518792
2518798
2518812
2518832
2518833
2518838
2518853
2518862
2518871
2518890
2518908
2518929
2518930
2518936
2518942
2518944
2518960
2518965
2518967
2518971
2518982
2518986
2518998
2519021
2519026
2519040
2519047
2519048
2519050
2519055
2519061
2519079
2519112
2519114
2519130
2519155
2519165
2519174
2519182
2519188
2519199
2519201
2519221
2519224
2519229
2519234
2519244
2519245
2519249
2519252
2519261
2519270
2519271
2519281
2519302
2519306
2519308
2519316
2519317
2519326
2519331
2519337
2519362
2519367
2519387
2519404
2519406
2519408
2519420
2519422
2519425
2519449
2519456
2519468
2519474
2519493
2519525
2519537
2519559
2519567
2519579
2519597
2519609
2519612
2519617
2519620
2519631
2519676
2519687
2519688
2519693
2519699
2519721
2519724
2519726
2519741
2519764
2519766
2519768
2519801
2519807
2519814
2519816
2519824
2519834
2519871
2519879
2519881
2519886
2519893
2519918
2519925
2519930
2519941
2519948
2519957
2519974
2519975
2519977
2519987
2519999
2520002
2520003
2520015
2520021
2520027
2520028
2520042
2520043
2520054
2520058
2520070
2520076
2520080
2520087
2520088
2520089
2520091
2520094
2520109
2520112
2520116
2520117
2520119
2520144
2520161
2520173
2520181
2520182
2520184
2520186
2520188
2520197
2520203
2520204
2520226
2520229
2520231
2520258
2520262
2520270
2520270
2520275
2520284
2520335
2520347
2520362
2520369
2520377
2520379
2520383
2520390
2520404
2520443
2520446
2520465
2520467
2520472
2520478
2520483
2520488
2520494
2520496
2520500
2520505
2520509
2520530
2520545
2520546
2520549
2520563
2520565
2520568
2520572
2520583
2520625
2520634
2520635
2520640
2520645
2520658
2520659
2520696
2520699
2520728
2520729
2520732
2520791
2520794
2520843
2520852
2520871
2520877
2520895
2520923
2520928
2520939
2520940
2520953
2520960
2520961
2520963
2520984
2520993
2521003
2521017
2521043
2521087
2521090
2521111
2521116
2521135
2521147
2521178
2521181
2521182
2521211
2521223
2521227
2521240
2521251
2521266
2521292
2521295
2521305
2521316
2521347
2521348
2521376
2521400
2521401
2521409
2521410
2521438
2521452
2521560
2521563
2521565
2521574
2521576
2521577
2521627
2521662
2521681
2521689
2521695
2521698
2521700
2521709
2521724
2521750
2521757
2521762
2521768
2521780
2521803
2521805
2521812
2521825
2521834
2521843
2521858
2521860
2521871
2521882
2521893
2521899
2521906
2521909
2521917
2521924
2521934
2521968
2521970
2521997
2522015
2522017
2522020
2522024
2522029
2522054
2522122
2522141
2522143
2522167
2522190
2522215
2522227
2522247
2522266
2522268
2522270
2522282
2522298
2522312
2522349
2522360
2522371
2522390
2522397
2522408
2522412
2522415
2522455
2522463
2522466
2522484
2522509
2522521
2522548
2522556
2522566
2522569
2522607
2522634
2522649
2522657
2522658
2522662
2522669
2522695
2522713
2522718
2522736
2522741
2522749
2522760
2522769
2522772
2522778
2522782
2522794
2522795
2522801
2522835
2522880
2522883
2522898
2522920
2522922
2522935
2522948
2522954
2523009
2523011
2523028
2523048
2523070
2523075
2523087
2523098
2523099
2523103
2523107
2523111
2523128
2523130
2523148
2523157
2523166
2523171
2523175
2523176
2523181
2523182
2523183
2523212
2523221
2523253
2523279
2523280
2523281
2523293
2523305
2523316
2523333
2523365
2523368
2523384
2523391
2523443
2523459
2523471
2523509
2523522
2523530
2523574
2523586
2523594
2523605
2523643
2523647
2523664
2523672
2523679
2523689
2523714
2523727
2523744
2523746
2523761
2523770
2523770
2523771
2523803
2523812
2523822
2523846
2523859
2523878
2523883
2523893
2523907
2523925
2523992
2523997
2524036
2524037
2524049
2524061
2524066
2524076
2524103
2524110
2524127
2524129
2524141
2524147
2524150
2524158
2524159
2524210
2524211
2524216
2524221
2524226
2524235
2524252
2524253
2524264
2524286
2524290
2524291
2524298
2524301
2524302
2524314
2524383
2524386
2524395
2524406
2524435
2524458
2524483
2524494
2524504
2524507
2524515
2524522
2524523
2524533
2524543
2524575
2524613
2524623
2524634
2524644
2524676
2524679
2524691
2524701
2524714
2524715
2524769
2524784
2524786
2524795
2524797
2524798
2524810
2524835
2524837
2524849
2524860
2524864
2524911
2524923
2524929
2524941
2524947
2524962
2524972
2524995
2524997
2525001
2525002
2525006
2525050
2525055
2525070
2525084
2525095
2525124
2525126
2525130
2525162
2525186
2525266
2525282
2525294
2525298
2525306
2525336
2525355
2525362
2525377
2525385
2525390
2525413
2525433
2525440
2525485
2525503
2525504
2525521
2525524
2525534
2525564
2525642
2525645
2525662
2525674
2525675
2525684
2525695
2525696
2525718
2525724
2525733
2525747
2525751
2525764
2525774
2525787
2525804
2525813
2525817
2525825
2525832
2525833
2525855
2525916
2525920
2525951
2525975
2525995
2525998
2526053
2526066
2526084
2526136
2526140
2526181
2526235
2526249
2526303
2526313
2526319
2526321
2526335
2526369
2526382
2526397
2526411
2526414
2526420
2526426
2526453
2526463
2526505
2526547
2526561
2526570
2526609
2526646
2526649
2526676
2526697
2526721
2526746
2526756
2526762
2526786
2526787
2526816
2526852
2526904
2526918
2526922
2526938
2526945
2526953
2526962
2526973
2527010
2527011
2527015
2527016
2527025
2527027
2527035
2527049
2527074
2527078
2527079
2527104
2527116
2527126
2527133
2527135
2527141
2527151
2527157
2527184
2527188
2527193
2527233
2527239
2527259
2527284
2527305
2527328
2527334
2527352
2527356
2527362
2527364
2527381
2527383
2527387
2527413
2527455
2527456
2527474
2527483
2527486
2527490
2527517
2527519
2527526
2527543
2527552
2527566
2527570
2527580
2527604
2527618
2527645
2527663
2527676
2527685
2527687
2527694
2527713
2527742
2527779
2527780
2527786
2527806
2527817
2527818
2527830
2527834
2527868
2527907
2527946
2528008
2528013
2528028
2528091
2528104
2528127
2528134
2528146
2528154
2528188
2528209
2528242
2528247
2528250
2528259
2528285
2528289
2528296
2528310
2528319
2528348
2528353
2528361
2528388
2528395
2528409
2528418
2528427
2528433
2528450
2528471
2528485
2528488
2528508
2528515
2528522
2528592
2528597
2528604
2528632
2528636
2528673
2528684
2528688
2528709
2528724
2528754
2528764
2528770
2528837
2528851
2528855
2528863
2528904
2528914
2528955
2528958
2528963
2528994
2529005
2529042
2529048
2529155
2529157
2529170
2529178
2529179
2529213
2529231
2529250
2529365
2529381
2529395
2529403
2529427
2529451
2529454
2529462
2529493
2529512
2529536
2529562
2529581
2529605
2529606
2529633
2529637
2529661
2529696
2529730
2529789
2529820
2529829
2529838
2529849
2529878
2529897
2529907
2529922
2529938
2529977
2529978
2530000
2530004
2530021
2530024
2530026
2530031
2530069
2530074
2530113
2530149
2530200
2530201
2530206
2530215
2530224
2530235
2530248
2530258
2530301
2530315
2530318
2530353
2530354
2530356
2530370
2530471
2530473
2530493
2530516
2530527
2530551
2530559
2530562
2530569
2530697
2530703
2530707
2530712
2530720
2530766
2530798
2530874
2530897
2530923
2530930
2530945
2530976
2530991
2530999
2531000
2531010
2531015
2531031
2531035
2531059
2531060
2531107
2531113
2531281
2531322
2531425
2531427
2531496
2531505
2531541
2531550
2531551
2531591
2531608
2531612
2531623
2531653
2531674
2531682
2531714
2531746
2531776
2531781
2531786
2531787
2531822
2531840
2531851
2531864
2531865
2531866
2531868
2531870
2531879
2531905
2531930
2531941
2531983
2531988
2531999
2532036
2532053
2532066
2532129
2532180
2532182
2532191
2532206
2532249
2532289
2532359
2532387
2532451
2532473
2532519
2532543
2532547
2532571
2532621
2532626
2532676
2532677
2532750
2532792
2532860
2532889
2532897
2532926
2532931
2532933
2532934
2533001
2533014
2533027
2533071
2533103
2533162
2533173
2533211
2533243
2533259
2533283
2533302
2533325
2533369
2533490
2533493
2533495
2533525
2533605
2533625
2533726
2533730
2533739
2533757
2533781
2533814
2533849
2533852
2533882
2533924
2533940
2533946
2533990
2534044
2534083
2534126
2534182
2534210
2534233
2534259
2534273
2534295
2534302
2534402
2534420
2534471
2534474
2534550
2534583
2534608
2534651
2534744
2534762
2534791
2534852
2534917
2534922
2534967
2534993
2535020
2535062
2535065
2535074
2535140
2535161
2535186
2535190
2535336
2535399
2535560
2535624
2535671
2535680
2535695
2535724
2535732
2535799
2535841
2535842
2535853
2535865
2535911
2535920
2535921
2535996
2536008
2536045
2536051
2536072
2536111
2536137
2536152
2536194
2536211
2536290
2536296
2536302
2536353
2536357
2536378
2536401
2536440
2536454
2536463
2536486
2536539
2536541
2536581
2536588
2536677
2536861
2536904
2537070
2537120
2537195
2537327
2537387
2537402
2537451
2537514
2537556
2537559
2537618
2537635
2537689
2537705
2537722
2537787
2537820
2537912
2537987
2537988
2538010
2538230
2538231
2538257
2538284
2538309
2538334
2538337
2538359
2538450
2538520
2538622
2538625
2538646
2538658
2538766
2538793
2538799
2538841
2538860
2538981
2539033
2539036
2539083
2539134
2539163
2539213
2539275
2539348
2539413
2539682
2539835
2540002
2540106
2540190
2540194
2540349
2540430
2540532
2540788
2540791
2540923
2540930
2540989
2541051
2541067
2541124
2541138
2541225
2541263
2541487
2541531
2541544
2541577
2541580
2541603
2541692
2541700
2541761
2541821
2541905
2542267
2542282
2542296
2542303
2542378
2542409
2542686
2542786
2542795
2542836
2542918
2542954
2543042
2543066
2543113
2543154
2543170
2543267
2543304
2543312
2543750
2543930
2543957
2544051
2544079
2544097
2544289
2544704
2544815
2545131
2545223
2545229
2545233
2545401
2545508
2545687
2545709
2545794
2545900
2545964
2546034
2546107
2546136
2546330
2546362
2546371
2546401
2546412
2546453
2546464
2546514
2546548
2546555
2546621
2546640
2546676
2546930
2547152
2547226
2547292
2548331
2548413
2548975
2548986
2549516
2549608
2549728
2550003
2550015
2550192
2550209
2550592
2550674
2550972
2551075
2551076
2551265
2551307
2551344
2551728
2552025
2552366
2552699
2552881
2552916
2553271
2553459
2553684
2553747
2554206
2555380
2555392
2555633
2556836
2556926
2557460
2558078
2558400
2558607
2559454
2560297
2560432
2562684
2564995
2565326
2565550
2565729
2572496
